30
cardinalis_cardinalis_ku21828 0.000000000000  0.009576708873  0.024473484083  0.024473484083  0.022932747064  0.020867041637  0.021876360101  0.021876360101  0.018275436913  0.019814602520  0.021371176837  0.023437885578  0.018275436913  0.019296849101  0.020844738682  0.023936976457  0.019796447986  0.024458298724  0.020820719122  0.024473484083  0.026033876879  0.026033876879  0.022389248826  0.022389248826  0.021338711241  0.020831910844  0.023454386227  0.024481693784  0.025013347907  0.021371176837  
cardinalis_cardinalis_ku25393 0.009576708873  0.000000000000  0.019821469110  0.019821469110  0.017255588386  0.016237298251  0.017242647967  0.017242647967  0.013664731067  0.015194325079  0.016739453288  0.019828742622  0.013664731067  0.014680370856  0.016217753908  0.019290672513  0.015178878809  0.019808143222  0.016197353025  0.019821469110  0.021371176837  0.021371176837  0.017752624596  0.017752624596  0.016711542456  0.016206743914  0.018807287026  0.020347615156  0.020875290799  0.016739453288  
piranga_erythrocephala_fmnh343371 0.024473484083  0.019821469110  0.000000000000  0.000000000000  0.010076259043  0.008050010399  0.011598355581  0.011598355581  0.014153180602  0.015683706432  0.017226275874  0.020313903953  0.014153180602  0.015170601533  0.016707176275  0.019781969156  0.015673496296  0.020298578889  0.016693777358  0.019274588369  0.021857255427  0.021857255427  0.018242982320  0.018242982320  0.017207116689  0.016699662897  0.019290672513  0.019796447986  0.021356963327  0.017226275874  
piranga_erythrocephala_fmnh343370 0.024473484083  0.019821469110  0.000000000000  0.000000000000  0.010076259043  0.008050010399  0.011598355581  0.011598355581  0.014153180602  0.015683706432  0.017226275874  0.020313903953  0.014153180602  0.015170601533  0.016707176275  0.019781969156  0.015673496296  0.020298578889  0.016693777358  0.019274588369  0.021857255427  0.021857255427  0.018242982320  0.018242982320  0.017207116689  0.016699662897  0.019290672513  0.019796447986  0.021356963327  0.017226275874  
piranga_leucoptera_fmnh481795 0.022932747064  0.017255588386  0.010076259043  0.010076259043  0.000000000000  0.005021328741  0.010079051789  0.010079051789  0.012629965969  0.014157370319  0.015697563570  0.018779646067  0.012629965969  0.013645054147  0.015178878809  0.018247373942  0.014146012253  0.018763184146  0.015163943941  0.018773751589  0.020319830248  0.020319830248  0.016711542456  0.016711542456  0.015676493824  0.015170601533  0.017758768399  0.019296849101  0.019821469110  0.015697563570  
piranga_leucoptera_lsu7783 0.020867041637  0.016237298251  0.008050010399  0.008050010399  0.005021328741  0.000000000000  0.008052512864  0.008052512864  0.010595498750  0.012118712058  0.013654088293  0.016727074456  0.010595498750  0.011607994809  0.013137316154  0.016197353025  0.012108248476  0.016711542456  0.013123576096  0.016721491920  0.018262992249  0.018262992249  0.014665759414  0.014665759414  0.013634525600  0.013129640178  0.015708822791  0.017242647967  0.017765317521  0.013654088293  
piranga_rubriceps_lsu265 0.021876360101  0.017242647967  0.011598355581  0.011598355581  0.010079051789  0.008052512864  0.000000000000  0.000000000000  0.011601167072  0.013126406463  0.014661696178  0.017736628812  0.011601167072  0.012615717932  0.014146012253  0.017210134001  0.013119126922  0.017724294321  0.014136530453  0.017732110003  0.019274588369  0.019274588369  0.015676493824  0.015676493824  0.014647451211  0.014140461191  0.016716314462  0.018252173055  0.018773751589  0.014661696178  
piranga_rubriceps_lsu34818 0.021876360101  0.017242647967  0.011598355581  0.011598355581  0.010079051789  0.008052512864  0.000000000000  0.000000000000  0.011601167072  0.013126406463  0.014661696178  0.017736628812  0.011601167072  0.012615717932  0.014146012253  0.017210134001  0.013119126922  0.017724294321  0.014136530453  0.017732110003  0.019274588369  0.019274588369  0.015676493824  0.015676493824  0.014647451211  0.014140461191  0.016716314462  0.018252173055  0.018773751589  0.014661696178  
piranga_lutea_lsu5400 0.018275436913  0.013664731067  0.014153180602  0.014153180602  0.012629965969  0.010595498750  0.011601167072  0.011601167072  0.000000000000  0.001501515771  0.003006890117  0.006027650824  0.004016533369  0.005021328741  0.008563220431  0.011604380272  0.007543275407  0.012114822441  0.008552922319  0.012123002936  0.013654088293  0.013654088293  0.010082244615  0.010082244615  0.009060171465  0.008557273711  0.011115176216  0.012639500828  0.013157491886  0.009075401419  
piranga_flava_lsu15408 0.019814602520  0.015194325079  0.015683706432  0.015683706432  0.014157370319  0.012118712058  0.013126406463  0.013126406463  0.001501515771  0.000000000000  0.001502317017  0.007541442291  0.005526244300  0.006533076849  0.010082244615  0.013129640178  0.009060171465  0.013641141235  0.010071875286  0.013649369957  0.015183623890  0.015183623890  0.011604380272  0.011604380272  0.010580170101  0.010076259043  0.012639500828  0.014166958975  0.014686047345  0.010595498750  
piranga_lutea_ku89864 0.021371176837  0.016739453288  0.017226275874  0.017226275874  0.015697563570  0.013654088293  0.014661696178  0.014661696178  0.003006890117  0.001502317017  0.000000000000  0.009062419208  0.007044142531  0.007039028468  0.011612010309  0.014665759414  0.010585099692  0.015178878809  0.011598355581  0.015188772770  0.016727074456  0.016727074456  0.013137316154  0.013137316154  0.012108248476  0.011604380272  0.014178157460  0.015708822791  0.016230380045  0.012127694706  
piranga_hepatica_ku4970 0.023437885578  0.019828742622  0.020313903953  0.020313903953  0.018779646067  0.016727074456  0.017736628812  0.017736628812  0.006027650824  0.007541442291  0.009062419208  0.000000000000  0.009068112808  0.011097813095  0.013649369957  0.017741554430  0.013641141235  0.018257379282  0.014658037186  0.018269011583  0.019814602520  0.019814602520  0.016206743914  0.016206743914  0.015170601533  0.014665759414  0.016223865142  0.018792654675  0.019317819280  0.015194325079  
piranga_hepatica_ku9084 0.018275436913  0.013664731067  0.014153180602  0.014153180602  0.012629965969  0.010595498750  0.011601167072  0.011601167072  0.004016533369  0.005526244300  0.007044142531  0.009068112808  0.000000000000  0.005021328741  0.007548136019  0.011604380272  0.007543275407  0.012114822441  0.008552922319  0.012123002936  0.013654088293  0.013654088293  0.010082244615  0.010082244615  0.009060171465  0.008557273711  0.011115176216  0.012639500828  0.013157491886  0.009075401419  
piranga_flava_ku90809 0.019296849101  0.014680370856  0.015170601533  0.015170601533  0.013645054147  0.011607994809  0.012615717932  0.012615717932  0.005021328741  0.006533076849  0.007039028468  0.011097813095  0.005021328741  0.000000000000  0.009573389711  0.012618676301  0.008552922319  0.013129640178  0.009564110942  0.013137316154  0.014670226521  0.014670226521  0.011094473062  0.011094473062  0.010071875286  0.009567950004  0.012127694706  0.013654088293  0.014172357173  0.010085837149  
piranga_roseogularis_ku2049 0.020844738682  0.016217753908  0.016707176275  0.016707176275  0.015178878809  0.013137316154  0.014146012253  0.014146012253  0.008563220431  0.010082244615  0.011612010309  0.013649369957  0.007548136019  0.009573389711  0.000000000000  0.012111334456  0.008047906474  0.012622037346  0.008047906474  0.012629965969  0.014161963234  0.014161963234  0.010588165794  0.010588165794  0.009565830205  0.009062419208  0.011621242727  0.013146601042  0.013664731067  0.009580427081  
piranga_rubra_sdsu2635 0.023936976457  0.019290672513  0.019781969156  0.019781969156  0.018247373942  0.016197353025  0.017210134001  0.017210134001  0.011604380272  0.013129640178  0.014665759414  0.017741554430  0.011604380272  0.012618676301  0.012111334456  0.000000000000  0.004013066870  0.015679897329  0.012101406326  0.015687920757  0.017226275874  0.017226275874  0.013637631594  0.013637631594  0.012611010729  0.012105564877  0.014675097125  0.016206743914  0.016727074456  0.012625800693  
piranga_rubra_sdsu2654 0.019796447986  0.015178878809  0.015673496296  0.015673496296  0.014146012253  0.012108248476  0.013119126922  0.013119126922  0.007543275407  0.009060171465  0.010585099692  0.013641141235  0.007543275407  0.008552922319  0.008047906474  0.004013066870  0.000000000000  0.011595946175  0.008043483672  0.011601167072  0.013129640178  0.013129640178  0.009565830205  0.009565830205  0.008549393014  0.008044895742  0.010591632271  0.012114822441  0.012629965969  0.008557273711  
piranga_ludoviciana_sdsu2385 0.024458298724  0.019808143222  0.020298578889  0.020298578889  0.018763184146  0.016711542456  0.017724294321  0.017724294321  0.012114822441  0.013641141235  0.015178878809  0.018257379282  0.012114822441  0.013129640178  0.012622037346  0.015679897329  0.011595946175  0.000000000000  0.007545506774  0.014157370319  0.014665759414  0.014665759414  0.012111334456  0.012111334456  0.011086860708  0.010582434336  0.011612010309  0.014161963234  0.014680370856  0.010591632271  
piranga_ludoviciana_sdsu2648 0.020820719122  0.016197353025  0.016693777358  0.016693777358  0.015163943941  0.013123576096  0.014136530453  0.014136530453  0.008552922319  0.010071875286  0.011598355581  0.014658037186  0.008552922319  0.009564110942  0.008047906474  0.012101406326  0.008043483672  0.007545506774  0.000000000000  0.010582434336  0.012108248476  0.012108248476  0.008551345803  0.008551345803  0.007538099836  0.007033574410  0.009065066446  0.010585099692  0.011097813095  0.007037067636  
piranga_bidentata_itm160 0.024473484083  0.019821469110  0.019274588369  0.019274588369  0.018773751589  0.016721491920  0.017732110003  0.017732110003  0.012123002936  0.013649369957  0.015188772770  0.018269011583  0.012123002936  0.013137316154  0.012629965969  0.015687920757  0.011601167072  0.014157370319  0.010582434336  0.000000000000  0.005528585963  0.005528585963  0.002004121972  0.002004121972  0.010073866751  0.010588165794  0.012644869675  0.014172357173  0.014692126227  0.010599764864  
piranga_ludoviciana_sdsu2650 0.026033876879  0.021371176837  0.021857255427  0.021857255427  0.020319830248  0.018262992249  0.019274588369  0.019274588369  0.013654088293  0.015183623890  0.016727074456  0.019814602520  0.013654088293  0.014670226521  0.014161963234  0.017226275874  0.013129640178  0.014665759414  0.012108248476  0.005528585963  0.000000000000  0.000000000000  0.003510986777  0.003510986777  0.011598355581  0.012114822441  0.014178157460  0.015708822791  0.016230380045  0.012127694706  
piranga_ludoviciana_sdsu2208 0.026033876879  0.021371176837  0.021857255427  0.021857255427  0.020319830248  0.018262992249  0.019274588369  0.019274588369  0.013654088293  0.015183623890  0.016727074456  0.019814602520  0.013654088293  0.014670226521  0.014161963234  0.017226275874  0.013129640178  0.014665759414  0.012108248476  0.005528585963  0.000000000000  0.000000000000  0.003510986777  0.003510986777  0.011598355581  0.012114822441  0.014178157460  0.015708822791  0.016230380045  0.012127694706  
piranga_bidentata_tepe59 0.022389248826  0.017752624596  0.018242982320  0.018242982320  0.016711542456  0.014665759414  0.015676493824  0.015676493824  0.010082244615  0.011604380272  0.013137316154  0.016206743914  0.010082244615  0.011094473062  0.010588165794  0.013637631594  0.009565830205  0.012111334456  0.008551345803  0.002004121972  0.003510986777  0.003510986777  0.000000000000  0.000000000000  0.008044895742  0.008554898413  0.010599764864  0.012123002936  0.012639500828  0.008563220431  
piranga_bidentata_itm141 0.022389248826  0.017752624596  0.018242982320  0.018242982320  0.016711542456  0.014665759414  0.015676493824  0.015676493824  0.010082244615  0.011604380272  0.013137316154  0.016206743914  0.010082244615  0.011094473062  0.010588165794  0.013637631594  0.009565830205  0.012111334456  0.008551345803  0.002004121972  0.003510986777  0.003510986777  0.000000000000  0.000000000000  0.008044895742  0.008554898413  0.010599764864  0.012123002936  0.012639500828  0.008563220431  
piranga_roseogularis_ku2141 0.021338711241  0.016711542456  0.017207116689  0.017207116689  0.015676493824  0.013634525600  0.014647451211  0.014647451211  0.009060171465  0.010580170101  0.012108248476  0.015170601533  0.009060171465  0.010071875286  0.009565830205  0.012611010729  0.008549393014  0.011086860708  0.007538099836  0.010073866751  0.011598355581  0.011598355581  0.008044895742  0.008044895742  0.000000000000  0.007538972308  0.010082244615  0.011604380272  0.012118712058  0.008050010399  
piranga_rubra_ku7046 0.020831910844  0.016206743914  0.016699662897  0.016699662897  0.015170601533  0.013129640178  0.014140461191  0.014140461191  0.008557273711  0.010076259043  0.011604380272  0.014665759414  0.008557273711  0.009567950004  0.009062419208  0.012105564877  0.008044895742  0.010582434336  0.007033574410  0.010588165794  0.012114822441  0.012114822441  0.008554898413  0.008554898413  0.007538972308  0.000000000000  0.009580427081  0.011101553795  0.011616426405  0.007548136019  
piranga_bidentata_hgoslp104 0.023454386227  0.018807287026  0.019290672513  0.019290672513  0.017758768399  0.015708822791  0.016716314462  0.016716314462  0.011115176216  0.012639500828  0.014178157460  0.016223865142  0.011115176216  0.012127694706  0.011621242727  0.014675097125  0.010591632271  0.011612010309  0.009065066446  0.012644869675  0.014178157460  0.014178157460  0.010599764864  0.010599764864  0.010082244615  0.009580427081  0.000000000000  0.007551162774  0.008062407800  0.004016533369  
piranga_olivacea_ku2699 0.024481693784  0.020347615156  0.019796447986  0.019796447986  0.019296849101  0.017242647967  0.018252173055  0.018252173055  0.012639500828  0.014166958975  0.015708822791  0.018792654675  0.012639500828  0.013654088293  0.013146601042  0.016206743914  0.012114822441  0.014161963234  0.010585099692  0.014172357173  0.015708822791  0.015708822791  0.012123002936  0.012123002936  0.011604380272  0.011101553795  0.007551162774  0.000000000000  0.005524298622  0.005526244300  
piranga_olivacea_ku4672 0.025013347907  0.020875290799  0.021356963327  0.021356963327  0.019821469110  0.017765317521  0.018773751589  0.018773751589  0.013157491886  0.014686047345  0.016230380045  0.019317819280  0.013157491886  0.014172357173  0.013664731067  0.016727074456  0.012629965969  0.014680370856  0.011097813095  0.014692126227  0.016230380045  0.016230380045  0.012639500828  0.012639500828  0.012118712058  0.011616426405  0.008062407800  0.005524298622  0.000000000000  0.006034295767  
piranga_rubra_ku26592 0.021371176837  0.016739453288  0.017226275874  0.017226275874  0.015697563570  0.013654088293  0.014661696178  0.014661696178  0.009075401419  0.010595498750  0.012127694706  0.015194325079  0.009075401419  0.010085837149  0.009580427081  0.012625800693  0.008557273711  0.010591632271  0.007037067636  0.010599764864  0.012127694706  0.012127694706  0.008563220431  0.008563220431  0.008050010399  0.007548136019  0.004016533369  0.005526244300  0.006034295767  0.000000000000  

