30
piranga_rubra_ku26592 0.000000000000  0.010115225303  0.008883502785  0.007763833019  0.014584438989  0.012251128653  0.005551258760  0.013380913226  0.002208060291  0.004427026198  0.005565301070  0.007125044931  0.010013578593  0.009041783543  0.005531441006  0.009408678209  0.008815385552  0.006651139713  0.012739866764  0.008889967204  0.013401372329  0.008889967204  0.007763833019  0.007883345143  0.006651139713  0.008887625689  0.014772555547  0.007769158894  0.008874233283  0.007769158894  
piranga_flava_ku90809 0.010115225303  0.000000000000  0.015271514503  0.012890327815  0.018022854171  0.015271514503  0.012707486720  0.019949382117  0.010532951846  0.010039061734  0.011453668580  0.011710412051  0.011718251049  0.006433395677  0.010534010496  0.002776470071  0.008200850233  0.017686220057  0.017759394319  0.012897566638  0.015281328197  0.006995702210  0.012890327815  0.012166346577  0.015281328197  0.014910898050  0.019994967606  0.014087866451  0.015257570955  0.014087866451  
piranga_ludoviciana_sdsu2385 0.008883502785  0.015271514503  0.000000000000  0.014582512698  0.023025485558  0.016701034140  0.012285629889  0.015322760737  0.008294046253  0.008824705464  0.005557428959  0.013307948626  0.015676483249  0.011636058754  0.010385981420  0.010780782536  0.011532348972  0.013552038532  0.007033906433  0.008289880816  0.018839423401  0.011443105637  0.014582512698  0.013400380856  0.016708807626  0.017933181642  0.008474469337  0.007246069732  0.014575538850  0.007246069732  
piranga_rubriceps_lsu265 0.007763833019  0.012890327815  0.014582512698  0.000000000000  0.013039209322  0.014595476689  0.011156015131  0.015330741004  0.010380124236  0.009939663584  0.007803804851  0.013307948626  0.013537924891  0.009032316257  0.010385981420  0.010759333710  0.016519034546  0.017782636464  0.016554954578  0.012489546623  0.012507360913  0.011430260261  0.000000000000  0.013400380856  0.010398594141  0.011903744210  0.017086685098  0.011435944096  0.014575538850  0.011435944096  
piranga_leucoptera_lsu7783 0.014584438989  0.018022854171  0.023025485558  0.013039209322  0.000000000000  0.023020178371  0.016514442435  0.026734552606  0.016356902018  0.018104587741  0.014709329022  0.017982883312  0.024749133672  0.014682330825  0.016371357238  0.016966290609  0.016967529635  0.028148710075  0.023039921976  0.019679437842  0.008114361156  0.018022854171  0.013039209322  0.018037075306  0.009754607204  0.009534419097  0.022758040946  0.018037075306  0.022970156050  0.018007544481  
cardinalis_cardinalis_ku25393 0.012251128653  0.015271514503  0.016701034140  0.014595476689  0.023020178371  0.000000000000  0.015683252893  0.005426381873  0.014595476689  0.012169800674  0.013440867330  0.015543940081  0.015655523741  0.015568429438  0.014597718678  0.010752309525  0.019890906495  0.019918527850  0.018967071665  0.014588973479  0.018843831841  0.013537924891  0.014595476689  0.015878664855  0.012476560371  0.013383852473  0.021456199260  0.013545625780  0.013512925015  0.013531525401  
piranga_olivacea_ku2699 0.005551258760  0.012707486720  0.012285629889  0.011156015131  0.016514442435  0.015683252893  0.000000000000  0.016823163762  0.005551258760  0.007789752827  0.008933102426  0.010752769684  0.013425828489  0.012964029804  0.008903864414  0.012129546744  0.014234418558  0.005554344987  0.016673195949  0.012292201653  0.014562322971  0.012292201653  0.011156015131  0.011904912580  0.008908383206  0.011886657001  0.019354325808  0.011161428026  0.012276218030  0.011161428026  
cardinalis_cardinalis_ku21828 0.013380913226  0.019949382117  0.015322760737  0.015330741004  0.026734552606  0.005426381873  0.016823163762  0.000000000000  0.014227611516  0.013291978328  0.012305953924  0.016389739670  0.018682228860  0.016889610358  0.016446580543  0.014847472894  0.026038265940  0.015347548695  0.020074547928  0.015334805916  0.020922773564  0.017562286018  0.015330741004  0.015520687180  0.014212056274  0.014895182835  0.023221668503  0.014237746295  0.015299688670  0.014222168804  
piranga_rubra_ku7046 0.002208060291  0.010532951846  0.008294046253  0.010380124236  0.016356902018  0.014595476689  0.005551258760  0.014227611516  0.000000000000  0.004397822053  0.003330901175  0.008839479332  0.013554808237  0.006439795371  0.006210376786  0.008052633732  0.008207602670  0.009350988023  0.011779385879  0.008299679086  0.014604193238  0.009341282139  0.010380124236  0.008495182082  0.012489546623  0.011889167957  0.012766174354  0.007253887270  0.008286235234  0.007253887270  
piranga_bidentata_hgoslp104 0.004427026198  0.010039061734  0.008824705464  0.009939663584  0.018104587741  0.012169800674  0.007789752827  0.013291978328  0.004397822053  0.000000000000  0.005565301070  0.009457505104  0.009947171446  0.009041783543  0.007717410105  0.008052633732  0.008723105895  0.008840843928  0.012643217949  0.006607193612  0.013312165264  0.008831084349  0.009939663584  0.007821682675  0.011066038027  0.013397492567  0.014642759813  0.007717762962  0.011041485558  0.007717762962  
piranga_ludoviciana_sdsu2648 0.005565301070  0.011453668580  0.005557428959  0.007803804851  0.014709329022  0.013440867330  0.008933102426  0.012305953924  0.003330901175  0.005565301070  0.000000000000  0.008363233661  0.013461510948  0.007748900690  0.006673996240  0.010768828021  0.010674411697  0.007803804851  0.011509075929  0.007803804851  0.013461510948  0.010058344839  0.007803804851  0.009259327958  0.012324255585  0.014910898050  0.013353385608  0.006680763340  0.010037865442  0.006680763340  
piranga_roseogularis_ku2049 0.007125044931  0.011710412051  0.013307948626  0.013307948626  0.017982883312  0.015543940081  0.010752769684  0.016389739670  0.008839479332  0.009457505104  0.008363233661  0.000000000000  0.016712589898  0.010337436115  0.008844798719  0.012121927246  0.009857653741  0.016710703163  0.015347640930  0.013299119528  0.017816544305  0.012196789753  0.013307948626  0.009704700276  0.013299119528  0.013383852473  0.015639573309  0.012190320153  0.012167580369  0.012176825066  
piranga_hepatica_ku4970 0.010013578593  0.011718251049  0.015676483249  0.013537924891  0.024749133672  0.015655523741  0.013425828489  0.018682228860  0.013554808237  0.009947171446  0.013461510948  0.016712589898  0.000000000000  0.010337436115  0.013552038532  0.008061237385  0.011547795604  0.018870519811  0.020206531482  0.015665260751  0.017794943372  0.008306774744  0.013537924891  0.017122952281  0.015665260751  0.019459919545  0.021495726046  0.016728840155  0.017764052822  0.016728840155  
piranga_hepatica_ku9084 0.009041783543  0.006433395677  0.011636058754  0.009032316257  0.014682330825  0.015568429438  0.012964029804  0.016889610358  0.006439795371  0.009041783543  0.007748900690  0.010337436115  0.010337436115  0.000000000000  0.010322218263  0.005679581184  0.007076197534  0.011646358325  0.016889610358  0.011646358325  0.012959105106  0.006433395677  0.009032316257  0.009247095853  0.014275698876  0.016429418750  0.019382953053  0.012959105106  0.014235730699  0.012959105106  
piranga_rubra_sdsu2654 0.005531441006  0.010534010496  0.010385981420  0.010385981420  0.016371357238  0.014597718678  0.008903864414  0.016446580543  0.006210376786  0.007717410105  0.006673996240  0.008844798719  0.013552038532  0.010322218263  0.000000000000  0.012106998430  0.009866471369  0.013541077051  0.014164758667  0.010387701823  0.014603466333  0.009342124499  0.010385981420  0.010940878050  0.012490639276  0.016385102274  0.015648794635  0.009339912850  0.004133611134  0.009339912850  
piranga_flava_lsu15408 0.009408678209  0.002776470071  0.010780782536  0.010759333710  0.016966290609  0.010752309525  0.012129546744  0.014847472894  0.008052633732  0.008052633732  0.010768828021  0.012121927246  0.008061237385  0.005679581184  0.012106998430  0.000000000000  0.006101855464  0.012121927246  0.014151207963  0.012121927246  0.012121927246  0.002671040098  0.010759333710  0.011720962637  0.013488665928  0.016119841704  0.016704439714  0.013488665928  0.013464943999  0.013488665928  
piranga_lutea_lsu5400 0.008815385552  0.008200850233  0.011532348972  0.016519034546  0.016967529635  0.019890906495  0.014234418558  0.026038265940  0.008207602670  0.008723105895  0.010674411697  0.009857653741  0.011547795604  0.007076197534  0.009866471369  0.006101855464  0.000000000000  0.018264858426  0.014865041799  0.011520589709  0.018216314678  0.004912755980  0.016519034546  0.009857653741  0.019908006359  0.020551529333  0.015242711756  0.013189703703  0.016506482173  0.013189703703  
piranga_olivacea_ku4672 0.006651139713  0.017686220057  0.013552038532  0.017782636464  0.028148710075  0.019918527850  0.005554344987  0.015347548695  0.009350988023  0.008840843928  0.007803804851  0.016710703163  0.018870519811  0.011646358325  0.013541077051  0.012121927246  0.018264858426  0.000000000000  0.017780447720  0.013559755577  0.022077603008  0.016735566206  0.017782636464  0.017143922695  0.017791454722  0.016411614374  0.017111051578  0.012502559937  0.017769524435  0.012502559937  
piranga_ludoviciana_sdsu2208 0.012739866764  0.017759394319  0.007033906433  0.016554954578  0.023039921976  0.018967071665  0.016673195949  0.020074547928  0.011779385879  0.012643217949  0.011509075929  0.015347640930  0.020206531482  0.016889610358  0.014164758667  0.014151207963  0.014865041799  0.017780447720  0.000000000000  0.004680134128  0.021406848636  0.015371681784  0.016554954578  0.013410228388  0.018979040320  0.019459919545  0.000000000000  0.003506457843  0.018938569245  0.003506457843  
piranga_bidentata_itm160 0.008889967204  0.012897566638  0.008289880816  0.012489546623  0.019679437842  0.014588973479  0.012292201653  0.015334805916  0.008299679086  0.006607193612  0.007803804851  0.013299119528  0.015665260751  0.011646358325  0.010387701823  0.012121927246  0.011520589709  0.013559755577  0.004680134128  0.000000000000  0.014599152208  0.011435944096  0.012489546623  0.008503555313  0.014599152208  0.016450237624  0.005636379530  0.001029986331  0.014563109197  0.001028926551  
piranga_leucoptera_fmnh481795 0.013401372329  0.015281328197  0.018839423401  0.012507360913  0.008114361156  0.018843831841  0.014562322971  0.020922773564  0.014604193238  0.013312165264  0.013461510948  0.017816544305  0.017794943372  0.012959105106  0.014603466333  0.012121927246  0.018216314678  0.022077603008  0.021406848636  0.014599152208  0.000000000000  0.013545625780  0.012507360913  0.015891301653  0.010396868910  0.011903744210  0.024415283800  0.015676483249  0.018801605865  0.015660115310  
piranga_lutea_ku89864 0.008889967204  0.006995702210  0.011443105637  0.011430260261  0.018022854171  0.013537924891  0.012292201653  0.017562286018  0.009341282139  0.008831084349  0.010058344839  0.012196789753  0.008306774744  0.006433395677  0.009342124499  0.002671040098  0.004912755980  0.016735566206  0.015371681784  0.011435944096  0.013545625780  0.000000000000  0.011430260261  0.012166346577  0.013545625780  0.017933181642  0.017114633289  0.012489546623  0.013526986385  0.012489546623  
piranga_rubriceps_lsu34818 0.007763833019  0.012890327815  0.014582512698  0.000000000000  0.013039209322  0.014595476689  0.011156015131  0.015330741004  0.010380124236  0.009939663584  0.007803804851  0.013307948626  0.013537924891  0.009032316257  0.010385981420  0.010759333710  0.016519034546  0.017782636464  0.016554954578  0.012489546623  0.012507360913  0.011430260261  0.000000000000  0.013400380856  0.010398594141  0.011903744210  0.017086685098  0.011435944096  0.014575538850  0.011435944096  
piranga_roseogularis_ku2141 0.007883345143  0.012166346577  0.013400380856  0.013400380856  0.018037075306  0.015878664855  0.011904912580  0.015520687180  0.008495182082  0.007821682675  0.009259327958  0.009704700276  0.017122952281  0.009247095853  0.010940878050  0.011720962637  0.009857653741  0.017143922695  0.013410228388  0.008503555313  0.015891301653  0.012166346577  0.013400380856  0.000000000000  0.013410228388  0.011903744210  0.015663711680  0.009731594998  0.014613265343  0.009731594998  
piranga_erythrocephala_fmnh343371 0.006651139713  0.015281328197  0.016708807626  0.010398594141  0.009754607204  0.012476560371  0.008908383206  0.014212056274  0.012489546623  0.011066038027  0.012324255585  0.013299119528  0.015665260751  0.014275698876  0.012490639276  0.013488665928  0.019908006359  0.017791454722  0.018979040320  0.014599152208  0.010396868910  0.013545625780  0.010398594141  0.013410228388  0.000000000000  0.000000000000  0.021474567453  0.013554808237  0.015618990544  0.013540688669  
piranga_erythrocephala_fmnh343370 0.008887625689  0.014910898050  0.017933181642  0.011903744210  0.009534419097  0.013383852473  0.011886657001  0.014895182835  0.011889167957  0.013397492567  0.014910898050  0.013383852473  0.019459919545  0.016429418750  0.016385102274  0.016119841704  0.020551529333  0.016411614374  0.019459919545  0.016450237624  0.011903744210  0.017933181642  0.011903744210  0.011903744210  0.000000000000  0.000000000000  0.020091599034  0.014929621997  0.019402346633  0.014929621997  
piranga_ludoviciana_sdsu2650 0.014772555547  0.019994967606  0.008474469337  0.017086685098  0.022758040946  0.021456199260  0.019354325808  0.023221668503  0.012766174354  0.014642759813  0.013353385608  0.015639573309  0.021495726046  0.019382953053  0.015648794635  0.016704439714  0.015242711756  0.017111051578  0.000000000000  0.005636379530  0.024415283800  0.017114633289  0.017086685098  0.015663711680  0.021474567453  0.020091599034  0.000000000000  0.004221999569  0.021410868009  0.004221999569  
piranga_bidentata_tepe59 0.007769158894  0.014087866451  0.007246069732  0.011435944096  0.018037075306  0.013545625780  0.011161428026  0.014237746295  0.007253887270  0.007717762962  0.006680763340  0.012190320153  0.016728840155  0.012959105106  0.009339912850  0.013488665928  0.013189703703  0.012502559937  0.003506457843  0.001029986331  0.015676483249  0.012489546623  0.011435944096  0.009731594998  0.013554808237  0.014929621997  0.004221999569  0.000000000000  0.013523758156  0.000000000000  
piranga_rubra_sdsu2635 0.008874233283  0.015257570955  0.014575538850  0.014575538850  0.022970156050  0.013512925015  0.012276218030  0.015299688670  0.008286235234  0.011041485558  0.010037865442  0.012167580369  0.017764052822  0.014235730699  0.004133611134  0.013464943999  0.016506482173  0.017769524435  0.018938569245  0.014563109197  0.018801605865  0.013526986385  0.014575538850  0.014613265343  0.015618990544  0.019402346633  0.021410868009  0.013523758156  0.000000000000  0.013509703553  
piranga_bidentata_itm141 0.007769158894  0.014087866451  0.007246069732  0.011435944096  0.018007544481  0.013531525401  0.011161428026  0.014222168804  0.007253887270  0.007717762962  0.006680763340  0.012176825066  0.016728840155  0.012959105106  0.009339912850  0.013488665928  0.013189703703  0.012502559937  0.003506457843  0.001028926551  0.015660115310  0.012489546623  0.011435944096  0.009731594998  0.013540688669  0.014929621997  0.004221999569  0.000000000000  0.013509703553  0.000000000000  

