30
cardinalis_cardinalis_ku21828 0.000000000000  0.000000000000  0.006027237518  0.006027237518  0.006027237518  0.006027237518  0.007541887872  0.007541887872  0.006027237518  0.006532740916  0.007038865190  0.006532740916  0.006532740916  0.006532740916  0.006532740916  0.006532740916  0.006532740916  0.006532740916  0.006532740916  0.006532740916  0.006532740916  0.006532740916  0.006532740916  0.006532740916  0.006532740916  0.015175413298  0.015175413298  0.006532740916  0.006532740916  0.006532740916  
cardinalis_cardinalis_ku25393 0.000000000000  0.000000000000  0.006027237518  0.006027237518  0.006027237518  0.006027237518  0.007541887872  0.007541887872  0.006027237518  0.006532740916  0.007038865190  0.006532740916  0.006532740916  0.006532740916  0.006532740916  0.006532740916  0.006532740916  0.006532740916  0.006532740916  0.006532740916  0.006532740916  0.006532740916  0.006532740916  0.006532740916  0.006532740916  0.015175413298  0.015175413298  0.006532740916  0.006532740916  0.006532740916  
piranga_leucoptera_lsu7783 0.006027237518  0.006027237518  0.000000000000  0.000000000000  0.000000000000  0.000000000000  0.001501599579  0.001501599579  0.000000000000  0.004014793492  0.004519276843  0.004014793492  0.004014793492  0.004014793492  0.004014793492  0.004014793492  0.004014793492  0.004014793492  0.004014793492  0.004014793492  0.004014793492  0.004014793492  0.004014793492  0.004014793492  0.004014793492  0.012627444975  0.012627444975  0.004014793492  0.004014793492  0.004014793492  
piranga_leucoptera_fmnh481795 0.006027237518  0.006027237518  0.000000000000  0.000000000000  0.000000000000  0.000000000000  0.001501599579  0.001501599579  0.000000000000  0.004014793492  0.004519276843  0.004014793492  0.004014793492  0.004014793492  0.004014793492  0.004014793492  0.004014793492  0.004014793492  0.004014793492  0.004014793492  0.004014793492  0.004014793492  0.004014793492  0.004014793492  0.004014793492  0.012627444975  0.012627444975  0.004014793492  0.004014793492  0.004014793492  
piranga_erythrocephala_fmnh343370 0.006027237518  0.006027237518  0.000000000000  0.000000000000  0.000000000000  0.000000000000  0.001501599579  0.001501599579  0.000000000000  0.004014793492  0.004519276843  0.004014793492  0.004014793492  0.004014793492  0.004014793492  0.004014793492  0.004014793492  0.004014793492  0.004014793492  0.004014793492  0.004014793492  0.004014793492  0.004014793492  0.004014793492  0.004014793492  0.012627444975  0.012627444975  0.004014793492  0.004014793492  0.004014793492  
piranga_hepatica_ku9084 0.006027237518  0.006027237518  0.000000000000  0.000000000000  0.000000000000  0.000000000000  0.001501599579  0.001501599579  0.000000000000  0.004014793492  0.004519276843  0.004014793492  0.004014793492  0.004014793492  0.004014793492  0.004014793492  0.004014793492  0.004014793492  0.004014793492  0.004014793492  0.004014793492  0.004014793492  0.004014793492  0.004014793492  0.004014793492  0.012627444975  0.012627444975  0.004014793492  0.004014793492  0.004014793492  
piranga_rubriceps_lsu265 0.007541887872  0.007541887872  0.001501599579  0.001501599579  0.001501599579  0.001501599579  0.000000000000  0.000000000000  0.001501599579  0.005525205782  0.006030818262  0.005525205782  0.005525205782  0.005525205782  0.005525205782  0.005525205782  0.005525205782  0.005525205782  0.005525205782  0.005525205782  0.005525205782  0.005525205782  0.005525205782  0.005525205782  0.005525205782  0.014156706877  0.014156706877  0.005525205782  0.005525205782  0.005525205782  
piranga_rubriceps_lsu34818 0.007541887872  0.007541887872  0.001501599579  0.001501599579  0.001501599579  0.001501599579  0.000000000000  0.000000000000  0.001501599579  0.005525205782  0.006030818262  0.005525205782  0.005525205782  0.005525205782  0.005525205782  0.005525205782  0.005525205782  0.005525205782  0.005525205782  0.005525205782  0.005525205782  0.005525205782  0.005525205782  0.005525205782  0.005525205782  0.014156706877  0.014156706877  0.005525205782  0.005525205782  0.005525205782  
piranga_erythrocephala_fmnh343371 0.006027237518  0.006027237518  0.000000000000  0.000000000000  0.000000000000  0.000000000000  0.001501599579  0.001501599579  0.000000000000  0.004014793492  0.004519276843  0.004014793492  0.004014793492  0.004014793492  0.004014793492  0.004014793492  0.004014793492  0.004014793492  0.004014793492  0.004014793492  0.004014793492  0.004014793492  0.004014793492  0.004014793492  0.004014793492  0.012627444975  0.012627444975  0.004014793492  0.004014793492  0.004014793492  
piranga_ludoviciana_sdsu2650 0.006532740916  0.006532740916  0.004014793492  0.004014793492  0.004014793492  0.004014793492  0.005525205782  0.005525205782  0.004014793492  0.000000000000  0.000500303588  0.000000000000  0.000000000000  0.000000000000  0.000000000000  0.000000000000  0.000000000000  0.000000000000  0.000000000000  0.000000000000  0.000000000000  0.000000000000  0.000000000000  0.000000000000  0.000000000000  0.008555785747  0.008555785747  0.000000000000  0.000000000000  0.000000000000  
piranga_rubra_sdsu2635 0.007038865190  0.007038865190  0.004519276843  0.004519276843  0.004519276843  0.004519276843  0.006030818262  0.006030818262  0.004519276843  0.000500303588  0.000000000000  0.000500303588  0.000500303588  0.000500303588  0.000500303588  0.000500303588  0.000500303588  0.000500303588  0.000500303588  0.000500303588  0.000500303588  0.000500303588  0.000500303588  0.000500303588  0.000500303588  0.009063671720  0.009063671720  0.000500303588  0.000500303588  0.000500303588  
piranga_ludoviciana_sdsu2385 0.006532740916  0.006532740916  0.004014793492  0.004014793492  0.004014793492  0.004014793492  0.005525205782  0.005525205782  0.004014793492  0.000000000000  0.000500303588  0.000000000000  0.000000000000  0.000000000000  0.000000000000  0.000000000000  0.000000000000  0.000000000000  0.000000000000  0.000000000000  0.000000000000  0.000000000000  0.000000000000  0.000000000000  0.000000000000  0.008555785747  0.008555785747  0.000000000000  0.000000000000  0.000000000000  
piranga_lutea_lsu5400 0.006532740916  0.006532740916  0.004014793492  0.004014793492  0.004014793492  0.004014793492  0.005525205782  0.005525205782  0.004014793492  0.000000000000  0.000500303588  0.000000000000  0.000000000000  0.000000000000  0.000000000000  0.000000000000  0.000000000000  0.000000000000  0.000000000000  0.000000000000  0.000000000000  0.000000000000  0.000000000000  0.000000000000  0.000000000000  0.008555785747  0.008555785747  0.000000000000  0.000000000000  0.000000000000  
piranga_olivacea_ku4672 0.006532740916  0.006532740916  0.004014793492  0.004014793492  0.004014793492  0.004014793492  0.005525205782  0.005525205782  0.004014793492  0.000000000000  0.000500303588  0.000000000000  0.000000000000  0.000000000000  0.000000000000  0.000000000000  0.000000000000  0.000000000000  0.000000000000  0.000000000000  0.000000000000  0.000000000000  0.000000000000  0.000000000000  0.000000000000  0.008555785747  0.008555785747  0.000000000000  0.000000000000  0.000000000000  
piranga_lutea_ku89864 0.006532740916  0.006532740916  0.004014793492  0.004014793492  0.004014793492  0.004014793492  0.005525205782  0.005525205782  0.004014793492  0.000000000000  0.000500303588  0.000000000000  0.000000000000  0.000000000000  0.000000000000  0.000000000000  0.000000000000  0.000000000000  0.000000000000  0.000000000000  0.000000000000  0.000000000000  0.000000000000  0.000000000000  0.000000000000  0.008555785747  0.008555785747  0.000000000000  0.000000000000  0.000000000000  
piranga_bidentata_itm160 0.006532740916  0.006532740916  0.004014793492  0.004014793492  0.004014793492  0.004014793492  0.005525205782  0.005525205782  0.004014793492  0.000000000000  0.000500303588  0.000000000000  0.000000000000  0.000000000000  0.000000000000  0.000000000000  0.000000000000  0.000000000000  0.000000000000  0.000000000000  0.000000000000  0.000000000000  0.000000000000  0.000000000000  0.000000000000  0.008555785747  0.008555785747  0.000000000000  0.000000000000  0.000000000000  
piranga_roseogularis_ku2141 0.006532740916  0.006532740916  0.004014793492  0.004014793492  0.004014793492  0.004014793492  0.005525205782  0.005525205782  0.004014793492  0.000000000000  0.000500303588  0.000000000000  0.000000000000  0.000000000000  0.000000000000  0.000000000000  0.000000000000  0.000000000000  0.000000000000  0.000000000000  0.000000000000  0.000000000000  0.000000000000  0.000000000000  0.000000000000  0.008555785747  0.008555785747  0.000000000000  0.000000000000  0.000000000000  
piranga_bidentata_itm141 0.006532740916  0.006532740916  0.004014793492  0.004014793492  0.004014793492  0.004014793492  0.005525205782  0.005525205782  0.004014793492  0.000000000000  0.000500303588  0.000000000000  0.000000000000  0.000000000000  0.000000000000  0.000000000000  0.000000000000  0.000000000000  0.000000000000  0.000000000000  0.000000000000  0.000000000000  0.000000000000  0.000000000000  0.000000000000  0.008555785747  0.008555785747  0.000000000000  0.000000000000  0.000000000000  
piranga_flava_ku90809 0.006532740916  0.006532740916  0.004014793492  0.004014793492  0.004014793492  0.004014793492  0.005525205782  0.005525205782  0.004014793492  0.000000000000  0.000500303588  0.000000000000  0.000000000000  0.000000000000  0.000000000000  0.000000000000  0.000000000000  0.000000000000  0.000000000000  0.000000000000  0.000000000000  0.000000000000  0.000000000000  0.000000000000  0.000000000000  0.008555785747  0.008555785747  0.000000000000  0.000000000000  0.000000000000  
piranga_rubra_sdsu2654 0.006532740916  0.006532740916  0.004014793492  0.004014793492  0.004014793492  0.004014793492  0.005525205782  0.005525205782  0.004014793492  0.000000000000  0.000500303588  0.000000000000  0.000000000000  0.000000000000  0.000000000000  0.000000000000  0.000000000000  0.000000000000  0.000000000000  0.000000000000  0.000000000000  0.000000000000  0.000000000000  0.000000000000  0.000000000000  0.008555785747  0.008555785747  0.000000000000  0.000000000000  0.000000000000  
piranga_bidentata_hgoslp104 0.006532740916  0.006532740916  0.004014793492  0.004014793492  0.004014793492  0.004014793492  0.005525205782  0.005525205782  0.004014793492  0.000000000000  0.000500303588  0.000000000000  0.000000000000  0.000000000000  0.000000000000  0.000000000000  0.000000000000  0.000000000000  0.000000000000  0.000000000000  0.000000000000  0.000000000000  0.000000000000  0.000000000000  0.000000000000  0.008555785747  0.008555785747  0.000000000000  0.000000000000  0.000000000000  
piranga_bidentata_tepe59 0.006532740916  0.006532740916  0.004014793492  0.004014793492  0.004014793492  0.004014793492  0.005525205782  0.005525205782  0.004014793492  0.000000000000  0.000500303588  0.000000000000  0.000000000000  0.000000000000  0.000000000000  0.000000000000  0.000000000000  0.000000000000  0.000000000000  0.000000000000  0.000000000000  0.000000000000  0.000000000000  0.000000000000  0.000000000000  0.008555785747  0.008555785747  0.000000000000  0.000000000000  0.000000000000  
piranga_roseogularis_ku2049 0.006532740916  0.006532740916  0.004014793492  0.004014793492  0.004014793492  0.004014793492  0.005525205782  0.005525205782  0.004014793492  0.000000000000  0.000500303588  0.000000000000  0.000000000000  0.000000000000  0.000000000000  0.000000000000  0.000000000000  0.000000000000  0.000000000000  0.000000000000  0.000000000000  0.000000000000  0.000000000000  0.000000000000  0.000000000000  0.008555785747  0.008555785747  0.000000000000  0.000000000000  0.000000000000  
piranga_rubra_ku7046 0.006532740916  0.006532740916  0.004014793492  0.004014793492  0.004014793492  0.004014793492  0.005525205782  0.005525205782  0.004014793492  0.000000000000  0.000500303588  0.000000000000  0.000000000000  0.000000000000  0.000000000000  0.000000000000  0.000000000000  0.000000000000  0.000000000000  0.000000000000  0.000000000000  0.000000000000  0.000000000000  0.000000000000  0.000000000000  0.008555785747  0.008555785747  0.000000000000  0.000000000000  0.000000000000  
piranga_hepatica_ku4970 0.006532740916  0.006532740916  0.004014793492  0.004014793492  0.004014793492  0.004014793492  0.005525205782  0.005525205782  0.004014793492  0.000000000000  0.000500303588  0.000000000000  0.000000000000  0.000000000000  0.000000000000  0.000000000000  0.000000000000  0.000000000000  0.000000000000  0.000000000000  0.000000000000  0.000000000000  0.000000000000  0.000000000000  0.000000000000  0.008555785747  0.008555785747  0.000000000000  0.000000000000  0.000000000000  
piranga_ludoviciana_sdsu2648 0.015175413298  0.015175413298  0.012627444975  0.012627444975  0.012627444975  0.012627444975  0.014156706877  0.014156706877  0.012627444975  0.008555785747  0.009063671720  0.008555785747  0.008555785747  0.008555785747  0.008555785747  0.008555785747  0.008555785747  0.008555785747  0.008555785747  0.008555785747  0.008555785747  0.008555785747  0.008555785747  0.008555785747  0.008555785747  0.000000000000  0.000000000000  0.008555785747  0.008555785747  0.008555785747  
piranga_ludoviciana_sdsu2208 0.015175413298  0.015175413298  0.012627444975  0.012627444975  0.012627444975  0.012627444975  0.014156706877  0.014156706877  0.012627444975  0.008555785747  0.009063671720  0.008555785747  0.008555785747  0.008555785747  0.008555785747  0.008555785747  0.008555785747  0.008555785747  0.008555785747  0.008555785747  0.008555785747  0.008555785747  0.008555785747  0.008555785747  0.008555785747  0.000000000000  0.000000000000  0.008555785747  0.008555785747  0.008555785747  
piranga_olivacea_ku2699 0.006532740916  0.006532740916  0.004014793492  0.004014793492  0.004014793492  0.004014793492  0.005525205782  0.005525205782  0.004014793492  0.000000000000  0.000500303588  0.000000000000  0.000000000000  0.000000000000  0.000000000000  0.000000000000  0.000000000000  0.000000000000  0.000000000000  0.000000000000  0.000000000000  0.000000000000  0.000000000000  0.000000000000  0.000000000000  0.008555785747  0.008555785747  0.000000000000  0.000000000000  0.000000000000  
piranga_flava_lsu15408 0.006532740916  0.006532740916  0.004014793492  0.004014793492  0.004014793492  0.004014793492  0.005525205782  0.005525205782  0.004014793492  0.000000000000  0.000500303588  0.000000000000  0.000000000000  0.000000000000  0.000000000000  0.000000000000  0.000000000000  0.000000000000  0.000000000000  0.000000000000  0.000000000000  0.000000000000  0.000000000000  0.000000000000  0.000000000000  0.008555785747  0.008555785747  0.000000000000  0.000000000000  0.000000000000  
piranga_rubra_ku26592 0.006532740916  0.006532740916  0.004014793492  0.004014793492  0.004014793492  0.004014793492  0.005525205782  0.005525205782  0.004014793492  0.000000000000  0.000500303588  0.000000000000  0.000000000000  0.000000000000  0.000000000000  0.000000000000  0.000000000000  0.000000000000  0.000000000000  0.000000000000  0.000000000000  0.000000000000  0.000000000000  0.000000000000  0.000000000000  0.008555785747  0.008555785747  0.000000000000  0.000000000000  0.000000000000  

