30
piranga_rubra_ku26592 0.000000000000  0.005595298029  0.007853025405  0.010114305627  0.011251413219  0.022747282911  0.007505943554  0.025074457840  0.005560060476  0.010102951478  0.000000000000  0.005341663311  0.008532687597  0.004423216377  0.004467680058  0.006175842880  0.006122902226  0.003355594327  0.003633191899  0.008972357592  0.010117667064  0.007848771863  0.010114305627  0.004366632929  0.009365119804  0.002779781365  0.000000000000  0.008970372051  0.003351129086  0.008972357592  
piranga_flava_ku90809 0.005595298029  0.000000000000  0.006726074104  0.008982432041  0.010117667064  0.019269100784  0.006252395827  0.021580959126  0.006961760538  0.008972357592  0.002719308460  0.005347903376  0.004858385485  0.002207347355  0.005595298029  0.000000000000  0.000000000000  0.002235931918  0.003633191899  0.007844225091  0.008986394017  0.002229254261  0.008982432041  0.004371781886  0.008188491848  0.005579141516  0.000000000000  0.007841635861  0.004470113002  0.007844225091  
piranga_ludoviciana_sdsu2385 0.007853025405  0.006726074104  0.000000000000  0.010112926207  0.011248657869  0.023929956536  0.008762524098  0.026264415475  0.006968608464  0.006726074104  0.000000000000  0.006696982857  0.008543101516  0.004433020541  0.007853025405  0.007425290661  0.007361517642  0.004477682546  0.001815735426  0.005601566608  0.010114305627  0.008986394017  0.010112926207  0.005840869532  0.010544422087  0.002779781365  0.000000000000  0.005597777925  0.006722879498  0.005601566608  
piranga_rubriceps_lsu265 0.010114305627  0.008982432041  0.010112926207  0.000000000000  0.005591517840  0.023880186400  0.007495565513  0.026210183987  0.011191629153  0.013524845586  0.005462107738  0.009391277224  0.011004779767  0.008902464289  0.010114305627  0.009917866644  0.009832536020  0.006729182184  0.005464213039  0.012385500561  0.004470113002  0.011251413219  0.000000000000  0.008778720256  0.009347716842  0.005568565094  0.002188028361  0.012385359311  0.008980442008  0.012385500561  
piranga_leucoptera_lsu7783 0.011251413219  0.010117667064  0.011248657869  0.005591517840  0.000000000000  0.025049012806  0.008756851769  0.027384454671  0.012606027661  0.014667608134  0.008218645597  0.010749372515  0.013485663846  0.011155693253  0.011251413219  0.009917866644  0.009832536020  0.007859244548  0.007301575702  0.013526371884  0.001113544930  0.012391783400  0.005591517840  0.011743523782  0.011712676539  0.008379339212  0.004384429584  0.013524845586  0.010114305627  0.013526371884  
cardinalis_cardinalis_ku25393 0.022747282911  0.019269100784  0.023929956536  0.023880186400  0.025049012806  0.000000000000  0.018949848178  0.002224295732  0.026956609765  0.026221286631  0.019318407152  0.023091034632  0.023489870315  0.027118345023  0.022747282911  0.021297167585  0.021111995539  0.019312888464  0.018421525232  0.025060710252  0.023890426508  0.021580959126  0.023880186400  0.022204275516  0.023704640192  0.019754610090  0.013260763772  0.025049012806  0.021580959126  0.025060710252  
piranga_olivacea_ku2699 0.007505943554  0.006252395827  0.008762524098  0.007495565513  0.008756851769  0.018949848178  0.000000000000  0.021526829979  0.010689456528  0.011284847409  0.005472282560  0.008059896628  0.010182732733  0.008912177248  0.007505943554  0.006687242826  0.006625215184  0.005000266243  0.005472282560  0.010022153368  0.007499540652  0.008770628763  0.007495565513  0.007684154507  0.007505943554  0.005579141516  0.002189425439  0.011284847409  0.007505943554  0.010022153368  
cardinalis_cardinalis_ku21828 0.025074457840  0.021580959126  0.026264415475  0.026210183987  0.027384454671  0.002224295732  0.021526829979  0.000000000000  0.029873251623  0.028562205012  0.022148665943  0.025872339073  0.026022375453  0.029455473155  0.025074457840  0.023857674162  0.023649756466  0.021630104429  0.022179984998  0.027397028269  0.026221286631  0.023902713120  0.026210183987  0.023725434842  0.026132616428  0.022650436673  0.017753879429  0.027384454671  0.023902713120  0.027397028269  
piranga_rubra_ku7046 0.005560060476  0.006961760538  0.006968608464  0.011191629153  0.012606027661  0.026956609765  0.010689456528  0.029873251623  0.000000000000  0.011175993927  0.002717153215  0.006553974479  0.010858354217  0.006647176102  0.006958909551  0.006961760538  0.006961760538  0.004176403263  0.005454278476  0.009767436321  0.011191629153  0.009771464808  0.011191629153  0.005867166277  0.008817424029  0.005568565094  0.002188028361  0.009766463561  0.005560060476  0.009767436321  
piranga_bidentata_hgoslp104 0.010102951478  0.008972357592  0.006726074104  0.013524845586  0.014667608134  0.026221286631  0.011284847409  0.028562205012  0.011175993927  0.000000000000  0.002717153215  0.009378694285  0.010991339603  0.011123528791  0.010102951478  0.009905585987  0.009820465651  0.006729182184  0.007281785929  0.001113544930  0.013526371884  0.011238767525  0.013524845586  0.007297048637  0.012911102500  0.005568565094  0.006588779718  0.003347011083  0.008970372051  0.001113544930  
piranga_ludoviciana_sdsu2648 0.000000000000  0.002719308460  0.000000000000  0.005462107738  0.008218645597  0.019318407152  0.005472282560  0.022148665943  0.002717153215  0.002717153215  0.000000000000  0.002719308460  0.005447230920  0.005447230920  0.000000000000  0.002719308460  0.002719308460  0.000000000000  0.000000000000  0.000000000000  0.008218645597  0.002719308460  0.005462107738  0.002719308460  0.005472282560  0.002843005089  0.000000000000  0.002717153215  0.000000000000  0.000000000000  
piranga_roseogularis_ku2049 0.005341663311  0.005347903376  0.006696982857  0.009391277224  0.010749372515  0.023091034632  0.008059896628  0.025872339073  0.006553974479  0.009378694285  0.002719308460  0.000000000000  0.010743421501  0.006651508555  0.006688024751  0.005706492983  0.005650068391  0.004009517951  0.003910222452  0.008031615225  0.009397806065  0.008038962466  0.009391277224  0.000000000000  0.009407133276  0.005579141516  0.004390978480  0.009378694285  0.006688024751  0.008031615225  
piranga_hepatica_ku4970 0.008532687597  0.004858385485  0.008543101516  0.011004779767  0.013485663846  0.023489870315  0.010182732733  0.026022375453  0.010858354217  0.010991339603  0.005447230920  0.010743421501  0.000000000000  0.004423216377  0.008532687597  0.005410391024  0.005359644469  0.006095994759  0.007314928643  0.009760555630  0.012248907075  0.007303947033  0.011004779767  0.010251120603  0.013492931461  0.008379339212  0.002188028361  0.010991339603  0.008532687597  0.009760555630  
piranga_hepatica_ku9084 0.004423216377  0.002207347355  0.004433020541  0.008902464289  0.011155693253  0.027118345023  0.008912177248  0.029455473155  0.006647176102  0.011123528791  0.005447230920  0.006651508555  0.004423216377  0.000000000000  0.004423216377  0.002207347355  0.002207347355  0.004433020541  0.004704117103  0.008882694340  0.011155693253  0.006647176102  0.008902464289  0.006848919918  0.008912177248  0.008379339212  0.002570480604  0.011123528791  0.004423216377  0.008882694340  
piranga_rubra_sdsu2654 0.004467680058  0.005595298029  0.007853025405  0.010114305627  0.011251413219  0.022747282911  0.007505943554  0.025074457840  0.006958909551  0.010102951478  0.000000000000  0.006688024751  0.008532687597  0.004423216377  0.000000000000  0.006175842880  0.006122902226  0.003355594327  0.003628709392  0.008972357592  0.010117667064  0.007848771863  0.010114305627  0.004371781886  0.009365119804  0.002779781365  0.002188028361  0.008970372051  0.003347011083  0.008972357592  
piranga_flava_lsu15408 0.006175842880  0.000000000000  0.007425290661  0.009917866644  0.009917866644  0.021297167585  0.006687242826  0.023857674162  0.006961760538  0.009905585987  0.002719308460  0.005706492983  0.005410391024  0.002207347355  0.006175842880  0.000000000000  0.000000000000  0.002467669295  0.003633191899  0.008659355210  0.008670080815  0.002459537937  0.009917866644  0.004981584062  0.006471608957  0.005579141516  0.000000000000  0.008656196360  0.004933209609  0.008659355210  
piranga_lutea_lsu5400 0.006122902226  0.000000000000  0.007361517642  0.009832536020  0.009832536020  0.021111995539  0.006625215184  0.023649756466  0.006961760538  0.009820465651  0.002719308460  0.005650068391  0.005359644469  0.002207347355  0.006122902226  0.000000000000  0.000000000000  0.002446538857  0.003633191899  0.008585012645  0.008595554760  0.002438545961  0.009832536020  0.004924344241  0.006413499897  0.005579141516  0.000000000000  0.008581908119  0.004890984716  0.008585012645  
piranga_olivacea_ku4672 0.003355594327  0.002235931918  0.004477682546  0.006729182184  0.007859244548  0.019312888464  0.005000266243  0.021630104429  0.004176403263  0.006729182184  0.000000000000  0.004009517951  0.006095994759  0.004433020541  0.003355594327  0.002467669295  0.002446538857  0.000000000000  0.001819038324  0.005602207996  0.006730420904  0.004480126426  0.006729182184  0.002913409521  0.007017132330  0.002779781365  0.000000000000  0.005602323777  0.002234234946  0.005602207996  
piranga_ludoviciana_sdsu2208 0.003633191899  0.003633191899  0.001815735426  0.005464213039  0.007301575702  0.018421525232  0.005472282560  0.022179984998  0.005454278476  0.007281785929  0.000000000000  0.003910222452  0.007314928643  0.004704117103  0.003628709392  0.003633191899  0.003633191899  0.001819038324  0.000000000000  0.005454278476  0.007301575702  0.005462318619  0.005464213039  0.002422828605  0.005472282560  0.002779781365  0.000000000000  0.007281785929  0.001812444500  0.005454278476  
piranga_bidentata_itm160 0.008972357592  0.007844225091  0.005601566608  0.012385500561  0.013526371884  0.025060710252  0.010022153368  0.027397028269  0.009767436321  0.001113544930  0.000000000000  0.008031615225  0.009760555630  0.008882694340  0.008972357592  0.008659355210  0.008585012645  0.005602207996  0.005454278476  0.000000000000  0.012387644218  0.010106305317  0.012385500561  0.005832352901  0.011726411888  0.002779781365  0.004384429584  0.002229254261  0.007841635861  0.000000000000  
piranga_leucoptera_fmnh481795 0.010117667064  0.008986394017  0.010114305627  0.004470113002  0.001113544930  0.023890426508  0.007499540652  0.026221286631  0.011191629153  0.013526371884  0.008218645597  0.009397806065  0.012248907075  0.011155693253  0.010117667064  0.008670080815  0.008595554760  0.006730420904  0.007301575702  0.012387644218  0.000000000000  0.011256153924  0.004470113002  0.010266155500  0.010532082216  0.008379339212  0.004384429584  0.012385500561  0.008982432041  0.012387644218  
piranga_lutea_ku89864 0.007848771863  0.002229254261  0.008986394017  0.011251413219  0.012391783400  0.021580959126  0.008770628763  0.023902713120  0.009771464808  0.011238767525  0.002719308460  0.008038962466  0.007303947033  0.006647176102  0.007848771863  0.002459537937  0.002438545961  0.004480126426  0.005462318619  0.010106305317  0.011256153924  0.000000000000  0.011251413219  0.007303498145  0.010550221522  0.005579141516  0.002189425439  0.010102951478  0.006718542400  0.010106305317  
piranga_rubriceps_lsu34818 0.010114305627  0.008982432041  0.010112926207  0.000000000000  0.005591517840  0.023880186400  0.007495565513  0.026210183987  0.011191629153  0.013524845586  0.005462107738  0.009391277224  0.011004779767  0.008902464289  0.010114305627  0.009917866644  0.009832536020  0.006729182184  0.005464213039  0.012385500561  0.004470113002  0.011251413219  0.000000000000  0.008778720256  0.009347716842  0.005568565094  0.002188028361  0.012385359311  0.008980442008  0.012385500561  
piranga_roseogularis_ku2141 0.004366632929  0.004371781886  0.005840869532  0.008778720256  0.011743523782  0.022204275516  0.007684154507  0.023725434842  0.005867166277  0.007297048637  0.002719308460  0.000000000000  0.010251120603  0.006848919918  0.004371781886  0.004981584062  0.004924344241  0.002913409521  0.002422828605  0.005832352901  0.010266155500  0.007303498145  0.008778720256  0.000000000000  0.011753675488  0.005579141516  0.002661410667  0.007297048637  0.005832352901  0.005832352901  
piranga_erythrocephala_fmnh343371 0.009365119804  0.008188491848  0.010544422087  0.009347716842  0.011712676539  0.023704640192  0.007505943554  0.026132616428  0.008817424029  0.012911102500  0.005472282560  0.009407133276  0.013492931461  0.008912177248  0.009365119804  0.006471608957  0.006413499897  0.007017132330  0.005472282560  0.011726411888  0.010532082216  0.010550221522  0.009347716842  0.011753675488  0.000000000000  0.000000000000  0.002189425439  0.012911102500  0.009365119804  0.011726411888  
piranga_erythrocephala_fmnh343370 0.002779781365  0.005579141516  0.002779781365  0.005568565094  0.008379339212  0.019754610090  0.005579141516  0.022650436673  0.005568565094  0.005568565094  0.002843005089  0.005579141516  0.008379339212  0.008379339212  0.002779781365  0.005579141516  0.005579141516  0.002779781365  0.002779781365  0.002779781365  0.008379339212  0.005579141516  0.005568565094  0.005579141516  0.000000000000  0.000000000000  0.002892342978  0.005568565094  0.002779781365  0.002779781365  
piranga_ludoviciana_sdsu2650 0.000000000000  0.000000000000  0.000000000000  0.002188028361  0.004384429584  0.013260763772  0.002189425439  0.017753879429  0.002188028361  0.006588779718  0.000000000000  0.004390978480  0.002188028361  0.002570480604  0.002188028361  0.000000000000  0.000000000000  0.000000000000  0.000000000000  0.004384429584  0.004384429584  0.002189425439  0.002188028361  0.002661410667  0.002189425439  0.002892342978  0.000000000000  0.006588779718  0.000000000000  0.004384429584  
piranga_bidentata_tepe59 0.008970372051  0.007841635861  0.005597777925  0.012385359311  0.013524845586  0.025049012806  0.011284847409  0.027384454671  0.009766463561  0.003347011083  0.002717153215  0.009378694285  0.010991339603  0.011123528791  0.008970372051  0.008656196360  0.008581908119  0.005602323777  0.007281785929  0.002229254261  0.012385500561  0.010102951478  0.012385359311  0.007297048637  0.012911102500  0.005568565094  0.006588779718  0.000000000000  0.007841010848  0.002229254261  
piranga_rubra_sdsu2635 0.003351129086  0.004470113002  0.006722879498  0.008980442008  0.010114305627  0.021580959126  0.007505943554  0.023902713120  0.005560060476  0.008970372051  0.000000000000  0.006688024751  0.008532687597  0.004423216377  0.003347011083  0.004933209609  0.004890984716  0.002234234946  0.001812444500  0.007841635861  0.008982432041  0.006718542400  0.008980442008  0.005832352901  0.009365119804  0.002779781365  0.000000000000  0.007841010848  0.000000000000  0.007841635861  
piranga_bidentata_itm141 0.008972357592  0.007844225091  0.005601566608  0.012385500561  0.013526371884  0.025060710252  0.010022153368  0.027397028269  0.009767436321  0.001113544930  0.000000000000  0.008031615225  0.009760555630  0.008882694340  0.008972357592  0.008659355210  0.008585012645  0.005602207996  0.005454278476  0.000000000000  0.012387644218  0.010106305317  0.012385500561  0.005832352901  0.011726411888  0.002779781365  0.004384429584  0.002229254261  0.007841635861  0.000000000000  

