30
cardinalis_cardinalis_ku21828 0.000000000000  0.007547126147  0.028094707381  0.027070783865  0.023958304019  0.022916071574  0.023429329972  0.023950445892  0.026546936797  0.023436916073  0.023942980192  0.024472105825  0.026008492830  0.026531243555  0.027079497478  0.026031802730  0.024464367815  0.023436916073  0.026555375525  0.022916071574  0.022916071574  0.025500887262  0.024464367815  0.023429329972  0.026564208487  0.026015868219  0.029718877826  0.027098107899  0.027604169743  0.029688587977  
cardinalis_cardinalis_ku25393 0.007547126147  0.000000000000  0.030714527666  0.029688587977  0.026564208487  0.025517062283  0.026031802730  0.026555375525  0.028111258715  0.026040361093  0.026546936797  0.027079497478  0.028619378991  0.029144602068  0.029698288364  0.028645628094  0.027070783865  0.026040361093  0.029171681041  0.025517062283  0.025517062283  0.028111258715  0.027070783865  0.026031802730  0.029181499991  0.028627732293  0.032351176221  0.029718877826  0.030225451233  0.032317886490  
piranga_rubriceps_lsu265 0.028094707381  0.030714527666  0.000000000000  0.007040536985  0.018774296999  0.017742288439  0.018768744599  0.019802353833  0.021862852862  0.017742288439  0.019279851830  0.018768744599  0.020298442458  0.020815513685  0.021350283814  0.020313995514  0.018763581449  0.017742288439  0.020831871031  0.017227082317  0.018258026300  0.019791348650  0.018763581449  0.017222328411  0.020838105464  0.020820574761  0.023958304019  0.021363681741  0.022908756933  0.024978682503  
piranga_rubriceps_lsu34818 0.027070783865  0.029688587977  0.007040536985  0.000000000000  0.017759675417  0.016728198472  0.017753492065  0.018786568035  0.020844730256  0.017759675417  0.019297310450  0.018786568035  0.020313995514  0.020831871031  0.021370966287  0.020333062718  0.018780238269  0.017759675417  0.020851745032  0.017243670800  0.018276213422  0.019808441318  0.018780238269  0.017237753888  0.020859149416  0.020838105464  0.023984229214  0.021386704674  0.022931874932  0.025002714795  
piranga_leucoptera_fmnh481795 0.023958304019  0.026564208487  0.018774296999  0.017759675417  0.000000000000  0.004012813685  0.013655770263  0.014681952276  0.016728198472  0.013660991301  0.015190206717  0.014168597851  0.016202872721  0.016717283446  0.017249974630  0.016219029384  0.014676588624  0.013660991301  0.016734236137  0.013148426570  0.014174082328  0.015698846295  0.014676588624  0.013655770263  0.016740660073  0.016722547450  0.019844712641  0.017263741557  0.018800391552  0.020859149416  
piranga_leucoptera_lsu7783 0.022916071574  0.025517062283  0.017742288439  0.016728198472  0.004012813685  0.000000000000  0.012631691283  0.013655770263  0.015698846295  0.012636387058  0.014163497909  0.013655770263  0.015175637204  0.015688991002  0.016219029384  0.015190206717  0.013650933491  0.012636387058  0.015704353274  0.012124871690  0.013148426570  0.014671610151  0.013650933491  0.012631691283  0.015710245977  0.015693725412  0.018807884561  0.016231731099  0.017249974630  0.019303908035  
piranga_erythrocephala_fmnh343371 0.023429329972  0.026031802730  0.018768744599  0.017753492065  0.013655770263  0.012631691283  0.000000000000  0.001001001931  0.016207871655  0.013143468433  0.014671610151  0.014163497909  0.015684643442  0.016198260908  0.016728198472  0.015698846295  0.014158782875  0.013143468433  0.016213257335  0.012631691283  0.013655770263  0.015180107633  0.014158782875  0.013138894291  0.016219029384  0.016202872721  0.019318268026  0.016740660073  0.018276213422  0.020333062718  
piranga_erythrocephala_fmnh343370 0.023950445892  0.026555375525  0.019802353833  0.018786568035  0.014681952276  0.013655770263  0.001001001931  0.000000000000  0.017237753888  0.014168597851  0.015698846295  0.015190206717  0.016712406837  0.017227082317  0.017759675417  0.016728198472  0.015184964263  0.014168597851  0.017243670800  0.013655770263  0.014681952276  0.016207871655  0.015184964263  0.014163497909  0.017249974630  0.017232224268  0.020355633891  0.017773203329  0.019310894018  0.021370966287  
piranga_roseogularis_ku2049 0.026546936797  0.028111258715  0.021862852862  0.020844730256  0.016728198472  0.015698846295  0.016207871655  0.017237753888  0.000000000000  0.007040536985  0.014662810241  0.014154453125  0.015677110388  0.016190200164  0.016717283446  0.015688991002  0.014150509034  0.013134704518  0.016202872721  0.012623451285  0.013646481357  0.015171553353  0.014150509034  0.013130899490  0.016207871655  0.016194036596  0.019303908035  0.016728198472  0.018263700581  0.020319961294  
piranga_roseogularis_ku2141 0.023436916073  0.026040361093  0.017742288439  0.017759675417  0.013660991301  0.012636387058  0.013143468433  0.014168597851  0.007040536985  0.000000000000  0.011605917262  0.011099497194  0.012616749197  0.013127479584  0.013650933491  0.012627379233  0.011095968214  0.010084030260  0.013138894291  0.009575119595  0.010593459742  0.012112720588  0.011095968214  0.010080638274  0.013143468433  0.013130899490  0.016225187429  0.013660991301  0.015190206717  0.017237753888  
piranga_ludoviciana_sdsu2650 0.023942980192  0.026546936797  0.019279851830  0.019297310450  0.015190206717  0.014163497909  0.014671610151  0.015698846295  0.014662810241  0.011605917262  0.000000000000  0.006534460872  0.008045558932  0.008552147485  0.009066726690  0.008051489955  0.006532491849  0.005525680942  0.008558850493  0.005020882768  0.005020882768  0.007542542619  0.006532491849  0.005523843648  0.008561847791  0.008553999963  0.011107703555  0.009073619156  0.010593459742  0.012627379233  
piranga_ludoviciana_sdsu2385 0.024472105825  0.027079497478  0.018768744599  0.018786568035  0.014168597851  0.013655770263  0.014163497909  0.015190206717  0.014154453125  0.011099497194  0.006534460872  0.000000000000  0.005520609036  0.008047154343  0.008561847791  0.007547126147  0.006028896771  0.005022843729  0.008054229401  0.004518300248  0.005527897156  0.007038311675  0.006028896771  0.005020882768  0.008057349441  0.008049131477  0.011112380189  0.008568984580  0.010087804266  0.012120437739  
piranga_ludoviciana_sdsu2208 0.026008492830  0.028619378991  0.020298442458  0.020313995514  0.016202872721  0.015175637204  0.015684643442  0.016712406837  0.015677110388  0.012616749197  0.008045558932  0.005520609036  0.000000000000  0.009562062206  0.010075001864  0.009059250127  0.007539483428  0.006530903014  0.009566867904  0.006025850193  0.007036466811  0.008550677369  0.007539483428  0.006529694744  0.009569236085  0.009563280583  0.012627379233  0.010080638274  0.011602511359  0.013638732506  
piranga_ludoviciana_sdsu2648 0.026531243555  0.029144602068  0.020815513685  0.020831871031  0.016717283446  0.015688991002  0.016198260908  0.017227082317  0.016190200164  0.013127479584  0.008552147485  0.008047154343  0.009562062206  0.000000000000  0.010583653056  0.009566867904  0.008045558932  0.007036466811  0.010075001864  0.006530903014  0.007542542619  0.009057522684  0.008045558932  0.007035002772  0.010077628683  0.010070898054  0.013138894291  0.010589808062  0.012112720588  0.014150509034  
piranga_bidentata_itm160 0.027079497478  0.029698288364  0.021350283814  0.021370966287  0.017249974630  0.016219029384  0.016728198472  0.017759675417  0.016717283446  0.013650933491  0.009066726690  0.008561847791  0.010075001864  0.010583653056  0.000000000000  0.004016095455  0.005522385647  0.004516594025  0.010593459742  0.007043142366  0.008057349441  0.009571986774  0.008558850493  0.007547126147  0.010597493707  0.010586539041  0.013666596230  0.011112380189  0.012636387058  0.014676588624  
piranga_bidentata_hgoslp104 0.026031802730  0.028645628094  0.020313995514  0.020333062718  0.016219029384  0.015190206717  0.015698846295  0.016728198472  0.015688991002  0.012627379233  0.008051489955  0.007547126147  0.009059250127  0.009566867904  0.004016095455  0.000000000000  0.004514317167  0.003509540724  0.009575119595  0.006030989577  0.007043142366  0.008556234425  0.007544644030  0.006534460872  0.009578634171  0.009569236085  0.012641466188  0.010091959919  0.011613879393  0.013650933491  
piranga_bidentata_tepe59 0.024464367815  0.027070783865  0.018763581449  0.018780238269  0.014676588624  0.013650933491  0.014158782875  0.015184964263  0.014150509034  0.011095968214  0.006532491849  0.006028896771  0.007539483428  0.008045558932  0.005522385647  0.004514317167  0.000000000000  0.002002755924  0.008051489955  0.004516594025  0.005525680942  0.007036466811  0.006027183518  0.005019300469  0.008054229401  0.008047154343  0.011107703555  0.008565225944  0.010084030260  0.012116387247  
piranga_bidentata_itm141 0.023436916073  0.026040361093  0.017742288439  0.017759675417  0.013660991301  0.012636387058  0.013143468433  0.014168597851  0.013134704518  0.010084030260  0.005525680942  0.005022843729  0.006530903014  0.007036466811  0.004516594025  0.003509540724  0.002002755924  0.000000000000  0.007043142366  0.003512314814  0.004520384501  0.006028896771  0.005020882768  0.004014265684  0.007046127445  0.007038311675  0.010096496848  0.007556852999  0.009073619156  0.011103409099  
piranga_hepatica_ku9084 0.026555375525  0.029171681041  0.020831871031  0.020851745032  0.016734236137  0.015704353274  0.016213257335  0.017243670800  0.016202872721  0.013138894291  0.008558850493  0.008054229401  0.009566867904  0.010075001864  0.010593459742  0.009575119595  0.008051489955  0.007043142366  0.000000000000  0.005525680942  0.006536809706  0.008049131477  0.007038311675  0.006028896771  0.009069982364  0.009061360195  0.013153768330  0.010601909585  0.012124871690  0.014163497909  
piranga_flava_ku90809 0.022916071574  0.025517062283  0.017227082317  0.017243670800  0.013148426570  0.012124871690  0.012631691283  0.013655770263  0.012623451285  0.009575119595  0.005020882768  0.004518300248  0.006025850193  0.006530903014  0.007043142366  0.006030989577  0.004516594025  0.003512314814  0.005525680942  0.000000000000  0.001001001931  0.004515266206  0.003509540724  0.002505205251  0.005527897156  0.005522385647  0.009586807098  0.007049491850  0.008565225944  0.010593459742  
piranga_lutea_ku89864 0.022916071574  0.025517062283  0.018258026300  0.018276213422  0.014174082328  0.013148426570  0.013655770263  0.014681952276  0.013646481357  0.010593459742  0.005020882768  0.005527897156  0.007036466811  0.007542542619  0.008057349441  0.007043142366  0.005525680942  0.004520384501  0.006536809706  0.001001001931  0.000000000000  0.005523843648  0.004516594025  0.003510739010  0.006539537978  0.006532491849  0.010606707005  0.008064729809  0.009582530129  0.011613879393  
piranga_flava_lsu15408 0.025500887262  0.028111258715  0.019791348650  0.019808441318  0.015698846295  0.014671610151  0.015180107633  0.016207871655  0.015171553353  0.012112720588  0.007542542619  0.007038311675  0.008550677369  0.009057522684  0.009571986774  0.008556234425  0.007036466811  0.006028896771  0.008049131477  0.004515266206  0.005523843648  0.000000000000  0.006025850193  0.005018097206  0.008051489955  0.008045558932  0.012124871690  0.009578634171  0.011099497194  0.013134704518  
piranga_lutea_lsu5400 0.024464367815  0.027070783865  0.018763581449  0.018780238269  0.014676588624  0.013650933491  0.014158782875  0.015184964263  0.014150509034  0.011095968214  0.006532491849  0.006028896771  0.007539483428  0.008045558932  0.008558850493  0.007544644030  0.006027183518  0.005020882768  0.007038311675  0.003509540724  0.004516594025  0.006025850193  0.000000000000  0.004011739834  0.007040536985  0.007035002772  0.011107703555  0.008565225944  0.010084030260  0.012116387247  
piranga_hepatica_ku4970 0.023429329972  0.026031802730  0.017222328411  0.017237753888  0.013655770263  0.012631691283  0.013138894291  0.014163497909  0.013130899490  0.010080638274  0.005523843648  0.005020882768  0.006529694744  0.007035002772  0.007547126147  0.006534460872  0.005019300469  0.004014265684  0.006028896771  0.002505205251  0.003510739010  0.005018097206  0.004011739834  0.000000000000  0.006030989577  0.006025850193  0.010091959919  0.007553231005  0.009069982364  0.011099497194  
piranga_olivacea_ku2699 0.026564208487  0.029181499991  0.020838105464  0.020859149416  0.016740660073  0.015710245977  0.016219029384  0.017249974630  0.016207871655  0.013143468433  0.008561847791  0.008057349441  0.009569236085  0.010077628683  0.010597493707  0.009578634171  0.008054229401  0.007046127445  0.009069982364  0.005527897156  0.006539537978  0.008051489955  0.007040536985  0.006030989577  0.000000000000  0.005019300469  0.013159493342  0.010606707005  0.012129688726  0.014168597851  
piranga_olivacea_ku4672 0.026015868219  0.028627732293  0.020820574761  0.020838105464  0.016722547450  0.015693725412  0.016202872721  0.017232224268  0.016194036596  0.013130899490  0.008553999963  0.008049131477  0.009563280583  0.010070898054  0.010586539041  0.009569236085  0.008047154343  0.007038311675  0.009061360195  0.005522385647  0.006532491849  0.008045558932  0.007035002772  0.006025850193  0.005019300469  0.000000000000  0.013143468433  0.010593459742  0.012116387247  0.014154453125  
piranga_rubra_ku7046 0.029718877826  0.032351176221  0.023958304019  0.023984229214  0.019844712641  0.018807884561  0.019318268026  0.020355633891  0.019303908035  0.016225187429  0.011107703555  0.011112380189  0.012627379233  0.013138894291  0.013666596230  0.012641466188  0.011107703555  0.010096496848  0.013153768330  0.009586807098  0.010606707005  0.012124871690  0.011107703555  0.010091959919  0.013159493342  0.013143468433  0.000000000000  0.002505205251  0.007040536985  0.009063852508  
piranga_rubra_sdsu2635 0.027098107899  0.029718877826  0.021363681741  0.021386704674  0.017263741557  0.016231731099  0.016740660073  0.017773203329  0.016728198472  0.013660991301  0.009073619156  0.008568984580  0.010080638274  0.010589808062  0.011112380189  0.010091959919  0.008565225944  0.007556852999  0.010601909585  0.007049491850  0.008064729809  0.009578634171  0.008565225944  0.007553231005  0.010606707005  0.010593459742  0.002505205251  0.000000000000  0.004516594025  0.006532491849  
piranga_rubra_sdsu2654 0.027604169743  0.030225451233  0.022908756933  0.022931874932  0.018800391552  0.017249974630  0.018276213422  0.019310894018  0.018263700581  0.015190206717  0.010593459742  0.010087804266  0.011602511359  0.012112720588  0.012636387058  0.011613879393  0.010084030260  0.009073619156  0.012124871690  0.008565225944  0.009582530129  0.011099497194  0.010084030260  0.009069982364  0.012129688726  0.012116387247  0.007040536985  0.004516594025  0.000000000000  0.002002755924  
piranga_rubra_ku26592 0.029688587977  0.032317886490  0.024978682503  0.025002714795  0.020859149416  0.019303908035  0.020333062718  0.021370966287  0.020319961294  0.017237753888  0.012627379233  0.012120437739  0.013638732506  0.014150509034  0.014676588624  0.013650933491  0.012116387247  0.011103409099  0.014163497909  0.010593459742  0.011613879393  0.013134704518  0.012116387247  0.011099497194  0.014168597851  0.014154453125  0.009063852508  0.006532491849  0.002002755924  0.000000000000  

