30
cardinalis_cardinalis_ku21828 0.000000000000  0.000000000000  0.019786636185  0.020303534558  0.022879236600  0.021328899569  0.025481601352  0.023924357073  0.031756598880  0.031756598880  0.022884510550  0.025991009168  0.022884510550  0.022884510550  0.025481601352  0.025481601352  0.025475310287  0.026513141918  0.025985265607  0.025985265607  0.030679602851  0.028593336428  0.027035836095  0.025475310287  0.025475310287  0.025475310287  0.025475310287  0.024954009356  0.024954009356  0.024954009356  
cardinalis_cardinalis_ku25393 0.000000000000  0.000000000000  0.019786636185  0.020303534558  0.022879236600  0.021328899569  0.025481601352  0.023924357073  0.031756598880  0.031756598880  0.022884510550  0.025991009168  0.022884510550  0.022884510550  0.025481601352  0.025481601352  0.025475310287  0.026513141918  0.025985265607  0.025985265607  0.030679602851  0.028593336428  0.027035836095  0.025475310287  0.025475310287  0.025475310287  0.025475310287  0.024954009356  0.024954009356  0.024954009356  
piranga_roseogularis_ku2049 0.019786636185  0.019786636185  0.000000000000  0.000500257320  0.010580251162  0.009058386036  0.012618772077  0.011601245933  0.019285109216  0.019285109216  0.010582505205  0.013634651967  0.010582505205  0.010582505205  0.013129740832  0.013129740832  0.013126516499  0.014146142858  0.013631964968  0.013631964968  0.018239230724  0.016189761739  0.014658172513  0.013126516499  0.013126516499  0.013126516499  0.013126516499  0.012615823892  0.012615823892  0.012615823892  
piranga_roseogularis_ku2141 0.020303534558  0.020303534558  0.000500257320  0.000000000000  0.011089080519  0.009565894986  0.013129740832  0.012111418032  0.019802306364  0.019802306364  0.011091608698  0.014146142858  0.011091608698  0.011091608698  0.013641247250  0.013641247250  0.013637746189  0.014658172513  0.014143179148  0.014143179148  0.018754485432  0.016703398858  0.015170742067  0.013637746189  0.013637746189  0.013637746189  0.013637746189  0.013126516499  0.013126516499  0.013126516499  
piranga_erythrocephala_fmnh343370 0.022879236600  0.022879236600  0.010580251162  0.011089080519  0.000000000000  0.001501721007  0.009576758116  0.008055449252  0.016721640375  0.016721640375  0.012103400565  0.015161411332  0.012103400565  0.012103400565  0.014654931508  0.014654931508  0.014652098712  0.015673687432  0.015159119144  0.015159119144  0.019774677784  0.017721246903  0.016186503951  0.014652098712  0.014652098712  0.014652098712  0.014652098712  0.014140623347  0.014140623347  0.014140623347  
piranga_erythrocephala_fmnh343371 0.021328899569  0.021328899569  0.009058386036  0.009565894986  0.001501721007  0.000000000000  0.008055449252  0.006537675029  0.015183745944  0.015183745944  0.010578401789  0.013629685580  0.010578401789  0.010578401789  0.013123698707  0.013123698707  0.013121287839  0.014140623347  0.013627814191  0.013627814191  0.018232532838  0.016183656053  0.014652098712  0.013121287839  0.013121287839  0.013121287839  0.013121287839  0.012611146631  0.012611146631  0.012611146631  
piranga_leucoptera_fmnh481795 0.025481601352  0.025481601352  0.012618772077  0.013129740832  0.009576758116  0.008055449252  0.000000000000  0.002505319431  0.019303630170  0.019303630170  0.014658172513  0.017728207459  0.014658172513  0.014658172513  0.017221805839  0.017221805839  0.017217579273  0.018243197107  0.017724521585  0.017724521585  0.022360431276  0.020298852895  0.018758732919  0.017217579273  0.017217579273  0.017217579273  0.017217579273  0.016703398858  0.016703398858  0.016703398858  
piranga_leucoptera_lsu7783 0.023924357073  0.023924357073  0.011601245933  0.012111418032  0.008055449252  0.006537675029  0.002505319431  0.000000000000  0.017758936086  0.017758936086  0.013126516499  0.016189761739  0.013126516499  0.013126516499  0.015683852661  0.015683852661  0.015680055309  0.016703398858  0.016186503951  0.016186503951  0.020811466865  0.018754485432  0.017217579273  0.015680055309  0.015680055309  0.015680055309  0.015680055309  0.015167223182  0.015167223182  0.015167223182  
piranga_rubriceps_lsu265 0.031756598880  0.031756598880  0.019285109216  0.019802306364  0.016721640375  0.015183745944  0.019303630170  0.017758936086  0.000000000000  0.000000000000  0.020826361046  0.023924357073  0.020826361046  0.020826361046  0.023416520616  0.023416520616  0.023410130697  0.024445115657  0.023918511306  0.023918511306  0.028600107803  0.026519592268  0.024966432716  0.023410130697  0.023410130697  0.023410130697  0.023410130697  0.022890199563  0.022890199563  0.022890199563  
piranga_rubriceps_lsu34818 0.031756598880  0.031756598880  0.019285109216  0.019802306364  0.016721640375  0.015183745944  0.019303630170  0.017758936086  0.000000000000  0.000000000000  0.020826361046  0.023924357073  0.020826361046  0.020826361046  0.023416520616  0.023416520616  0.023410130697  0.024445115657  0.023918511306  0.023918511306  0.028600107803  0.026519592268  0.024966432716  0.023410130697  0.023410130697  0.023410130697  0.023410130697  0.022890199563  0.022890199563  0.022890199563  
piranga_ludoviciana_sdsu2208 0.022884510550  0.022884510550  0.010582505205  0.011091608698  0.012103400565  0.010578401789  0.014658172513  0.013126516499  0.020826361046  0.020826361046  0.000000000000  0.003006291492  0.000000000000  0.000000000000  0.002505319431  0.002505319431  0.002504585150  0.003508853777  0.003006085750  0.003006085750  0.007540054297  0.005521620680  0.004011936170  0.002504585150  0.002504585150  0.002504585150  0.002504585150  0.002002793544  0.002002793544  0.002002793544  
piranga_bidentata_hgoslp104 0.025991009168  0.025991009168  0.013634651967  0.014146142858  0.015161411332  0.013629685580  0.017728207459  0.016189761739  0.023924357073  0.023924357073  0.003006291492  0.000000000000  0.003006291492  0.003006291492  0.005522767814  0.005522767814  0.005521620680  0.006530127102  0.006024623160  0.006024623160  0.010578401789  0.008551406383  0.007035540627  0.005521620680  0.005521620680  0.005521620680  0.005521620680  0.005017509915  0.005017509915  0.005017509915  
piranga_ludoviciana_sdsu2385 0.022884510550  0.022884510550  0.010582505205  0.011091608698  0.012103400565  0.010578401789  0.014658172513  0.013126516499  0.020826361046  0.020826361046  0.000000000000  0.003006291492  0.000000000000  0.000000000000  0.002505319431  0.002505319431  0.002504585150  0.003508853777  0.003006085750  0.003006085750  0.007540054297  0.005521620680  0.004011936170  0.002504585150  0.002504585150  0.002504585150  0.002504585150  0.002002793544  0.002002793544  0.002002793544  
piranga_bidentata_tepe59 0.022884510550  0.022884510550  0.010582505205  0.011091608698  0.012103400565  0.010578401789  0.014658172513  0.013126516499  0.020826361046  0.020826361046  0.000000000000  0.003006291492  0.000000000000  0.000000000000  0.002505319431  0.002505319431  0.002504585150  0.003508853777  0.003006085750  0.003006085750  0.007540054297  0.005521620680  0.004011936170  0.002504585150  0.002504585150  0.002504585150  0.002504585150  0.002002793544  0.002002793544  0.002002793544  
piranga_bidentata_itm160 0.025481601352  0.025481601352  0.013129740832  0.013641247250  0.014654931508  0.013123698707  0.017221805839  0.015683852661  0.023416520616  0.023416520616  0.002505319431  0.005522767814  0.002505319431  0.002505319431  0.000000000000  0.000000000000  0.005019665596  0.006027671532  0.005521620680  0.005521620680  0.010073934339  0.008047946865  0.006533100218  0.005019665596  0.005019665596  0.005019665596  0.005019665596  0.004515539749  0.004515539749  0.004515539749  
piranga_bidentata_itm141 0.025481601352  0.025481601352  0.013129740832  0.013641247250  0.014654931508  0.013123698707  0.017221805839  0.015683852661  0.023416520616  0.023416520616  0.002505319431  0.005522767814  0.002505319431  0.002505319431  0.000000000000  0.000000000000  0.005019665596  0.006027671532  0.005521620680  0.005521620680  0.010073934339  0.008047946865  0.006533100218  0.005019665596  0.005019665596  0.005019665596  0.005019665596  0.004515539749  0.004515539749  0.004515539749  
piranga_flava_lsu15408 0.025475310287  0.025475310287  0.013126516499  0.013637746189  0.014652098712  0.013121287839  0.017217579273  0.015680055309  0.023410130697  0.023410130697  0.002504585150  0.005521620680  0.002504585150  0.002504585150  0.005019665596  0.005019665596  0.000000000000  0.004011936170  0.003508380896  0.003508380896  0.008046249675  0.006026254765  0.004515539749  0.003006895270  0.003006895270  0.003006895270  0.003006895270  0.002504585150  0.002504585150  0.002504585150  
piranga_ludoviciana_sdsu2650 0.026513141918  0.026513141918  0.014146142858  0.014658172513  0.015673687432  0.014140623347  0.018243197107  0.016703398858  0.024445115657  0.024445115657  0.003508853777  0.006530127102  0.003508853777  0.003508853777  0.006027671532  0.006027671532  0.004011936170  0.000000000000  0.001501721007  0.001501721007  0.007035540627  0.005018387976  0.003509724977  0.002003261222  0.002003261222  0.002003261222  0.002003261222  0.001501721007  0.001501721007  0.001501721007  
piranga_olivacea_ku2699 0.025985265607  0.025985265607  0.013631964968  0.014143179148  0.015159119144  0.013627814191  0.017724521585  0.016186503951  0.023918511306  0.023918511306  0.003006085750  0.006024623160  0.003006085750  0.003006085750  0.005521620680  0.005521620680  0.003508380896  0.001501721007  0.000000000000  0.000000000000  0.006529242132  0.004513921387  0.003006291492  0.001501519382  0.001501519382  0.001501519382  0.001501519382  0.001000761598  0.001000761598  0.001000761598  
piranga_olivacea_ku4672 0.025985265607  0.025985265607  0.013631964968  0.014143179148  0.015159119144  0.013627814191  0.017724521585  0.016186503951  0.023918511306  0.023918511306  0.003006085750  0.006024623160  0.003006085750  0.003006085750  0.005521620680  0.005521620680  0.003508380896  0.001501721007  0.000000000000  0.000000000000  0.006529242132  0.004513921387  0.003006291492  0.001501519382  0.001501519382  0.001501519382  0.001501519382  0.001000761598  0.001000761598  0.001000761598  
piranga_rubra_ku7046 0.030679602851  0.030679602851  0.018239230724  0.018754485432  0.019774677784  0.018232532838  0.022360431276  0.020811466865  0.028600107803  0.028600107803  0.007540054297  0.010578401789  0.007540054297  0.007540054297  0.010073934339  0.010073934339  0.008046249675  0.007035540627  0.006529242132  0.006529242132  0.000000000000  0.002002793544  0.007541480183  0.006026254765  0.006026254765  0.006026254765  0.006026254765  0.005521620680  0.005521620680  0.005521620680  
piranga_rubra_sdsu2654 0.028593336428  0.028593336428  0.016189761739  0.016703398858  0.017721246903  0.016183656053  0.020298852895  0.018754485432  0.026519592268  0.026519592268  0.005521620680  0.008551406383  0.005521620680  0.005521620680  0.008047946865  0.008047946865  0.006026254765  0.005018387976  0.004513921387  0.004513921387  0.002002793544  0.000000000000  0.005522767814  0.004011936170  0.004011936170  0.004011936170  0.004011936170  0.003508853777  0.003508853777  0.003508853777  
piranga_lutea_lsu5400 0.027035836095  0.027035836095  0.014658172513  0.015170742067  0.016186503951  0.014652098712  0.018758732919  0.017217579273  0.024966432716  0.024966432716  0.004011936170  0.007035540627  0.004011936170  0.004011936170  0.006533100218  0.006533100218  0.004515539749  0.003509724977  0.003006291492  0.003006291492  0.007541480183  0.005522767814  0.000000000000  0.002505319431  0.002505319431  0.002505319431  0.002505319431  0.002003261222  0.002003261222  0.002003261222  
piranga_hepatica_ku9084 0.025475310287  0.025475310287  0.013126516499  0.013637746189  0.014652098712  0.013121287839  0.017217579273  0.015680055309  0.023410130697  0.023410130697  0.002504585150  0.005521620680  0.002504585150  0.002504585150  0.005019665596  0.005019665596  0.003006895270  0.002003261222  0.001501519382  0.001501519382  0.006026254765  0.004011936170  0.002505319431  0.000000000000  0.000000000000  0.000000000000  0.000000000000  0.000500257320  0.000500257320  0.000500257320  
piranga_ludoviciana_sdsu2648 0.025475310287  0.025475310287  0.013126516499  0.013637746189  0.014652098712  0.013121287839  0.017217579273  0.015680055309  0.023410130697  0.023410130697  0.002504585150  0.005521620680  0.002504585150  0.002504585150  0.005019665596  0.005019665596  0.003006895270  0.002003261222  0.001501519382  0.001501519382  0.006026254765  0.004011936170  0.002505319431  0.000000000000  0.000000000000  0.000000000000  0.000000000000  0.000500257320  0.000500257320  0.000500257320  
piranga_flava_ku90809 0.025475310287  0.025475310287  0.013126516499  0.013637746189  0.014652098712  0.013121287839  0.017217579273  0.015680055309  0.023410130697  0.023410130697  0.002504585150  0.005521620680  0.002504585150  0.002504585150  0.005019665596  0.005019665596  0.003006895270  0.002003261222  0.001501519382  0.001501519382  0.006026254765  0.004011936170  0.002505319431  0.000000000000  0.000000000000  0.000000000000  0.000000000000  0.000500257320  0.000500257320  0.000500257320  
piranga_lutea_ku89864 0.025475310287  0.025475310287  0.013126516499  0.013637746189  0.014652098712  0.013121287839  0.017217579273  0.015680055309  0.023410130697  0.023410130697  0.002504585150  0.005521620680  0.002504585150  0.002504585150  0.005019665596  0.005019665596  0.003006895270  0.002003261222  0.001501519382  0.001501519382  0.006026254765  0.004011936170  0.002505319431  0.000000000000  0.000000000000  0.000000000000  0.000000000000  0.000500257320  0.000500257320  0.000500257320  
piranga_hepatica_ku4970 0.024954009356  0.024954009356  0.012615823892  0.013126516499  0.014140623347  0.012611146631  0.016703398858  0.015167223182  0.022890199563  0.022890199563  0.002002793544  0.005017509915  0.002002793544  0.002002793544  0.004515539749  0.004515539749  0.002504585150  0.001501721007  0.001000761598  0.001000761598  0.005521620680  0.003508853777  0.002003261222  0.000500257320  0.000500257320  0.000500257320  0.000500257320  0.000000000000  0.000000000000  0.000000000000  
piranga_rubra_sdsu2635 0.024954009356  0.024954009356  0.012615823892  0.013126516499  0.014140623347  0.012611146631  0.016703398858  0.015167223182  0.022890199563  0.022890199563  0.002002793544  0.005017509915  0.002002793544  0.002002793544  0.004515539749  0.004515539749  0.002504585150  0.001501721007  0.001000761598  0.001000761598  0.005521620680  0.003508853777  0.002003261222  0.000500257320  0.000500257320  0.000500257320  0.000500257320  0.000000000000  0.000000000000  0.000000000000  
piranga_rubra_ku26592 0.024954009356  0.024954009356  0.012615823892  0.013126516499  0.014140623347  0.012611146631  0.016703398858  0.015167223182  0.022890199563  0.022890199563  0.002002793544  0.005017509915  0.002002793544  0.002002793544  0.004515539749  0.004515539749  0.002504585150  0.001501721007  0.001000761598  0.001000761598  0.005521620680  0.003508853777  0.002003261222  0.000500257320  0.000500257320  0.000500257320  0.000500257320  0.000000000000  0.000000000000  0.000000000000  

