30
cardinalis_cardinalis_ku21828 0.000000000000  0.000000000000  0.014658691291  0.015688911766  0.013637961487  0.013637961487  0.013637961487  0.016184809143  0.017211786418  0.013632367891  0.015164879216  0.011088870361  0.011088870361  0.011088870361  0.012105657989  0.011088870361  0.011088870361  0.011088870361  0.012108206568  0.011088870361  0.011088870361  0.011088870361  0.011088870361  0.012108206568  0.012108206568  0.012105657989  0.014655510367  0.012613450906  0.011088870361  0.011088870361  
cardinalis_cardinalis_ku25393 0.000000000000  0.000000000000  0.014658691291  0.015688911766  0.013637961487  0.013637961487  0.013637961487  0.016184809143  0.017211786418  0.013632367891  0.015164879216  0.011088870361  0.011088870361  0.011088870361  0.012105657989  0.011088870361  0.011088870361  0.011088870361  0.012108206568  0.011088870361  0.011088870361  0.011088870361  0.011088870361  0.012108206568  0.012108206568  0.012105657989  0.014655510367  0.012613450906  0.011088870361  0.011088870361  
piranga_erythrocephala_fmnh343371 0.014658691291  0.014658691291  0.000000000000  0.007549876549  0.005525082380  0.005525082380  0.005525082380  0.014146538017  0.015171408748  0.011600941557  0.013129780099  0.009064242520  0.009064242520  0.009064242520  0.010078422981  0.009064242520  0.009064242520  0.009064242520  0.010081503381  0.009064242520  0.009064242520  0.009064242520  0.009064242520  0.010081503381  0.010081503381  0.010078422981  0.012621993175  0.010584642581  0.009064242520  0.009064242520  
piranga_leucoptera_fmnh481795 0.015688911766  0.015688911766  0.007549876549  0.000000000000  0.003009710131  0.006039009146  0.006039009146  0.014157782816  0.015184465172  0.012122719523  0.013654349512  0.009583517743  0.009583517743  0.009583517743  0.010599013920  0.009583517743  0.009583517743  0.009583517743  0.010603680201  0.009583517743  0.009583517743  0.009583517743  0.009583517743  0.010603680201  0.010603680201  0.010599013920  0.013146694432  0.011105099085  0.009583517743  0.009583517743  
piranga_leucoptera_lsu7783 0.013637961487  0.013637961487  0.005525082380  0.003009710131  0.000000000000  0.004017287355  0.004017287355  0.012621993175  0.013645289659  0.010081503381  0.011607600025  0.007549876549  0.007549876549  0.007549876549  0.008562111419  0.007549876549  0.007549876549  0.007549876549  0.008565586439  0.007549876549  0.007549876549  0.007549876549  0.007549876549  0.008565586439  0.008565586439  0.008562111419  0.011100992455  0.009067158067  0.007549876549  0.007549876549  
piranga_rubriceps_lsu265 0.013637961487  0.013637961487  0.005525082380  0.006039009146  0.004017287355  0.000000000000  0.000000000000  0.012621993175  0.013645289659  0.010081503381  0.011607600025  0.007549876549  0.007549876549  0.007549876549  0.008562111419  0.007549876549  0.007549876549  0.007549876549  0.008565586439  0.007549876549  0.007549876549  0.007549876549  0.007549876549  0.008565586439  0.008565586439  0.008562111419  0.011100992455  0.009067158067  0.007549876549  0.007549876549  
piranga_rubriceps_lsu34818 0.013637961487  0.013637961487  0.005525082380  0.006039009146  0.004017287355  0.000000000000  0.000000000000  0.012621993175  0.013645289659  0.010081503381  0.011607600025  0.007549876549  0.007549876549  0.007549876549  0.008562111419  0.007549876549  0.007549876549  0.007549876549  0.008565586439  0.007549876549  0.007549876549  0.007549876549  0.007549876549  0.008565586439  0.008565586439  0.008562111419  0.011100992455  0.009067158067  0.007549876549  0.007549876549  
piranga_roseogularis_ku2049 0.016184809143  0.016184809143  0.014146538017  0.014157782816  0.012621993175  0.012621993175  0.012621993175  0.000000000000  0.001001075806  0.005522092926  0.007036366619  0.005017287761  0.005017287761  0.005017287761  0.006025010665  0.005017287761  0.005017287761  0.005017287761  0.006025732333  0.005017287761  0.005017287761  0.005017287761  0.005017287761  0.006025732333  0.006025732333  0.006025010665  0.008044797918  0.006529173971  0.005017287761  0.005017287761  
piranga_roseogularis_ku2141 0.017211786418  0.017211786418  0.015171408748  0.015184465172  0.013645289659  0.013645289659  0.013645289659  0.001001075806  0.000000000000  0.006532216415  0.008049200151  0.006025732333  0.006025732333  0.006025732333  0.007035059113  0.006025732333  0.006025732333  0.006025732333  0.007036366619  0.006025732333  0.006025732333  0.006025732333  0.006025732333  0.007036366619  0.007036366619  0.007035059113  0.009058069472  0.007539733141  0.006025732333  0.006025732333  
piranga_flava_ku90809 0.013632367891  0.013632367891  0.011600941557  0.012122719523  0.010081503381  0.010081503381  0.010081503381  0.005522092926  0.006532216415  0.000000000000  0.001501769446  0.002504311915  0.002504311915  0.002504311915  0.003508516686  0.002504311915  0.002504311915  0.002504311915  0.003509058593  0.002504311915  0.002504311915  0.002504311915  0.002504311915  0.003509058593  0.003509058593  0.003508516686  0.006025732333  0.004011006308  0.002504311915  0.002504311915  
piranga_lutea_ku89864 0.015164879216  0.015164879216  0.013129780099  0.013654349512  0.011607600025  0.011607600025  0.011607600025  0.007036366619  0.008049200151  0.001501769446  0.000000000000  0.004011414107  0.004011414107  0.004011414107  0.005017852089  0.004011414107  0.004011414107  0.004011414107  0.005018842016  0.004011414107  0.004011414107  0.004011414107  0.004011414107  0.005018842016  0.005018842016  0.005017852089  0.007540906500  0.005521236926  0.004011414107  0.004011414107  
piranga_bidentata_itm160 0.011088870361  0.011088870361  0.009064242520  0.009583517743  0.007549876549  0.007549876549  0.007549876549  0.005017287761  0.006025732333  0.002504311915  0.004011414107  0.000000000000  0.000000000000  0.000000000000  0.001000711286  0.000000000000  0.000000000000  0.000000000000  0.001001075806  0.000000000000  0.000000000000  0.000000000000  0.000000000000  0.001001075806  0.001001075806  0.001000711286  0.003509058593  0.001501538405  0.000000000000  0.000000000000  
piranga_bidentata_itm141 0.011088870361  0.011088870361  0.009064242520  0.009583517743  0.007549876549  0.007549876549  0.007549876549  0.005017287761  0.006025732333  0.002504311915  0.004011414107  0.000000000000  0.000000000000  0.000000000000  0.001000711286  0.000000000000  0.000000000000  0.000000000000  0.001001075806  0.000000000000  0.000000000000  0.000000000000  0.000000000000  0.001001075806  0.001001075806  0.001000711286  0.003509058593  0.001501538405  0.000000000000  0.000000000000  
piranga_rubra_ku7046 0.011088870361  0.011088870361  0.009064242520  0.009583517743  0.007549876549  0.007549876549  0.007549876549  0.005017287761  0.006025732333  0.002504311915  0.004011414107  0.000000000000  0.000000000000  0.000000000000  0.001000711286  0.000000000000  0.000000000000  0.000000000000  0.001001075806  0.000000000000  0.000000000000  0.000000000000  0.000000000000  0.001001075806  0.001001075806  0.001000711286  0.003509058593  0.001501538405  0.000000000000  0.000000000000  
piranga_olivacea_ku4672 0.012105657989  0.012105657989  0.010078422981  0.010599013920  0.008562111419  0.008562111419  0.008562111419  0.006025010665  0.007035059113  0.003508516686  0.005017852089  0.001000711286  0.001000711286  0.001000711286  0.000000000000  0.001000711286  0.001000711286  0.001000711286  0.002003367596  0.001000711286  0.001000711286  0.001000711286  0.001000711286  0.002003367596  0.002003367596  0.002002847931  0.004514855491  0.002504311915  0.001000711286  0.001000711286  
piranga_olivacea_ku2699 0.011088870361  0.011088870361  0.009064242520  0.009583517743  0.007549876549  0.007549876549  0.007549876549  0.005017287761  0.006025732333  0.002504311915  0.004011414107  0.000000000000  0.000000000000  0.000000000000  0.001000711286  0.000000000000  0.000000000000  0.000000000000  0.001001075806  0.000000000000  0.000000000000  0.000000000000  0.000000000000  0.001001075806  0.001001075806  0.001000711286  0.003509058593  0.001501538405  0.000000000000  0.000000000000  
piranga_ludoviciana_sdsu2648 0.011088870361  0.011088870361  0.009064242520  0.009583517743  0.007549876549  0.007549876549  0.007549876549  0.005017287761  0.006025732333  0.002504311915  0.004011414107  0.000000000000  0.000000000000  0.000000000000  0.001000711286  0.000000000000  0.000000000000  0.000000000000  0.001001075806  0.000000000000  0.000000000000  0.000000000000  0.000000000000  0.001001075806  0.001001075806  0.001000711286  0.003509058593  0.001501538405  0.000000000000  0.000000000000  
piranga_ludoviciana_sdsu2208 0.011088870361  0.011088870361  0.009064242520  0.009583517743  0.007549876549  0.007549876549  0.007549876549  0.005017287761  0.006025732333  0.002504311915  0.004011414107  0.000000000000  0.000000000000  0.000000000000  0.001000711286  0.000000000000  0.000000000000  0.000000000000  0.001001075806  0.000000000000  0.000000000000  0.000000000000  0.000000000000  0.001001075806  0.001001075806  0.001000711286  0.003509058593  0.001501538405  0.000000000000  0.000000000000  
piranga_ludoviciana_sdsu2385 0.012108206568  0.012108206568  0.010081503381  0.010603680201  0.008565586439  0.008565586439  0.008565586439  0.006025732333  0.007036366619  0.003509058593  0.005018842016  0.001001075806  0.001001075806  0.001001075806  0.002003367596  0.001001075806  0.001001075806  0.001001075806  0.000000000000  0.001001075806  0.001001075806  0.001001075806  0.001001075806  0.002004309409  0.002004309409  0.002003367596  0.004515978940  0.002504697988  0.001001075806  0.001001075806  
piranga_rubra_sdsu2635 0.011088870361  0.011088870361  0.009064242520  0.009583517743  0.007549876549  0.007549876549  0.007549876549  0.005017287761  0.006025732333  0.002504311915  0.004011414107  0.000000000000  0.000000000000  0.000000000000  0.001000711286  0.000000000000  0.000000000000  0.000000000000  0.001001075806  0.000000000000  0.000000000000  0.000000000000  0.000000000000  0.001001075806  0.001001075806  0.001000711286  0.003509058593  0.001501538405  0.000000000000  0.000000000000  
piranga_bidentata_tepe59 0.011088870361  0.011088870361  0.009064242520  0.009583517743  0.007549876549  0.007549876549  0.007549876549  0.005017287761  0.006025732333  0.002504311915  0.004011414107  0.000000000000  0.000000000000  0.000000000000  0.001000711286  0.000000000000  0.000000000000  0.000000000000  0.001001075806  0.000000000000  0.000000000000  0.000000000000  0.000000000000  0.001001075806  0.001001075806  0.001000711286  0.003509058593  0.001501538405  0.000000000000  0.000000000000  
piranga_flava_lsu15408 0.011088870361  0.011088870361  0.009064242520  0.009583517743  0.007549876549  0.007549876549  0.007549876549  0.005017287761  0.006025732333  0.002504311915  0.004011414107  0.000000000000  0.000000000000  0.000000000000  0.001000711286  0.000000000000  0.000000000000  0.000000000000  0.001001075806  0.000000000000  0.000000000000  0.000000000000  0.000000000000  0.001001075806  0.001001075806  0.001000711286  0.003509058593  0.001501538405  0.000000000000  0.000000000000  
piranga_erythrocephala_fmnh343370 0.011088870361  0.011088870361  0.009064242520  0.009583517743  0.007549876549  0.007549876549  0.007549876549  0.005017287761  0.006025732333  0.002504311915  0.004011414107  0.000000000000  0.000000000000  0.000000000000  0.001000711286  0.000000000000  0.000000000000  0.000000000000  0.001001075806  0.000000000000  0.000000000000  0.000000000000  0.000000000000  0.001001075806  0.001001075806  0.001000711286  0.003509058593  0.001501538405  0.000000000000  0.000000000000  
piranga_hepatica_ku4970 0.012108206568  0.012108206568  0.010081503381  0.010603680201  0.008565586439  0.008565586439  0.008565586439  0.006025732333  0.007036366619  0.003509058593  0.005018842016  0.001001075806  0.001001075806  0.001001075806  0.002003367596  0.001001075806  0.001001075806  0.001001075806  0.002004309409  0.001001075806  0.001001075806  0.001001075806  0.001001075806  0.000000000000  0.002004309409  0.002003367596  0.004515978940  0.002504697988  0.001001075806  0.001001075806  
piranga_bidentata_hgoslp104 0.012108206568  0.012108206568  0.010081503381  0.010603680201  0.008565586439  0.008565586439  0.008565586439  0.006025732333  0.007036366619  0.003509058593  0.005018842016  0.001001075806  0.001001075806  0.001001075806  0.002003367596  0.001001075806  0.001001075806  0.001001075806  0.002004309409  0.001001075806  0.001001075806  0.001001075806  0.001001075806  0.002004309409  0.000000000000  0.002003367596  0.004515978940  0.002504697988  0.001001075806  0.001001075806  
piranga_lutea_lsu5400 0.012105657989  0.012105657989  0.010078422981  0.010599013920  0.008562111419  0.008562111419  0.008562111419  0.006025010665  0.007035059113  0.003508516686  0.005017852089  0.001000711286  0.001000711286  0.001000711286  0.002002847931  0.001000711286  0.001000711286  0.001000711286  0.002003367596  0.001000711286  0.001000711286  0.001000711286  0.001000711286  0.002003367596  0.002003367596  0.000000000000  0.002504697988  0.000500191954  0.001000711286  0.001000711286  
piranga_ludoviciana_sdsu2650 0.014655510367  0.014655510367  0.012621993175  0.013146694432  0.011100992455  0.011100992455  0.011100992455  0.008044797918  0.009058069472  0.006025732333  0.007540906500  0.003509058593  0.003509058593  0.003509058593  0.004514855491  0.003509058593  0.003509058593  0.003509058593  0.004515978940  0.003509058593  0.003509058593  0.003509058593  0.003509058593  0.004515978940  0.004515978940  0.002504697988  0.000000000000  0.003006414132  0.003509058593  0.003509058593  
piranga_hepatica_ku9084 0.012613450906  0.012613450906  0.010584642581  0.011105099085  0.009067158067  0.009067158067  0.009067158067  0.006529173971  0.007539733141  0.004011006308  0.005521236926  0.001501538405  0.001501538405  0.001501538405  0.002504311915  0.001501538405  0.001501538405  0.001501538405  0.002504697988  0.001501538405  0.001501538405  0.001501538405  0.001501538405  0.002504697988  0.002504697988  0.000500191954  0.003006414132  0.000000000000  0.001501538405  0.001501538405  
piranga_rubra_sdsu2654 0.011088870361  0.011088870361  0.009064242520  0.009583517743  0.007549876549  0.007549876549  0.007549876549  0.005017287761  0.006025732333  0.002504311915  0.004011414107  0.000000000000  0.000000000000  0.000000000000  0.001000711286  0.000000000000  0.000000000000  0.000000000000  0.001001075806  0.000000000000  0.000000000000  0.000000000000  0.000000000000  0.001001075806  0.001001075806  0.001000711286  0.003509058593  0.001501538405  0.000000000000  0.000000000000  
piranga_rubra_ku26592 0.011088870361  0.011088870361  0.009064242520  0.009583517743  0.007549876549  0.007549876549  0.007549876549  0.005017287761  0.006025732333  0.002504311915  0.004011414107  0.000000000000  0.000000000000  0.000000000000  0.001000711286  0.000000000000  0.000000000000  0.000000000000  0.001001075806  0.000000000000  0.000000000000  0.000000000000  0.000000000000  0.001001075806  0.001001075806  0.001000711286  0.003509058593  0.001501538405  0.000000000000  0.000000000000  

