30
piranga_rubra_ku26592 0.000000000000  0.002300825176  0.001153654359  0.004644485411  0.005774352960  0.010576222796  0.000000000000  0.010856916152  0.000000000000  0.001153654359  0.000000000000  0.005494104864  0.001149675372  0.002905908064  0.000000000000  0.000000000000  0.001149675372  0.001149327789  0.000000000000  0.001153654359  0.007173920735  0.003455483542  0.004623013674  0.005981594998  0.006977977183  0.000000000000  0.002184311008  0.000000000000  0.000000000000  0.001176732600  
piranga_flava_ku90809 0.002300825176  0.000000000000  0.003463462200  0.006978953565  0.003458496344  0.012922774593  0.001342623102  0.013265649896  0.002423498379  0.003463462200  0.001383488209  0.004102930983  0.003451507983  0.002905908064  0.002298181316  0.000000000000  0.003451507983  0.003446495530  0.000000000000  0.003459468271  0.007179376036  0.003454513847  0.006946632735  0.005963323144  0.009320035943  0.000000000000  0.002184311008  0.002306131189  0.002298181316  0.003532798206  
piranga_ludoviciana_sdsu2385 0.001153654359  0.003463462200  0.000000000000  0.005820432043  0.006962755641  0.009400729886  0.000000000000  0.009661868707  0.001213871068  0.002302501714  0.000000000000  0.005501661630  0.002305155533  0.002918629999  0.001152324973  0.000000000000  0.002302501714  0.002300825176  0.000000000000  0.002302501714  0.008400967624  0.004613320288  0.005800176003  0.007187977093  0.008161817187  0.000000000000  0.002184311008  0.001152324973  0.001152324973  0.002348464246  
piranga_rubriceps_lsu265 0.004644485411  0.006978953565  0.005820432043  0.000000000000  0.003475499512  0.010638734689  0.005396399209  0.010922800668  0.003661087263  0.005820432043  0.005569210328  0.011044238149  0.005806912332  0.008775482599  0.004644485411  0.004478096162  0.005800176003  0.005794428687  0.004508379888  0.005820432043  0.004793266657  0.008134336777  0.000000000000  0.009645938358  0.004655296249  0.000000000000  0.006587259858  0.004660720563  0.004644485411  0.005937942688  
piranga_leucoptera_lsu7783 0.005774352960  0.003458496344  0.006962755641  0.003475499512  0.000000000000  0.011761375670  0.005410999366  0.012073797751  0.004859947928  0.006962755641  0.005569210328  0.008267601319  0.006938599251  0.007300392395  0.005774352960  0.002233088723  0.006938599251  0.006933504534  0.003000211094  0.006962755641  0.003574896351  0.006945665316  0.003459468271  0.008390897121  0.005801151653  0.000000000000  0.004380024404  0.005794428687  0.005774352960  0.007102882947  
cardinalis_cardinalis_ku25393 0.010576222796  0.012922774593  0.009400729886  0.010638734689  0.011761375670  0.000000000000  0.010979446259  0.000000000000  0.008560439289  0.009400729886  0.009877069578  0.016627741775  0.011752277762  0.014905599538  0.010563808472  0.000000000000  0.011752277762  0.011733773555  0.007524950676  0.010576222796  0.013406840841  0.014131769866  0.010588666334  0.014480606321  0.012974651822  0.000000000000  0.002184311008  0.009400729886  0.010563808472  0.010689278806  
piranga_olivacea_ku2699 0.000000000000  0.001342623102  0.000000000000  0.005396399209  0.005410999366  0.010979446259  0.000000000000  0.012195765115  0.000000000000  0.001346238086  0.000000000000  0.005471558609  0.001342623102  0.002905908064  0.000000000000  0.000000000000  0.001340822881  0.001338555969  0.000000000000  0.001344428164  0.006757708073  0.002685933562  0.005410999366  0.007013652721  0.006793104749  0.000000000000  0.002184311008  0.000000000000  0.000000000000  0.001377769819  
cardinalis_cardinalis_ku21828 0.010856916152  0.013265649896  0.009661868707  0.010922800668  0.012073797751  0.000000000000  0.012195765115  0.000000000000  0.007620384970  0.010883174347  0.011157696452  0.016604731267  0.012064212217  0.016171717282  0.010843834514  0.000000000000  0.012064212217  0.012030220868  0.007524950676  0.010856916152  0.013293421069  0.014507661920  0.010870029391  0.013779875542  0.012137429904  0.000000000000  0.002184311008  0.009661868707  0.010843834514  0.009868780504  
piranga_rubra_ku7046 0.000000000000  0.002423498379  0.001213871068  0.003661087263  0.004859947928  0.008560439289  0.000000000000  0.007620384970  0.000000000000  0.000000000000  0.000000000000  0.004301520520  0.001209466655  0.003104370920  0.000000000000  0.000000000000  0.001209466655  0.000000000000  0.000000000000  0.001213871068  0.003772707167  0.003635547928  0.003647732512  0.004858873894  0.004864783302  0.000000000000  0.002184311008  0.000000000000  0.000000000000  0.001213871068  
piranga_bidentata_hgoslp104 0.001153654359  0.003463462200  0.002302501714  0.005820432043  0.006962755641  0.009400729886  0.001346238086  0.010883174347  0.000000000000  0.000000000000  0.001383488209  0.005501661630  0.002305155533  0.004384783362  0.001152324973  0.000000000000  0.002294576794  0.002300825176  0.000000000000  0.002302501714  0.008400967624  0.005754415866  0.005800176003  0.005981594998  0.006986102180  0.000000000000  0.002184311008  0.001152324973  0.001152324973  0.001172593111  
piranga_ludoviciana_sdsu2648 0.000000000000  0.001383488209  0.000000000000  0.005569210328  0.005569210328  0.009877069578  0.000000000000  0.011157696452  0.000000000000  0.001383488209  0.000000000000  0.005649295883  0.001383488209  0.002918629999  0.000000000000  0.000000000000  0.001383488209  0.001382984865  0.000000000000  0.001383488209  0.006964803013  0.002771541902  0.005576975279  0.007258002443  0.007012229798  0.000000000000  0.002184311008  0.000000000000  0.000000000000  0.001416810633  
piranga_roseogularis_ku2049 0.005494104864  0.004102930983  0.005501661630  0.011044238149  0.008267601319  0.016627741775  0.005471558609  0.016604731267  0.004301520520  0.005501661630  0.005649295883  0.000000000000  0.006859692813  0.007424386233  0.005486568828  0.004478096162  0.006859692813  0.005471558609  0.004503259078  0.006878567128  0.012449336388  0.008244878859  0.011074818058  0.001397017522  0.012462439920  0.000000000000  0.006587259858  0.005509239213  0.005486568828  0.006935818462  
piranga_hepatica_ku4970 0.001149675372  0.003451507983  0.002305155533  0.005806912332  0.006938599251  0.011752277762  0.001342623102  0.012064212217  0.001209466655  0.002305155533  0.001383488209  0.006859692813  0.000000000000  0.004365640844  0.001148355136  0.000000000000  0.002297212365  0.002295543524  0.001497430586  0.002305155533  0.008380850732  0.004602703327  0.005786750123  0.007170795538  0.008142827943  0.000000000000  0.002184311008  0.001152324973  0.001148355136  0.002351225137  
piranga_hepatica_ku9084 0.002905908064  0.002905908064  0.002918629999  0.008775482599  0.007300392395  0.014905599538  0.002905908064  0.016171717282  0.003104370920  0.004384783362  0.002918629999  0.007424386233  0.004365640844  0.000000000000  0.002905908064  0.000000000000  0.001451223608  0.004363961691  0.003033736902  0.004384783362  0.010245414461  0.005830457111  0.008775482599  0.009169285314  0.010301042576  0.000000000000  0.002184311008  0.002918629999  0.002905908064  0.004496509381  
piranga_rubra_sdsu2654 0.000000000000  0.002298181316  0.001152324973  0.004644485411  0.005774352960  0.010563808472  0.000000000000  0.010843834514  0.000000000000  0.001152324973  0.000000000000  0.005486568828  0.001148355136  0.002905908064  0.000000000000  0.000000000000  0.001148355136  0.001148008350  0.000000000000  0.001152324973  0.007173920735  0.003451507983  0.004623013674  0.005974447546  0.006977977183  0.000000000000  0.002184311008  0.000000000000  0.000000000000  0.001175349527  
piranga_flava_lsu15408 0.000000000000  0.000000000000  0.000000000000  0.004478096162  0.002233088723  0.000000000000  0.000000000000  0.000000000000  0.000000000000  0.000000000000  0.000000000000  0.004478096162  0.000000000000  0.000000000000  0.000000000000  0.000000000000  0.000000000000  0.000000000000  0.000000000000  0.000000000000  0.002233088723  0.004478096162  0.004478096162  0.006735150231  0.002233088723  0.000000000000  0.002310481566  0.000000000000  0.000000000000  0.000000000000  
piranga_lutea_lsu5400 0.001149675372  0.003451507983  0.002302501714  0.005800176003  0.006938599251  0.011752277762  0.001340822881  0.012064212217  0.001209466655  0.002294576794  0.001383488209  0.006859692813  0.002297212365  0.001451223608  0.001148355136  0.000000000000  0.000000000000  0.002292911781  0.001497430586  0.002302501714  0.008370828373  0.005734615974  0.005780060464  0.007162235527  0.008133366419  0.000000000000  0.002184311008  0.001152324973  0.001148355136  0.002348464246  
piranga_olivacea_ku4672 0.001149327789  0.003446495530  0.002300825176  0.005794428687  0.006933504534  0.011733773555  0.001338555969  0.012030220868  0.000000000000  0.002300825176  0.001382984865  0.005471558609  0.002295543524  0.004363961691  0.001148008350  0.000000000000  0.002292911781  0.000000000000  0.000000000000  0.002295543524  0.008366045959  0.004595038260  0.005774352960  0.005953107312  0.008124894983  0.000000000000  0.002184311008  0.001151975786  0.001148008350  0.001172593111  
piranga_ludoviciana_sdsu2208 0.000000000000  0.000000000000  0.000000000000  0.004508379888  0.003000211094  0.007524950676  0.000000000000  0.007524950676  0.000000000000  0.000000000000  0.000000000000  0.004503259078  0.001497430586  0.003033736902  0.000000000000  0.000000000000  0.001497430586  0.000000000000  0.000000000000  0.001497430586  0.006014564886  0.003000211094  0.004508379888  0.006050959296  0.004508379888  0.000000000000  0.002184311008  0.000000000000  0.000000000000  0.001497430586  
piranga_bidentata_itm160 0.001153654359  0.003459468271  0.002302501714  0.005820432043  0.006962755641  0.010576222796  0.001344428164  0.010856916152  0.001213871068  0.002302501714  0.001383488209  0.006878567128  0.002305155533  0.004384783362  0.001152324973  0.000000000000  0.002302501714  0.002295543524  0.001497430586  0.000000000000  0.008400967624  0.004613320288  0.005800176003  0.007179376036  0.008161817187  0.000000000000  0.002184311008  0.001152324973  0.001152324973  0.000000000000  
piranga_leucoptera_fmnh481795 0.007173920735  0.007179376036  0.008400967624  0.004793266657  0.003574896351  0.013406840841  0.006757708073  0.013293421069  0.003772707167  0.008400967624  0.006964803013  0.012449336388  0.008380850732  0.010245414461  0.007173920735  0.002233088723  0.008370828373  0.008366045959  0.006014564886  0.008400967624  0.000000000000  0.008377727156  0.004770400710  0.012447007039  0.005991908820  0.000000000000  0.004380024404  0.007199746410  0.007173920735  0.008575941736  
piranga_lutea_ku89864 0.003455483542  0.003454513847  0.004613320288  0.008134336777  0.006945665316  0.014131769866  0.002685933562  0.014507661920  0.003635547928  0.005754415866  0.002771541902  0.008244878859  0.004602703327  0.005830457111  0.003451507983  0.004478096162  0.005734615974  0.004595038260  0.003000211094  0.004613320288  0.008377727156  0.000000000000  0.008106077000  0.009568309975  0.010475127613  0.000000000000  0.006587259858  0.003463462200  0.003451507983  0.004705581586  
piranga_rubriceps_lsu34818 0.004623013674  0.006946632735  0.005800176003  0.000000000000  0.003459468271  0.010588666334  0.005410999366  0.010870029391  0.003647732512  0.005800176003  0.005576975279  0.011074818058  0.005786750123  0.008775482599  0.004623013674  0.004478096162  0.005780060464  0.005774352960  0.004508379888  0.005800176003  0.004770400710  0.008106077000  0.000000000000  0.009611171127  0.004633724668  0.000000000000  0.006587259858  0.004639098799  0.004623013674  0.005916861947  
piranga_roseogularis_ku2141 0.005981594998  0.005963323144  0.007187977093  0.009645938358  0.008390897121  0.014480606321  0.007013652721  0.013779875542  0.004858873894  0.005981594998  0.007258002443  0.001397017522  0.007170795538  0.009169285314  0.005974447546  0.006735150231  0.007162235527  0.005953107312  0.006050959296  0.007179376036  0.012447007039  0.009568309975  0.009611171127  0.000000000000  0.010815010899  0.000000000000  0.008806138931  0.005995941330  0.005974447546  0.007187977093  
piranga_erythrocephala_fmnh343371 0.006977977183  0.009320035943  0.008161817187  0.004655296249  0.005801151653  0.012974651822  0.006793104749  0.012137429904  0.004864783302  0.006986102180  0.007012229798  0.012462439920  0.008142827943  0.010301042576  0.006977977183  0.002233088723  0.008133366419  0.008124894983  0.004508379888  0.008161817187  0.005991908820  0.010475127613  0.004633724668  0.010815010899  0.000000000000  0.000000000000  0.004380024404  0.007002409071  0.006977977183  0.008297262994  
piranga_erythrocephala_fmnh343370 0.000000000000  0.000000000000  0.000000000000  0.000000000000  0.000000000000  0.000000000000  0.000000000000  0.000000000000  0.000000000000  0.000000000000  0.000000000000  0.000000000000  0.000000000000  0.000000000000  0.000000000000  0.000000000000  0.000000000000  0.000000000000  0.000000000000  0.000000000000  0.000000000000  0.000000000000  0.000000000000  0.000000000000  0.000000000000  0.000000000000  0.004955181392  0.000000000000  0.000000000000  0.000000000000  
piranga_ludoviciana_sdsu2650 0.002184311008  0.002184311008  0.002184311008  0.006587259858  0.004380024404  0.002184311008  0.002184311008  0.002184311008  0.002184311008  0.002184311008  0.002184311008  0.006587259858  0.002184311008  0.002184311008  0.002184311008  0.002310481566  0.002184311008  0.002184311008  0.002184311008  0.002184311008  0.004380024404  0.006587259858  0.006587259858  0.008806138931  0.004380024404  0.004955181392  0.000000000000  0.002184311008  0.002184311008  0.002184311008  
piranga_bidentata_tepe59 0.000000000000  0.002306131189  0.001152324973  0.004660720563  0.005794428687  0.009400729886  0.000000000000  0.009661868707  0.000000000000  0.001152324973  0.000000000000  0.005509239213  0.001152324973  0.002918629999  0.000000000000  0.000000000000  0.001152324973  0.001151975786  0.000000000000  0.001152324973  0.007199746410  0.003463462200  0.004639098799  0.005995941330  0.007002409071  0.000000000000  0.002184311008  0.000000000000  0.000000000000  0.001175349527  
piranga_rubra_sdsu2635 0.000000000000  0.002298181316  0.001152324973  0.004644485411  0.005774352960  0.010563808472  0.000000000000  0.010843834514  0.000000000000  0.001152324973  0.000000000000  0.005486568828  0.001148355136  0.002905908064  0.000000000000  0.000000000000  0.001148355136  0.001148008350  0.000000000000  0.001152324973  0.007173920735  0.003451507983  0.004623013674  0.005974447546  0.006977977183  0.000000000000  0.002184311008  0.000000000000  0.000000000000  0.001175349527  
piranga_bidentata_itm141 0.001176732600  0.003532798206  0.002348464246  0.005937942688  0.007102882947  0.010689278806  0.001377769819  0.009868780504  0.001213871068  0.001172593111  0.001416810633  0.006935818462  0.002351225137  0.004496509381  0.001175349527  0.000000000000  0.002348464246  0.001172593111  0.001497430586  0.000000000000  0.008575941736  0.004705581586  0.005916861947  0.007187977093  0.008297262994  0.000000000000  0.002184311008  0.001175349527  0.001175349527  0.000000000000  

