30
cardinalis_cardinalis_ku21828 0.000000000000  0.000000000000  0.004520513455  0.003009098634  0.003009098634  0.002004038389  0.003510797466  0.003510797466  0.002004038389  0.005528058407  0.003510797466  0.004012875095  0.006532637168  0.002004038389  0.002004038389  0.004012875095  0.004016197208  0.003512392613  0.013160438604  0.006542915826  0.006542915826  0.004016197208  0.008057669874  0.005528058407  0.004520513455  0.002004038389  0.002004038389  0.003512392613  0.002004038389  0.002004038389  
cardinalis_cardinalis_ku25393 0.000000000000  0.000000000000  0.004520513455  0.003009098634  0.003009098634  0.002004038389  0.003510797466  0.003510797466  0.002004038389  0.005528058407  0.003510797466  0.004012875095  0.006532637168  0.002004038389  0.002004038389  0.004012875095  0.004016197208  0.003512392613  0.013160438604  0.006542915826  0.006542915826  0.004016197208  0.008057669874  0.005528058407  0.004520513455  0.002004038389  0.002004038389  0.003512392613  0.002004038389  0.002004038389  
piranga_ludoviciana_sdsu2208 0.004520513455  0.004520513455  0.000000000000  0.001502270065  0.001502270065  0.002506314236  0.004014344966  0.004014344966  0.002506314236  0.006033656673  0.004014344966  0.004516676372  0.007038487938  0.002506314236  0.002506314236  0.004516676372  0.004520513455  0.004016197208  0.013673611302  0.007049806005  0.007049806005  0.004520513455  0.008565593625  0.006033656673  0.005025342396  0.002506314236  0.002506314236  0.004016197208  0.002506314236  0.002506314236  
piranga_bidentata_itm160 0.003009098634  0.003009098634  0.001502270065  0.000000000000  0.000000000000  0.001001008239  0.002505231717  0.002505231717  0.001001008239  0.004518403596  0.002505231717  0.003006803334  0.005522478891  0.001001008239  0.001001008239  0.003006803334  0.003009098634  0.002506314236  0.012135681429  0.005530685073  0.005530685073  0.003009098634  0.007043378298  0.004518403596  0.003512392613  0.001001008239  0.001001008239  0.002506314236  0.001001008239  0.001001008239  
piranga_bidentata_itm141 0.003009098634  0.003009098634  0.001502270065  0.000000000000  0.000000000000  0.001001008239  0.002505231717  0.002505231717  0.001001008239  0.004518403596  0.002505231717  0.003006803334  0.005522478891  0.001001008239  0.001001008239  0.003006803334  0.003009098634  0.002506314236  0.012135681429  0.005530685073  0.005530685073  0.003009098634  0.007043378298  0.004518403596  0.003512392613  0.001001008239  0.001001008239  0.002506314236  0.001001008239  0.001001008239  
piranga_flava_ku90809 0.002004038389  0.002004038389  0.002506314236  0.001001008239  0.001001008239  0.000000000000  0.001501698104  0.001501698104  0.000000000000  0.003510797466  0.001501698104  0.002002765753  0.004514371334  0.000000000000  0.000000000000  0.002002765753  0.002004038389  0.001502270065  0.011113034617  0.004520513455  0.004520513455  0.002004038389  0.006031154242  0.003510797466  0.002506314236  0.000000000000  0.000000000000  0.001502270065  0.000000000000  0.000000000000  
piranga_roseogularis_ku2049 0.003510797466  0.003510797466  0.004014344966  0.002505231717  0.002505231717  0.001501698104  0.000000000000  0.000000000000  0.001501698104  0.005020989295  0.003006803334  0.003508753876  0.006025951280  0.001501698104  0.001501698104  0.003508753876  0.003510797466  0.003007760060  0.012642265870  0.006033656673  0.006033656673  0.003510797466  0.007547367333  0.005020989295  0.004014344966  0.001501698104  0.001501698104  0.003007760060  0.001501698104  0.001501698104  
piranga_roseogularis_ku2141 0.003510797466  0.003510797466  0.004014344966  0.002505231717  0.002505231717  0.001501698104  0.000000000000  0.000000000000  0.001501698104  0.005020989295  0.003006803334  0.003508753876  0.006025951280  0.001501698104  0.001501698104  0.003508753876  0.003510797466  0.003007760060  0.012642265870  0.006033656673  0.006033656673  0.003510797466  0.007547367333  0.005020989295  0.004014344966  0.001501698104  0.001501698104  0.003007760060  0.001501698104  0.001501698104  
piranga_flava_lsu15408 0.002004038389  0.002004038389  0.002506314236  0.001001008239  0.001001008239  0.000000000000  0.001501698104  0.001501698104  0.000000000000  0.003510797466  0.001501698104  0.002002765753  0.004514371334  0.000000000000  0.000000000000  0.002002765753  0.002004038389  0.001502270065  0.011113034617  0.004520513455  0.004520513455  0.002004038389  0.006031154242  0.003510797466  0.002506314236  0.000000000000  0.000000000000  0.001502270065  0.000000000000  0.000000000000  
piranga_lutea_lsu5400 0.005528058407  0.005528058407  0.006033656673  0.004518403596  0.004518403596  0.003510797466  0.005020989295  0.005020989295  0.003510797466  0.000000000000  0.005020989295  0.005523954939  0.008049350293  0.003510797466  0.003510797466  0.005523954939  0.005528058407  0.005022974396  0.014694952518  0.008061213312  0.008061213312  0.005528058407  0.009579058248  0.007043378298  0.006033656673  0.003510797466  0.003510797466  0.005022974396  0.003510797466  0.003510797466  
piranga_lutea_ku89864 0.003510797466  0.003510797466  0.004014344966  0.002505231717  0.002505231717  0.001501698104  0.003006803334  0.003006803334  0.001501698104  0.005020989295  0.000000000000  0.003508753876  0.006025951280  0.001501698104  0.001501698104  0.003508753876  0.003510797466  0.003007760060  0.012642265870  0.005022974396  0.005022974396  0.003510797466  0.007547367333  0.005020989295  0.004014344966  0.001501698104  0.001501698104  0.003007760060  0.001501698104  0.001501698104  
piranga_rubra_ku7046 0.004012875095  0.004012875095  0.004516676372  0.003006803334  0.003006803334  0.002002765753  0.003508753876  0.003508753876  0.002002765753  0.005523954939  0.003508753876  0.000000000000  0.002504530785  0.002002765753  0.002002765753  0.004011083977  0.004012875095  0.003509584427  0.013149234578  0.006537008357  0.006537008357  0.004012875095  0.008051737989  0.005523954939  0.004516676372  0.002002765753  0.002002765753  0.003509584427  0.002002765753  0.002002765753  
piranga_rubra_sdsu2654 0.006532637168  0.006532637168  0.007038487938  0.005522478891  0.005522478891  0.004514371334  0.006025951280  0.006025951280  0.004514371334  0.008049350293  0.006025951280  0.002504530785  0.000000000000  0.004514371334  0.004514371334  0.006529805277  0.006532637168  0.006027301168  0.015705418480  0.009067059757  0.009067059757  0.006532637168  0.010586938944  0.008049350293  0.007038487938  0.004514371334  0.004514371334  0.006027301168  0.004514371334  0.004514371334  
piranga_bidentata_tepe59 0.002004038389  0.002004038389  0.002506314236  0.001001008239  0.001001008239  0.000000000000  0.001501698104  0.001501698104  0.000000000000  0.003510797466  0.001501698104  0.002002765753  0.004514371334  0.000000000000  0.000000000000  0.002002765753  0.002004038389  0.001502270065  0.011113034617  0.004520513455  0.004520513455  0.002004038389  0.006031154242  0.003510797466  0.002506314236  0.000000000000  0.000000000000  0.001502270065  0.000000000000  0.000000000000  
piranga_ludoviciana_sdsu2385 0.002004038389  0.002004038389  0.002506314236  0.001001008239  0.001001008239  0.000000000000  0.001501698104  0.001501698104  0.000000000000  0.003510797466  0.001501698104  0.002002765753  0.004514371334  0.000000000000  0.000000000000  0.002002765753  0.002004038389  0.001502270065  0.011113034617  0.004520513455  0.004520513455  0.002004038389  0.006031154242  0.003510797466  0.002506314236  0.000000000000  0.000000000000  0.001502270065  0.000000000000  0.000000000000  
piranga_hepatica_ku4970 0.004012875095  0.004012875095  0.004516676372  0.003006803334  0.003006803334  0.002002765753  0.003508753876  0.003508753876  0.002002765753  0.005523954939  0.003508753876  0.004011083977  0.006529805277  0.002002765753  0.002002765753  0.000000000000  0.004012875095  0.003509584427  0.013149234578  0.006537008357  0.006537008357  0.004012875095  0.008051737989  0.005523954939  0.004516676372  0.002002765753  0.002002765753  0.003509584427  0.002002765753  0.002002765753  
piranga_olivacea_ku2699 0.004016197208  0.004016197208  0.004520513455  0.003009098634  0.003009098634  0.002004038389  0.003510797466  0.003510797466  0.002004038389  0.005528058407  0.003510797466  0.004012875095  0.006532637168  0.002004038389  0.002004038389  0.004012875095  0.000000000000  0.001502270065  0.011113034617  0.004520513455  0.004520513455  0.002004038389  0.006031154242  0.003510797466  0.002506314236  0.002004038389  0.002004038389  0.003512392613  0.002004038389  0.002004038389  
piranga_erythrocephala_fmnh343371 0.003512392613  0.003512392613  0.004016197208  0.002506314236  0.002506314236  0.001502270065  0.003007760060  0.003007760060  0.001502270065  0.005022974396  0.003007760060  0.003509584427  0.006027301168  0.001502270065  0.001502270065  0.003509584427  0.001502270065  0.000000000000  0.009583002366  0.003009098634  0.003009098634  0.000500251890  0.004516676372  0.003007760060  0.002004038389  0.001502270065  0.001502270065  0.003009098634  0.001502270065  0.001502270065  
piranga_leucoptera_lsu7783 0.013160438604  0.013160438604  0.013673611302  0.012135681429  0.012135681429  0.011113034617  0.012642265870  0.012642265870  0.011113034617  0.014694952518  0.012642265870  0.013149234578  0.015705418480  0.011113034617  0.011113034617  0.013149234578  0.011113034617  0.009583002366  0.000000000000  0.011624094771  0.011624094771  0.009074037433  0.013149234578  0.012642265870  0.011624094771  0.011113034617  0.011113034617  0.012647795677  0.011113034617  0.011113034617  
piranga_rubriceps_lsu265 0.006542915826  0.006542915826  0.007049806005  0.005530685073  0.005530685073  0.004520513455  0.006033656673  0.006033656673  0.004520513455  0.008061213312  0.005022974396  0.006537008357  0.009067059757  0.004520513455  0.004520513455  0.006537008357  0.004520513455  0.003009098634  0.011624094771  0.000000000000  0.000000000000  0.002506314236  0.006537008357  0.006033656673  0.005025342396  0.004520513455  0.004520513455  0.006036542533  0.004520513455  0.004520513455  
piranga_rubriceps_lsu34818 0.006542915826  0.006542915826  0.007049806005  0.005530685073  0.005530685073  0.004520513455  0.006033656673  0.006033656673  0.004520513455  0.008061213312  0.005022974396  0.006537008357  0.009067059757  0.004520513455  0.004520513455  0.006537008357  0.004520513455  0.003009098634  0.011624094771  0.000000000000  0.000000000000  0.002506314236  0.006537008357  0.006033656673  0.005025342396  0.004520513455  0.004520513455  0.006036542533  0.004520513455  0.004520513455  
piranga_leucoptera_fmnh481795 0.004016197208  0.004016197208  0.004520513455  0.003009098634  0.003009098634  0.002004038389  0.003510797466  0.003510797466  0.002004038389  0.005528058407  0.003510797466  0.004012875095  0.006532637168  0.002004038389  0.002004038389  0.004012875095  0.002004038389  0.000500251890  0.009074037433  0.002506314236  0.002506314236  0.000000000000  0.004012875095  0.003510797466  0.002506314236  0.002004038389  0.002004038389  0.003512392613  0.002004038389  0.002004038389  
piranga_erythrocephala_fmnh343370 0.008057669874  0.008057669874  0.008565593625  0.007043378298  0.007043378298  0.006031154242  0.007547367333  0.007547367333  0.006031154242  0.009579058248  0.007547367333  0.008051737989  0.010586938944  0.006031154242  0.006031154242  0.008051737989  0.006031154242  0.004516676372  0.013149234578  0.006537008357  0.006537008357  0.004012875095  0.000000000000  0.007547367333  0.006537008357  0.006031154242  0.006031154242  0.007550265118  0.006031154242  0.006031154242  
piranga_rubra_sdsu2635 0.005528058407  0.005528058407  0.006033656673  0.004518403596  0.004518403596  0.003510797466  0.005020989295  0.005020989295  0.003510797466  0.007043378298  0.005020989295  0.005523954939  0.008049350293  0.003510797466  0.003510797466  0.005523954939  0.003510797466  0.003007760060  0.012642265870  0.006033656673  0.006033656673  0.003510797466  0.007547367333  0.000000000000  0.004014344966  0.003510797466  0.003510797466  0.005022974396  0.003510797466  0.003510797466  
piranga_olivacea_ku4672 0.004520513455  0.004520513455  0.005025342396  0.003512392613  0.003512392613  0.002506314236  0.004014344966  0.004014344966  0.002506314236  0.006033656673  0.004014344966  0.004516676372  0.007038487938  0.002506314236  0.002506314236  0.004516676372  0.002506314236  0.002004038389  0.011624094771  0.005025342396  0.005025342396  0.002506314236  0.006537008357  0.004014344966  0.000000000000  0.002506314236  0.002506314236  0.004016197208  0.002506314236  0.002506314236  
piranga_ludoviciana_sdsu2648 0.002004038389  0.002004038389  0.002506314236  0.001001008239  0.001001008239  0.000000000000  0.001501698104  0.001501698104  0.000000000000  0.003510797466  0.001501698104  0.002002765753  0.004514371334  0.000000000000  0.000000000000  0.002002765753  0.002004038389  0.001502270065  0.011113034617  0.004520513455  0.004520513455  0.002004038389  0.006031154242  0.003510797466  0.002506314236  0.000000000000  0.000000000000  0.001502270065  0.000000000000  0.000000000000  
piranga_ludoviciana_sdsu2650 0.002004038389  0.002004038389  0.002506314236  0.001001008239  0.001001008239  0.000000000000  0.001501698104  0.001501698104  0.000000000000  0.003510797466  0.001501698104  0.002002765753  0.004514371334  0.000000000000  0.000000000000  0.002002765753  0.002004038389  0.001502270065  0.011113034617  0.004520513455  0.004520513455  0.002004038389  0.006031154242  0.003510797466  0.002506314236  0.000000000000  0.000000000000  0.001502270065  0.000000000000  0.000000000000  
piranga_bidentata_hgoslp104 0.003512392613  0.003512392613  0.004016197208  0.002506314236  0.002506314236  0.001502270065  0.003007760060  0.003007760060  0.001502270065  0.005022974396  0.003007760060  0.003509584427  0.006027301168  0.001502270065  0.001502270065  0.003509584427  0.003512392613  0.003009098634  0.012647795677  0.006036542533  0.006036542533  0.003512392613  0.007550265118  0.005022974396  0.004016197208  0.001502270065  0.001502270065  0.000000000000  0.001502270065  0.001502270065  
piranga_hepatica_ku9084 0.002004038389  0.002004038389  0.002506314236  0.001001008239  0.001001008239  0.000000000000  0.001501698104  0.001501698104  0.000000000000  0.003510797466  0.001501698104  0.002002765753  0.004514371334  0.000000000000  0.000000000000  0.002002765753  0.002004038389  0.001502270065  0.011113034617  0.004520513455  0.004520513455  0.002004038389  0.006031154242  0.003510797466  0.002506314236  0.000000000000  0.000000000000  0.001502270065  0.000000000000  0.000000000000  
piranga_rubra_ku26592 0.002004038389  0.002004038389  0.002506314236  0.001001008239  0.001001008239  0.000000000000  0.001501698104  0.001501698104  0.000000000000  0.003510797466  0.001501698104  0.002002765753  0.004514371334  0.000000000000  0.000000000000  0.002002765753  0.002004038389  0.001502270065  0.011113034617  0.004520513455  0.004520513455  0.002004038389  0.006031154242  0.003510797466  0.002506314236  0.000000000000  0.000000000000  0.001502270065  0.000000000000  0.000000000000  

