30
piranga_rubra_ku26592 0.000000000000  0.000000000000  0.000000000000  0.006417469262  0.007771777415  0.002174277678  0.004642053498  0.002198174936  0.000000000000  0.000000000000  0.000000000000  0.001945816996  0.001930789125  0.000000000000  0.001929903690  0.000000000000  0.003953785481  0.003869636563  0.001930789125  0.000000000000  0.003869636563  0.001929903690  0.005808611874  0.001930789125  0.003869636563  0.007013229892  0.000000000000  0.000000000000  0.001930789125  0.000000000000  
piranga_flava_ku90809 0.000000000000  0.000000000000  0.000000000000  0.007554976472  0.008671496596  0.002092387758  0.004049859735  0.001984430438  0.001845280659  0.001721398441  0.000000000000  0.001733333485  0.001721398441  0.000000000000  0.003445682491  0.000000000000  0.003515898246  0.003449199249  0.001890634487  0.001721398441  0.005183450227  0.001720694641  0.006914993731  0.001721398441  0.003449199249  0.007013229892  0.000000000000  0.000000000000  0.003449199249  0.001721398441  
piranga_ludoviciana_sdsu2385 0.000000000000  0.000000000000  0.000000000000  0.007442518344  0.012018541828  0.002092387758  0.003985299713  0.001984430438  0.001818436420  0.001698014735  0.000000000000  0.001709626633  0.001698014735  0.000000000000  0.003398837116  0.000000000000  0.003467137604  0.003402258763  0.001890634487  0.001698014735  0.005112777957  0.001697329926  0.006820662627  0.001700902896  0.003402258763  0.007013229892  0.000000000000  0.000000000000  0.003402258763  0.001698014735  
piranga_rubriceps_lsu265 0.006417469262  0.007554976472  0.007442518344  0.000000000000  0.007442518344  0.010539560514  0.007992778000  0.009991926205  0.009321312298  0.009321312298  0.008139153557  0.007442518344  0.009321312298  0.006704303861  0.011195286344  0.007484295595  0.007598029464  0.007442518344  0.010495312453  0.009321312298  0.001851301269  0.009312215763  0.000000000000  0.007456392175  0.003707573188  0.004657271400  0.004920825351  0.007442518344  0.007442518344  0.009321312298  
piranga_leucoptera_lsu7783 0.007771777415  0.008671496596  0.012018541828  0.007442518344  0.000000000000  0.010557474880  0.012059956458  0.010008023299  0.012881118873  0.013761143026  0.009283317564  0.013856490621  0.013761143026  0.006714965042  0.015487148384  0.011288464991  0.014026567511  0.012018541828  0.011460976044  0.013761143026  0.006829618699  0.013740868715  0.008541073778  0.013784856686  0.008552827889  0.004663702837  0.004928006921  0.012018541828  0.012018541828  0.013761143026  
cardinalis_cardinalis_ku25393 0.002174277678  0.002092387758  0.002092387758  0.010539560514  0.010557474880  0.000000000000  0.006699968098  0.000000000000  0.002092387758  0.002092387758  0.002092387758  0.002092387758  0.004194242478  0.002262838555  0.004189041332  0.002092387758  0.004293282029  0.006305650216  0.004256731077  0.002092387758  0.008426698205  0.004189041332  0.010539560514  0.002092387758  0.006305650216  0.009374700372  0.002457468912  0.002092387758  0.004194242478  0.002092387758  
piranga_olivacea_ku2699 0.004642053498  0.004049859735  0.003985299713  0.007992778000  0.012059956458  0.006699968098  0.000000000000  0.006266137541  0.005990844222  0.005990844222  0.004387465856  0.003985299713  0.005990844222  0.004465841355  0.007992778000  0.003985299713  0.006125399276  0.003985299713  0.006806375806  0.005990844222  0.005990844222  0.005982359615  0.007992778000  0.003993256925  0.003985299713  0.007079430728  0.004928006921  0.003985299713  0.003985299713  0.005990844222  
cardinalis_cardinalis_ku21828 0.002198174936  0.001984430438  0.001984430438  0.009991926205  0.010008023299  0.000000000000  0.006266137541  0.000000000000  0.003977374150  0.001984430438  0.002083668061  0.001984430438  0.003977374150  0.002227554316  0.005970453693  0.001984430438  0.004066327897  0.005978904495  0.004302518057  0.001984430438  0.007989095785  0.003972697231  0.009991926205  0.001984430438  0.005978904495  0.009374700372  0.002457468912  0.001984430438  0.005978904495  0.001984430438  
piranga_rubra_ku7046 0.000000000000  0.001845280659  0.001818436420  0.009321312298  0.012881118873  0.002092387758  0.005990844222  0.003977374150  0.000000000000  0.003644018876  0.001984430438  0.001818436420  0.003644018876  0.002227554316  0.001817651035  0.001862464531  0.003718546766  0.005476803752  0.002041137461  0.003644018876  0.007316848107  0.003640093424  0.009150714014  0.001821749160  0.005476803752  0.007013229892  0.000000000000  0.001818436420  0.001818436420  0.003644018876  
piranga_bidentata_hgoslp104 0.000000000000  0.001721398441  0.001698014735  0.009321312298  0.013761143026  0.002092387758  0.005990844222  0.001984430438  0.003644018876  0.000000000000  0.000000000000  0.003425568207  0.003402258763  0.000000000000  0.005106599297  0.001862464531  0.005210458662  0.005112777957  0.001890634487  0.003402258763  0.006829618699  0.003398837116  0.008541073778  0.003408056334  0.005112777957  0.007013229892  0.000000000000  0.001698014735  0.005112777957  0.003402258763  
piranga_ludoviciana_sdsu2648 0.000000000000  0.000000000000  0.000000000000  0.008139153557  0.009283317564  0.002092387758  0.004387465856  0.002083668061  0.001984430438  0.000000000000  0.000000000000  0.001855552720  0.001841881866  0.000000000000  0.003687068015  0.000000000000  0.003767581783  0.003691095597  0.001890634487  0.000000000000  0.005547699798  0.001841076098  0.007401204913  0.001841881866  0.003691095597  0.007013229892  0.000000000000  0.000000000000  0.003691095597  0.000000000000  
piranga_roseogularis_ku2049 0.001945816996  0.001733333485  0.001709626633  0.007442518344  0.013856490621  0.002092387758  0.003985299713  0.001984430438  0.001818436420  0.003425568207  0.001855552720  0.000000000000  0.003425568207  0.000000000000  0.005141607732  0.000000000000  0.005246910796  0.005147871546  0.003817927299  0.003425568207  0.006876583998  0.003422099493  0.008599836720  0.000000000000  0.005147871546  0.007013229892  0.000000000000  0.001709626633  0.005147871546  0.003425568207  
piranga_hepatica_ku4970 0.001930789125  0.001721398441  0.001698014735  0.009321312298  0.013761143026  0.004194242478  0.005990844222  0.003977374150  0.003644018876  0.003402258763  0.001841881866  0.003425568207  0.000000000000  0.002227554316  0.005106599297  0.001862464531  0.005210458662  0.005112777957  0.003788994923  0.003402258763  0.006829618699  0.003398837116  0.008541073778  0.003408056334  0.005112777957  0.009374700372  0.002457468912  0.001698014735  0.005112777957  0.003402258763  
piranga_hepatica_ku9084 0.000000000000  0.000000000000  0.000000000000  0.006704303861  0.006714965042  0.002262838555  0.004465841355  0.002227554316  0.002227554316  0.000000000000  0.000000000000  0.000000000000  0.002227554316  0.000000000000  0.004459944370  0.000000000000  0.002257729667  0.004465841355  0.002299258585  0.000000000000  0.004465841355  0.002226375776  0.006704303861  0.000000000000  0.002227554316  0.004797961600  0.000000000000  0.000000000000  0.004465841355  0.000000000000  
piranga_rubra_sdsu2654 0.001929903690  0.003445682491  0.003398837116  0.011195286344  0.015487148384  0.004189041332  0.007992778000  0.005970453693  0.001817651035  0.005106599297  0.003687068015  0.005141607732  0.005106599297  0.004459944370  0.000000000000  0.003728307712  0.006951044105  0.006820662627  0.003784750749  0.005106599297  0.008541073778  0.005104523489  0.010257437001  0.005115306635  0.006820662627  0.009357818893  0.002456034532  0.003398837116  0.003398837116  0.005106599297  
piranga_flava_lsu15408 0.000000000000  0.000000000000  0.000000000000  0.007484295595  0.011288464991  0.002092387758  0.003985299713  0.001984430438  0.001862464531  0.001862464531  0.000000000000  0.000000000000  0.001862464531  0.000000000000  0.003728307712  0.000000000000  0.001901419168  0.003732426041  0.002096775032  0.001862464531  0.005609945129  0.001861640653  0.007484295595  0.000000000000  0.003732426041  0.007013229892  0.000000000000  0.000000000000  0.003732426041  0.001862464531  
piranga_lutea_lsu5400 0.003953785481  0.003515898246  0.003467137604  0.007598029464  0.014026567511  0.004293282029  0.006125399276  0.004066327897  0.003718546766  0.005210458662  0.003767581783  0.005246910796  0.005210458662  0.002257729667  0.006951044105  0.001901419168  0.000000000000  0.006960346509  0.005816609860  0.005210458662  0.006960346509  0.005204041534  0.008704641284  0.005219524129  0.005210458662  0.007198340084  0.002488040394  0.003467137604  0.006960346509  0.005210458662  
piranga_olivacea_ku4672 0.003869636563  0.003449199249  0.003402258763  0.007442518344  0.012018541828  0.006305650216  0.003985299713  0.005978904495  0.005476803752  0.005112777957  0.003691095597  0.005147871546  0.005112777957  0.004465841355  0.006820662627  0.003732426041  0.006960346509  0.000000000000  0.005695144712  0.005112777957  0.005112777957  0.005106599297  0.006820662627  0.005121506420  0.003402258763  0.007013229892  0.004928006921  0.003402258763  0.003402258763  0.005112777957  
piranga_ludoviciana_sdsu2208 0.001930789125  0.001890634487  0.001890634487  0.010495312453  0.011460976044  0.004256731077  0.006806375806  0.004302518057  0.002041137461  0.001890634487  0.001890634487  0.003817927299  0.003788994923  0.002299258585  0.003784750749  0.002096775032  0.005816609860  0.005695144712  0.000000000000  0.001890634487  0.007609148038  0.003784750749  0.009516471400  0.003788994923  0.005695144712  0.009374700372  0.002457468912  0.001890634487  0.003788994923  0.001890634487  
piranga_bidentata_itm160 0.000000000000  0.001721398441  0.001698014735  0.009321312298  0.013761143026  0.002092387758  0.005990844222  0.001984430438  0.003644018876  0.003402258763  0.000000000000  0.003425568207  0.003402258763  0.000000000000  0.005106599297  0.001862464531  0.005210458662  0.005112777957  0.001890634487  0.000000000000  0.006829618699  0.003398837116  0.008541073778  0.003408056334  0.005112777957  0.007013229892  0.000000000000  0.001698014735  0.005112777957  0.000000000000  
piranga_leucoptera_fmnh481795 0.003869636563  0.005183450227  0.005112777957  0.001851301269  0.006829618699  0.008426698205  0.005990844222  0.007989095785  0.007316848107  0.006829618699  0.005547699798  0.006876583998  0.006829618699  0.004465841355  0.008541073778  0.005609945129  0.006960346509  0.005112777957  0.007609148038  0.006829618699  0.000000000000  0.006820662627  0.001697329926  0.006841299777  0.001698014735  0.002325999006  0.002457468912  0.005112777957  0.005112777957  0.006829618699  
piranga_lutea_ku89864 0.001929903690  0.001720694641  0.001697329926  0.009312215763  0.013740868715  0.004189041332  0.005982359615  0.003972697231  0.003640093424  0.003398837116  0.001841076098  0.003422099493  0.003398837116  0.002226375776  0.005104523489  0.001861640653  0.005204041534  0.005106599297  0.003784750749  0.003398837116  0.006820662627  0.000000000000  0.008533440562  0.003404623010  0.005106599297  0.009357818893  0.002456034532  0.001697329926  0.005106599297  0.003398837116  
piranga_rubriceps_lsu34818 0.005808611874  0.006914993731  0.006820662627  0.000000000000  0.008541073778  0.010539560514  0.007992778000  0.009991926205  0.009150714014  0.008541073778  0.007401204913  0.008599836720  0.008541073778  0.006704303861  0.010257437001  0.007484295595  0.008704641284  0.006820662627  0.009516471400  0.008541073778  0.001697329926  0.008533440562  0.000000000000  0.008555689096  0.003398837116  0.004657271400  0.004920825351  0.006820662627  0.006820662627  0.008541073778  
piranga_roseogularis_ku2141 0.001930789125  0.001721398441  0.001700902896  0.007456392175  0.013784856686  0.002092387758  0.003993256925  0.001984430438  0.001821749160  0.003408056334  0.001841881866  0.000000000000  0.003408056334  0.000000000000  0.005115306635  0.000000000000  0.005219524129  0.005121506420  0.003788994923  0.003408056334  0.006841299777  0.003404623010  0.008555689096  0.000000000000  0.005121506420  0.007013229892  0.000000000000  0.001700902896  0.005121506420  0.003408056334  
piranga_erythrocephala_fmnh343371 0.003869636563  0.003449199249  0.003402258763  0.003707573188  0.008552827889  0.006305650216  0.003985299713  0.005978904495  0.005476803752  0.005112777957  0.003691095597  0.005147871546  0.005112777957  0.002227554316  0.006820662627  0.003732426041  0.005210458662  0.003402258763  0.005695144712  0.005112777957  0.001698014735  0.005106599297  0.003398837116  0.005121506420  0.000000000000  0.002325999006  0.002457468912  0.003402258763  0.003402258763  0.005112777957  
piranga_erythrocephala_fmnh343370 0.007013229892  0.007013229892  0.007013229892  0.004657271400  0.004663702837  0.009374700372  0.007079430728  0.009374700372  0.007013229892  0.007013229892  0.007013229892  0.007013229892  0.009374700372  0.004797961600  0.009357818893  0.007013229892  0.007198340084  0.007013229892  0.009374700372  0.007013229892  0.002325999006  0.009357818893  0.004657271400  0.007013229892  0.002325999006  0.000000000000  0.004928006921  0.007013229892  0.004663702837  0.007013229892  
piranga_ludoviciana_sdsu2650 0.000000000000  0.000000000000  0.000000000000  0.004920825351  0.004928006921  0.002457468912  0.004928006921  0.002457468912  0.000000000000  0.000000000000  0.000000000000  0.000000000000  0.002457468912  0.000000000000  0.002456034532  0.000000000000  0.002488040394  0.004928006921  0.002457468912  0.000000000000  0.002457468912  0.002456034532  0.004920825351  0.000000000000  0.002457468912  0.004928006921  0.000000000000  0.000000000000  0.002457468912  0.000000000000  
piranga_bidentata_tepe59 0.000000000000  0.000000000000  0.000000000000  0.007442518344  0.012018541828  0.002092387758  0.003985299713  0.001984430438  0.001818436420  0.001698014735  0.000000000000  0.001709626633  0.001698014735  0.000000000000  0.003398837116  0.000000000000  0.003467137604  0.003402258763  0.001890634487  0.001698014735  0.005112777957  0.001697329926  0.006820662627  0.001700902896  0.003402258763  0.007013229892  0.000000000000  0.000000000000  0.003402258763  0.001698014735  
piranga_rubra_sdsu2635 0.001930789125  0.003449199249  0.003402258763  0.007442518344  0.012018541828  0.004194242478  0.003985299713  0.005978904495  0.001818436420  0.005112777957  0.003691095597  0.005147871546  0.005112777957  0.004465841355  0.003398837116  0.003732426041  0.006960346509  0.003402258763  0.003788994923  0.005112777957  0.005112777957  0.005106599297  0.006820662627  0.005121506420  0.003402258763  0.004663702837  0.002457468912  0.003402258763  0.000000000000  0.005112777957  
piranga_bidentata_itm141 0.000000000000  0.001721398441  0.001698014735  0.009321312298  0.013761143026  0.002092387758  0.005990844222  0.001984430438  0.003644018876  0.003402258763  0.000000000000  0.003425568207  0.003402258763  0.000000000000  0.005106599297  0.001862464531  0.005210458662  0.005112777957  0.001890634487  0.000000000000  0.006829618699  0.003398837116  0.008541073778  0.003408056334  0.005112777957  0.007013229892  0.000000000000  0.001698014735  0.005112777957  0.000000000000  

