30
piranga_rubra_ku26592 0.000000000000  0.005453653191  0.005483559004  0.009444862108  0.008189085957  0.009113081912  0.006641781799  0.008608889781  0.003628261253  0.005617600755  0.005654086103  0.006666268803  0.006364013397  0.002191229821  0.001812646544  0.003793424656  0.003631555329  0.002718392224  0.000000000000  0.004670390426  0.009113081912  0.004540012308  0.010084298022  0.005461060637  0.007325527818  0.002863858383  0.000000000000  0.002718392224  0.005453653191  0.003692519769  
piranga_flava_ku90809 0.005453653191  0.000000000000  0.007326676933  0.008492881118  0.006357324842  0.007275822635  0.007598734824  0.007644303113  0.003628261253  0.005617600755  0.006603525360  0.006666268803  0.002716538856  0.004393407056  0.005459227713  0.000945299970  0.003631555329  0.004540012308  0.000000000000  0.006237646624  0.007275822635  0.000904269280  0.008236391166  0.005461060637  0.005484100637  0.001430362202  0.000000000000  0.002718392224  0.005453653191  0.005550127014  
piranga_ludoviciana_sdsu2385 0.005483559004  0.007326676933  0.000000000000  0.011419853066  0.010083651379  0.011018404049  0.008606875180  0.010605418503  0.005483559004  0.006599922351  0.005686237020  0.008970597343  0.008244196652  0.004422552408  0.005484177484  0.005735154879  0.005488575223  0.004564882074  0.002685540535  0.004677672663  0.011018404049  0.006404154613  0.012006150256  0.007335870076  0.009225465841  0.004308209739  0.001718611912  0.004564882074  0.007326676933  0.003713085833  
piranga_rubriceps_lsu265 0.009444862108  0.008492881118  0.011419853066  0.000000000000  0.005648612574  0.012313203709  0.013750348723  0.011871783464  0.008492881118  0.010740301650  0.011419853066  0.010022064771  0.009443195474  0.009917941926  0.009461064358  0.007651163729  0.010408743803  0.009444862108  0.005334836977  0.011544591629  0.006596979824  0.007542951715  0.000000000000  0.008516992784  0.003770774682  0.002864319114  0.001717848480  0.007542951715  0.010398903568  0.010596635818  
piranga_leucoptera_lsu7783 0.008189085957  0.006357324842  0.010083651379  0.005648612574  0.000000000000  0.010028491012  0.011424733410  0.009569790462  0.006357324842  0.008444311324  0.009443268522  0.007787028449  0.007269914382  0.007704025266  0.008200825987  0.005692213362  0.008196544138  0.007272253880  0.005335362933  0.007800511848  0.004536503327  0.005444290961  0.005478411621  0.006374693318  0.002735714337  0.001430362202  0.001718611912  0.005444290961  0.008189085957  0.008337578528  
cardinalis_cardinalis_ku25393 0.009113081912  0.007275822635  0.011018404049  0.012313203709  0.010028491012  0.000000000000  0.011430963421  0.000000000000  0.007275822635  0.009391639312  0.009455887094  0.003323758232  0.008189085957  0.005493487336  0.009124450252  0.005697702722  0.007282445983  0.008193495033  0.001329568606  0.010953188274  0.010958031182  0.006360056763  0.011939984451  0.005461060637  0.009174679995  0.002866442926  0.000000000000  0.006360056763  0.007275822635  0.009276817077  
piranga_olivacea_ku2699 0.006641781799  0.007598734824  0.008606875180  0.013750348723  0.011424733410  0.011430963421  0.000000000000  0.011607890954  0.006641781799  0.008543360689  0.009798726157  0.011156781058  0.008551628207  0.006600268914  0.006643771378  0.006897004718  0.005692297150  0.003783325241  0.004002177973  0.004734815218  0.012396552163  0.006641781799  0.013433673884  0.008571243525  0.010492119913  0.005741234248  0.003443950852  0.005686901826  0.006641781799  0.006637471591  
cardinalis_cardinalis_ku21828 0.008608889781  0.007644303113  0.010605418503  0.011871783464  0.009569790462  0.000000000000  0.011607890954  0.000000000000  0.006681822666  0.008598363249  0.008949218499  0.003323758232  0.008604020804  0.005493487336  0.008612254331  0.005999668320  0.007651614673  0.007644303113  0.001329568606  0.010953188274  0.010544418791  0.006681822666  0.011496440322  0.004776795407  0.007703189866  0.002866442926  0.000000000000  0.005721439261  0.006681822666  0.008604020804  
piranga_rubra_ku7046 0.003628261253  0.003628261253  0.005483559004  0.008492881118  0.006357324842  0.007275822635  0.006641781799  0.006681822666  0.000000000000  0.003739051562  0.004706687505  0.004433262480  0.004536503327  0.002191229821  0.003632166176  0.002842003518  0.003631555329  0.002718392224  0.000000000000  0.004670390426  0.007275822635  0.002718392224  0.008236391166  0.003633997055  0.005484100637  0.001430362202  0.000000000000  0.000904269280  0.003628261253  0.003692519769  
piranga_bidentata_hgoslp104 0.005617600755  0.005617600755  0.006599922351  0.010740301650  0.008444311324  0.009391639312  0.008543360689  0.008598363249  0.003739051562  0.000000000000  0.006808734373  0.006658749369  0.006558284176  0.004387332963  0.004681705002  0.004897223212  0.005622865297  0.004677325409  0.002662242497  0.003108686996  0.009391639312  0.004677325409  0.010405033969  0.005633300459  0.007557341389  0.002864319114  0.000000000000  0.002802770711  0.005617600755  0.003739309358  
piranga_ludoviciana_sdsu2648 0.005654086103  0.006603525360  0.005686237020  0.011419853066  0.009443268522  0.009455887094  0.009798726157  0.008949218499  0.004706687505  0.006808734373  0.000000000000  0.005548351608  0.007548544190  0.003290943179  0.005660077898  0.002842003518  0.006609760866  0.005654086103  0.001330025831  0.008317207449  0.010404778976  0.005654086103  0.011419853066  0.006612391470  0.008514480240  0.001430362202  0.000000000000  0.003761320813  0.006603525360  0.004793082698  
piranga_roseogularis_ku2049 0.006666268803  0.006666268803  0.008970597343  0.010022064771  0.007787028449  0.003323758232  0.011156781058  0.003323758232  0.004433262480  0.006658749369  0.005548351608  0.000000000000  0.007781099992  0.006718521772  0.006668997970  0.005548351608  0.006673683694  0.006666268803  0.002690491366  0.010856241806  0.007794785405  0.005548351608  0.010022064771  0.002213051739  0.005553602991  0.004306685009  0.001718611912  0.004433262480  0.007787028449  0.007781099992  
piranga_hepatica_ku4970 0.006364013397  0.002716538856  0.008244196652  0.009443195474  0.007269914382  0.008189085957  0.008551628207  0.008604020804  0.004536503327  0.006558284176  0.007548544190  0.007781099992  0.000000000000  0.003288226561  0.006371635197  0.001891505104  0.002719000952  0.005449311253  0.001329568606  0.006237646624  0.008189085957  0.001809366799  0.009157809436  0.006374693318  0.006402326260  0.001430362202  0.000000000000  0.003625581788  0.006364013397  0.006477769788  
piranga_hepatica_ku9084 0.002191229821  0.004393407056  0.004422552408  0.009917941926  0.007704025266  0.005493487336  0.006600268914  0.005493487336  0.002191229821  0.004387332963  0.003290943179  0.006718521772  0.003288226561  0.000000000000  0.002192119833  0.003290943179  0.000000000000  0.002191229821  0.000000000000  0.003494314988  0.007709836526  0.003290943179  0.009917941926  0.004403976302  0.005511654467  0.001430362202  0.000000000000  0.002191229821  0.005498635244  0.003288226561  
piranga_rubra_sdsu2654 0.001812646544  0.005459227713  0.005484177484  0.009461064358  0.008200825987  0.009124450252  0.006643771378  0.008612254331  0.003632166176  0.004681705002  0.005660077898  0.006668997970  0.006371635197  0.002192119833  0.000000000000  0.003797693223  0.003635467347  0.002721467516  0.001331338713  0.004675777758  0.009124450252  0.004544750301  0.010100392735  0.005469103969  0.007336585687  0.002868427171  0.001717848480  0.002721467516  0.005459227713  0.003697827258  
piranga_flava_lsu15408 0.003793424656  0.000945299970  0.005735154879  0.007651163729  0.005692213362  0.005697702722  0.006897004718  0.005999668320  0.002842003518  0.004897223212  0.002842003518  0.005548351608  0.001891505104  0.003290943179  0.003797693223  0.000000000000  0.002844698408  0.003793424656  0.000000000000  0.005047579937  0.006650083134  0.000000000000  0.007651163729  0.004754085964  0.004752910873  0.001430362202  0.000000000000  0.001892631559  0.004746903838  0.004834795498  
piranga_lutea_lsu5400 0.003631555329  0.003631555329  0.005488575223  0.010408743803  0.008196544138  0.007282445983  0.005692297150  0.007651614673  0.003631555329  0.005622865297  0.006609760866  0.006673683694  0.002719000952  0.000000000000  0.003635467347  0.002844698408  0.000000000000  0.002720857685  0.000000000000  0.003113526497  0.009121394575  0.002720857685  0.010093551576  0.005466035743  0.007332241992  0.001430362202  0.000000000000  0.002720857685  0.005458614820  0.003695931610  
piranga_olivacea_ku4672 0.002718392224  0.004540012308  0.004564882074  0.009444862108  0.007272253880  0.008193495033  0.003783325241  0.007644303113  0.002718392224  0.004677325409  0.005654086103  0.006666268803  0.005449311253  0.002191229821  0.002721467516  0.003793424656  0.002720857685  0.000000000000  0.001330025831  0.001552497124  0.008193495033  0.003628261253  0.009159376227  0.004546582200  0.006403852639  0.001430362202  0.000000000000  0.001810397469  0.002718392224  0.002766643607  
piranga_ludoviciana_sdsu2208 0.000000000000  0.000000000000  0.002685540535  0.005334836977  0.005335362933  0.001329568606  0.004002177973  0.001329568606  0.000000000000  0.002662242497  0.001330025831  0.002690491366  0.001329568606  0.000000000000  0.001331338713  0.000000000000  0.000000000000  0.001330025831  0.000000000000  0.000000000000  0.002661844636  0.000000000000  0.005334836977  0.001329568606  0.002661844636  0.001658035105  0.000000000000  0.000000000000  0.002664077009  0.001330025831  
piranga_bidentata_itm160 0.004670390426  0.006237646624  0.004677672663  0.011544591629  0.007800511848  0.010953188274  0.004734815218  0.010953188274  0.004670390426  0.003108686996  0.008317207449  0.010856241806  0.006237646624  0.003494314988  0.004675777758  0.005047579937  0.003113526497  0.001552497124  0.000000000000  0.000000000000  0.009379686231  0.004670390426  0.010948697347  0.007837192807  0.006311998196  0.002032010644  0.000000000000  0.003108686996  0.004670390426  0.000000000000  
piranga_leucoptera_fmnh481795 0.009113081912  0.007275822635  0.011018404049  0.006596979824  0.004536503327  0.010958031182  0.012396552163  0.010544418791  0.007275822635  0.009391639312  0.010404778976  0.007794785405  0.008189085957  0.007709836526  0.009124450252  0.006650083134  0.009121394575  0.008193495033  0.002661844636  0.009379686231  0.000000000000  0.006360056763  0.006397999453  0.007295728922  0.003652063623  0.000000000000  0.000000000000  0.006360056763  0.009113081912  0.009276817077  
piranga_lutea_ku89864 0.004540012308  0.000904269280  0.006404154613  0.007542951715  0.005444290961  0.006360056763  0.006641781799  0.006681822666  0.002718392224  0.004677325409  0.005654086103  0.005548351608  0.001809366799  0.003290943179  0.004544750301  0.000000000000  0.002720857685  0.003628261253  0.000000000000  0.004670390426  0.006360056763  0.000000000000  0.007315334748  0.004546582200  0.004566263802  0.001430362202  0.000000000000  0.001810397469  0.004540012308  0.004620344830  
piranga_rubriceps_lsu34818 0.010084298022  0.008236391166  0.012006150256  0.000000000000  0.005478411621  0.011939984451  0.013433673884  0.011496440322  0.008236391166  0.010405033969  0.011419853066  0.010022064771  0.009157809436  0.009917941926  0.010100392735  0.007651163729  0.010093551576  0.009159376227  0.005334836977  0.010948697347  0.006397999453  0.007315334748  0.000000000000  0.008259066485  0.003673802810  0.002864319114  0.001717848480  0.007315334748  0.010084298022  0.010270140809  
piranga_roseogularis_ku2141 0.005461060637  0.005461060637  0.007335870076  0.008516992784  0.006374693318  0.005461060637  0.008571243525  0.004776795407  0.003633997055  0.005633300459  0.006612391470  0.002213051739  0.006374693318  0.004403976302  0.005469103969  0.004754085964  0.005466035743  0.004546582200  0.001329568606  0.007837192807  0.007295728922  0.004546582200  0.008259066485  0.000000000000  0.005484100637  0.001430891407  0.000000000000  0.002723297378  0.005461060637  0.005560334793  
piranga_erythrocephala_fmnh343371 0.007325527818  0.005484100637  0.009225465841  0.003770774682  0.002735714337  0.009174679995  0.010492119913  0.007703189866  0.005484100637  0.007557341389  0.008514480240  0.005553602991  0.006402326260  0.005511654467  0.007336585687  0.004752910873  0.007332241992  0.006403852639  0.002661844636  0.006311998196  0.003652063623  0.004566263802  0.003673802810  0.005484100637  0.000000000000  0.000000000000  0.000000000000  0.004566263802  0.007325527818  0.007459727424  
piranga_erythrocephala_fmnh343370 0.002863858383  0.001430362202  0.004308209739  0.002864319114  0.001430362202  0.002866442926  0.005741234248  0.002866442926  0.001430362202  0.002864319114  0.001430362202  0.004306685009  0.001430362202  0.001430362202  0.002868427171  0.001430362202  0.001430362202  0.001430362202  0.001658035105  0.002032010644  0.000000000000  0.001430362202  0.002864319114  0.001430891407  0.000000000000  0.000000000000  0.000000000000  0.001430362202  0.002863858383  0.001430362202  
piranga_ludoviciana_sdsu2650 0.000000000000  0.000000000000  0.001718611912  0.001717848480  0.001718611912  0.000000000000  0.003443950852  0.000000000000  0.000000000000  0.000000000000  0.000000000000  0.001718611912  0.000000000000  0.000000000000  0.001717848480  0.000000000000  0.000000000000  0.000000000000  0.000000000000  0.000000000000  0.000000000000  0.000000000000  0.001717848480  0.000000000000  0.000000000000  0.000000000000  0.000000000000  0.000000000000  0.001718611912  0.000000000000  
piranga_bidentata_tepe59 0.002718392224  0.002718392224  0.004564882074  0.007542951715  0.005444290961  0.006360056763  0.005686901826  0.005721439261  0.000904269280  0.002802770711  0.003761320813  0.004433262480  0.003625581788  0.002191229821  0.002721467516  0.001892631559  0.002720857685  0.001810397469  0.000000000000  0.003108686996  0.006360056763  0.001810397469  0.007315334748  0.002723297378  0.004566263802  0.001430362202  0.000000000000  0.000000000000  0.002718392224  0.002766643607  
piranga_rubra_sdsu2635 0.005453653191  0.005453653191  0.007326676933  0.010398903568  0.008189085957  0.007275822635  0.006641781799  0.006681822666  0.003628261253  0.005617600755  0.006603525360  0.007787028449  0.006364013397  0.005498635244  0.005459227713  0.004746903838  0.005458614820  0.002718392224  0.002664077009  0.004670390426  0.009113081912  0.004540012308  0.010084298022  0.005461060637  0.007325527818  0.002863858383  0.001718611912  0.002718392224  0.000000000000  0.005550127014  
piranga_bidentata_itm141 0.003692519769  0.005550127014  0.003713085833  0.010596635818  0.008337578528  0.009276817077  0.006637471591  0.008604020804  0.003692519769  0.003739309358  0.004793082698  0.007781099992  0.006477769788  0.003288226561  0.003697827258  0.004834795498  0.003695931610  0.002766643607  0.001330025831  0.000000000000  0.009276817077  0.004620344830  0.010270140809  0.005560334793  0.007459727424  0.001430362202  0.000000000000  0.002766643607  0.005550127014  0.000000000000  

