30
cardinalis_cardinalis_ku21828 0.000000000000  0.000000000000  0.018788067992  0.017761059144  0.023969022638  0.026558194768  0.023424188127  0.023424188127  0.020327960689  0.018259279931  0.021365542295  0.018265025297  0.018265025297  0.019816540330  0.020342016465  0.019292542903  0.018271164088  0.020342016465  0.019305510606  0.020861081968  0.022942787654  0.019823493055  0.021892797864  0.019305510606  0.022405296784  0.023447233275  0.014672477265  0.014672477265  0.018788067992  0.015699871228  
cardinalis_cardinalis_ku25393 0.000000000000  0.000000000000  0.018788067992  0.017761059144  0.023969022638  0.026558194768  0.023424188127  0.023424188127  0.020327960689  0.018259279931  0.021365542295  0.018265025297  0.018265025297  0.019816540330  0.020342016465  0.019292542903  0.018271164088  0.020342016465  0.019305510606  0.020861081968  0.022942787654  0.019823493055  0.021892797864  0.019305510606  0.022405296784  0.023447233275  0.014672477265  0.014672477265  0.018788067992  0.015699871228  
piranga_erythrocephala_fmnh343371 0.018788067992  0.018788067992  0.000000000000  0.002003211860  0.010084473618  0.012624045336  0.008552362510  0.008552362510  0.011614500033  0.009575510798  0.012637143377  0.009579069531  0.009579069531  0.011108315808  0.011624113646  0.010593958715  0.009583014716  0.011624113646  0.010602515313  0.012135702165  0.015216352862  0.011113051723  0.013154665494  0.010602515313  0.013661897424  0.014688770904  0.006033661776  0.006033661776  0.010092503336  0.007046407313  
piranga_erythrocephala_fmnh343370 0.017761059144  0.017761059144  0.002003211860  0.000000000000  0.009070365692  0.011606438089  0.008554237323  0.008554237323  0.010598043516  0.008562182530  0.011619113069  0.008565603257  0.008565603257  0.010092503336  0.010607373730  0.009579069531  0.008569409520  0.010607373730  0.009587345976  0.011118174532  0.014194064637  0.010097097904  0.012135702165  0.009587345976  0.012642286826  0.013667573477  0.005025346682  0.005025346682  0.009078116872  0.006036548722  
piranga_leucoptera_fmnh481795 0.023969022638  0.023969022638  0.010084473618  0.009070365692  0.000000000000  0.005523958374  0.014663567730  0.014663567730  0.016735509512  0.014677518277  0.017767712900  0.014682949616  0.014682949616  0.016226447465  0.016748911361  0.014677518277  0.014688770904  0.016748911361  0.015717772603  0.017265284914  0.020374855276  0.016233074295  0.018291937232  0.015717772603  0.018802066680  0.019838579830  0.011108315808  0.011108315808  0.014688770904  0.012130436380  
piranga_leucoptera_lsu7783 0.026558194768  0.026558194768  0.012624045336  0.011606438089  0.005523958374  0.000000000000  0.017218930676  0.017218930676  0.019298829759  0.017233368947  0.020334791295  0.017238967932  0.017238967932  0.018788067992  0.019312585069  0.017233368947  0.017244959397  0.019312585069  0.018277695925  0.019830839680  0.022951779265  0.018794870859  0.020861081968  0.018277695925  0.021372918927  0.022413221732  0.013651712750  0.013651712750  0.017244959397  0.014677518277  
piranga_rubriceps_lsu265 0.023424188127  0.023424188127  0.008552362510  0.008554237323  0.014663567730  0.017218930676  0.000000000000  0.000000000000  0.016203851799  0.014151199752  0.017233368947  0.014155192685  0.014155192685  0.015694686122  0.016214366549  0.015176465000  0.014159576423  0.016214366549  0.015185908500  0.016729395570  0.019830839680  0.015699871228  0.017238967932  0.015185908500  0.018265025297  0.019298829759  0.010586951600  0.010586951600  0.014672477265  0.011606438089  
piranga_rubriceps_lsu34818 0.023424188127  0.023424188127  0.008552362510  0.008554237323  0.014663567730  0.017218930676  0.000000000000  0.000000000000  0.016203851799  0.014151199752  0.017233368947  0.014155192685  0.014155192685  0.015694686122  0.016214366549  0.015176465000  0.014159576423  0.016214366549  0.015185908500  0.016729395570  0.019830839680  0.015699871228  0.017238967932  0.015185908500  0.018265025297  0.019298829759  0.010586951600  0.010586951600  0.014672477265  0.011606438089  
piranga_flava_ku90809 0.020327960689  0.020327960689  0.011614500033  0.010598043516  0.016735509512  0.019298829759  0.016203851799  0.016203851799  0.000000000000  0.002004039069  0.007043384529  0.004014347047  0.004014347047  0.005528062622  0.009074048379  0.008051745319  0.007043384529  0.009074048379  0.008057678283  0.009583014716  0.012647818366  0.008565603257  0.010598043516  0.008057678283  0.011103967161  0.012125558411  0.006534635405  0.006534635405  0.010593958715  0.007547373981  
piranga_flava_lsu15408 0.018259279931  0.018259279931  0.009575510798  0.008562182530  0.014677518277  0.017233368947  0.014151199752  0.014151199752  0.002004039069  0.000000000000  0.005020992233  0.002003211860  0.002003211860  0.003510799010  0.007043384529  0.006027305366  0.005020992233  0.007043384529  0.006031158650  0.007550272394  0.010602515313  0.006537013632  0.008562182530  0.006031158650  0.009067069185  0.010084473618  0.004515334514  0.004515334514  0.008559147713  0.005523958374  
piranga_lutea_ku89864 0.021365542295  0.021365542295  0.012637143377  0.011619113069  0.017767712900  0.020334791295  0.017233368947  0.017233368947  0.007043384529  0.005020992233  0.000000000000  0.005022977813  0.005022977813  0.006539776322  0.010092503336  0.009067069185  0.008057678283  0.010092503336  0.009074048379  0.010602515313  0.013673638177  0.009583014716  0.011619113069  0.009074048379  0.012125558411  0.013149256018  0.007547373981  0.007547373981  0.011614500033  0.008562182530  
piranga_lutea_lsu5400 0.018265025297  0.018265025297  0.009579069531  0.008565603257  0.014682949616  0.017238967932  0.014155192685  0.014155192685  0.004014347047  0.002003211860  0.005022977813  0.000000000000  0.000000000000  0.001502270447  0.007046407313  0.006029039721  0.005022977813  0.007046407313  0.006033661776  0.007553555804  0.010607373730  0.006539776322  0.008565603257  0.006033661776  0.009070365692  0.010088295116  0.004516678706  0.004516678706  0.008562182530  0.005525818533  
piranga_hepatica_ku9084 0.018265025297  0.018265025297  0.009579069531  0.008565603257  0.014682949616  0.017238967932  0.014155192685  0.014155192685  0.004014347047  0.002003211860  0.005022977813  0.000000000000  0.000000000000  0.001502270447  0.007046407313  0.006029039721  0.005022977813  0.007046407313  0.006033661776  0.007553555804  0.010607373730  0.006539776322  0.008565603257  0.006033661776  0.009070365692  0.010088295116  0.004516678706  0.004516678706  0.008562182530  0.005525818533  
piranga_hepatica_ku4970 0.019816540330  0.019816540330  0.011108315808  0.010092503336  0.016226447465  0.018788067992  0.015694686122  0.015694686122  0.005528062622  0.003510799010  0.006539776322  0.001502270447  0.001502270447  0.000000000000  0.008569409520  0.007547373981  0.006539776322  0.008569409520  0.007553555804  0.009078116872  0.012141355395  0.008061222852  0.010092503336  0.007553555804  0.010598043516  0.011619113069  0.006031158650  0.006031158650  0.010088295116  0.007043384529  
piranga_olivacea_ku2699 0.020342016465  0.020342016465  0.011624113646  0.010607373730  0.016748911361  0.019312585069  0.016214366549  0.016214366549  0.009074048379  0.007043384529  0.010092503336  0.007046407313  0.007046407313  0.008569409520  0.000000000000  0.008057678283  0.007049814451  0.009082570796  0.008065152312  0.009592062940  0.012660044238  0.008573600943  0.010607373730  0.008065152312  0.011113051723  0.012135702165  0.006539776322  0.006539776322  0.010602515313  0.007553555804  
piranga_olivacea_ku4672 0.019292542903  0.019292542903  0.010593958715  0.009579069531  0.014677518277  0.017233368947  0.015176465000  0.015176465000  0.008051745319  0.006027305366  0.009067069185  0.006029039721  0.006029039721  0.007547373981  0.008057678283  0.000000000000  0.006031158650  0.008057678283  0.007043384529  0.008565603257  0.011624113646  0.007550272394  0.009579069531  0.007043384529  0.010084473618  0.011103967161  0.005523958374  0.005523958374  0.009575510798  0.006534635405  
piranga_bidentata_tepe59 0.018271164088  0.018271164088  0.009583014716  0.008569409520  0.014688770904  0.017244959397  0.014159576423  0.014159576423  0.007043384529  0.005020992233  0.008057678283  0.005022977813  0.005022977813  0.006539776322  0.007049814451  0.006031158650  0.000000000000  0.002004039069  0.001001008409  0.002506315301  0.005530690266  0.001502270447  0.003510799010  0.001001008409  0.009074048379  0.010092503336  0.004518406302  0.004518406302  0.008565603257  0.005528062622  
piranga_bidentata_hgoslp104 0.020342016465  0.020342016465  0.011624113646  0.010607373730  0.016748911361  0.019312585069  0.016214366549  0.016214366549  0.009074048379  0.007043384529  0.010092503336  0.007046407313  0.007046407313  0.008569409520  0.009082570796  0.008057678283  0.002004039069  0.000000000000  0.003009100169  0.004520516923  0.007557223836  0.003512394705  0.005528062622  0.003009100169  0.011113051723  0.012135702165  0.006539776322  0.006539776322  0.010602515313  0.007553555804  
piranga_ludoviciana_sdsu2648 0.019305510606  0.019305510606  0.010602515313  0.009587345976  0.015717772603  0.018277695925  0.015185908500  0.015185908500  0.008057678283  0.006031158650  0.009074048379  0.006033661776  0.006033661776  0.007553555804  0.008065152312  0.007043384529  0.001001008409  0.003009100169  0.000000000000  0.001502270447  0.004520516923  0.000500251933  0.002505232448  0.000000000000  0.010092503336  0.011113051723  0.005528062622  0.005528062622  0.009583014716  0.006539776322  
piranga_ludoviciana_sdsu2385 0.020861081968  0.020861081968  0.012135702165  0.011118174532  0.017265284914  0.019830839680  0.016729395570  0.016729395570  0.009583014716  0.007550272394  0.010602515313  0.007553555804  0.007553555804  0.009078116872  0.009592062940  0.008565603257  0.002506315301  0.004520516923  0.001502270447  0.000000000000  0.006036548722  0.002004039069  0.004014347047  0.001502270447  0.011624113646  0.012647818366  0.007046407313  0.007046407313  0.011113051723  0.008061222852  
piranga_ludoviciana_sdsu2650 0.022942787654  0.022942787654  0.015216352862  0.014194064637  0.020374855276  0.022951779265  0.019830839680  0.019830839680  0.012647818366  0.010602515313  0.013673638177  0.010607373730  0.010607373730  0.012141355395  0.012660044238  0.011624113646  0.005530690266  0.007557223836  0.004520516923  0.006036548722  0.000000000000  0.005025346682  0.007046407313  0.004520516923  0.014701581837  0.015731658159  0.010097097904  0.010097097904  0.014187343977  0.011118174532  
piranga_ludoviciana_sdsu2208 0.019823493055  0.019823493055  0.011113051723  0.010097097904  0.016233074295  0.018794870859  0.015699871228  0.015699871228  0.008565603257  0.006537013632  0.009583014716  0.006539776322  0.006539776322  0.008061222852  0.008573600943  0.007550272394  0.001502270447  0.003512394705  0.000500251933  0.002004039069  0.005025346682  0.000000000000  0.003007761154  0.000500251933  0.010602515313  0.011624113646  0.006033661776  0.006033661776  0.010092503336  0.007046407313  
piranga_bidentata_itm160 0.021892797864  0.021892797864  0.013154665494  0.012135702165  0.018291937232  0.020861081968  0.017238967932  0.017238967932  0.010598043516  0.008562182530  0.011619113069  0.008565603257  0.008565603257  0.010092503336  0.010607373730  0.009579069531  0.003510799010  0.005528062622  0.002505232448  0.004014347047  0.007046407313  0.003007761154  0.000000000000  0.002505232448  0.012642286826  0.013667573477  0.008057678283  0.008057678283  0.012130436380  0.009074048379  
piranga_bidentata_itm141 0.019305510606  0.019305510606  0.010602515313  0.009587345976  0.015717772603  0.018277695925  0.015185908500  0.015185908500  0.008057678283  0.006031158650  0.009074048379  0.006033661776  0.006033661776  0.007553555804  0.008065152312  0.007043384529  0.001001008409  0.003009100169  0.000000000000  0.001502270447  0.004520516923  0.000500251933  0.002505232448  0.000000000000  0.010092503336  0.011113051723  0.005528062622  0.005528062622  0.009583014716  0.006539776322  
piranga_roseogularis_ku2049 0.022405296784  0.022405296784  0.013661897424  0.012642286826  0.018802066680  0.021372918927  0.018265025297  0.018265025297  0.011103967161  0.009067069185  0.012125558411  0.009070365692  0.009070365692  0.010598043516  0.011113051723  0.010084473618  0.009074048379  0.011113051723  0.010092503336  0.011624113646  0.014701581837  0.010602515313  0.012642286826  0.010092503336  0.000000000000  0.001001008409  0.008562182530  0.008562182530  0.012637143377  0.009579069531  
piranga_roseogularis_ku2141 0.023447233275  0.023447233275  0.014688770904  0.013667573477  0.019838579830  0.022413221732  0.019298829759  0.019298829759  0.012125558411  0.010084473618  0.013149256018  0.010088295116  0.010088295116  0.011619113069  0.012135702165  0.011103967161  0.010092503336  0.012135702165  0.011113051723  0.012647818366  0.015731658159  0.011624113646  0.013667573477  0.011113051723  0.001001008409  0.000000000000  0.009579069531  0.009579069531  0.013661897424  0.010598043516  
piranga_rubra_sdsu2654 0.014672477265  0.014672477265  0.006033661776  0.005025346682  0.011108315808  0.013651712750  0.010586951600  0.010586951600  0.006534635405  0.004515334514  0.007547373981  0.004516678706  0.004516678706  0.006031158650  0.006539776322  0.005523958374  0.004518406302  0.006539776322  0.005528062622  0.007046407313  0.010097097904  0.006033661776  0.008057678283  0.005528062622  0.008562182530  0.009579069531  0.000000000000  0.000000000000  0.004014347047  0.001001008409  
piranga_rubra_sdsu2635 0.014672477265  0.014672477265  0.006033661776  0.005025346682  0.011108315808  0.013651712750  0.010586951600  0.010586951600  0.006534635405  0.004515334514  0.007547373981  0.004516678706  0.004516678706  0.006031158650  0.006539776322  0.005523958374  0.004518406302  0.006539776322  0.005528062622  0.007046407313  0.010097097904  0.006033661776  0.008057678283  0.005528062622  0.008562182530  0.009579069531  0.000000000000  0.000000000000  0.004014347047  0.001001008409  
piranga_rubra_ku7046 0.018788067992  0.018788067992  0.010092503336  0.009078116872  0.014688770904  0.017244959397  0.014672477265  0.014672477265  0.010593958715  0.008559147713  0.011614500033  0.008562182530  0.008562182530  0.010088295116  0.010602515313  0.009575510798  0.008565603257  0.010602515313  0.009583014716  0.011113051723  0.014187343977  0.010092503336  0.012130436380  0.009583014716  0.012637143377  0.013661897424  0.004014347047  0.004014347047  0.000000000000  0.005022977813  
piranga_rubra_ku26592 0.015699871228  0.015699871228  0.007046407313  0.006036548722  0.012130436380  0.014677518277  0.011606438089  0.011606438089  0.007547373981  0.005523958374  0.008562182530  0.005525818533  0.005525818533  0.007043384529  0.007553555804  0.006534635405  0.005528062622  0.007553555804  0.006539776322  0.008061222852  0.011118174532  0.007046407313  0.009074048379  0.006539776322  0.009579069531  0.010598043516  0.001001008409  0.001001008409  0.005022977813  0.000000000000  

