30
piranga_rubra_ku26592 0.000000000000  0.002755807606  0.000000000000  0.008192158376  0.000000000000  0.000000000000  0.000000000000  0.002716873521  0.000000000000  0.002716873521  0.002724275053  0.000000000000  0.002725760820  0.002763423093  0.000000000000  0.002771080787  0.002718351222  0.000000000000  0.011189881411  0.002718351222  0.000000000000  0.002718351222  0.002716873521  0.000000000000  0.000000000000  0.000000000000  0.008205618390  0.002724275053  0.000000000000  0.002718351222  
piranga_flava_ku90809 0.002755807606  0.000000000000  0.008155909387  0.011498555021  0.003261256106  0.004884120645  0.003255946853  0.008149803765  0.004876181963  0.006519778190  0.005520905215  0.004104583231  0.000000000000  0.000000000000  0.003309830163  0.002263107813  0.004889119782  0.003245380038  0.008365798341  0.006523632463  0.003261256106  0.000000000000  0.011505878502  0.003255946853  0.003255946853  0.004038281095  0.005528867823  0.008176458913  0.004876181963  0.006523632463  
piranga_ludoviciana_sdsu2385 0.000000000000  0.008155909387  0.000000000000  0.013056170312  0.003237609843  0.004849602240  0.004897100700  0.006460413454  0.003221962587  0.003224450843  0.002724275053  0.002028931167  0.006481349871  0.005380135650  0.004937399350  0.009108472166  0.011385538524  0.004841775267  0.011189881411  0.003227161506  0.003237609843  0.005266790105  0.011422698625  0.003248126054  0.003232377231  0.002012597452  0.008205618390  0.004852520009  0.003221962587  0.003227161506  
piranga_rubriceps_lsu265 0.008192158376  0.011498555021  0.013056170312  0.000000000000  0.009759723309  0.011404880286  0.008216770176  0.013050109287  0.009759723309  0.013050109287  0.010980945729  0.008170660383  0.013071433211  0.010883964207  0.009954025407  0.011449249103  0.016366646798  0.009759723309  0.016832777965  0.013056170312  0.009759723309  0.013343740314  0.004858797666  0.009807584183  0.009759723309  0.008104440642  0.016494357706  0.014729342065  0.009759723309  0.013056170312  
piranga_leucoptera_lsu7783 0.000000000000  0.003261256106  0.003237609843  0.009759723309  0.000000000000  0.001615846886  0.000000000000  0.003234881588  0.000000000000  0.003234881588  0.002724275053  0.000000000000  0.003240122309  0.002703652223  0.000000000000  0.004553112572  0.006491869050  0.000000000000  0.011189881411  0.003237609843  0.000000000000  0.002646412223  0.008129387696  0.000000000000  0.000000000000  0.000000000000  0.008205618390  0.004868269046  0.000000000000  0.003237609843  
cardinalis_cardinalis_ku25393 0.000000000000  0.004884120645  0.004849602240  0.011404880286  0.001615846886  0.000000000000  0.001629008039  0.001610122976  0.001610641780  0.004844683641  0.002724275053  0.002028931167  0.004852520009  0.002689111335  0.001642385349  0.009108472166  0.009741247600  0.001610641780  0.011189881411  0.004849602240  0.001615846886  0.002632478933  0.009772982468  0.001621085745  0.001613240134  0.002012597452  0.008205618390  0.006481349871  0.001610641780  0.004849602240  
piranga_olivacea_ku2699 0.000000000000  0.003255946853  0.004897100700  0.008216770176  0.000000000000  0.001629008039  0.000000000000  0.004892085219  0.001626358684  0.003261256106  0.002769545206  0.000000000000  0.003261256106  0.002689111335  0.000000000000  0.006814564731  0.008196017997  0.000000000000  0.011189881411  0.003264029093  0.000000000000  0.002674726019  0.008222976957  0.000000000000  0.000000000000  0.000000000000  0.008365798341  0.004908092549  0.001626358684  0.003264029093  
cardinalis_cardinalis_ku21828 0.002716873521  0.008149803765  0.006460413454  0.013050109287  0.003234881588  0.001610122976  0.004892085219  0.000000000000  0.003219260655  0.006467072749  0.005462420040  0.004062891851  0.006477545555  0.008081193301  0.004932300930  0.011402331276  0.011374993260  0.004836872542  0.014003983462  0.006470864728  0.003234881588  0.007910715021  0.011412084184  0.003245380038  0.003229657794  0.004030143633  0.010954434902  0.008110145322  0.003219260655  0.006470864728  
piranga_rubra_ku7046 0.000000000000  0.004876181963  0.003221962587  0.009759723309  0.000000000000  0.001610641780  0.001626358684  0.003219260655  0.000000000000  0.003224450843  0.002724275053  0.000000000000  0.003229657794  0.005380135650  0.001639692339  0.006814564731  0.008103037940  0.001608051781  0.011189881411  0.003227161506  0.000000000000  0.005266790105  0.008129387696  0.000000000000  0.000000000000  0.000000000000  0.008205618390  0.004852520009  0.000000000000  0.003227161506  
piranga_bidentata_hgoslp104 0.002716873521  0.006519778190  0.003224450843  0.013050109287  0.003234881588  0.004844683641  0.003261256106  0.006467072749  0.003224450843  0.000000000000  0.005462420040  0.002028107924  0.006477545555  0.005387067455  0.003288064231  0.009100939703  0.011374993260  0.003224450843  0.014003983462  0.003224450843  0.003234881588  0.005273433233  0.011412084184  0.003245380038  0.003229657794  0.002011787409  0.010954434902  0.004850941040  0.003224450843  0.003224450843  
piranga_ludoviciana_sdsu2648 0.002724275053  0.005520905215  0.002724275053  0.010980945729  0.002724275053  0.002724275053  0.002769545206  0.005462420040  0.002724275053  0.005462420040  0.000000000000  0.002724275053  0.005460609713  0.005536187723  0.002724275053  0.005551555074  0.005460609713  0.002724275053  0.014003983462  0.005460609713  0.002724275053  0.005460609713  0.005462420040  0.002739199764  0.002724275053  0.002746723612  0.010984518511  0.000000000000  0.002724275053  0.005460609713  
piranga_roseogularis_ku2049 0.000000000000  0.004104583231  0.002028931167  0.008170660383  0.000000000000  0.002028931167  0.000000000000  0.004062891851  0.000000000000  0.002028107924  0.002724275053  0.000000000000  0.004071162234  0.002696362175  0.000000000000  0.004542770642  0.004062891851  0.000000000000  0.011189881411  0.002028931167  0.000000000000  0.002639427190  0.006119523736  0.000000000000  0.000000000000  0.000000000000  0.008205618390  0.004071162234  0.000000000000  0.002028931167  
piranga_hepatica_ku4970 0.002725760820  0.000000000000  0.006481349871  0.013071433211  0.003240122309  0.004852520009  0.003261256106  0.006477545555  0.003229657794  0.006477545555  0.005460609713  0.004071162234  0.000000000000  0.000000000000  0.003293478832  0.002263107813  0.004857454559  0.003229657794  0.008365798341  0.006481349871  0.003240122309  0.000000000000  0.011430720507  0.003245380038  0.003234881588  0.004030143633  0.005468398937  0.008123321846  0.003229657794  0.006481349871  
piranga_hepatica_ku9084 0.002763423093  0.000000000000  0.005380135650  0.010883964207  0.002703652223  0.002689111335  0.002689111335  0.008081193301  0.005380135650  0.005387067455  0.005536187723  0.002696362175  0.000000000000  0.000000000000  0.002681899387  0.002696362175  0.002689111335  0.002667590922  0.008365798341  0.005394647797  0.002703652223  0.000000000000  0.008147032464  0.002696362175  0.002696362175  0.002696362175  0.005544194582  0.005401617005  0.005365701372  0.005394647797  
piranga_rubra_sdsu2654 0.000000000000  0.003309830163  0.004937399350  0.009954025407  0.000000000000  0.001642385349  0.000000000000  0.004932300930  0.001639692339  0.003288064231  0.002724275053  0.000000000000  0.003293478832  0.002681899387  0.000000000000  0.006814564731  0.008263749587  0.000000000000  0.011189881411  0.003290883061  0.000000000000  0.002625567162  0.008291156720  0.000000000000  0.000000000000  0.000000000000  0.008205618390  0.004948572961  0.001639692339  0.003290883061  
piranga_flava_lsu15408 0.002771080787  0.002263107813  0.009108472166  0.011449249103  0.004553112572  0.009108472166  0.006814564731  0.011402331276  0.006814564731  0.009100939703  0.005551555074  0.004542770642  0.002263107813  0.002696362175  0.006814564731  0.000000000000  0.000000000000  0.006814564731  0.008365798341  0.009108472166  0.004553112572  0.002681899387  0.011454576879  0.004542770642  0.004542770642  0.004542770642  0.005559606554  0.011428394365  0.006814564731  0.009108472166  
piranga_lutea_lsu5400 0.002718351222  0.004889119782  0.011385538524  0.016366646798  0.006491869050  0.009741247600  0.008196017997  0.011374993260  0.008103037940  0.011374993260  0.005460609713  0.004062891851  0.004857454559  0.002689111335  0.008263749587  0.000000000000  0.000000000000  0.008103037940  0.008365798341  0.011385538524  0.006491869050  0.002632478933  0.014725447296  0.006513010178  0.006481349871  0.004030143633  0.005453487824  0.013044362185  0.008103037940  0.011385538524  
piranga_olivacea_ku4672 0.000000000000  0.003245380038  0.004841775267  0.009759723309  0.000000000000  0.001610641780  0.000000000000  0.004836872542  0.001608051781  0.003224450843  0.002724275053  0.000000000000  0.003229657794  0.002667590922  0.000000000000  0.006814564731  0.008103037940  0.000000000000  0.011189881411  0.003227161506  0.000000000000  0.002611851937  0.008129387696  0.000000000000  0.000000000000  0.000000000000  0.008205618390  0.004852520009  0.001605470099  0.003227161506  
piranga_ludoviciana_sdsu2208 0.011189881411  0.008365798341  0.011189881411  0.016832777965  0.011189881411  0.011189881411  0.011189881411  0.014003983462  0.011189881411  0.014003983462  0.014003983462  0.011189881411  0.008365798341  0.008365798341  0.011189881411  0.008365798341  0.008365798341  0.011189881411  0.000000000000  0.014032085368  0.011189881411  0.008365798341  0.014003983462  0.011189881411  0.011189881411  0.011189881411  0.002771080787  0.011199821227  0.011189881411  0.014032085368  
piranga_bidentata_itm160 0.002718351222  0.006523632463  0.003227161506  0.013056170312  0.003237609843  0.004849602240  0.003264029093  0.006470864728  0.003227161506  0.003224450843  0.005460609713  0.002028931167  0.006481349871  0.005394647797  0.003290883061  0.009108472166  0.011385538524  0.003227161506  0.014032085368  0.000000000000  0.003237609843  0.005280696429  0.011422698625  0.003248126054  0.003232377231  0.002012597452  0.010974955414  0.004852520009  0.003227161506  0.000000000000  
piranga_leucoptera_fmnh481795 0.000000000000  0.003261256106  0.003237609843  0.009759723309  0.000000000000  0.001615846886  0.000000000000  0.003234881588  0.000000000000  0.003234881588  0.002724275053  0.000000000000  0.003240122309  0.002703652223  0.000000000000  0.004553112572  0.006491869050  0.000000000000  0.011189881411  0.003237609843  0.000000000000  0.002646412223  0.008129387696  0.000000000000  0.000000000000  0.000000000000  0.008205618390  0.004868269046  0.000000000000  0.003237609843  
piranga_lutea_ku89864 0.002718351222  0.000000000000  0.005266790105  0.013343740314  0.002646412223  0.002632478933  0.002674726019  0.007910715021  0.005266790105  0.005273433233  0.005460609713  0.002639427190  0.000000000000  0.000000000000  0.002625567162  0.002681899387  0.002632478933  0.002611851937  0.008365798341  0.005280696429  0.002646412223  0.000000000000  0.007973794741  0.002660493792  0.002639427190  0.002667590922  0.005453487824  0.005287374645  0.005252956832  0.005280696429  
piranga_rubriceps_lsu34818 0.002716873521  0.011505878502  0.011422698625  0.004858797666  0.008129387696  0.009772982468  0.008222976957  0.011412084184  0.008129387696  0.011412084184  0.005462420040  0.006119523736  0.011430720507  0.008147032464  0.008291156720  0.011454576879  0.014725447296  0.008129387696  0.014003983462  0.011422698625  0.008129387696  0.007973794741  0.000000000000  0.008169235234  0.008129387696  0.006069995823  0.010954434902  0.013087042855  0.008129387696  0.011422698625  
piranga_roseogularis_ku2141 0.000000000000  0.003255946853  0.003248126054  0.009807584183  0.000000000000  0.001621085745  0.000000000000  0.003245380038  0.000000000000  0.003245380038  0.002739199764  0.000000000000  0.003245380038  0.002696362175  0.000000000000  0.004542770642  0.006513010178  0.000000000000  0.011189881411  0.003248126054  0.000000000000  0.002660493792  0.008169235234  0.000000000000  0.000000000000  0.000000000000  0.008273509610  0.004884120645  0.000000000000  0.003248126054  
piranga_erythrocephala_fmnh343371 0.000000000000  0.003255946853  0.003232377231  0.009759723309  0.000000000000  0.001613240134  0.000000000000  0.003229657794  0.000000000000  0.003229657794  0.002724275053  0.000000000000  0.003234881588  0.002696362175  0.000000000000  0.004542770642  0.006481349871  0.000000000000  0.011189881411  0.003232377231  0.000000000000  0.002639427190  0.008129387696  0.000000000000  0.000000000000  0.000000000000  0.008205618390  0.004860381770  0.000000000000  0.003232377231  
piranga_erythrocephala_fmnh343370 0.000000000000  0.004038281095  0.002012597452  0.008104440642  0.000000000000  0.002012597452  0.000000000000  0.004030143633  0.000000000000  0.002011787409  0.002746723612  0.000000000000  0.004030143633  0.002696362175  0.000000000000  0.004542770642  0.004030143633  0.000000000000  0.011189881411  0.002012597452  0.000000000000  0.002667590922  0.006069995823  0.000000000000  0.000000000000  0.000000000000  0.008296390366  0.004038281095  0.000000000000  0.002012597452  
piranga_ludoviciana_sdsu2650 0.008205618390  0.005528867823  0.008205618390  0.016494357706  0.008205618390  0.008205618390  0.008365798341  0.010954434902  0.008205618390  0.010954434902  0.010984518511  0.008205618390  0.005468398937  0.005544194582  0.008205618390  0.005559606554  0.005453487824  0.008205618390  0.002771080787  0.010974955414  0.008205618390  0.005453487824  0.010954434902  0.008273509610  0.008205618390  0.008296390366  0.000000000000  0.008213953274  0.008205618390  0.010974955414  
piranga_bidentata_tepe59 0.002724275053  0.008176458913  0.004852520009  0.014729342065  0.004868269046  0.006481349871  0.004908092549  0.008110145322  0.004852520009  0.004850941040  0.000000000000  0.004071162234  0.008123321846  0.005401617005  0.004948572961  0.011428394365  0.013044362185  0.004852520009  0.011199821227  0.004852520009  0.004868269046  0.005287374645  0.013087042855  0.004884120645  0.004860381770  0.004038281095  0.008213953274  0.000000000000  0.004852520009  0.004852520009  
piranga_rubra_sdsu2635 0.000000000000  0.004876181963  0.003221962587  0.009759723309  0.000000000000  0.001610641780  0.001626358684  0.003219260655  0.000000000000  0.003224450843  0.002724275053  0.000000000000  0.003229657794  0.005365701372  0.001639692339  0.006814564731  0.008103037940  0.001605470099  0.011189881411  0.003227161506  0.000000000000  0.005252956832  0.008129387696  0.000000000000  0.000000000000  0.000000000000  0.008205618390  0.004852520009  0.000000000000  0.003227161506  
piranga_bidentata_itm141 0.002718351222  0.006523632463  0.003227161506  0.013056170312  0.003237609843  0.004849602240  0.003264029093  0.006470864728  0.003227161506  0.003224450843  0.005460609713  0.002028931167  0.006481349871  0.005394647797  0.003290883061  0.009108472166  0.011385538524  0.003227161506  0.014032085368  0.000000000000  0.003237609843  0.005280696429  0.011422698625  0.003248126054  0.003232377231  0.002012597452  0.010974955414  0.004852520009  0.003227161506  0.000000000000  

