30
piranga_rubra_ku26592 0.000000000000  0.008649368575  0.007197242115  0.008655600972  0.013052422327  0.017422410657  0.004353495567  0.019290478806  0.005756274594  0.004307550518  0.003163385946  0.023697024233  0.008646819976  0.000000000000  0.004309716473  0.007625322123  0.006436401052  0.000000000000  0.006405492089  0.004309716473  0.011581328683  0.007197242115  0.011581328683  0.003674892180  0.013640017063  0.005735043216  0.000000000000  0.004309716473  0.004309716473  0.005756274594  
piranga_flava_ku90809 0.008649368575  0.000000000000  0.010115735223  0.008665504603  0.010128256616  0.020391302714  0.007274219900  0.021275404009  0.011581328683  0.007208190691  0.009551240264  0.023719412513  0.005756274594  0.005659310676  0.010115735223  0.004572014124  0.004287757620  0.006270644457  0.006405492089  0.007200885410  0.008665504603  0.004315513714  0.008665504603  0.007381558407  0.013651430558  0.011534335471  0.003137523012  0.007200885410  0.010115735223  0.008655600972  
piranga_ludoviciana_sdsu2385 0.007197242115  0.010115735223  0.000000000000  0.010128256616  0.014549550934  0.018905725993  0.008743901257  0.019317106124  0.007200885410  0.002868476929  0.006350286647  0.023746251998  0.010106894418  0.000000000000  0.008655600972  0.007637618526  0.008604207866  0.003123857959  0.006405492089  0.008655600972  0.013070238351  0.008655600972  0.013070238351  0.005520280769  0.015195973043  0.005735043216  0.000000000000  0.008655600972  0.008655600972  0.010115735223  
piranga_rubriceps_lsu265 0.008655600972  0.008665504603  0.010128256616  0.000000000000  0.007219145548  0.020403841734  0.007281675309  0.023286647937  0.011596487466  0.007219145548  0.009563309420  0.020500468547  0.008655600972  0.005669318123  0.010128256616  0.007637618526  0.006436401052  0.006280576304  0.009643349529  0.010128256616  0.005764641100  0.007208190691  0.002871723780  0.005523844041  0.007537402802  0.007664443202  0.006300361680  0.007208190691  0.010128256616  0.011596487466  
piranga_leucoptera_lsu7783 0.013052422327  0.010128256616  0.014549550934  0.007219145548  0.000000000000  0.024902908574  0.011715370763  0.027296799262  0.016034467353  0.011615324036  0.014432769907  0.025379278114  0.011581328683  0.007577459402  0.014549550934  0.012291406900  0.008604207866  0.009459007786  0.009643349529  0.011596487466  0.004315513714  0.011596487466  0.007219145548  0.007381558407  0.012125527896  0.009603386766  0.003137523012  0.011596487466  0.014549550934  0.013070238351  
cardinalis_cardinalis_ku25393 0.017422410657  0.020391302714  0.018905725993  0.020403841734  0.024902908574  0.000000000000  0.019100185312  0.003813556805  0.020391302714  0.015955827302  0.017611495796  0.031808482346  0.020382575583  0.009457021618  0.018905725993  0.018471982055  0.019515846023  0.015787828546  0.012884250325  0.018905725993  0.023397474798  0.018905725993  0.023397474798  0.016723326186  0.026046404648  0.013472193611  0.009460873991  0.018905725993  0.018905725993  0.020391302714  
piranga_olivacea_ku2699 0.004353495567  0.007274219900  0.008743901257  0.007281675309  0.011715370763  0.019100185312  0.000000000000  0.021567445818  0.010219113582  0.005814851257  0.004760653050  0.022343295437  0.007270501671  0.000000000000  0.008743901257  0.006158921002  0.006436401052  0.003127709699  0.006405492089  0.008743901257  0.010231893283  0.005810028190  0.010231893283  0.003674892180  0.012112950064  0.007664443202  0.000000000000  0.002900880760  0.008743901257  0.008743901257  
cardinalis_cardinalis_ku21828 0.019290478806  0.021275404009  0.019317106124  0.023286647937  0.027296799262  0.003813556805  0.021567445818  0.000000000000  0.021275404009  0.017347308376  0.020528862937  0.041417654399  0.023240801095  0.012244389877  0.019300450005  0.019300450005  0.023964119056  0.017282244731  0.018028400311  0.019300450005  0.025286595546  0.017335396457  0.023286647937  0.018490289468  0.031123439341  0.019491816557  0.012662972963  0.021275404009  0.019300450005  0.021275404009  
piranga_rubra_ku7046 0.005756274594  0.011581328683  0.007200885410  0.011596487466  0.016034467353  0.020391302714  0.010219113582  0.021275404009  0.000000000000  0.004309716473  0.009551240264  0.026985745021  0.011569859946  0.003770420332  0.007219145548  0.010719928364  0.008604207866  0.003127709699  0.006405492089  0.007219145548  0.014549550934  0.010115735223  0.014549550934  0.005523844041  0.016746625480  0.009603386766  0.000000000000  0.010115735223  0.007219145548  0.008679067110  
piranga_bidentata_hgoslp104 0.004307550518  0.007208190691  0.002868476929  0.007219145548  0.011615324036  0.015955827302  0.005814851257  0.017347308376  0.004309716473  0.000000000000  0.004753597611  0.022120000803  0.007200885410  0.000000000000  0.005756274594  0.006098553167  0.006436401052  0.000000000000  0.006405492089  0.005756274594  0.010144446286  0.005756274594  0.010144446286  0.003674892180  0.012125527896  0.005735043216  0.000000000000  0.005756274594  0.005756274594  0.007208190691  
piranga_ludoviciana_sdsu2648 0.003163385946  0.009551240264  0.006350286647  0.009563309420  0.014432769907  0.017611495796  0.004760653050  0.020528862937  0.009551240264  0.004753597611  0.000000000000  0.024942374841  0.009543643795  0.001880676905  0.006344531595  0.008008230511  0.008604207866  0.001648197054  0.003194160431  0.004750961149  0.012802886037  0.007944606860  0.012802886037  0.005768124084  0.014393806054  0.007664443202  0.003137523012  0.001580468928  0.006344531595  0.004750961149  
piranga_roseogularis_ku2049 0.023697024233  0.023719412513  0.023746251998  0.020500468547  0.025379278114  0.031808482346  0.022343295437  0.041417654399  0.026985745021  0.022120000803  0.024942374841  0.000000000000  0.023697024233  0.015225302984  0.023719412513  0.022096396340  0.019530989740  0.017239577269  0.016163264701  0.025349176625  0.023746251998  0.022096396340  0.023746251998  0.009992921053  0.026630468551  0.017380812778  0.019098047535  0.022096396340  0.023719412513  0.026985745021  
piranga_hepatica_ku4970 0.008646819976  0.005756274594  0.010106894418  0.008655600972  0.011581328683  0.020382575583  0.007270501671  0.023240801095  0.011569859946  0.007200885410  0.009543643795  0.023697024233  0.000000000000  0.001879445510  0.010106894418  0.004565506965  0.004287757620  0.004694093541  0.006405492089  0.010106894418  0.008655600972  0.004309716473  0.011581328683  0.003674892180  0.013640017063  0.007656049473  0.000000000000  0.007197242115  0.010106894418  0.011569859946  
piranga_hepatica_ku9084 0.000000000000  0.005659310676  0.000000000000  0.005669318123  0.007577459402  0.009457021618  0.000000000000  0.012244389877  0.003770420332  0.000000000000  0.001880676905  0.015225302984  0.001879445510  0.000000000000  0.000000000000  0.003764822092  0.004984636224  0.000000000000  0.006405492089  0.003770420332  0.005669318123  0.001879445510  0.009494934600  0.003974298374  0.009463332162  0.005790390836  0.000000000000  0.001880676905  0.000000000000  0.003770420332  
piranga_rubra_sdsu2654 0.004309716473  0.010115735223  0.008655600972  0.010128256616  0.014549550934  0.018905725993  0.008743901257  0.019300450005  0.007219145548  0.005756274594  0.006344531595  0.023719412513  0.010106894418  0.000000000000  0.000000000000  0.007629414192  0.008604207866  0.003127709699  0.006405492089  0.005764641100  0.013070238351  0.008655600972  0.013070238351  0.005523844041  0.015195973043  0.005735043216  0.000000000000  0.008655600972  0.000000000000  0.007219145548  
piranga_flava_lsu15408 0.007625322123  0.004572014124  0.007637618526  0.007637618526  0.012291406900  0.018471982055  0.006158921002  0.019300450005  0.010719928364  0.006098553167  0.008008230511  0.022096396340  0.004565506965  0.003764822092  0.007629414192  0.000000000000  0.002138016198  0.004999161232  0.006405492089  0.009171625535  0.010733997092  0.003042076663  0.010733997092  0.005824115184  0.012873161562  0.009590396123  0.000000000000  0.006093246591  0.007629414192  0.010719928364  
piranga_lutea_lsu5400 0.006436401052  0.004287757620  0.008604207866  0.006436401052  0.008604207866  0.019515846023  0.006436401052  0.023964119056  0.008604207866  0.006436401052  0.008604207866  0.019530989740  0.004287757620  0.004984636224  0.008604207866  0.002138016198  0.000000000000  0.006563131992  0.011148542962  0.008604207866  0.008604207866  0.004287757620  0.006436401052  0.002673285612  0.012939826353  0.007399199581  0.003137523012  0.006436401052  0.008604207866  0.008604207866  
piranga_olivacea_ku4672 0.000000000000  0.006270644457  0.003123857959  0.006280576304  0.009459007786  0.015787828546  0.003127709699  0.017282244731  0.003127709699  0.000000000000  0.001648197054  0.017239577269  0.004694093541  0.000000000000  0.003127709699  0.004999161232  0.006563131992  0.000000000000  0.006405492089  0.003127709699  0.009459007786  0.004694093541  0.009459007786  0.003674892180  0.011023821000  0.005735043216  0.000000000000  0.003127709699  0.003127709699  0.003127709699  
piranga_ludoviciana_sdsu2208 0.006405492089  0.006405492089  0.006405492089  0.009643349529  0.009643349529  0.012884250325  0.006405492089  0.018028400311  0.006405492089  0.006405492089  0.003194160431  0.016163264701  0.006405492089  0.006405492089  0.006405492089  0.006405492089  0.011148542962  0.006405492089  0.000000000000  0.003194160431  0.009643349529  0.006405492089  0.009643349529  0.012884250325  0.016163264701  0.012884250325  0.007775104713  0.003194160431  0.006405492089  0.003194160431  
piranga_bidentata_itm160 0.004309716473  0.007200885410  0.008655600972  0.010128256616  0.011596487466  0.018905725993  0.008743901257  0.019300450005  0.007219145548  0.005756274594  0.004750961149  0.025349176625  0.010106894418  0.003770420332  0.005764641100  0.009171625535  0.008604207866  0.003127709699  0.003194160431  0.000000000000  0.010128256616  0.008655600972  0.010128256616  0.007381558407  0.015195973043  0.009603386766  0.003137523012  0.005751548468  0.005764641100  0.001433232123  
piranga_leucoptera_fmnh481795 0.011581328683  0.008665504603  0.013070238351  0.005764641100  0.004315513714  0.023397474798  0.010231893283  0.025286595546  0.014549550934  0.010144446286  0.012802886037  0.023746251998  0.008655600972  0.005669318123  0.013070238351  0.010733997092  0.008604207866  0.009459007786  0.009643349529  0.010128256616  0.000000000000  0.010128256616  0.005764641100  0.005523844041  0.010590178199  0.007664443202  0.003137523012  0.010128256616  0.013070238351  0.011596487466  
piranga_lutea_ku89864 0.007197242115  0.004315513714  0.008655600972  0.007208190691  0.011596487466  0.018905725993  0.005810028190  0.017335396457  0.010115735223  0.005756274594  0.007944606860  0.022096396340  0.004309716473  0.001879445510  0.008655600972  0.003042076663  0.004287757620  0.004694093541  0.006405492089  0.008655600972  0.010128256616  0.000000000000  0.010128256616  0.003674892180  0.012112950064  0.007656049473  0.000000000000  0.005751548468  0.008655600972  0.010115735223  
piranga_rubriceps_lsu34818 0.011581328683  0.008665504603  0.013070238351  0.002871723780  0.007219145548  0.023397474798  0.010231893283  0.023286647937  0.014549550934  0.010144446286  0.012802886037  0.023746251998  0.011581328683  0.009494934600  0.013070238351  0.010733997092  0.006436401052  0.009459007786  0.009643349529  0.010128256616  0.005764641100  0.010128256616  0.000000000000  0.009248118727  0.010590178199  0.011551968790  0.006300361680  0.010128256616  0.013070238351  0.011596487466  
piranga_roseogularis_ku2141 0.003674892180  0.007381558407  0.005520280769  0.005523844041  0.007381558407  0.016723326186  0.003674892180  0.018490289468  0.005523844041  0.003674892180  0.005768124084  0.009992921053  0.003674892180  0.003974298374  0.005523844041  0.005824115184  0.002673285612  0.003674892180  0.012884250325  0.007381558407  0.005523844041  0.003674892180  0.009248118727  0.000000000000  0.007373774896  0.006116829141  0.006284720488  0.005523844041  0.005523844041  0.007381558407  
piranga_erythrocephala_fmnh343371 0.013640017063  0.013651430558  0.015195973043  0.007537402802  0.012125527896  0.026046404648  0.012112950064  0.031123439341  0.016746625480  0.012125527896  0.014393806054  0.026630468551  0.013640017063  0.009463332162  0.015195973043  0.012873161562  0.012939826353  0.011023821000  0.016163264701  0.015195973043  0.010590178199  0.012112950064  0.010590178199  0.007373774896  0.000000000000  0.009603386766  0.009460873991  0.012112950064  0.015195973043  0.015195973043  
piranga_erythrocephala_fmnh343370 0.005735043216  0.011534335471  0.005735043216  0.007664443202  0.009603386766  0.013472193611  0.007664443202  0.019491816557  0.009603386766  0.005735043216  0.007664443202  0.017380812778  0.007656049473  0.005790390836  0.005735043216  0.009590396123  0.007399199581  0.005735043216  0.012884250325  0.009603386766  0.007664443202  0.007656049473  0.011551968790  0.006116829141  0.009603386766  0.000000000000  0.006284720488  0.007664443202  0.005735043216  0.009603386766  
piranga_ludoviciana_sdsu2650 0.000000000000  0.003137523012  0.000000000000  0.006300361680  0.003137523012  0.009460873991  0.000000000000  0.012662972963  0.000000000000  0.000000000000  0.003137523012  0.019098047535  0.000000000000  0.000000000000  0.000000000000  0.000000000000  0.003137523012  0.000000000000  0.007775104713  0.003137523012  0.003137523012  0.000000000000  0.006300361680  0.006284720488  0.009460873991  0.006284720488  0.000000000000  0.003137523012  0.000000000000  0.003137523012  
piranga_bidentata_tepe59 0.004309716473  0.007200885410  0.008655600972  0.007208190691  0.011596487466  0.018905725993  0.002900880760  0.021275404009  0.010115735223  0.005756274594  0.001580468928  0.022096396340  0.007197242115  0.001880676905  0.008655600972  0.006093246591  0.006436401052  0.003127709699  0.003194160431  0.005751548468  0.010128256616  0.005751548468  0.010128256616  0.005523844041  0.012112950064  0.007664443202  0.003137523012  0.000000000000  0.008655600972  0.007200885410  
piranga_rubra_sdsu2635 0.004309716473  0.010115735223  0.008655600972  0.010128256616  0.014549550934  0.018905725993  0.008743901257  0.019300450005  0.007219145548  0.005756274594  0.006344531595  0.023719412513  0.010106894418  0.000000000000  0.000000000000  0.007629414192  0.008604207866  0.003127709699  0.006405492089  0.005764641100  0.013070238351  0.008655600972  0.013070238351  0.005523844041  0.015195973043  0.005735043216  0.000000000000  0.008655600972  0.000000000000  0.007219145548  
piranga_bidentata_itm141 0.005756274594  0.008655600972  0.010115735223  0.011596487466  0.013070238351  0.020391302714  0.008743901257  0.021275404009  0.008679067110  0.007208190691  0.004750961149  0.026985745021  0.011569859946  0.003770420332  0.007219145548  0.010719928364  0.008604207866  0.003127709699  0.003194160431  0.001433232123  0.011596487466  0.010115735223  0.011596487466  0.007381558407  0.015195973043  0.009603386766  0.003137523012  0.007200885410  0.007219145548  0.000000000000  

