30
cardinalis_cardinalis_ku21828 0.000000000000  0.000000000000  0.002504611723  0.002504611723  0.002504611723  0.002504611723  0.002504611723  0.002504611723  0.002504611723  0.005524507534  0.004514604842  0.004514604842  0.004514604842  0.004514604842  0.004514604842  0.004514604842  0.004514604842  0.002504611723  0.002504611723  0.007540244578  0.003509799784  0.003509799784  0.002504611723  0.002504611723  0.002504611723  0.002504611723  0.002504611723  0.002504611723  0.002504611723  0.002504611723  
cardinalis_cardinalis_ku25393 0.000000000000  0.000000000000  0.002504611723  0.002504611723  0.002504611723  0.002504611723  0.002504611723  0.002504611723  0.002504611723  0.005524507534  0.004514604842  0.004514604842  0.004514604842  0.004514604842  0.004514604842  0.004514604842  0.004514604842  0.002504611723  0.002504611723  0.007540244578  0.003509799784  0.003509799784  0.002504611723  0.002504611723  0.002504611723  0.002504611723  0.002504611723  0.002504611723  0.002504611723  0.002504611723  
piranga_roseogularis_ku2049 0.002504611723  0.002504611723  0.000000000000  0.000000000000  0.000000000000  0.000000000000  0.000000000000  0.000000000000  0.000000000000  0.003007972280  0.002002805267  0.002002805267  0.002002805267  0.002002805267  0.002002805267  0.002002805267  0.002002805267  0.000000000000  0.000000000000  0.005017583696  0.001001042184  0.001001042184  0.000000000000  0.000000000000  0.000000000000  0.000000000000  0.000000000000  0.000000000000  0.000000000000  0.000000000000  
piranga_rubra_sdsu2635 0.002504611723  0.002504611723  0.000000000000  0.000000000000  0.000000000000  0.000000000000  0.000000000000  0.000000000000  0.000000000000  0.003007972280  0.002002805267  0.002002805267  0.002002805267  0.002002805267  0.002002805267  0.002002805267  0.002002805267  0.000000000000  0.000000000000  0.005017583696  0.001001042184  0.001001042184  0.000000000000  0.000000000000  0.000000000000  0.000000000000  0.000000000000  0.000000000000  0.000000000000  0.000000000000  
piranga_roseogularis_ku2141 0.002504611723  0.002504611723  0.000000000000  0.000000000000  0.000000000000  0.000000000000  0.000000000000  0.000000000000  0.000000000000  0.003007972280  0.002002805267  0.002002805267  0.002002805267  0.002002805267  0.002002805267  0.002002805267  0.002002805267  0.000000000000  0.000000000000  0.005017583696  0.001001042184  0.001001042184  0.000000000000  0.000000000000  0.000000000000  0.000000000000  0.000000000000  0.000000000000  0.000000000000  0.000000000000  
piranga_erythrocephala_fmnh343371 0.002504611723  0.002504611723  0.000000000000  0.000000000000  0.000000000000  0.000000000000  0.000000000000  0.000000000000  0.000000000000  0.003007972280  0.002002805267  0.002002805267  0.002002805267  0.002002805267  0.002002805267  0.002002805267  0.002002805267  0.000000000000  0.000000000000  0.005017583696  0.001001042184  0.001001042184  0.000000000000  0.000000000000  0.000000000000  0.000000000000  0.000000000000  0.000000000000  0.000000000000  0.000000000000  
piranga_rubra_sdsu2654 0.002504611723  0.002504611723  0.000000000000  0.000000000000  0.000000000000  0.000000000000  0.000000000000  0.000000000000  0.000000000000  0.003007972280  0.002002805267  0.002002805267  0.002002805267  0.002002805267  0.002002805267  0.002002805267  0.002002805267  0.000000000000  0.000000000000  0.005017583696  0.001001042184  0.001001042184  0.000000000000  0.000000000000  0.000000000000  0.000000000000  0.000000000000  0.000000000000  0.000000000000  0.000000000000  
piranga_lutea_lsu5400 0.002504611723  0.002504611723  0.000000000000  0.000000000000  0.000000000000  0.000000000000  0.000000000000  0.000000000000  0.000000000000  0.003007972280  0.002002805267  0.002002805267  0.002002805267  0.002002805267  0.002002805267  0.002002805267  0.002002805267  0.000000000000  0.000000000000  0.005017583696  0.001001042184  0.001001042184  0.000000000000  0.000000000000  0.000000000000  0.000000000000  0.000000000000  0.000000000000  0.000000000000  0.000000000000  
piranga_lutea_ku89864 0.002504611723  0.002504611723  0.000000000000  0.000000000000  0.000000000000  0.000000000000  0.000000000000  0.000000000000  0.000000000000  0.003007972280  0.002002805267  0.002002805267  0.002002805267  0.002002805267  0.002002805267  0.002002805267  0.002002805267  0.000000000000  0.000000000000  0.005017583696  0.001001042184  0.001001042184  0.000000000000  0.000000000000  0.000000000000  0.000000000000  0.000000000000  0.000000000000  0.000000000000  0.000000000000  
piranga_erythrocephala_fmnh343370 0.005524507534  0.005524507534  0.003007972280  0.003007972280  0.003007972280  0.003007972280  0.003007972280  0.003007972280  0.003007972280  0.000000000000  0.005019812569  0.005019812569  0.005019812569  0.005019812569  0.005019812569  0.005019812569  0.005019812569  0.003007972280  0.003007972280  0.008048246828  0.004014761842  0.004014761842  0.003007972280  0.003007972280  0.003007972280  0.003007972280  0.003007972280  0.003007972280  0.003007972280  0.003007972280  
piranga_ludoviciana_sdsu2648 0.004514604842  0.004514604842  0.002002805267  0.002002805267  0.002002805267  0.002002805267  0.002002805267  0.002002805267  0.002002805267  0.005019812569  0.000000000000  0.000000000000  0.000000000000  0.000000000000  0.000000000000  0.000000000000  0.000000000000  0.002002805267  0.002002805267  0.007034530760  0.003006942862  0.003006942862  0.002002805267  0.002002805267  0.002002805267  0.002002805267  0.002002805267  0.002002805267  0.002002805267  0.002002805267  
piranga_bidentata_tepe59 0.004514604842  0.004514604842  0.002002805267  0.002002805267  0.002002805267  0.002002805267  0.002002805267  0.002002805267  0.002002805267  0.005019812569  0.000000000000  0.000000000000  0.000000000000  0.000000000000  0.000000000000  0.000000000000  0.000000000000  0.002002805267  0.002002805267  0.007034530760  0.003006942862  0.003006942862  0.002002805267  0.002002805267  0.002002805267  0.002002805267  0.002002805267  0.002002805267  0.002002805267  0.002002805267  
piranga_ludoviciana_sdsu2385 0.004514604842  0.004514604842  0.002002805267  0.002002805267  0.002002805267  0.002002805267  0.002002805267  0.002002805267  0.002002805267  0.005019812569  0.000000000000  0.000000000000  0.000000000000  0.000000000000  0.000000000000  0.000000000000  0.000000000000  0.002002805267  0.002002805267  0.007034530760  0.003006942862  0.003006942862  0.002002805267  0.002002805267  0.002002805267  0.002002805267  0.002002805267  0.002002805267  0.002002805267  0.002002805267  
piranga_ludoviciana_sdsu2208 0.004514604842  0.004514604842  0.002002805267  0.002002805267  0.002002805267  0.002002805267  0.002002805267  0.002002805267  0.002002805267  0.005019812569  0.000000000000  0.000000000000  0.000000000000  0.000000000000  0.000000000000  0.000000000000  0.000000000000  0.002002805267  0.002002805267  0.007034530760  0.003006942862  0.003006942862  0.002002805267  0.002002805267  0.002002805267  0.002002805267  0.002002805267  0.002002805267  0.002002805267  0.002002805267  
piranga_ludoviciana_sdsu2650 0.004514604842  0.004514604842  0.002002805267  0.002002805267  0.002002805267  0.002002805267  0.002002805267  0.002002805267  0.002002805267  0.005019812569  0.000000000000  0.000000000000  0.000000000000  0.000000000000  0.000000000000  0.000000000000  0.000000000000  0.002002805267  0.002002805267  0.007034530760  0.003006942862  0.003006942862  0.002002805267  0.002002805267  0.002002805267  0.002002805267  0.002002805267  0.002002805267  0.002002805267  0.002002805267  
piranga_bidentata_itm160 0.004514604842  0.004514604842  0.002002805267  0.002002805267  0.002002805267  0.002002805267  0.002002805267  0.002002805267  0.002002805267  0.005019812569  0.000000000000  0.000000000000  0.000000000000  0.000000000000  0.000000000000  0.000000000000  0.000000000000  0.002002805267  0.002002805267  0.007034530760  0.003006942862  0.003006942862  0.002002805267  0.002002805267  0.002002805267  0.002002805267  0.002002805267  0.002002805267  0.002002805267  0.002002805267  
piranga_bidentata_itm141 0.004514604842  0.004514604842  0.002002805267  0.002002805267  0.002002805267  0.002002805267  0.002002805267  0.002002805267  0.002002805267  0.005019812569  0.000000000000  0.000000000000  0.000000000000  0.000000000000  0.000000000000  0.000000000000  0.000000000000  0.002002805267  0.002002805267  0.007034530760  0.003006942862  0.003006942862  0.002002805267  0.002002805267  0.002002805267  0.002002805267  0.002002805267  0.002002805267  0.002002805267  0.002002805267  
piranga_bidentata_hgoslp104 0.002504611723  0.002504611723  0.000000000000  0.000000000000  0.000000000000  0.000000000000  0.000000000000  0.000000000000  0.000000000000  0.003007972280  0.002002805267  0.002002805267  0.002002805267  0.002002805267  0.002002805267  0.002002805267  0.002002805267  0.000000000000  0.000000000000  0.005017583696  0.001001042184  0.001001042184  0.000000000000  0.000000000000  0.000000000000  0.000000000000  0.000000000000  0.000000000000  0.000000000000  0.000000000000  
piranga_hepatica_ku4970 0.002504611723  0.002504611723  0.000000000000  0.000000000000  0.000000000000  0.000000000000  0.000000000000  0.000000000000  0.000000000000  0.003007972280  0.002002805267  0.002002805267  0.002002805267  0.002002805267  0.002002805267  0.002002805267  0.002002805267  0.000000000000  0.000000000000  0.005017583696  0.001001042184  0.001001042184  0.000000000000  0.000000000000  0.000000000000  0.000000000000  0.000000000000  0.000000000000  0.000000000000  0.000000000000  
piranga_leucoptera_lsu7783 0.007540244578  0.007540244578  0.005017583696  0.005017583696  0.005017583696  0.005017583696  0.005017583696  0.005017583696  0.005017583696  0.008048246828  0.007034530760  0.007034530760  0.007034530760  0.007034530760  0.007034530760  0.007034530760  0.007034530760  0.005017583696  0.005017583696  0.000000000000  0.004010880826  0.004010880826  0.005017583696  0.005017583696  0.005017583696  0.005017583696  0.005017583696  0.005017583696  0.005017583696  0.005017583696  
piranga_flava_lsu15408 0.003509799784  0.003509799784  0.001001042184  0.001001042184  0.001001042184  0.001001042184  0.001001042184  0.001001042184  0.001001042184  0.004014761842  0.003006942862  0.003006942862  0.003006942862  0.003006942862  0.003006942862  0.003006942862  0.003006942862  0.001001042184  0.001001042184  0.004010880826  0.000000000000  0.000000000000  0.001001042184  0.001001042184  0.001001042184  0.001001042184  0.001001042184  0.001001042184  0.001001042184  0.001001042184  
piranga_hepatica_ku9084 0.003509799784  0.003509799784  0.001001042184  0.001001042184  0.001001042184  0.001001042184  0.001001042184  0.001001042184  0.001001042184  0.004014761842  0.003006942862  0.003006942862  0.003006942862  0.003006942862  0.003006942862  0.003006942862  0.003006942862  0.001001042184  0.001001042184  0.004010880826  0.000000000000  0.000000000000  0.001001042184  0.001001042184  0.001001042184  0.001001042184  0.001001042184  0.001001042184  0.001001042184  0.001001042184  
piranga_leucoptera_fmnh481795 0.002504611723  0.002504611723  0.000000000000  0.000000000000  0.000000000000  0.000000000000  0.000000000000  0.000000000000  0.000000000000  0.003007972280  0.002002805267  0.002002805267  0.002002805267  0.002002805267  0.002002805267  0.002002805267  0.002002805267  0.000000000000  0.000000000000  0.005017583696  0.001001042184  0.001001042184  0.000000000000  0.000000000000  0.000000000000  0.000000000000  0.000000000000  0.000000000000  0.000000000000  0.000000000000  
piranga_rubra_ku7046 0.002504611723  0.002504611723  0.000000000000  0.000000000000  0.000000000000  0.000000000000  0.000000000000  0.000000000000  0.000000000000  0.003007972280  0.002002805267  0.002002805267  0.002002805267  0.002002805267  0.002002805267  0.002002805267  0.002002805267  0.000000000000  0.000000000000  0.005017583696  0.001001042184  0.001001042184  0.000000000000  0.000000000000  0.000000000000  0.000000000000  0.000000000000  0.000000000000  0.000000000000  0.000000000000  
piranga_flava_ku90809 0.002504611723  0.002504611723  0.000000000000  0.000000000000  0.000000000000  0.000000000000  0.000000000000  0.000000000000  0.000000000000  0.003007972280  0.002002805267  0.002002805267  0.002002805267  0.002002805267  0.002002805267  0.002002805267  0.002002805267  0.000000000000  0.000000000000  0.005017583696  0.001001042184  0.001001042184  0.000000000000  0.000000000000  0.000000000000  0.000000000000  0.000000000000  0.000000000000  0.000000000000  0.000000000000  
piranga_rubriceps_lsu34818 0.002504611723  0.002504611723  0.000000000000  0.000000000000  0.000000000000  0.000000000000  0.000000000000  0.000000000000  0.000000000000  0.003007972280  0.002002805267  0.002002805267  0.002002805267  0.002002805267  0.002002805267  0.002002805267  0.002002805267  0.000000000000  0.000000000000  0.005017583696  0.001001042184  0.001001042184  0.000000000000  0.000000000000  0.000000000000  0.000000000000  0.000000000000  0.000000000000  0.000000000000  0.000000000000  
piranga_olivacea_ku4672 0.002504611723  0.002504611723  0.000000000000  0.000000000000  0.000000000000  0.000000000000  0.000000000000  0.000000000000  0.000000000000  0.003007972280  0.002002805267  0.002002805267  0.002002805267  0.002002805267  0.002002805267  0.002002805267  0.002002805267  0.000000000000  0.000000000000  0.005017583696  0.001001042184  0.001001042184  0.000000000000  0.000000000000  0.000000000000  0.000000000000  0.000000000000  0.000000000000  0.000000000000  0.000000000000  
piranga_olivacea_ku2699 0.002504611723  0.002504611723  0.000000000000  0.000000000000  0.000000000000  0.000000000000  0.000000000000  0.000000000000  0.000000000000  0.003007972280  0.002002805267  0.002002805267  0.002002805267  0.002002805267  0.002002805267  0.002002805267  0.002002805267  0.000000000000  0.000000000000  0.005017583696  0.001001042184  0.001001042184  0.000000000000  0.000000000000  0.000000000000  0.000000000000  0.000000000000  0.000000000000  0.000000000000  0.000000000000  
piranga_rubriceps_lsu265 0.002504611723  0.002504611723  0.000000000000  0.000000000000  0.000000000000  0.000000000000  0.000000000000  0.000000000000  0.000000000000  0.003007972280  0.002002805267  0.002002805267  0.002002805267  0.002002805267  0.002002805267  0.002002805267  0.002002805267  0.000000000000  0.000000000000  0.005017583696  0.001001042184  0.001001042184  0.000000000000  0.000000000000  0.000000000000  0.000000000000  0.000000000000  0.000000000000  0.000000000000  0.000000000000  
piranga_rubra_ku26592 0.002504611723  0.002504611723  0.000000000000  0.000000000000  0.000000000000  0.000000000000  0.000000000000  0.000000000000  0.000000000000  0.003007972280  0.002002805267  0.002002805267  0.002002805267  0.002002805267  0.002002805267  0.002002805267  0.002002805267  0.000000000000  0.000000000000  0.005017583696  0.001001042184  0.001001042184  0.000000000000  0.000000000000  0.000000000000  0.000000000000  0.000000000000  0.000000000000  0.000000000000  0.000000000000  

