30
piranga_rubra_ku26592 0.000000000000  0.002124415346  0.009353584242  0.012526271977  0.010447907190  0.018881117931  0.004293139567  0.018058108457  0.003179711159  0.005177874743  0.007258959079  0.006169560747  0.002064279110  0.002364454672  0.002064279110  0.002250070369  0.002738572389  0.003175306856  0.005905657589  0.005177874743  0.011505567696  0.002064279110  0.013585360003  0.007254246428  0.010462751804  0.015978832063  0.004567677069  0.007265175629  0.002064279110  0.006318623027  
piranga_flava_ku90809 0.002124415346  0.000000000000  0.009633941545  0.012893003919  0.011843316415  0.019452527519  0.006448963134  0.018611740750  0.004372210620  0.006400804134  0.007476036235  0.007543565638  0.001061397239  0.001200579720  0.003189854003  0.000000000000  0.001367700506  0.005362322346  0.007095786713  0.006400804134  0.012934698119  0.001061397239  0.013983358893  0.008543204087  0.010814796439  0.017606418466  0.006868346331  0.008553744894  0.003189854003  0.008553744894  
piranga_ludoviciana_sdsu2385 0.009353584242  0.009633941545  0.000000000000  0.019973552050  0.017887084719  0.022085132691  0.007539043722  0.021300753634  0.010674115185  0.004134498685  0.002064279110  0.013668212600  0.009353584242  0.011931408343  0.009353584242  0.010201823717  0.009642576917  0.008515844928  0.004718547929  0.004134498685  0.018960683645  0.009353584242  0.021048621875  0.012495108744  0.018747067514  0.024173977035  0.004567677069  0.002063056250  0.009353584242  0.001047196077  
piranga_rubriceps_lsu265 0.012526271977  0.012893003919  0.019973552050  0.000000000000  0.004154897576  0.027528222039  0.015203609542  0.026807881347  0.013938377648  0.015710754974  0.017830794500  0.018760995990  0.012526271977  0.015589348208  0.010415260581  0.013667714655  0.008264971863  0.014991940721  0.017948006804  0.015710754974  0.005199412489  0.012526271977  0.001032065226  0.017817272093  0.005789409164  0.009533256812  0.013845088602  0.017845848386  0.012526271977  0.018131386034  
piranga_leucoptera_lsu7783 0.010447907190  0.011843316415  0.017887084719  0.004154897576  0.000000000000  0.024345876813  0.014147200479  0.023585150380  0.011805183898  0.013628088141  0.015747248819  0.015005092347  0.010447907190  0.011988627839  0.008339731571  0.011400870862  0.006906691429  0.012861942464  0.016790080603  0.013628088141  0.001035270627  0.010447907190  0.005199412489  0.015735753839  0.002315187174  0.007969048911  0.011589597627  0.015760280751  0.010447907190  0.016012668772  
cardinalis_cardinalis_ku25393 0.018881117931  0.019452527519  0.022085132691  0.027528222039  0.024345876813  0.000000000000  0.019618158117  0.001045007421  0.019374309843  0.017812109751  0.019936965579  0.020013521867  0.018881117931  0.020467483204  0.018881117931  0.019441974073  0.016635242785  0.018267787855  0.017926554490  0.017812109751  0.025433368459  0.018881117931  0.028619763390  0.022068931216  0.025950383357  0.032475189679  0.013813212288  0.019952574049  0.018881117931  0.019199587059  
piranga_olivacea_ku2699 0.004293139567  0.006448963134  0.007539043722  0.015203609542  0.014147200479  0.019618158117  0.000000000000  0.018751446541  0.006619727176  0.004293139567  0.005372607630  0.008879625283  0.005372607630  0.007303075053  0.005372607630  0.005870985104  0.005495501735  0.005407470678  0.005905657589  0.004293139567  0.015253307851  0.005372607630  0.016308662304  0.008612086677  0.014581202665  0.020878674925  0.004567677069  0.006454571825  0.005372607630  0.006454571825  
cardinalis_cardinalis_ku21828 0.018058108457  0.018611740750  0.021300753634  0.026807881347  0.023585150380  0.001045007421  0.018751446541  0.000000000000  0.018277061218  0.016976540646  0.019127226726  0.018737557349  0.018058108457  0.019238468211  0.018058108457  0.018275907130  0.016940564626  0.017416331066  0.017926554490  0.016976540646  0.024685642372  0.018058108457  0.027912520630  0.021285195208  0.024739468131  0.032475189679  0.013813212288  0.019142182131  0.018058108457  0.018366481182  
piranga_rubra_ku7046 0.003179711159  0.004372210620  0.010674115185  0.013938377648  0.011805183898  0.019374309843  0.006619727176  0.018277061218  0.000000000000  0.006380384049  0.008520361931  0.008653201957  0.003179711159  0.004736707695  0.003179711159  0.003376546535  0.002835642808  0.005444063046  0.008280857880  0.006380384049  0.012893003919  0.003179711159  0.015027707822  0.007443813793  0.011630035689  0.017589174201  0.004567677069  0.008526394447  0.003179711159  0.008664924197  
piranga_bidentata_hgoslp104 0.005177874743  0.006400804134  0.004134498685  0.015710754974  0.013628088141  0.017812109751  0.004293139567  0.016976540646  0.006380384049  0.000000000000  0.002063056250  0.008659914149  0.005177874743  0.007129513701  0.005177874743  0.005645594877  0.005487961910  0.005304212996  0.001175183480  0.000000000000  0.014692969919  0.005177874743  0.016777083847  0.008299376701  0.014002661131  0.020878674925  0.000000000000  0.002064279110  0.005177874743  0.002096741105  
piranga_ludoviciana_sdsu2648 0.007258959079  0.007476036235  0.002064279110  0.017830794500  0.015747248819  0.019936965579  0.005372607630  0.019127226726  0.008520361931  0.002063056250  0.000000000000  0.011153988408  0.007258959079  0.009520861732  0.007258959079  0.007915651229  0.006868738766  0.006372309479  0.002353325984  0.002063056250  0.016815943519  0.007258959079  0.018900946682  0.010390423982  0.016362675141  0.020878674925  0.000000000000  0.002063056250  0.007258959079  0.001047196077  
piranga_roseogularis_ku2049 0.006169560747  0.007543565638  0.013668212600  0.018760995990  0.015005092347  0.020013521867  0.008879625283  0.018737557349  0.008653201957  0.008659914149  0.011153988408  0.000000000000  0.007413080625  0.008659914149  0.007413080625  0.007413080625  0.010257253150  0.007496439806  0.010372669068  0.008659914149  0.016277142629  0.007413080625  0.020038590674  0.001228605473  0.014949010146  0.022523425004  0.006868346331  0.011163593106  0.007413080625  0.011177458248  
piranga_hepatica_ku4970 0.002064279110  0.001061397239  0.009353584242  0.012526271977  0.010447907190  0.018881117931  0.005372607630  0.018058108457  0.003179711159  0.005177874743  0.007258959079  0.007413080625  0.000000000000  0.001180733799  0.002064279110  0.000000000000  0.002738572389  0.004238549140  0.007095786713  0.005177874743  0.011505567696  0.000000000000  0.013585360003  0.007254246428  0.010462751804  0.017606418466  0.006868346331  0.007265175629  0.002064279110  0.007380072668  
piranga_hepatica_ku9084 0.002364454672  0.001200579720  0.011931408343  0.015589348208  0.011988627839  0.020467483204  0.007303075053  0.019238468211  0.004736707695  0.007129513701  0.009520861732  0.008659914149  0.001180733799  0.000000000000  0.003551177774  0.001180733799  0.003218357459  0.005997752581  0.008701093050  0.007129513701  0.013204458568  0.001180733799  0.016810243112  0.008314034655  0.011945661948  0.019239686153  0.006868346331  0.009530365166  0.003551177774  0.009541732584  
piranga_rubra_sdsu2654 0.002064279110  0.003189854003  0.009353584242  0.010415260581  0.008339731571  0.018881117931  0.005372607630  0.018058108457  0.003179711159  0.005177874743  0.007258959079  0.007413080625  0.002064279110  0.003551177774  0.000000000000  0.002250070369  0.002738572389  0.004238549140  0.007095786713  0.005177874743  0.009392632061  0.002064279110  0.011469575762  0.007254246428  0.008117603650  0.014356887557  0.004567677069  0.007265175629  0.002064279110  0.007380072668  
piranga_flava_lsu15408 0.002250070369  0.000000000000  0.010201823717  0.013667714655  0.011400870862  0.019441974073  0.005870985104  0.018275907130  0.003376546535  0.005645594877  0.007915651229  0.007413080625  0.000000000000  0.001180733799  0.002250070369  0.000000000000  0.001535734628  0.004631138211  0.007189313899  0.005645594877  0.012556295144  0.000000000000  0.014824842769  0.006772331605  0.010462751804  0.017606418466  0.006868346331  0.007923045058  0.002250070369  0.008059888803  
piranga_lutea_lsu5400 0.002738572389  0.001367700506  0.009642576917  0.008264971863  0.006906691429  0.016635242785  0.005495501735  0.016940564626  0.002835642808  0.005487961910  0.006868738766  0.010257253150  0.002738572389  0.003218357459  0.002738572389  0.001535734628  0.000000000000  0.005533513782  0.006065506918  0.005487961910  0.008299269137  0.002738572389  0.008264971863  0.011023438558  0.004781024491  0.004061452696  0.007566619728  0.008253602347  0.002738572389  0.008253602347  
piranga_olivacea_ku4672 0.003175306856  0.005362322346  0.008515844928  0.014991940721  0.012861942464  0.018267787855  0.005407470678  0.017416331066  0.005444063046  0.005304212996  0.006372309479  0.007496439806  0.004238549140  0.005997752581  0.004238549140  0.004631138211  0.005533513782  0.000000000000  0.007146497715  0.005304212996  0.013949834848  0.004238549140  0.016081343459  0.007431379054  0.013157074057  0.021047719785  0.004631138211  0.007442849720  0.004238549140  0.007442849720  
piranga_ludoviciana_sdsu2208 0.005905657589  0.007095786713  0.004718547929  0.017948006804  0.016790080603  0.017926554490  0.005905657589  0.017926554490  0.008280857880  0.001175183480  0.002353325984  0.010372669068  0.007095786713  0.008701093050  0.007095786713  0.007189313899  0.006065506918  0.007146497715  0.000000000000  0.001175183480  0.018012672953  0.007095786713  0.019169310854  0.009468297645  0.016131031573  0.020878674925  0.000000000000  0.003534442449  0.007095786713  0.003534442449  
piranga_bidentata_itm160 0.005177874743  0.006400804134  0.004134498685  0.015710754974  0.013628088141  0.017812109751  0.004293139567  0.016976540646  0.006380384049  0.000000000000  0.002063056250  0.008659914149  0.005177874743  0.007129513701  0.005177874743  0.005645594877  0.005487961910  0.005304212996  0.001175183480  0.000000000000  0.014692969919  0.005177874743  0.016777083847  0.008299376701  0.014002661131  0.020878674925  0.000000000000  0.002064279110  0.005177874743  0.002096741105  
piranga_leucoptera_fmnh481795 0.011505567696  0.012934698119  0.018960683645  0.005199412489  0.001035270627  0.025433368459  0.015253307851  0.024685642372  0.012893003919  0.014692969919  0.016815943519  0.016277142629  0.011505567696  0.013204458568  0.009392632061  0.012556295144  0.008299269137  0.013949834848  0.018012672953  0.014692969919  0.000000000000  0.011505567696  0.006246264326  0.016803394329  0.003477090820  0.009578917403  0.013941606479  0.016830031744  0.011505567696  0.017099865215  
piranga_lutea_ku89864 0.002064279110  0.001061397239  0.009353584242  0.012526271977  0.010447907190  0.018881117931  0.005372607630  0.018058108457  0.003179711159  0.005177874743  0.007258959079  0.007413080625  0.000000000000  0.001180733799  0.002064279110  0.000000000000  0.002738572389  0.004238549140  0.007095786713  0.005177874743  0.011505567696  0.000000000000  0.013585360003  0.007254246428  0.010462751804  0.017606418466  0.006868346331  0.007265175629  0.002064279110  0.007380072668  
piranga_rubriceps_lsu34818 0.013585360003  0.013983358893  0.021048621875  0.001032065226  0.005199412489  0.028619763390  0.016308662304  0.027912520630  0.015027707822  0.016777083847  0.018900946682  0.020038590674  0.013585360003  0.016810243112  0.011469575762  0.014824842769  0.008264971863  0.016081343459  0.019169310854  0.016777083847  0.006246264326  0.013585360003  0.000000000000  0.018886367190  0.006955936860  0.011140892299  0.016192334133  0.018917059746  0.013585360003  0.019220090897  
piranga_roseogularis_ku2141 0.007254246428  0.008543204087  0.012495108744  0.017817272093  0.015735753839  0.022068931216  0.008612086677  0.021285195208  0.007443813793  0.008299376701  0.010390423982  0.001228605473  0.007254246428  0.008314034655  0.007254246428  0.006772331605  0.011023438558  0.007431379054  0.009468297645  0.008299376701  0.016803394329  0.007254246428  0.018886367190  0.000000000000  0.015163335659  0.020878674925  0.006868346331  0.010396666791  0.007254246428  0.010561377553  
piranga_erythrocephala_fmnh343371 0.010462751804  0.010814796439  0.018747067514  0.005789409164  0.002315187174  0.025950383357  0.014581202665  0.024739468131  0.011630035689  0.014002661131  0.016362675141  0.014949010146  0.010462751804  0.011945661948  0.008117603650  0.010462751804  0.004781024491  0.013157074057  0.016131031573  0.014002661131  0.003477090820  0.010462751804  0.006955936860  0.015163335659  0.000000000000  0.004743228432  0.009185629969  0.016377567185  0.010462751804  0.016670114096  
piranga_erythrocephala_fmnh343370 0.015978832063  0.017606418466  0.024173977035  0.009533256812  0.007969048911  0.032475189679  0.020878674925  0.032475189679  0.017589174201  0.020878674925  0.020878674925  0.022523425004  0.017606418466  0.019239686153  0.014356887557  0.017606418466  0.004061452696  0.021047719785  0.020878674925  0.020878674925  0.009578917403  0.017606418466  0.011140892299  0.020878674925  0.004743228432  0.000000000000  0.009185629969  0.022523425004  0.017606418466  0.022523425004  
piranga_ludoviciana_sdsu2650 0.004567677069  0.006868346331  0.004567677069  0.013845088602  0.011589597627  0.013813212288  0.004567677069  0.013813212288  0.004567677069  0.000000000000  0.000000000000  0.006868346331  0.006868346331  0.006868346331  0.004567677069  0.006868346331  0.007566619728  0.004631138211  0.000000000000  0.000000000000  0.013941606479  0.006868346331  0.016192334133  0.006868346331  0.009185629969  0.009185629969  0.000000000000  0.002278264833  0.006868346331  0.002278264833  
piranga_bidentata_tepe59 0.007265175629  0.008553744894  0.002063056250  0.017845848386  0.015760280751  0.019952574049  0.006454571825  0.019142182131  0.008526394447  0.002064279110  0.002063056250  0.011163593106  0.007265175629  0.009530365166  0.007265175629  0.007923045058  0.008253602347  0.007442849720  0.003534442449  0.002064279110  0.016830031744  0.007265175629  0.018917059746  0.010396666791  0.016377567185  0.022523425004  0.002278264833  0.000000000000  0.007265175629  0.000000000000  
piranga_rubra_sdsu2635 0.002064279110  0.003189854003  0.009353584242  0.012526271977  0.010447907190  0.018881117931  0.005372607630  0.018058108457  0.003179711159  0.005177874743  0.007258959079  0.007413080625  0.002064279110  0.003551177774  0.002064279110  0.002250070369  0.002738572389  0.004238549140  0.007095786713  0.005177874743  0.011505567696  0.002064279110  0.013585360003  0.007254246428  0.010462751804  0.017606418466  0.006868346331  0.007265175629  0.000000000000  0.007380072668  
piranga_bidentata_itm141 0.006318623027  0.008553744894  0.001047196077  0.018131386034  0.016012668772  0.019199587059  0.006454571825  0.018366481182  0.008664924197  0.002096741105  0.001047196077  0.011177458248  0.007380072668  0.009541732584  0.007380072668  0.008059888803  0.008253602347  0.007442849720  0.003534442449  0.002096741105  0.017099865215  0.007380072668  0.019220090897  0.010561377553  0.016670114096  0.022523425004  0.002278264833  0.000000000000  0.007380072668  0.000000000000  

