30
piranga_rubra_ku26592 0.000000000000  0.002168397341  0.001084724260  0.001085902165  0.002172840138  0.001084398237  0.000000000000  0.000000000000  0.000000000000  0.001084724260  0.001285523527  0.000000000000  0.002170482081  0.001288376924  0.000000000000  0.001238895791  0.002168129135  0.000000000000  0.001133924083  0.001085902165  0.004574398348  0.004348267309  0.001085902165  0.000000000000  0.002215365356  0.002981581277  0.002565898347  0.001084398237  0.000000000000  0.001084724260  
piranga_flava_ku90809 0.002168397341  0.000000000000  0.003258197709  0.003261740181  0.004352610106  0.003259065673  0.002477271088  0.002170750870  0.002228809235  0.003258197709  0.003862226154  0.002308562212  0.002170482081  0.001288376924  0.002170750870  0.001238895791  0.002168129135  0.002211557221  0.003406171065  0.003261740181  0.006870045586  0.005421627472  0.003261740181  0.002233787930  0.004435049184  0.004474437961  0.005141466119  0.003259065673  0.002168397341  0.003258197709  
piranga_ludoviciana_sdsu2385 0.001084724260  0.003258197709  0.000000000000  0.002174419637  0.003262726725  0.002170482081  0.001237787353  0.001084724260  0.001113718124  0.000000000000  0.000000000000  0.001154876776  0.003259182107  0.002579133957  0.001084724260  0.002483071222  0.003259182107  0.001105102709  0.000000000000  0.000000000000  0.005725011937  0.005446899685  0.002174419637  0.001117451705  0.003327133484  0.004479780502  0.001281771302  0.002170482081  0.001084724260  0.000000000000  
piranga_rubriceps_lsu265 0.001085902165  0.003261740181  0.002174419637  0.000000000000  0.001085575434  0.002172840138  0.001237787353  0.001085902165  0.001114959876  0.002174419637  0.002578032765  0.001156212059  0.003262726725  0.002579133957  0.001085902165  0.002486157880  0.003262726725  0.001106325313  0.002273281181  0.002176786265  0.003426706564  0.004359995113  0.000000000000  0.001118701801  0.001107550625  0.001490550412  0.003858640955  0.002172840138  0.001085902165  0.002174419637  
piranga_leucoptera_lsu7783 0.002172840138  0.004352610106  0.003262726725  0.001085575434  0.000000000000  0.001085902165  0.002476920843  0.002172840138  0.002231011784  0.003262726725  0.003868592672  0.002313598526  0.004352999330  0.003872196381  0.002172840138  0.003732484512  0.004352999330  0.001106325313  0.003411121295  0.002176786265  0.002283664024  0.005452839946  0.001085575434  0.002238502982  0.002216178804  0.001490550412  0.002571403584  0.003261740181  0.002172840138  0.003262726725  
cardinalis_cardinalis_ku25393 0.001084398237  0.003259065673  0.002170482081  0.002172840138  0.001085902165  0.000000000000  0.001237362827  0.001084398237  0.001113374439  0.002170482081  0.002572499127  0.001154507219  0.003258197709  0.002579513777  0.001084398237  0.002483423213  0.003258197709  0.000000000000  0.002268977696  0.001085902165  0.003429837713  0.005445245280  0.002172840138  0.001117105711  0.003324187099  0.002981581277  0.001282226859  0.002170750870  0.001084398237  0.002170482081  
piranga_olivacea_ku2699 0.000000000000  0.002477271088  0.001237787353  0.001237787353  0.002476920843  0.001237362827  0.000000000000  0.000000000000  0.000000000000  0.001237787353  0.001305665099  0.000000000000  0.001237362827  0.001373305029  0.000000000000  0.001241973143  0.001237362827  0.000000000000  0.001254873293  0.001239321370  0.004966282584  0.001238895791  0.001237787353  0.000000000000  0.002494433054  0.002986032843  0.002616246082  0.001237362827  0.000000000000  0.001237787353  
cardinalis_cardinalis_ku21828 0.000000000000  0.002170750870  0.001084724260  0.001085902165  0.002172840138  0.001084398237  0.000000000000  0.000000000000  0.000000000000  0.001084724260  0.001283873076  0.001153175868  0.002170482081  0.001288376924  0.000000000000  0.001240432559  0.002170482081  0.000000000000  0.001133924083  0.001085902165  0.004574398348  0.004352999330  0.001085902165  0.000000000000  0.002212914144  0.002981581277  0.002565898347  0.001084398237  0.000000000000  0.001084724260  
piranga_rubra_ku7046 0.000000000000  0.002228809235  0.001113718124  0.001114959876  0.002231011784  0.001113374439  0.000000000000  0.000000000000  0.000000000000  0.001113718124  0.001285523527  0.000000000000  0.002228525847  0.001288376924  0.000000000000  0.001278493827  0.002228525847  0.000000000000  0.001150889368  0.001114959876  0.004703493182  0.004469740493  0.001114959876  0.000000000000  0.002262992324  0.002981581277  0.002565898347  0.001113374439  0.000000000000  0.001113718124  
piranga_bidentata_hgoslp104 0.001084724260  0.003258197709  0.000000000000  0.002174419637  0.003262726725  0.002170482081  0.001237787353  0.001084724260  0.001113718124  0.000000000000  0.000000000000  0.001154876776  0.003259182107  0.002579133957  0.001084724260  0.002483071222  0.003259182107  0.001105102709  0.000000000000  0.000000000000  0.005725011937  0.005446899685  0.002174419637  0.001117451705  0.003327133484  0.004479780502  0.001281771302  0.002170482081  0.001084724260  0.000000000000  
piranga_ludoviciana_sdsu2648 0.001285523527  0.003862226154  0.000000000000  0.002578032765  0.003868592672  0.002572499127  0.001305665099  0.001283873076  0.001285523527  0.000000000000  0.000000000000  0.002569194497  0.002572499127  0.002708360824  0.001285523527  0.002619672942  0.002572499127  0.001287178226  0.000000000000  0.000000000000  0.006465300103  0.003867204842  0.002578032765  0.001285523527  0.003862612422  0.004479780502  0.001286719144  0.002572499127  0.001285523527  0.000000000000  
piranga_roseogularis_ku2049 0.000000000000  0.002308562212  0.001154876776  0.001156212059  0.002313598526  0.001154507219  0.000000000000  0.001153175868  0.000000000000  0.001154876776  0.002569194497  0.000000000000  0.002310925247  0.001288376924  0.000000000000  0.001306898490  0.002308258137  0.000000000000  0.001175235571  0.001156212059  0.004805199450  0.004630131230  0.001156212059  0.000000000000  0.003466300011  0.002981581277  0.002565898347  0.001154507219  0.000000000000  0.001154876776  
piranga_hepatica_ku4970 0.002170482081  0.002170482081  0.003259182107  0.003262726725  0.004352999330  0.003258197709  0.001237362827  0.002170482081  0.002228525847  0.003259182107  0.002572499127  0.002310925247  0.000000000000  0.001288837190  0.002170482081  0.000000000000  0.002172058150  0.002211278211  0.003407247104  0.003262726725  0.006873274753  0.002172840138  0.003262726725  0.002236000332  0.004437383494  0.002981581277  0.003852307139  0.003258197709  0.002170482081  0.003259182107  
piranga_hepatica_ku9084 0.001288376924  0.001288376924  0.002579133957  0.002579133957  0.003872196381  0.002579513777  0.001373305029  0.001288376924  0.001288376924  0.002579133957  0.002708360824  0.001288376924  0.001288837190  0.000000000000  0.001288376924  0.000000000000  0.000000000000  0.001290038981  0.002579133957  0.002582464222  0.006468706527  0.001288837190  0.002579133957  0.001288376924  0.003873587804  0.003054437989  0.004049927535  0.002579513777  0.001288376924  0.002579133957  
piranga_rubra_sdsu2654 0.000000000000  0.002170750870  0.001084724260  0.001085902165  0.002172840138  0.001084398237  0.000000000000  0.000000000000  0.000000000000  0.001084724260  0.001285523527  0.000000000000  0.002170482081  0.001288376924  0.000000000000  0.001240432559  0.002170482081  0.000000000000  0.001133924083  0.001085902165  0.004574398348  0.004352999330  0.001085902165  0.000000000000  0.002215365356  0.002981581277  0.002565898347  0.001084398237  0.000000000000  0.001084724260  
piranga_flava_lsu15408 0.001238895791  0.001238895791  0.002483071222  0.002486157880  0.003732484512  0.002483423213  0.001241973143  0.001240432559  0.001278493827  0.002483071222  0.002619672942  0.001306898490  0.000000000000  0.000000000000  0.001240432559  0.000000000000  0.000000000000  0.001267153486  0.002517451837  0.002486157880  0.006234784329  0.001240432559  0.002486157880  0.001281771302  0.003752458317  0.002981581277  0.003938278991  0.002483423213  0.001238895791  0.002483071222  
piranga_lutea_lsu5400 0.002168129135  0.002168129135  0.003259182107  0.003262726725  0.004352999330  0.003258197709  0.001237362827  0.002170482081  0.002228525847  0.003259182107  0.002572499127  0.002308258137  0.002172058150  0.000000000000  0.002170482081  0.000000000000  0.000000000000  0.002211278211  0.003407247104  0.003262726725  0.005721131277  0.002170482081  0.003262726725  0.002233503272  0.004437383494  0.002981581277  0.003852307139  0.003258197709  0.002168129135  0.003259182107  
piranga_olivacea_ku4672 0.000000000000  0.002211557221  0.001105102709  0.001106325313  0.001106325313  0.000000000000  0.000000000000  0.000000000000  0.000000000000  0.001105102709  0.001287178226  0.000000000000  0.002211278211  0.001290038981  0.000000000000  0.001267153486  0.002211278211  0.000000000000  0.001141691637  0.001105102709  0.003497820806  0.004435049184  0.001106325313  0.000000000000  0.002245209168  0.002981581277  0.001283873076  0.001104764321  0.000000000000  0.001105102709  
piranga_ludoviciana_sdsu2208 0.001133924083  0.003406171065  0.000000000000  0.002273281181  0.003411121295  0.002268977696  0.001254873293  0.001133924083  0.001150889368  0.000000000000  0.000000000000  0.001175235571  0.003407247104  0.002579133957  0.001133924083  0.002517451837  0.003407247104  0.001141691637  0.000000000000  0.000000000000  0.005798039257  0.005695065283  0.002273281181  0.001154876776  0.003410342750  0.004479780502  0.001281771302  0.002268977696  0.001133924083  0.000000000000  
piranga_bidentata_itm160 0.001085902165  0.003261740181  0.000000000000  0.002176786265  0.002176786265  0.001085902165  0.001239321370  0.001085902165  0.001114959876  0.000000000000  0.000000000000  0.001156212059  0.003262726725  0.002582464222  0.001085902165  0.002486157880  0.003262726725  0.001105102709  0.000000000000  0.000000000000  0.004584173166  0.005452839946  0.002176786265  0.001118701801  0.003330827537  0.004479780502  0.000000000000  0.002172840138  0.001085902165  0.000000000000  
piranga_leucoptera_fmnh481795 0.004574398348  0.006870045586  0.005725011937  0.003426706564  0.002283664024  0.003429837713  0.004966282584  0.004574398348  0.004703493182  0.005725011937  0.006465300103  0.004805199450  0.006873274753  0.006468706527  0.004574398348  0.006234784329  0.005721131277  0.003497820806  0.005798039257  0.004584173166  0.000000000000  0.006881157543  0.003426706564  0.004720144179  0.002295014408  0.001490550412  0.005157520666  0.005721131277  0.004574398348  0.005725011937  
piranga_lutea_ku89864 0.004348267309  0.005421627472  0.005446899685  0.004359995113  0.005452839946  0.005445245280  0.001238895791  0.004352999330  0.004469740493  0.005446899685  0.003867204842  0.004630131230  0.002172840138  0.001288837190  0.004352999330  0.001240432559  0.002170482081  0.004435049184  0.005695065283  0.005452839946  0.006881157543  0.000000000000  0.004359995113  0.004479752202  0.006674478158  0.004474437961  0.005148083326  0.005445245280  0.004348267309  0.005446899685  
piranga_rubriceps_lsu34818 0.001085902165  0.003261740181  0.002174419637  0.000000000000  0.001085575434  0.002172840138  0.001237787353  0.001085902165  0.001114959876  0.002174419637  0.002578032765  0.001156212059  0.003262726725  0.002579133957  0.001085902165  0.002486157880  0.003262726725  0.001106325313  0.002273281181  0.002176786265  0.003426706564  0.004359995113  0.000000000000  0.001118701801  0.001107550625  0.001490550412  0.003858640955  0.002172840138  0.001085902165  0.002174419637  
piranga_roseogularis_ku2141 0.000000000000  0.002233787930  0.001117451705  0.001118701801  0.002238502982  0.001117105711  0.000000000000  0.000000000000  0.000000000000  0.001117451705  0.001285523527  0.000000000000  0.002236000332  0.001288376924  0.000000000000  0.001281771302  0.002233503272  0.000000000000  0.001154876776  0.001118701801  0.004720144179  0.004479752202  0.001118701801  0.000000000000  0.002270700206  0.002981581277  0.002565898347  0.001117105711  0.000000000000  0.001117451705  
piranga_erythrocephala_fmnh343371 0.002215365356  0.004435049184  0.003327133484  0.001107550625  0.002216178804  0.003324187099  0.002494433054  0.002212914144  0.002262992324  0.003327133484  0.003862612422  0.003466300011  0.004437383494  0.003873587804  0.002215365356  0.003752458317  0.004437383494  0.002245209168  0.003410342750  0.003330827537  0.002295014408  0.006674478158  0.001107550625  0.002270700206  0.000000000000  0.000000000000  0.005145149988  0.003324187099  0.002215365356  0.003327133484  
piranga_erythrocephala_fmnh343370 0.002981581277  0.004474437961  0.004479780502  0.001490550412  0.001490550412  0.002981581277  0.002986032843  0.002981581277  0.002981581277  0.004479780502  0.004479780502  0.002981581277  0.002981581277  0.003054437989  0.002981581277  0.002981581277  0.002981581277  0.002981581277  0.004479780502  0.004479780502  0.001490550412  0.004474437961  0.001490550412  0.002981581277  0.000000000000  0.000000000000  0.004479780502  0.004474437961  0.002981581277  0.004479780502  
piranga_ludoviciana_sdsu2650 0.002565898347  0.005141466119  0.001281771302  0.003858640955  0.002571403584  0.001282226859  0.002616246082  0.002565898347  0.002565898347  0.001281771302  0.001286719144  0.002565898347  0.003852307139  0.004049927535  0.002565898347  0.003938278991  0.003852307139  0.001283873076  0.001281771302  0.000000000000  0.005157520666  0.005148083326  0.003858640955  0.002565898347  0.005145149988  0.004479780502  0.000000000000  0.003852307139  0.002565898347  0.001281771302  
piranga_bidentata_tepe59 0.001084398237  0.003259065673  0.002170482081  0.002172840138  0.003261740181  0.002170750870  0.001237362827  0.001084398237  0.001113374439  0.002170482081  0.002572499127  0.001154507219  0.003258197709  0.002579513777  0.001084398237  0.002483423213  0.003258197709  0.001104764321  0.002268977696  0.002172840138  0.005721131277  0.005445245280  0.002172840138  0.001117105711  0.003324187099  0.004474437961  0.003852307139  0.000000000000  0.001084398237  0.002170482081  
piranga_rubra_sdsu2635 0.000000000000  0.002168397341  0.001084724260  0.001085902165  0.002172840138  0.001084398237  0.000000000000  0.000000000000  0.000000000000  0.001084724260  0.001285523527  0.000000000000  0.002170482081  0.001288376924  0.000000000000  0.001238895791  0.002168129135  0.000000000000  0.001133924083  0.001085902165  0.004574398348  0.004348267309  0.001085902165  0.000000000000  0.002215365356  0.002981581277  0.002565898347  0.001084398237  0.000000000000  0.001084724260  
piranga_bidentata_itm141 0.001084724260  0.003258197709  0.000000000000  0.002174419637  0.003262726725  0.002170482081  0.001237787353  0.001084724260  0.001113718124  0.000000000000  0.000000000000  0.001154876776  0.003259182107  0.002579133957  0.001084724260  0.002483071222  0.003259182107  0.001105102709  0.000000000000  0.000000000000  0.005725011937  0.005446899685  0.002174419637  0.001117451705  0.003327133484  0.004479780502  0.001281771302  0.002170482081  0.001084724260  0.000000000000  

