30
piranga_rubra_ku26592 0.000000000000  0.003395309738  0.002260613643  0.005667911863  0.003395309738  0.011409619148  0.005172865111  0.011409619148  0.001237840983  0.001128848766  0.001283930776  0.010024096972  0.001248660492  0.001976839785  0.002260613643  0.007131077634  0.002260613643  0.002260613643  0.001501821496  0.002260613643  0.007955375809  0.001128848766  0.005667911863  0.002522973874  0.004526278149  0.000000000000  0.001855776678  0.002260613643  0.002260613643  0.002260613643  
piranga_flava_ku90809 0.003395309738  0.000000000000  0.003395309738  0.009103602124  0.006817138146  0.014886438399  0.006475362427  0.014886438399  0.004972487521  0.004532952272  0.002571635276  0.011292036128  0.002500889934  0.003962639810  0.005673556587  0.008571017729  0.003395309738  0.005673556587  0.003008808823  0.003395309738  0.011409122312  0.002260613643  0.009103602124  0.006334887625  0.007948992843  0.005011947538  0.003719447544  0.003395309738  0.005673556587  0.003395309738  
piranga_ludoviciana_sdsu2385 0.002260613643  0.003395309738  0.000000000000  0.005667911863  0.003395309738  0.011409619148  0.003874228589  0.011409619148  0.002479189248  0.003395309738  0.000000000000  0.007499174391  0.001248660492  0.000000000000  0.004532952272  0.005695854649  0.002260613643  0.002260613643  0.000000000000  0.002260613643  0.007955375809  0.001128848766  0.005667911863  0.002522973874  0.004526278149  0.001664286669  0.000000000000  0.002260613643  0.004532952272  0.002260613643  
piranga_rubriceps_lsu265 0.005667911863  0.009103602124  0.005667911863  0.000000000000  0.002258954725  0.011405058246  0.006470533827  0.011405058246  0.006217683246  0.006810150939  0.003863135748  0.012555713296  0.006272282754  0.001976839785  0.007955375809  0.008571017729  0.007955375809  0.005667911863  0.004520997643  0.007955375809  0.006805114315  0.006810150939  0.000000000000  0.005055189838  0.005662470452  0.000000000000  0.003714954963  0.007955375809  0.007955375809  0.007955375809  
piranga_leucoptera_lsu7783 0.003395309738  0.006817138146  0.003395309738  0.002258954725  0.000000000000  0.009106974287  0.003874228589  0.009106974287  0.003724064726  0.004532952272  0.002571635276  0.010024096972  0.003756708787  0.001976839785  0.005673556587  0.007131077634  0.005673556587  0.003395309738  0.003008808823  0.005673556587  0.004528643054  0.004532952272  0.002258954725  0.002522973874  0.003391289683  0.000000000000  0.001855776678  0.005673556587  0.005673556587  0.005673556587  
cardinalis_cardinalis_ku25393 0.011409619148  0.014886438399  0.011409619148  0.011405058246  0.009106974287  0.000000000000  0.013007283518  0.000000000000  0.011257519485  0.012565495878  0.009066149193  0.020214103366  0.013881724822  0.009945719999  0.013724430222  0.015795466511  0.013724430222  0.011409619148  0.010620544351  0.013724430222  0.013717119082  0.012565495878  0.011405058246  0.012715371132  0.011402492969  0.008361149582  0.009333065026  0.013724430222  0.011409619148  0.013724430222  
piranga_olivacea_ku2699 0.005172865111  0.006475362427  0.003874228589  0.006470533827  0.003874228589  0.013007283518  0.000000000000  0.013007283518  0.006475362427  0.006475362427  0.002734612631  0.009509551081  0.004074163296  0.001975784742  0.005172865111  0.008563031093  0.005172865111  0.005172865111  0.003152760010  0.003874228589  0.006475362427  0.003874228589  0.006470533827  0.006876096181  0.006468255577  0.005005450740  0.001854846906  0.003874228589  0.006475362427  0.003874228589  
cardinalis_cardinalis_ku21828 0.011409619148  0.014886438399  0.011409619148  0.011405058246  0.009106974287  0.000000000000  0.013007283518  0.000000000000  0.011257519485  0.012565495878  0.009066149193  0.020214103366  0.013881724822  0.009945719999  0.013724430222  0.015795466511  0.013724430222  0.011409619148  0.010620544351  0.013724430222  0.013717119082  0.012565495878  0.011405058246  0.012715371132  0.011402492969  0.008361149582  0.009333065026  0.013724430222  0.011409619148  0.013724430222  
piranga_rubra_ku7046 0.001237840983  0.004972487521  0.002479189248  0.006217683246  0.003724064726  0.011257519485  0.006475362427  0.011257519485  0.000000000000  0.002479189248  0.002636035217  0.008100583888  0.002700093283  0.003962639810  0.003724064726  0.008571017729  0.003724064726  0.001237840983  0.003022449837  0.002479189248  0.006224477905  0.002479189248  0.006217683246  0.002725853572  0.004964455415  0.001664286669  0.001855776678  0.002479189248  0.002479189248  0.002479189248  
piranga_bidentata_hgoslp104 0.001128848766  0.004532952272  0.003395309738  0.006810150939  0.004532952272  0.012565495878  0.006475362427  0.012565495878  0.002479189248  0.000000000000  0.002571635276  0.011292036128  0.002500889934  0.003962639810  0.003395309738  0.008571017729  0.003395309738  0.003395309738  0.003008808823  0.003395309738  0.009103602124  0.002260613643  0.006810150939  0.003789930208  0.005664214575  0.001664286669  0.003719447544  0.003395309738  0.003395309738  0.003395309738  
piranga_ludoviciana_sdsu2648 0.001283930776  0.002571635276  0.000000000000  0.003863135748  0.002571635276  0.009066149193  0.002734612631  0.009066149193  0.002636035217  0.002571635276  0.000000000000  0.005757656663  0.000000000000  0.000000000000  0.003863135748  0.005695854649  0.001283930776  0.001283930776  0.000000000000  0.000000000000  0.005158454638  0.000000000000  0.003863135748  0.002916663793  0.002569488303  0.001664286669  0.000000000000  0.000000000000  0.002571635276  0.000000000000  
piranga_roseogularis_ku2049 0.010024096972  0.011292036128  0.007499174391  0.012555713296  0.010024096972  0.020214103366  0.009509551081  0.020214103366  0.008100583888  0.011292036128  0.005757656663  0.000000000000  0.008792827534  0.003957540211  0.012563655453  0.007238690428  0.010024096972  0.010024096972  0.006692027560  0.010024096972  0.015106729829  0.008759816746  0.012555713296  0.007594091401  0.012550182726  0.008364965899  0.003714954963  0.010024096972  0.012563655453  0.010024096972  
piranga_hepatica_ku4970 0.001248660492  0.002500889934  0.001248660492  0.006272282754  0.003756708787  0.013881724822  0.004074163296  0.013881724822  0.002700093283  0.002500889934  0.000000000000  0.008792827534  0.000000000000  0.000000000000  0.003756708787  0.001447475210  0.001248660492  0.003756708787  0.000000000000  0.001248660492  0.008806075611  0.000000000000  0.006272282754  0.003789930208  0.006267752945  0.001664286669  0.000000000000  0.001248660492  0.003756708787  0.001248660492  
piranga_hepatica_ku9084 0.001976839785  0.003962639810  0.000000000000  0.001976839785  0.001976839785  0.009945719999  0.001975784742  0.009945719999  0.003962639810  0.003962639810  0.000000000000  0.003957540211  0.000000000000  0.000000000000  0.001976839785  0.001976839785  0.001976839785  0.001976839785  0.000000000000  0.000000000000  0.001976839785  0.000000000000  0.001976839785  0.001976839785  0.001976839785  0.001976839785  0.000000000000  0.000000000000  0.001976839785  0.000000000000  
piranga_rubra_sdsu2654 0.002260613643  0.005673556587  0.004532952272  0.007955375809  0.005673556587  0.013724430222  0.005172865111  0.013724430222  0.003724064726  0.003395309738  0.003863135748  0.012563655453  0.003756708787  0.001976839785  0.000000000000  0.010015706045  0.004532952272  0.004532952272  0.003008808823  0.004532952272  0.010254845659  0.003395309738  0.007955375809  0.005060561000  0.006805114315  0.001664286669  0.003719447544  0.004532952272  0.004532952272  0.004532952272  
piranga_flava_lsu15408 0.007131077634  0.008571017729  0.005695854649  0.008571017729  0.007131077634  0.015795466511  0.008563031093  0.015795466511  0.008571017729  0.008571017729  0.005695854649  0.007238690428  0.001447475210  0.001976839785  0.010015706045  0.000000000000  0.007131077634  0.007131077634  0.006576093608  0.005695854649  0.010015706045  0.005695854649  0.008571017729  0.004401598902  0.008563031093  0.003334919653  0.002024874088  0.005695854649  0.008571017729  0.005695854649  
piranga_lutea_lsu5400 0.002260613643  0.003395309738  0.002260613643  0.007955375809  0.005673556587  0.013724430222  0.005172865111  0.013724430222  0.003724064726  0.003395309738  0.001283930776  0.010024096972  0.001248660492  0.001976839785  0.004532952272  0.007131077634  0.000000000000  0.004532952272  0.001501821496  0.002260613643  0.010254845659  0.001128848766  0.007955375809  0.005060561000  0.006805114315  0.003334919653  0.001855776678  0.002260613643  0.004532952272  0.002260613643  
piranga_olivacea_ku4672 0.002260613643  0.005673556587  0.002260613643  0.005667911863  0.003395309738  0.011409619148  0.005172865111  0.011409619148  0.001237840983  0.003395309738  0.001283930776  0.010024096972  0.003756708787  0.001976839785  0.004532952272  0.007131077634  0.004532952272  0.000000000000  0.001501821496  0.002260613643  0.007955375809  0.003395309738  0.005667911863  0.002522973874  0.004526278149  0.000000000000  0.001855776678  0.004532952272  0.004532952272  0.002260613643  
piranga_ludoviciana_sdsu2208 0.001501821496  0.003008808823  0.000000000000  0.004520997643  0.003008808823  0.010620544351  0.003152760010  0.010620544351  0.003022449837  0.003008808823  0.000000000000  0.006692027560  0.000000000000  0.000000000000  0.003008808823  0.006576093608  0.001501821496  0.001501821496  0.000000000000  0.000000000000  0.004520997643  0.000000000000  0.004520997643  0.003397232190  0.001501821496  0.001825290646  0.000000000000  0.000000000000  0.003008808823  0.000000000000  
piranga_bidentata_itm160 0.002260613643  0.003395309738  0.002260613643  0.007955375809  0.005673556587  0.013724430222  0.003874228589  0.013724430222  0.002479189248  0.003395309738  0.000000000000  0.010024096972  0.001248660492  0.000000000000  0.004532952272  0.005695854649  0.002260613643  0.002260613643  0.000000000000  0.000000000000  0.010254845659  0.001128848766  0.007955375809  0.005060561000  0.006805114315  0.001664286669  0.000000000000  0.002260613643  0.004532952272  0.000000000000  
piranga_leucoptera_fmnh481795 0.007955375809  0.011409122312  0.007955375809  0.006805114315  0.004528643054  0.013717119082  0.006475362427  0.013717119082  0.006224477905  0.009103602124  0.005158454638  0.015106729829  0.008806075611  0.001976839785  0.010254845659  0.010015706045  0.010254845659  0.007955375809  0.004520997643  0.010254845659  0.000000000000  0.009103602124  0.006805114315  0.006327849684  0.007944569341  0.001664286669  0.003719447544  0.010254845659  0.010254845659  0.010254845659  
piranga_lutea_ku89864 0.001128848766  0.002260613643  0.001128848766  0.006810150939  0.004532952272  0.012565495878  0.003874228589  0.012565495878  0.002479189248  0.002260613643  0.000000000000  0.008759816746  0.000000000000  0.000000000000  0.003395309738  0.005695854649  0.001128848766  0.003395309738  0.000000000000  0.001128848766  0.009103602124  0.000000000000  0.006810150939  0.003789930208  0.005664214575  0.001664286669  0.000000000000  0.001128848766  0.003395309738  0.001128848766  
piranga_rubriceps_lsu34818 0.005667911863  0.009103602124  0.005667911863  0.000000000000  0.002258954725  0.011405058246  0.006470533827  0.011405058246  0.006217683246  0.006810150939  0.003863135748  0.012555713296  0.006272282754  0.001976839785  0.007955375809  0.008571017729  0.007955375809  0.005667911863  0.004520997643  0.007955375809  0.006805114315  0.006810150939  0.000000000000  0.005055189838  0.005662470452  0.000000000000  0.003714954963  0.007955375809  0.007955375809  0.007955375809  
piranga_roseogularis_ku2141 0.002522973874  0.006334887625  0.002522973874  0.005055189838  0.002522973874  0.012715371132  0.006876096181  0.012715371132  0.002725853572  0.003789930208  0.002916663793  0.007594091401  0.003789930208  0.001976839785  0.005060561000  0.004401598902  0.005060561000  0.002522973874  0.003397232190  0.005060561000  0.006327849684  0.003789930208  0.005055189838  0.000000000000  0.005052241650  0.001664286669  0.001855776678  0.005060561000  0.005060561000  0.005060561000  
piranga_erythrocephala_fmnh343371 0.004526278149  0.007948992843  0.004526278149  0.005662470452  0.003391289683  0.011402492969  0.006468255577  0.011402492969  0.004964455415  0.005664214575  0.002569488303  0.012550182726  0.006267752945  0.001976839785  0.006805114315  0.008563031093  0.006805114315  0.004526278149  0.001501821496  0.006805114315  0.007944569341  0.005664214575  0.005662470452  0.005052241650  0.000000000000  0.000000000000  0.005580172038  0.006805114315  0.006805114315  0.006805114315  
piranga_erythrocephala_fmnh343370 0.000000000000  0.005011947538  0.001664286669  0.000000000000  0.000000000000  0.008361149582  0.005005450740  0.008361149582  0.001664286669  0.001664286669  0.001664286669  0.008364965899  0.001664286669  0.001976839785  0.001664286669  0.003334919653  0.003334919653  0.000000000000  0.001825290646  0.001664286669  0.001664286669  0.001664286669  0.000000000000  0.001664286669  0.000000000000  0.000000000000  0.002208198745  0.001664286669  0.000000000000  0.001664286669  
piranga_ludoviciana_sdsu2650 0.001855776678  0.003719447544  0.000000000000  0.003714954963  0.001855776678  0.009333065026  0.001854846906  0.009333065026  0.001855776678  0.003719447544  0.000000000000  0.003714954963  0.000000000000  0.000000000000  0.003719447544  0.002024874088  0.001855776678  0.001855776678  0.000000000000  0.000000000000  0.003719447544  0.000000000000  0.003714954963  0.001855776678  0.005580172038  0.002208198745  0.000000000000  0.000000000000  0.001855776678  0.000000000000  
piranga_bidentata_tepe59 0.002260613643  0.003395309738  0.002260613643  0.007955375809  0.005673556587  0.013724430222  0.003874228589  0.013724430222  0.002479189248  0.003395309738  0.000000000000  0.010024096972  0.001248660492  0.000000000000  0.004532952272  0.005695854649  0.002260613643  0.004532952272  0.000000000000  0.002260613643  0.010254845659  0.001128848766  0.007955375809  0.005060561000  0.006805114315  0.001664286669  0.000000000000  0.000000000000  0.004532952272  0.002260613643  
piranga_rubra_sdsu2635 0.002260613643  0.005673556587  0.004532952272  0.007955375809  0.005673556587  0.011409619148  0.006475362427  0.011409619148  0.002479189248  0.003395309738  0.002571635276  0.012563655453  0.003756708787  0.001976839785  0.004532952272  0.008571017729  0.004532952272  0.004532952272  0.003008808823  0.004532952272  0.010254845659  0.003395309738  0.007955375809  0.005060561000  0.006805114315  0.000000000000  0.001855776678  0.004532952272  0.000000000000  0.004532952272  
piranga_bidentata_itm141 0.002260613643  0.003395309738  0.002260613643  0.007955375809  0.005673556587  0.013724430222  0.003874228589  0.013724430222  0.002479189248  0.003395309738  0.000000000000  0.010024096972  0.001248660492  0.000000000000  0.004532952272  0.005695854649  0.002260613643  0.002260613643  0.000000000000  0.000000000000  0.010254845659  0.001128848766  0.007955375809  0.005060561000  0.006805114315  0.001664286669  0.000000000000  0.002260613643  0.004532952272  0.000000000000  

