30
cardinalis_cardinalis_ku21828 0.000000000000  0.000500272425  0.016710472788  0.012109159162  0.016200401015  0.011092065273  0.012619783060  0.015169376212  0.011092065273  0.011092065273  0.011092065273  0.011092065273  0.020326607643  0.015176985026  0.011092065273  0.011092065273  0.013130975428  0.014155070649  0.013130975428  0.012109159162  0.017210487642  0.014663815555  0.009566065052  0.011092065273  0.012106535818  0.012106535818  0.012106535818  0.017217012319  0.014144844503  0.014144844503  
cardinalis_cardinalis_ku25393 0.000500272425  0.000000000000  0.017225323189  0.012619783060  0.016714985612  0.011601861085  0.013130975428  0.015682500587  0.011601861085  0.011601861085  0.011601861085  0.011601861085  0.020845530952  0.015690728652  0.011601861085  0.011601861085  0.013642737534  0.014667976048  0.013642737534  0.012619783060  0.017724670841  0.015176985026  0.010074168507  0.011601861085  0.012616853654  0.012616853654  0.012616853654  0.017731817329  0.014656824609  0.014656824609  
piranga_flava_ku90809 0.016710472788  0.017225323189  0.000000000000  0.005017990949  0.009062318284  0.009064872622  0.010588451450  0.013130975428  0.009064872622  0.009064872622  0.009064872622  0.009064872622  0.018274445869  0.013138772630  0.009064872622  0.009064872622  0.011098291774  0.012119673861  0.011098291774  0.010079176595  0.015166238108  0.012626965668  0.007542888609  0.009064872622  0.010076453133  0.010076453133  0.010076453133  0.015172958639  0.012109159162  0.012109159162  
piranga_hepatica_ku4970 0.012109159162  0.012619783060  0.005017990949  0.000000000000  0.004013648818  0.004015370600  0.005527532663  0.008052042382  0.004015370600  0.004015370600  0.004015370600  0.004015370600  0.013153775328  0.008058123154  0.004015370600  0.004015370600  0.006033271809  0.007046424251  0.006033271809  0.005022349931  0.010074168507  0.007550448943  0.002505569658  0.004015370600  0.005020463361  0.005020463361  0.005020463361  0.010079176595  0.007038462730  0.007038462730  
piranga_lutea_lsu5400 0.016200401015  0.016714985612  0.009062318284  0.004013648818  0.000000000000  0.008058123154  0.009580352275  0.012119673861  0.008058123154  0.008058123154  0.008058123154  0.008058123154  0.017260944071  0.012128883969  0.008058123154  0.008058123154  0.010089976416  0.011110924694  0.010089976416  0.009071293123  0.014151218958  0.011617294861  0.006536781315  0.008058123154  0.009067864354  0.009067864354  0.009067864354  0.014159364834  0.011098291774  0.011098291774  
piranga_olivacea_ku2699 0.011092065273  0.011601861085  0.009064872622  0.004015370600  0.008058123154  0.000000000000  0.001501786631  0.004011502789  0.000000000000  0.000000000000  0.000000000000  0.000000000000  0.009071293123  0.004013648818  0.000000000000  0.000000000000  0.005024669601  0.006036192003  0.005024669601  0.004015370600  0.009060201697  0.006539568594  0.001502455398  0.003009843093  0.004013648818  0.004013648818  0.004013648818  0.009064872622  0.006028733214  0.006028733214  
piranga_olivacea_ku4672 0.012619783060  0.013130975428  0.010588451450  0.005527532663  0.009580352275  0.001501786631  0.000000000000  0.005522276018  0.001501786631  0.001501786631  0.001501786631  0.001501786631  0.010595823436  0.005525346518  0.001501786631  0.001501786631  0.006539568594  0.007553840014  0.006539568594  0.005527532663  0.010582834831  0.008058123154  0.003008285247  0.004519742786  0.005525346518  0.005525346518  0.005525346518  0.010588451450  0.007544972885  0.007544972885  
piranga_ludoviciana_sdsu2208 0.015169376212  0.015682500587  0.013130975428  0.008052042382  0.012119673861  0.004011502789  0.005522276018  0.000000000000  0.004011502789  0.004011502789  0.004011502789  0.004011502789  0.013138772630  0.008049656288  0.004011502789  0.004011502789  0.009067864354  0.010085938592  0.009067864354  0.008052042382  0.013124945245  0.010591918201  0.005523594184  0.007040681450  0.008049656288  0.008049656288  0.008049656288  0.013130975428  0.010076453133  0.010076453133  
piranga_ludoviciana_sdsu2648 0.011092065273  0.011601861085  0.009064872622  0.004015370600  0.008058123154  0.000000000000  0.001501786631  0.004011502789  0.000000000000  0.000000000000  0.000000000000  0.000000000000  0.009071293123  0.004013648818  0.000000000000  0.000000000000  0.005024669601  0.006036192003  0.005024669601  0.004015370600  0.009060201697  0.006539568594  0.001502455398  0.003009843093  0.004013648818  0.004013648818  0.004013648818  0.009064872622  0.006028733214  0.006028733214  
piranga_bidentata_hgoslp104 0.011092065273  0.011601861085  0.009064872622  0.004015370600  0.008058123154  0.000000000000  0.001501786631  0.004011502789  0.000000000000  0.000000000000  0.000000000000  0.000000000000  0.009071293123  0.004013648818  0.000000000000  0.000000000000  0.005024669601  0.006036192003  0.005024669601  0.004015370600  0.009060201697  0.006539568594  0.001502455398  0.003009843093  0.004013648818  0.004013648818  0.004013648818  0.009064872622  0.006028733214  0.006028733214  
piranga_bidentata_itm141 0.011092065273  0.011601861085  0.009064872622  0.004015370600  0.008058123154  0.000000000000  0.001501786631  0.004011502789  0.000000000000  0.000000000000  0.000000000000  0.000000000000  0.009071293123  0.004013648818  0.000000000000  0.000000000000  0.005024669601  0.006036192003  0.005024669601  0.004015370600  0.009060201697  0.006539568594  0.001502455398  0.003009843093  0.004013648818  0.004013648818  0.004013648818  0.009064872622  0.006028733214  0.006028733214  
piranga_bidentata_itm160 0.011092065273  0.011601861085  0.009064872622  0.004015370600  0.008058123154  0.000000000000  0.001501786631  0.004011502789  0.000000000000  0.000000000000  0.000000000000  0.000000000000  0.009071293123  0.004013648818  0.000000000000  0.000000000000  0.005024669601  0.006036192003  0.005024669601  0.004015370600  0.009060201697  0.006539568594  0.001502455398  0.003009843093  0.004013648818  0.004013648818  0.004013648818  0.009064872622  0.006028733214  0.006028733214  
piranga_roseogularis_ku2049 0.020326607643  0.020845530952  0.018274445869  0.013153775328  0.017260944071  0.009071293123  0.010595823436  0.013138772630  0.009071293123  0.009071293123  0.009071293123  0.009071293123  0.000000000000  0.005022349931  0.009071293123  0.009071293123  0.014180959394  0.015210446448  0.014180959394  0.013153775328  0.018262208567  0.015719062117  0.010600166803  0.012134148052  0.013148333982  0.013148333982  0.013148333982  0.018274445869  0.015191724349  0.015191724349  
piranga_roseogularis_ku2141 0.015176985026  0.015690728652  0.013138772630  0.008058123154  0.012128883969  0.004013648818  0.005525346518  0.008049656288  0.004013648818  0.004013648818  0.004013648818  0.004013648818  0.005022349931  0.000000000000  0.004013648818  0.004013648818  0.009075158575  0.010094451651  0.009075158575  0.008058123154  0.013130975428  0.010600166803  0.005527532663  0.007046424251  0.008054864789  0.008054864789  0.008054864789  0.013138772630  0.010082338534  0.010082338534  
piranga_ludoviciana_sdsu2385 0.011092065273  0.011601861085  0.009064872622  0.004015370600  0.008058123154  0.000000000000  0.001501786631  0.004011502789  0.000000000000  0.000000000000  0.000000000000  0.000000000000  0.009071293123  0.004013648818  0.000000000000  0.000000000000  0.005024669601  0.006036192003  0.005024669601  0.004015370600  0.009060201697  0.006539568594  0.001502455398  0.003009843093  0.004013648818  0.004013648818  0.004013648818  0.009064872622  0.006028733214  0.006028733214  
piranga_bidentata_tepe59 0.011092065273  0.011601861085  0.009064872622  0.004015370600  0.008058123154  0.000000000000  0.001501786631  0.004011502789  0.000000000000  0.000000000000  0.000000000000  0.000000000000  0.009071293123  0.004013648818  0.000000000000  0.000000000000  0.005024669601  0.006036192003  0.005024669601  0.004015370600  0.009060201697  0.006539568594  0.001502455398  0.003009843093  0.004013648818  0.004013648818  0.004013648818  0.009064872622  0.006028733214  0.006028733214  
piranga_leucoptera_lsu7783 0.013130975428  0.013642737534  0.011098291774  0.006033271809  0.010089976416  0.005024669601  0.006539568594  0.009067864354  0.005024669601  0.005024669601  0.005024669601  0.005024669601  0.014180959394  0.009075158575  0.005024669601  0.005024669601  0.000000000000  0.003009843093  0.002004368332  0.001001090494  0.011092065273  0.008566359283  0.003511551825  0.005024669601  0.006030785427  0.006030785427  0.006030785427  0.011098291774  0.008052042382  0.008052042382  
piranga_rubriceps_lsu265 0.014155070649  0.014667976048  0.012119673861  0.007046424251  0.011110924694  0.006036192003  0.007553840014  0.010085938592  0.006036192003  0.006036192003  0.006036192003  0.006036192003  0.015210446448  0.010094451651  0.006036192003  0.006036192003  0.003009843093  0.000000000000  0.001001090494  0.002004368332  0.012112223524  0.009584522280  0.004519742786  0.006036192003  0.007043335409  0.007043335409  0.007043335409  0.012119673861  0.009067864354  0.009067864354  
piranga_rubriceps_lsu34818 0.013130975428  0.013642737534  0.011098291774  0.006033271809  0.010089976416  0.005024669601  0.006539568594  0.009067864354  0.005024669601  0.005024669601  0.005024669601  0.005024669601  0.014180959394  0.009075158575  0.005024669601  0.005024669601  0.002004368332  0.001001090494  0.000000000000  0.001001090494  0.011092065273  0.008566359283  0.003511551825  0.005024669601  0.006030785427  0.006030785427  0.006030785427  0.011098291774  0.008052042382  0.008052042382  
piranga_leucoptera_fmnh481795 0.012109159162  0.012619783060  0.010079176595  0.005022349931  0.009071293123  0.004015370600  0.005527532663  0.008052042382  0.004015370600  0.004015370600  0.004015370600  0.004015370600  0.013153775328  0.008058123154  0.004015370600  0.004015370600  0.001001090494  0.002004368332  0.001001090494  0.000000000000  0.010074168507  0.007550448943  0.002505569658  0.004015370600  0.005020463361  0.005020463361  0.005020463361  0.010079176595  0.007038462730  0.007038462730  
piranga_flava_lsu15408 0.017210487642  0.017724670841  0.015166238108  0.010074168507  0.014151218958  0.009060201697  0.010582834831  0.013124945245  0.009060201697  0.009060201697  0.009060201697  0.009060201697  0.018262208567  0.013130975428  0.009060201697  0.009060201697  0.011092065273  0.012112223524  0.011092065273  0.010074168507  0.000000000000  0.008556983880  0.007540029354  0.009060201697  0.010072323079  0.010072323079  0.010072323079  0.015166238108  0.012104353855  0.012104353855  
piranga_lutea_ku89864 0.014663815555  0.015176985026  0.012626965668  0.007550448943  0.011617294861  0.006539568594  0.008058123154  0.010591918201  0.006539568594  0.006539568594  0.006539568594  0.006539568594  0.015719062117  0.010600166803  0.006539568594  0.006539568594  0.008566359283  0.009584522280  0.008566359283  0.007550448943  0.008556983880  0.000000000000  0.005022349931  0.006539568594  0.007547493115  0.007547493115  0.007547493115  0.012626965668  0.009573323758  0.009573323758  
piranga_erythrocephala_fmnh343370 0.009566065052  0.010074168507  0.007542888609  0.002505569658  0.006536781315  0.001502455398  0.003008285247  0.005523594184  0.001502455398  0.001502455398  0.001502455398  0.001502455398  0.010600166803  0.005527532663  0.001502455398  0.001502455398  0.003511551825  0.004519742786  0.003511551825  0.002505569658  0.007540029354  0.005022349931  0.000000000000  0.001502455398  0.002504739803  0.002504739803  0.002504739803  0.007542888609  0.004514980188  0.004514980188  
piranga_erythrocephala_fmnh343371 0.011092065273  0.011601861085  0.009064872622  0.004015370600  0.008058123154  0.003009843093  0.004519742786  0.007040681450  0.003009843093  0.003009843093  0.003009843093  0.003009843093  0.012134148052  0.007046424251  0.003009843093  0.003009843093  0.005024669601  0.006036192003  0.005024669601  0.004015370600  0.009060201697  0.006539568594  0.001502455398  0.000000000000  0.004013648818  0.004013648818  0.004013648818  0.009064872622  0.006028733214  0.006028733214  
piranga_hepatica_ku9084 0.012106535818  0.012616853654  0.010076453133  0.005020463361  0.009067864354  0.004013648818  0.005525346518  0.008049656288  0.004013648818  0.004013648818  0.004013648818  0.004013648818  0.013148333982  0.008054864789  0.004013648818  0.004013648818  0.006030785427  0.007043335409  0.006030785427  0.005020463361  0.010072323079  0.007547493115  0.002504739803  0.004013648818  0.000000000000  0.005019010248  0.005019010248  0.010076453133  0.007036679606  0.007036679606  
piranga_rubra_sdsu2635 0.012106535818  0.012616853654  0.010076453133  0.005020463361  0.009067864354  0.004013648818  0.005525346518  0.008049656288  0.004013648818  0.004013648818  0.004013648818  0.004013648818  0.013148333982  0.008054864789  0.004013648818  0.004013648818  0.006030785427  0.007043335409  0.006030785427  0.005020463361  0.010072323079  0.007547493115  0.002504739803  0.004013648818  0.005019010248  0.000000000000  0.000000000000  0.005019010248  0.002002870008  0.002002870008  
piranga_ludoviciana_sdsu2650 0.012106535818  0.012616853654  0.010076453133  0.005020463361  0.009067864354  0.004013648818  0.005525346518  0.008049656288  0.004013648818  0.004013648818  0.004013648818  0.004013648818  0.013148333982  0.008054864789  0.004013648818  0.004013648818  0.006030785427  0.007043335409  0.006030785427  0.005020463361  0.010072323079  0.007547493115  0.002504739803  0.004013648818  0.005019010248  0.000000000000  0.000000000000  0.005019010248  0.002002870008  0.002002870008  
piranga_rubra_sdsu2654 0.017217012319  0.017731817329  0.015172958639  0.010079176595  0.014159364834  0.009064872622  0.010588451450  0.013130975428  0.009064872622  0.009064872622  0.009064872622  0.009064872622  0.018274445869  0.013138772630  0.009064872622  0.009064872622  0.011098291774  0.012119673861  0.011098291774  0.010079176595  0.015166238108  0.012626965668  0.007542888609  0.009064872622  0.010076453133  0.005019010248  0.005019010248  0.000000000000  0.003007158734  0.003007158734  
piranga_rubra_ku7046 0.014144844503  0.014656824609  0.012109159162  0.007038462730  0.011098291774  0.006028733214  0.007544972885  0.010076453133  0.006028733214  0.006028733214  0.006028733214  0.006028733214  0.015191724349  0.010082338534  0.006028733214  0.006028733214  0.008052042382  0.009067864354  0.008052042382  0.007038462730  0.012104353855  0.009573323758  0.004514980188  0.006028733214  0.007036679606  0.002002870008  0.002002870008  0.003007158734  0.000000000000  0.000000000000  
piranga_rubra_ku26592 0.014144844503  0.014656824609  0.012109159162  0.007038462730  0.011098291774  0.006028733214  0.007544972885  0.010076453133  0.006028733214  0.006028733214  0.006028733214  0.006028733214  0.015191724349  0.010082338534  0.006028733214  0.006028733214  0.008052042382  0.009067864354  0.008052042382  0.007038462730  0.012104353855  0.009573323758  0.004514980188  0.006028733214  0.007036679606  0.002002870008  0.002002870008  0.003007158734  0.000000000000  0.000000000000  

