30
piranga_rubra_ku26592 0.000000000000  0.005146964939  0.008259281552  0.010342593203  0.009294867448  0.015612703712  0.007271142809  0.016667895462  0.002197178901  0.008350566412  0.006789121655  0.002668283454  0.007226106025  0.005225000298  0.005146964939  0.004272508005  0.007222689558  0.010356219004  0.008767859903  0.005146964939  0.006290840739  0.007222689558  0.008259281552  0.010356219004  0.005354392671  0.003715695068  0.000000000000  0.006180674892  0.005146964939  0.009564561376  
piranga_flava_ku90809 0.005146964939  0.000000000000  0.009151224067  0.009146654150  0.010170162366  0.017435259787  0.008183243614  0.018475628634  0.003298615379  0.009250065562  0.010039353609  0.005347585797  0.002021716782  0.001736794843  0.004046476890  0.000000000000  0.003035460925  0.011219944138  0.008767859903  0.006083197414  0.007329696126  0.002021128468  0.007101479346  0.011219944138  0.006414898453  0.005584904734  0.001845790859  0.007101479346  0.009165283890  0.009337068145  
piranga_ludoviciana_sdsu2385 0.008259281552  0.009151224067  0.000000000000  0.010179972293  0.009146654150  0.014316381233  0.005099718006  0.015351260949  0.004402287022  0.004094152548  0.002215953518  0.004004463708  0.011215811558  0.005225000298  0.009151224067  0.005701966343  0.010179972293  0.006087607240  0.002908899184  0.003032860882  0.007332072451  0.011211321849  0.008130139520  0.012245285924  0.006419803750  0.001856068620  0.000000000000  0.004046476890  0.011221994769  0.006201553523  
piranga_rubriceps_lsu265 0.010342593203  0.009146654150  0.010179972293  0.000000000000  0.007094282104  0.016373814855  0.009216827963  0.017428149123  0.005508097658  0.010289381895  0.011169226781  0.008039456519  0.011210557535  0.005222194433  0.011204386848  0.005701113076  0.010174222819  0.012255102507  0.008777042855  0.007098179176  0.005227685799  0.009146654150  0.004044476100  0.014310583036  0.006414898453  0.001856068620  0.001845790859  0.008125064082  0.013286104642  0.012461474903  
piranga_leucoptera_lsu7783 0.009294867448  0.010170162366  0.009146654150  0.007094282104  0.000000000000  0.015326282759  0.008179798280  0.016373814855  0.005508203739  0.009247115988  0.010033848386  0.008034659760  0.012238463722  0.008729805411  0.010170162366  0.008572193604  0.011199143591  0.011211321849  0.008767859903  0.006074301148  0.001041579673  0.010170162366  0.005058443044  0.013264926769  0.005337577029  0.001855012696  0.001844746597  0.007099250814  0.012247916608  0.009312196423  
cardinalis_cardinalis_ku25393 0.015612703712  0.017435259787  0.014316381233  0.016373814855  0.015326282759  0.000000000000  0.015467794403  0.003035930076  0.013331389790  0.016577410423  0.014582846052  0.008050243372  0.019541233604  0.006980822501  0.017435259787  0.008586593245  0.018482612221  0.014325227247  0.010261527197  0.013272553663  0.012643106095  0.015348588947  0.012230727326  0.020585420180  0.011838799585  0.001859520023  0.001849204109  0.014316381233  0.019551538050  0.022038421445  
piranga_olivacea_ku2699 0.007271142809  0.008183243614  0.005099718006  0.009216827963  0.008179798280  0.015467794403  0.000000000000  0.016513056445  0.004436465725  0.005118991468  0.005552806149  0.004042233546  0.010257717125  0.005225000298  0.008183243614  0.004270633960  0.009216827963  0.007161890555  0.005830901341  0.002034053637  0.006323993806  0.010253038189  0.007156233167  0.011291887668  0.005342949227  0.001856068620  0.000000000000  0.003053520018  0.010264114044  0.004642789312  
cardinalis_cardinalis_ku21828 0.016667895462  0.018475628634  0.015351260949  0.017428149123  0.016373814855  0.003035930076  0.016513056445  0.000000000000  0.013324229218  0.017626952771  0.016851863144  0.008047172070  0.020585420180  0.008744235995  0.018475628634  0.008579788751  0.019525805190  0.015362998666  0.011730531926  0.014321110890  0.013706390181  0.016383352840  0.013272553663  0.021634305247  0.012928522940  0.003720622202  0.003699972758  0.015351260949  0.020593864377  0.022063551354  
piranga_rubra_ku7046 0.002197178901  0.003298615379  0.004402287022  0.005508097658  0.005508203739  0.013331389790  0.004436465725  0.013324229218  0.000000000000  0.004456235756  0.006091961558  0.002668283454  0.005508097658  0.005225000298  0.003298615379  0.004270633960  0.004402794812  0.007733382600  0.007291263259  0.002197417108  0.004402287022  0.005509971593  0.006616914516  0.007733382600  0.004542802794  0.003715695068  0.000000000000  0.002197417108  0.005508097658  0.005295945468  
piranga_bidentata_hgoslp104 0.008350566412  0.009250065562  0.004094152548  0.010289381895  0.009247115988  0.016577410423  0.005118991468  0.017626952771  0.004456235756  0.000000000000  0.003325335040  0.005427401366  0.011337663924  0.006980822501  0.009250065562  0.005701966343  0.010289381895  0.008222055953  0.004371165756  0.003062872581  0.006350768922  0.011331353347  0.008216864691  0.012375993520  0.006414898453  0.001856068620  0.000000000000  0.002040278699  0.011345718592  0.004640575408  
piranga_ludoviciana_sdsu2648 0.006789121655  0.010039353609  0.002215953518  0.011169226781  0.010033848386  0.014582846052  0.005552806149  0.016851863144  0.006091961558  0.003325335040  0.000000000000  0.004530603709  0.011174772992  0.005317616398  0.010039353609  0.005992401105  0.011169226781  0.005556714582  0.005838693634  0.003325335040  0.008067230056  0.012302238615  0.008918713679  0.013438406598  0.006852390653  0.001856068620  0.000000000000  0.004436981457  0.012315074153  0.006201553523  
piranga_roseogularis_ku2049 0.002668283454  0.005347585797  0.004004463708  0.008039456519  0.008034659760  0.008050243372  0.004042233546  0.008047172070  0.002668283454  0.005427401366  0.004530603709  0.000000000000  0.008039456519  0.006980822501  0.004008999851  0.005763685443  0.006695145444  0.006695145444  0.006482990500  0.004004463708  0.006689466537  0.006695145444  0.009393929634  0.001331959734  0.006955948905  0.007462720214  0.001845790859  0.004004463708  0.006695145444  0.007386246793  
piranga_hepatica_ku4970 0.007226106025  0.002021716782  0.011215811558  0.011210557535  0.012238463722  0.019541233604  0.010257717125  0.020585420180  0.005508097658  0.011337663924  0.011174772992  0.008039456519  0.000000000000  0.001736794843  0.006086625274  0.001420293078  0.005071954057  0.013295462575  0.010238360332  0.008133324742  0.009451041988  0.004052671623  0.009155959543  0.013295462575  0.007496980504  0.007455586739  0.001845790859  0.009155959543  0.011233455365  0.010917748132  
piranga_hepatica_ku9084 0.005225000298  0.001736794843  0.005225000298  0.005222194433  0.008729805411  0.006980822501  0.005225000298  0.008744235995  0.005225000298  0.006980822501  0.005317616398  0.006980822501  0.001736794843  0.000000000000  0.005225000298  0.001739816552  0.001736794843  0.006980822501  0.005776855558  0.005225000298  0.006974583347  0.001736794843  0.006974583347  0.005225000298  0.006980822501  0.004409717339  0.004044128106  0.005225000298  0.006974583347  0.003228175552  
piranga_rubra_sdsu2654 0.005146964939  0.004046476890  0.009151224067  0.011204386848  0.010170162366  0.017435259787  0.008183243614  0.018475628634  0.003298615379  0.009250065562  0.010039353609  0.004008999851  0.006086625274  0.005225000298  0.000000000000  0.004272508005  0.007105384361  0.011219944138  0.008767859903  0.006083197414  0.007329696126  0.006083197414  0.009151224067  0.011219944138  0.006414898453  0.005584904734  0.000000000000  0.007101479346  0.005073842620  0.010900745677  
piranga_flava_lsu15408 0.004272508005  0.000000000000  0.005701966343  0.005701113076  0.008572193604  0.008586593245  0.004270633960  0.008579788751  0.004270633960  0.005701966343  0.005992401105  0.005763685443  0.001420293078  0.001739816552  0.004272508005  0.000000000000  0.001420911898  0.007138339397  0.006420552848  0.004270633960  0.007135187663  0.001420911898  0.007135187663  0.004272508005  0.007138339397  0.005584904734  0.001849204109  0.004270633960  0.007138339397  0.007261102314  
piranga_lutea_lsu5400 0.007222689558  0.003035460925  0.010179972293  0.010174222819  0.011199143591  0.018482612221  0.009216827963  0.019525805190  0.004402794812  0.010289381895  0.011169226781  0.006695145444  0.005071954057  0.001736794843  0.007105384361  0.001420911898  0.000000000000  0.012255102507  0.010246505889  0.007105384361  0.007329696126  0.005071725019  0.008125064082  0.012255102507  0.006414898453  0.005584904734  0.001845790859  0.008125064082  0.011227259592  0.010913911210  
piranga_olivacea_ku4672 0.010356219004  0.011219944138  0.006087607240  0.012255102507  0.011211321849  0.014325227247  0.007161890555  0.015362998666  0.007733382600  0.008222055953  0.005556714582  0.006695145444  0.013295462575  0.006980822501  0.011219944138  0.007138339397  0.012255102507  0.000000000000  0.007301312007  0.005071725019  0.009455743947  0.011219944138  0.010196520492  0.014333334353  0.008591448371  0.003720622202  0.001845790859  0.006087607240  0.013299712594  0.007777851043  
piranga_ludoviciana_sdsu2208 0.008767859903  0.008767859903  0.002908899184  0.008777042855  0.008767859903  0.010261527197  0.005830901341  0.011730531926  0.007291263259  0.004371165756  0.005838693634  0.006482990500  0.010238360332  0.005776855558  0.008767859903  0.006420552848  0.010246505889  0.007301312007  0.000000000000  0.005830901341  0.007301312007  0.010246505889  0.010258132524  0.011730531926  0.008777042855  0.003720622202  0.001845790859  0.005830901341  0.011719932995  0.010575269204  
piranga_bidentata_itm160 0.005146964939  0.006083197414  0.003032860882  0.007098179176  0.006074301148  0.013272553663  0.002034053637  0.014321110890  0.002197417108  0.003062872581  0.003325335040  0.004004463708  0.008133324742  0.005225000298  0.006083197414  0.004270633960  0.007105384361  0.005071725019  0.005830901341  0.000000000000  0.004177484232  0.008130139520  0.005061684888  0.009157475829  0.003200622949  0.001856068620  0.000000000000  0.001007983031  0.008138192025  0.003085193039  
piranga_leucoptera_fmnh481795 0.006290840739  0.007329696126  0.007332072451  0.005227685799  0.001041579673  0.012643106095  0.006323993806  0.013706390181  0.004402287022  0.006350768922  0.008067230056  0.006689466537  0.009451041988  0.006974583347  0.007329696126  0.007135187663  0.007329696126  0.009455743947  0.007301312007  0.004177484232  0.000000000000  0.007329696126  0.003130984920  0.010505581463  0.003224168157  0.000000000000  0.000000000000  0.004177484232  0.009460977339  0.006514666947  
piranga_lutea_ku89864 0.007222689558  0.002021128468  0.011211321849  0.009146654150  0.010170162366  0.015348588947  0.010253038189  0.016383352840  0.005509971593  0.011331353347  0.012302238615  0.006695145444  0.004052671623  0.001736794843  0.006083197414  0.001420911898  0.005071725019  0.011219944138  0.010246505889  0.008130139520  0.007329696126  0.000000000000  0.007101479346  0.013292894766  0.006414898453  0.003715695068  0.001845790859  0.009151224067  0.011227259592  0.012496874114  
piranga_rubriceps_lsu34818 0.008259281552  0.007101479346  0.008130139520  0.004044476100  0.005058443044  0.012230727326  0.007156233167  0.013272553663  0.006616914516  0.008216864691  0.008918713679  0.009393929634  0.009155959543  0.006974583347  0.009151224067  0.007135187663  0.008125064082  0.010196520492  0.010258132524  0.005061684888  0.003130984920  0.007101479346  0.000000000000  0.012245285924  0.004268930333  0.003720622202  0.003699972758  0.006083197414  0.011221994769  0.009322560004  
piranga_roseogularis_ku2141 0.010356219004  0.011219944138  0.012245285924  0.014310583036  0.013264926769  0.020585420180  0.011291887668  0.021634305247  0.007733382600  0.012375993520  0.013438406598  0.001331959734  0.013295462575  0.005225000298  0.011219944138  0.004272508005  0.012255102507  0.014333334353  0.011730531926  0.009157475829  0.010505581463  0.013292894766  0.012245285924  0.000000000000  0.010745736339  0.005584904734  0.000000000000  0.010179972293  0.013299712594  0.015659746365  
piranga_erythrocephala_fmnh343371 0.005354392671  0.006414898453  0.006419803750  0.006414898453  0.005337577029  0.011838799585  0.005342949227  0.012928522940  0.004542802794  0.006414898453  0.006852390653  0.006955948905  0.007496980504  0.006980822501  0.006414898453  0.007138339397  0.006414898453  0.008591448371  0.008777042855  0.003200622949  0.003224168157  0.006414898453  0.004268930333  0.010745736339  0.000000000000  0.000000000000  0.000000000000  0.004268930333  0.008587318007  0.004820709023  
piranga_erythrocephala_fmnh343370 0.003715695068  0.005584904734  0.001856068620  0.001856068620  0.001855012696  0.001859520023  0.001856068620  0.003720622202  0.003715695068  0.001856068620  0.001856068620  0.007462720214  0.007455586739  0.004409717339  0.005584904734  0.005584904734  0.005584904734  0.003720622202  0.003720622202  0.001856068620  0.000000000000  0.003715695068  0.003720622202  0.005584904734  0.000000000000  0.000000000000  0.000000000000  0.001856068620  0.009338124857  0.005094981631  
piranga_ludoviciana_sdsu2650 0.000000000000  0.001845790859  0.000000000000  0.001845790859  0.001844746597  0.001849204109  0.000000000000  0.003699972758  0.000000000000  0.000000000000  0.000000000000  0.001845790859  0.001845790859  0.004044128106  0.000000000000  0.001849204109  0.001845790859  0.001845790859  0.001845790859  0.000000000000  0.000000000000  0.001845790859  0.003699972758  0.000000000000  0.000000000000  0.000000000000  0.000000000000  0.000000000000  0.003695100191  0.002810783358  
piranga_bidentata_tepe59 0.006180674892  0.007101479346  0.004046476890  0.008125064082  0.007099250814  0.014316381233  0.003053520018  0.015351260949  0.002197417108  0.002040278699  0.004436981457  0.004004463708  0.009155959543  0.005225000298  0.007101479346  0.004270633960  0.008125064082  0.006087607240  0.005830901341  0.001007983031  0.004177484232  0.009151224067  0.006083197414  0.010179972293  0.004268930333  0.001856068620  0.000000000000  0.000000000000  0.009162388462  0.003089959613  
piranga_rubra_sdsu2635 0.005146964939  0.009165283890  0.011221994769  0.013286104642  0.012247916608  0.019551538050  0.010264114044  0.020593864377  0.005508097658  0.011345718592  0.012315074153  0.006695145444  0.011233455365  0.006974583347  0.005073842620  0.007138339397  0.011227259592  0.013299712594  0.011719932995  0.008138192025  0.009460977339  0.011227259592  0.011221994769  0.013299712594  0.008587318007  0.009338124857  0.003695100191  0.009162388462  0.000000000000  0.014085548012  
piranga_bidentata_itm141 0.009564561376  0.009337068145  0.006201553523  0.012461474903  0.009312196423  0.022038421445  0.004642789312  0.022063551354  0.005295945468  0.004640575408  0.006201553523  0.007386246793  0.010917748132  0.003228175552  0.010900745677  0.007261102314  0.010913911210  0.007777851043  0.010575269204  0.003085193039  0.006514666947  0.012496874114  0.009322560004  0.015659746365  0.004820709023  0.005094981631  0.002810783358  0.003089959613  0.014085548012  0.000000000000  

