30
cardinalis_cardinalis_ku21828 0.000000000000  0.003006368742  0.009061189994  0.008048737671  0.008048737671  0.007037731494  0.007037731494  0.007037731494  0.011099855963  0.008552089206  0.011088161359  0.011088161359  0.007037731494  0.012632835209  0.014170804113  0.013629332066  0.017204956618  0.025460647930  0.023896997633  0.007039821597  0.007039821597  0.019290490412  0.018773442257  0.014156134402  0.014156134402  0.016205810859  0.007039821597  0.007039821597  0.007039821597  0.010084025185  
cardinalis_cardinalis_ku25393 0.003006368742  0.000000000000  0.010075092733  0.009061189994  0.009061189994  0.008048737671  0.008048737671  0.008048737671  0.012117148193  0.009565034811  0.012104821300  0.012104821300  0.008048737671  0.013652571003  0.015192999416  0.014649420631  0.018230137613  0.026498354278  0.024932008084  0.008050982125  0.008050982125  0.020319968162  0.019802086053  0.015177837128  0.015177837128  0.017230640731  0.008050982125  0.008050982125  0.008050982125  0.011099855963  
piranga_roseogularis_ku2049 0.009061189994  0.010075092733  0.000000000000  0.002002741769  0.002002741769  0.002002827802  0.002002827802  0.002002827802  0.006030103754  0.003508367884  0.006024869157  0.006024869157  0.002002827802  0.012628401626  0.014165489352  0.013627717247  0.017203007968  0.025456092420  0.023893786398  0.007037731494  0.007037731494  0.019284770931  0.018768021555  0.014152094949  0.014152094949  0.016201018799  0.007037731494  0.007037731494  0.007037731494  0.010080625881  
piranga_flava_lsu15408 0.008048737671  0.009061189994  0.002002741769  0.000000000000  0.000000000000  0.001000706265  0.001000706265  0.001000706265  0.005021824358  0.002504337047  0.005017194788  0.005017194788  0.001000706265  0.011610296637  0.013144935501  0.012609251648  0.016179467212  0.024420074955  0.022860451773  0.006028167211  0.006028167211  0.018256959265  0.017741040202  0.013132028037  0.013132028037  0.015177837128  0.006028167211  0.006028167211  0.006028167211  0.009066410229  
piranga_olivacea_ku4672 0.008048737671  0.009061189994  0.002002741769  0.000000000000  0.000000000000  0.001000706265  0.001000706265  0.001000706265  0.005021824358  0.002504337047  0.005017194788  0.005017194788  0.001000706265  0.011610296637  0.013144935501  0.012609251648  0.016179467212  0.024420074955  0.022860451773  0.006028167211  0.006028167211  0.018256959265  0.017741040202  0.013132028037  0.013132028037  0.015177837128  0.006028167211  0.006028167211  0.006028167211  0.009066410229  
piranga_hepatica_ku4970 0.007037731494  0.008048737671  0.002002827802  0.001000706265  0.001000706265  0.000000000000  0.000000000000  0.000000000000  0.004014979192  0.001501726549  0.004010951550  0.004010951550  0.000000000000  0.010593655680  0.012125853473  0.011592248743  0.015157404023  0.023385573486  0.021828624163  0.005020040591  0.005020040591  0.017230640731  0.016715549317  0.012113430457  0.012113430457  0.014156134402  0.005020040591  0.005020040591  0.005020040591  0.008053646594  
piranga_lutea_ku89864 0.007037731494  0.008048737671  0.002002827802  0.001000706265  0.001000706265  0.000000000000  0.000000000000  0.000000000000  0.004014979192  0.001501726549  0.004010951550  0.004010951550  0.000000000000  0.010593655680  0.012125853473  0.011592248743  0.015157404023  0.023385573486  0.021828624163  0.005020040591  0.005020040591  0.017230640731  0.016715549317  0.012113430457  0.012113430457  0.014156134402  0.005020040591  0.005020040591  0.005020040591  0.008053646594  
piranga_lutea_lsu5400 0.007037731494  0.008048737671  0.002002827802  0.001000706265  0.001000706265  0.000000000000  0.000000000000  0.000000000000  0.004014979192  0.001501726549  0.004010951550  0.004010951550  0.000000000000  0.010593655680  0.012125853473  0.011592248743  0.015157404023  0.023385573486  0.021828624163  0.005020040591  0.005020040591  0.017230640731  0.016715549317  0.012113430457  0.012113430457  0.014156134402  0.005020040591  0.005020040591  0.005020040591  0.008053646594  
piranga_ludoviciana_sdsu2385 0.011099855963  0.012117148193  0.006030103754  0.005021824358  0.005021824358  0.004014979192  0.004014979192  0.004014979192  0.000000000000  0.005523151096  0.008048737671  0.008048737671  0.004014979192  0.014684574850  0.016229247379  0.015676123346  0.019262636508  0.027548693901  0.025976935973  0.009069651535  0.009069651535  0.021364359484  0.020845038255  0.016211030114  0.016211030114  0.018268491963  0.009069651535  0.009069651535  0.009069651535  0.012125853473  
piranga_flava_ku90809 0.008552089206  0.009565034811  0.003508367884  0.002504337047  0.002504337047  0.001501726549  0.001501726549  0.001501726549  0.005523151096  0.000000000000  0.005520730349  0.005520730349  0.001501726549  0.012113430457  0.013647975003  0.013116796105  0.016689055642  0.024932008084  0.023373056768  0.006530535015  0.006530535015  0.018763030874  0.018247143790  0.013636737073  0.013636737073  0.015682978695  0.006530535015  0.006530535015  0.006530535015  0.009569145812  
piranga_olivacea_ku2699 0.011088161359  0.012104821300  0.006024869157  0.005017194788  0.005017194788  0.004010951550  0.004010951550  0.004010951550  0.008048737671  0.005520730349  0.000000000000  0.000000000000  0.004010951550  0.014664687700  0.016205810859  0.015667555906  0.019252707248  0.027528241652  0.025961894519  0.009059211805  0.009059211805  0.021339266860  0.020821149178  0.016192717748  0.016192717748  0.018247143790  0.009059211805  0.009059211805  0.009059211805  0.012110136482  
piranga_hepatica_ku9084 0.011088161359  0.012104821300  0.006024869157  0.005017194788  0.005017194788  0.004010951550  0.004010951550  0.004010951550  0.008048737671  0.005520730349  0.000000000000  0.000000000000  0.004010951550  0.014664687700  0.016205810859  0.015667555906  0.019252707248  0.027528241652  0.025961894519  0.009059211805  0.009059211805  0.021339266860  0.020821149178  0.016192717748  0.016192717748  0.018247143790  0.009059211805  0.009059211805  0.009059211805  0.012110136482  
piranga_roseogularis_ku2141 0.007037731494  0.008048737671  0.002002827802  0.001000706265  0.001000706265  0.000000000000  0.000000000000  0.000000000000  0.004014979192  0.001501726549  0.004010951550  0.004010951550  0.000000000000  0.010593655680  0.012125853473  0.011592248743  0.015157404023  0.023385573486  0.021828624163  0.005020040591  0.005020040591  0.017230640731  0.016715549317  0.012113430457  0.012113430457  0.014156134402  0.005020040591  0.005020040591  0.005020040591  0.008053646594  
piranga_rubriceps_lsu265 0.012632835209  0.013652571003  0.012628401626  0.011610296637  0.011610296637  0.010593655680  0.010593655680  0.010593655680  0.014684574850  0.012113430457  0.014664687700  0.014664687700  0.010593655680  0.000000000000  0.001502385939  0.017217056283  0.020811798311  0.029120806071  0.027542920227  0.010597766913  0.010597766913  0.022925756580  0.022404717386  0.017758087794  0.017758087794  0.019821433453  0.010597766913  0.010597766913  0.010597766913  0.013663035830  
piranga_rubriceps_lsu34818 0.014170804113  0.015192999416  0.014165489352  0.013144935501  0.013144935501  0.012125853473  0.012125853473  0.012125853473  0.016229247379  0.013647975003  0.016205810859  0.016205810859  0.012125853473  0.001502385939  0.000000000000  0.018763030874  0.022366055847  0.030698166332  0.029114111671  0.012130840285  0.012130840285  0.024492330354  0.023969561790  0.019310227353  0.019310227353  0.021379495614  0.012130840285  0.012130840285  0.012130840285  0.015205235288  
piranga_leucoptera_fmnh481795 0.013629332066  0.014649420631  0.013627717247  0.012609251648  0.012609251648  0.011592248743  0.011592248743  0.011592248743  0.015676123346  0.013116796105  0.015667555906  0.015667555906  0.011592248743  0.017217056283  0.018763030874  0.000000000000  0.005521103183  0.013636737073  0.012102800842  0.011593554112  0.011593554112  0.023914215471  0.023394452718  0.018750642702  0.018750642702  0.020811798311  0.011593554112  0.011593554112  0.011593554112  0.014654245931  
piranga_erythrocephala_fmnh343371 0.017204956618  0.018230137613  0.017203007968  0.016179467212  0.016179467212  0.015157404023  0.015157404023  0.015157404023  0.019262636508  0.016689055642  0.019252707248  0.019252707248  0.015157404023  0.020811798311  0.022366055847  0.005521103183  0.000000000000  0.015173635572  0.013633842358  0.015159038610  0.015159038610  0.027542920227  0.027020348605  0.022352583444  0.022352583444  0.024424463041  0.015159038610  0.015159038610  0.015159038610  0.018235646906  
piranga_erythrocephala_fmnh343370 0.025460647930  0.026498354278  0.025456092420  0.024420074955  0.024420074955  0.023385573486  0.023385573486  0.023385573486  0.027548693901  0.024932008084  0.027528241652  0.027528241652  0.023385573486  0.029120806071  0.030698166332  0.013636737073  0.015173635572  0.000000000000  0.010072959629  0.023389795018  0.023389795018  0.035936551869  0.035406144405  0.030676629823  0.030676629823  0.032776734873  0.023389795018  0.023389795018  0.023389795018  0.026509119825  
piranga_leucoptera_lsu7783 0.023896997633  0.024932008084  0.023893786398  0.022860451773  0.022860451773  0.021828624163  0.021828624163  0.021828624163  0.025976935973  0.023373056768  0.025961894519  0.025961894519  0.021828624163  0.027542920227  0.029114111671  0.012102800842  0.013633842358  0.010072959629  0.000000000000  0.021831509428  0.021831509428  0.034339979140  0.033811664175  0.029096677380  0.029096677380  0.031189897942  0.021831509428  0.021831509428  0.021831509428  0.024940074997  
piranga_rubra_ku7046 0.007039821597  0.008050982125  0.007037731494  0.006028167211  0.006028167211  0.005020040591  0.005020040591  0.005020040591  0.009069651535  0.006530535015  0.009059211805  0.009059211805  0.005020040591  0.010597766913  0.012130840285  0.011593554112  0.015159038610  0.023389795018  0.021831509428  0.000000000000  0.000000000000  0.012113430457  0.011603021086  0.007037731494  0.007037731494  0.009063589592  0.000000000000  0.000000000000  0.000000000000  0.003008083507  
piranga_bidentata_tepe59 0.007039821597  0.008050982125  0.007037731494  0.006028167211  0.006028167211  0.005020040591  0.005020040591  0.005020040591  0.009069651535  0.006530535015  0.009059211805  0.009059211805  0.005020040591  0.010597766913  0.012130840285  0.011593554112  0.015159038610  0.023389795018  0.021831509428  0.000000000000  0.000000000000  0.012113430457  0.011603021086  0.007037731494  0.007037731494  0.009063589592  0.000000000000  0.000000000000  0.000000000000  0.003008083507  
piranga_rubra_sdsu2635 0.019290490412  0.020319968162  0.019284770931  0.018256959265  0.018256959265  0.017230640731  0.017230640731  0.017230640731  0.021364359484  0.018763030874  0.021339266860  0.021339266860  0.017230640731  0.022925756580  0.024492330354  0.023914215471  0.027542920227  0.035936551869  0.034339979140  0.012113430457  0.012113430457  0.000000000000  0.005523151096  0.009061189994  0.009061189994  0.011093162466  0.012113430457  0.012113430457  0.012113430457  0.014156134402  
piranga_rubra_sdsu2654 0.018773442257  0.019802086053  0.018768021555  0.017741040202  0.017741040202  0.016715549317  0.016715549317  0.016715549317  0.020845038255  0.018247143790  0.020821149178  0.020821149178  0.016715549317  0.022404717386  0.023969561790  0.023394452718  0.027020348605  0.035406144405  0.033811664175  0.011603021086  0.011603021086  0.005523151096  0.000000000000  0.008553779648  0.008553779648  0.010583853410  0.011603021086  0.011603021086  0.011603021086  0.013643803768  
piranga_ludoviciana_sdsu2648 0.014156134402  0.015177837128  0.014152094949  0.013132028037  0.013132028037  0.012113430457  0.012113430457  0.012113430457  0.016211030114  0.013636737073  0.016192717748  0.016192717748  0.012113430457  0.017758087794  0.019310227353  0.018750642702  0.022352583444  0.030676629823  0.029096677380  0.007037731494  0.007037731494  0.009061189994  0.008553779648  0.000000000000  0.000000000000  0.002003328893  0.007037731494  0.007037731494  0.007037731494  0.009063589592  
piranga_ludoviciana_sdsu2208 0.014156134402  0.015177837128  0.014152094949  0.013132028037  0.013132028037  0.012113430457  0.012113430457  0.012113430457  0.016211030114  0.013636737073  0.016192717748  0.016192717748  0.012113430457  0.017758087794  0.019310227353  0.018750642702  0.022352583444  0.030676629823  0.029096677380  0.007037731494  0.007037731494  0.009061189994  0.008553779648  0.000000000000  0.000000000000  0.002003328893  0.007037731494  0.007037731494  0.007037731494  0.009063589592  
piranga_bidentata_hgoslp104 0.016205810859  0.017230640731  0.016201018799  0.015177837128  0.015177837128  0.014156134402  0.014156134402  0.014156134402  0.018268491963  0.015682978695  0.018247143790  0.018247143790  0.014156134402  0.019821433453  0.021379495614  0.020811798311  0.024424463041  0.032776734873  0.031189897942  0.009063589592  0.009063589592  0.011093162466  0.010583853410  0.002003328893  0.002003328893  0.000000000000  0.009063589592  0.009063589592  0.009063589592  0.011096297851  
piranga_bidentata_itm160 0.007039821597  0.008050982125  0.007037731494  0.006028167211  0.006028167211  0.005020040591  0.005020040591  0.005020040591  0.009069651535  0.006530535015  0.009059211805  0.009059211805  0.005020040591  0.010597766913  0.012130840285  0.011593554112  0.015159038610  0.023389795018  0.021831509428  0.000000000000  0.000000000000  0.012113430457  0.011603021086  0.007037731494  0.007037731494  0.009063589592  0.000000000000  0.000000000000  0.000000000000  0.003008083507  
piranga_bidentata_itm141 0.007039821597  0.008050982125  0.007037731494  0.006028167211  0.006028167211  0.005020040591  0.005020040591  0.005020040591  0.009069651535  0.006530535015  0.009059211805  0.009059211805  0.005020040591  0.010597766913  0.012130840285  0.011593554112  0.015159038610  0.023389795018  0.021831509428  0.000000000000  0.000000000000  0.012113430457  0.011603021086  0.007037731494  0.007037731494  0.009063589592  0.000000000000  0.000000000000  0.000000000000  0.003008083507  
piranga_ludoviciana_sdsu2650 0.007039821597  0.008050982125  0.007037731494  0.006028167211  0.006028167211  0.005020040591  0.005020040591  0.005020040591  0.009069651535  0.006530535015  0.009059211805  0.009059211805  0.005020040591  0.010597766913  0.012130840285  0.011593554112  0.015159038610  0.023389795018  0.021831509428  0.000000000000  0.000000000000  0.012113430457  0.011603021086  0.007037731494  0.007037731494  0.009063589592  0.000000000000  0.000000000000  0.000000000000  0.003008083507  
piranga_rubra_ku26592 0.010084025185  0.011099855963  0.010080625881  0.009066410229  0.009066410229  0.008053646594  0.008053646594  0.008053646594  0.012125853473  0.009569145812  0.012110136482  0.012110136482  0.008053646594  0.013663035830  0.015205235288  0.014654245931  0.018235646906  0.026509119825  0.024940074997  0.003008083507  0.003008083507  0.014156134402  0.013643803768  0.009063589592  0.009063589592  0.011096297851  0.003008083507  0.003008083507  0.003008083507  0.000000000000  

