30
cardinalis_cardinalis_ku21828 0.000000000000  0.001000692099  0.005522527354  0.005522527354  0.009061765623  0.005522527354  0.005522527354  0.007036699954  0.007539706978  0.008049464699  0.007036699954  0.009059615254  0.007542823205  0.007541070161  0.007541070161  0.007541070161  0.007541070161  0.014668216600  0.014668216600  0.015168926864  0.014151525326  0.011600136499  0.011600136499  0.006531093887  0.010581656252  0.010581656252  0.010075487464  0.007036699954  0.007541070161  0.006531093887  
cardinalis_cardinalis_ku25393 0.001000692099  0.000000000000  0.004515366531  0.004515366531  0.008049464699  0.004515366531  0.004515366531  0.006027362481  0.006529863496  0.007038580612  0.006027362481  0.008047449525  0.006532713216  0.006531093887  0.006531093887  0.006531093887  0.006531093887  0.013647555680  0.013647555680  0.014147898291  0.013131798509  0.010584206785  0.010584206785  0.005522527354  0.009567290645  0.009567290645  0.009061765623  0.006027362481  0.006531093887  0.005522527354  
piranga_flava_ku90809 0.005522527354  0.004515366531  0.000000000000  0.000000000000  0.003509607405  0.000000000000  0.000000000000  0.001501701898  0.002002707913  0.002505245982  0.001501701898  0.003508771392  0.002003219515  0.002002771019  0.002002771019  0.002002771019  0.002002771019  0.009067238012  0.009067238012  0.009567290645  0.008556625499  0.006027362481  0.006027362481  0.001000692099  0.005018206783  0.005018206783  0.004515366531  0.001501701898  0.002002771019  0.001000692099  
piranga_lutea_ku89864 0.005522527354  0.004515366531  0.000000000000  0.000000000000  0.003509607405  0.000000000000  0.000000000000  0.001501701898  0.002002707913  0.002505245982  0.001501701898  0.003508771392  0.002003219515  0.002002771019  0.002002771019  0.002002771019  0.002002771019  0.009067238012  0.009067238012  0.009567290645  0.008556625499  0.006027362481  0.006027362481  0.001000692099  0.005018206783  0.005018206783  0.004515366531  0.001501701898  0.002002771019  0.001000692099  
piranga_hepatica_ku4970 0.009061765623  0.008049464699  0.003509607405  0.003509607405  0.000000000000  0.003509607405  0.003509607405  0.005019433066  0.005521429085  0.006029109299  0.005019433066  0.007036699954  0.005524013639  0.005522527354  0.005522527354  0.005522527354  0.005522527354  0.012628336747  0.012628336747  0.013128312017  0.012113510520  0.009569704488  0.009569704488  0.004515366531  0.008554347658  0.008554347658  0.008049464699  0.005019433066  0.005522527354  0.004515366531  
piranga_hepatica_ku9084 0.005522527354  0.004515366531  0.000000000000  0.000000000000  0.003509607405  0.000000000000  0.000000000000  0.001501701898  0.002002707913  0.002505245982  0.001501701898  0.003508771392  0.002003219515  0.002002771019  0.002002771019  0.002002771019  0.002002771019  0.009067238012  0.009067238012  0.009567290645  0.008556625499  0.006027362481  0.006027362481  0.001000692099  0.005018206783  0.005018206783  0.004515366531  0.001501701898  0.002002771019  0.001000692099  
piranga_lutea_lsu5400 0.005522527354  0.004515366531  0.000000000000  0.000000000000  0.003509607405  0.000000000000  0.000000000000  0.001501701898  0.002002707913  0.002505245982  0.001501701898  0.003508771392  0.002003219515  0.002002771019  0.002002771019  0.002002771019  0.002002771019  0.009067238012  0.009067238012  0.009567290645  0.008556625499  0.006027362481  0.006027362481  0.001000692099  0.005018206783  0.005018206783  0.004515366531  0.001501701898  0.002002771019  0.001000692099  
piranga_flava_lsu15408 0.007036699954  0.006027362481  0.001501701898  0.001501701898  0.005019433066  0.001501701898  0.001501701898  0.000000000000  0.001501510257  0.002004053021  0.001001011887  0.003006818559  0.001502278284  0.001501701898  0.001501701898  0.001501701898  0.001501701898  0.008562350865  0.008562350865  0.009061765623  0.008051869623  0.005524013639  0.005524013639  0.000500252801  0.004515366531  0.004515366531  0.004012907685  0.001001011887  0.001501701898  0.000500252801  
piranga_olivacea_ku2699 0.007539706978  0.006529863496  0.002002707913  0.002002707913  0.005521429085  0.002002707913  0.002002707913  0.001501510257  0.000000000000  0.002504540109  0.001501510257  0.003508321944  0.002002771019  0.002002707913  0.002002707913  0.002002707913  0.002002707913  0.009064306671  0.009064306671  0.009565268137  0.008554347658  0.006026003948  0.006026003948  0.001000756794  0.005017368248  0.005017368248  0.004514399720  0.001501510257  0.002002707913  0.001000756794  
piranga_ludoviciana_sdsu2648 0.008049464699  0.007038580612  0.002505245982  0.002505245982  0.006029109299  0.002505245982  0.002505245982  0.002004053021  0.002504540109  0.000000000000  0.001001011887  0.003006818559  0.001502278284  0.001501701898  0.001501701898  0.001501701898  0.001501701898  0.009579290196  0.009579290196  0.010078165322  0.009067238012  0.006534721099  0.006534721099  0.001502278284  0.005524013639  0.005524013639  0.005021046715  0.002004053021  0.002505245982  0.001502278284  
piranga_bidentata_tepe59 0.007036699954  0.006027362481  0.001501701898  0.001501701898  0.005019433066  0.001501701898  0.001501701898  0.001001011887  0.001501510257  0.001001011887  0.000000000000  0.002002771019  0.000500252801  0.000500189092  0.000500189092  0.000500189092  0.000500189092  0.008562350865  0.008562350865  0.009061765623  0.008051869623  0.005524013639  0.005524013639  0.000500252801  0.004515366531  0.004515366531  0.004012907685  0.001001011887  0.001501701898  0.000500252801  
piranga_ludoviciana_sdsu2385 0.009059615254  0.008047449525  0.003508771392  0.003508771392  0.007036699954  0.003508771392  0.003508771392  0.003006818559  0.003508321944  0.003006818559  0.002002771019  0.000000000000  0.001501510257  0.002504219890  0.002504219890  0.002504219890  0.002504219890  0.010590483118  0.010590483118  0.011090634321  0.010078165322  0.007542823205  0.007542823205  0.002504540109  0.006531093887  0.006531093887  0.006027362481  0.003006818559  0.003508771392  0.002504540109  
piranga_ludoviciana_sdsu2208 0.007542823205  0.006532713216  0.002003219515  0.002003219515  0.005524013639  0.002003219515  0.002003219515  0.001502278284  0.002002771019  0.001502278284  0.000500252801  0.001501510257  0.000000000000  0.001000692099  0.001000692099  0.001000692099  0.001000692099  0.009070559268  0.009070559268  0.009569704488  0.008559293362  0.006029109299  0.006029109299  0.001001011887  0.005019433066  0.005019433066  0.004516720440  0.001502278284  0.002003219515  0.001001011887  
piranga_ludoviciana_sdsu2650 0.007541070161  0.006531093887  0.002002771019  0.002002771019  0.005522527354  0.002002771019  0.002002771019  0.001501701898  0.002002707913  0.001501701898  0.000500189092  0.002504219890  0.001000692099  0.000000000000  0.001000756794  0.001000756794  0.001000756794  0.009067238012  0.009067238012  0.009567290645  0.008556625499  0.006027362481  0.006027362481  0.001000692099  0.005018206783  0.005018206783  0.004515366531  0.001501701898  0.002002771019  0.001000692099  
piranga_bidentata_itm160 0.007541070161  0.006531093887  0.002002771019  0.002002771019  0.005522527354  0.002002771019  0.002002771019  0.001501701898  0.002002707913  0.001501701898  0.000500189092  0.002504219890  0.001000692099  0.001000756794  0.000000000000  0.000000000000  0.000000000000  0.009067238012  0.009067238012  0.009567290645  0.008556625499  0.006027362481  0.006027362481  0.001000692099  0.005018206783  0.005018206783  0.004011812987  0.001501701898  0.002002771019  0.001000692099  
piranga_bidentata_hgoslp104 0.007541070161  0.006531093887  0.002002771019  0.002002771019  0.005522527354  0.002002771019  0.002002771019  0.001501701898  0.002002707913  0.001501701898  0.000500189092  0.002504219890  0.001000692099  0.001000756794  0.000000000000  0.000000000000  0.000000000000  0.009067238012  0.009067238012  0.009567290645  0.008556625499  0.006027362481  0.006027362481  0.001000692099  0.005018206783  0.005018206783  0.004011812987  0.001501701898  0.002002771019  0.001000692099  
piranga_bidentata_itm141 0.007541070161  0.006531093887  0.002002771019  0.002002771019  0.005522527354  0.002002771019  0.002002771019  0.001501701898  0.002002707913  0.001501701898  0.000500189092  0.002504219890  0.001000692099  0.001000756794  0.000000000000  0.000000000000  0.000000000000  0.009067238012  0.009067238012  0.009567290645  0.008556625499  0.006027362481  0.006027362481  0.001000692099  0.005018206783  0.005018206783  0.004011812987  0.001501701898  0.002002771019  0.001000692099  
piranga_erythrocephala_fmnh343371 0.014668216600  0.013647555680  0.009067238012  0.009067238012  0.012628336747  0.009067238012  0.009067238012  0.008562350865  0.009064306671  0.009579290196  0.008562350865  0.010590483118  0.009070559268  0.009067238012  0.009067238012  0.009067238012  0.009067238012  0.000000000000  0.000000000000  0.010584206785  0.009572509282  0.007038580612  0.007038580612  0.008054663913  0.012117249888  0.012117249888  0.011610555625  0.008562350865  0.009067238012  0.008054663913  
piranga_erythrocephala_fmnh343370 0.014668216600  0.013647555680  0.009067238012  0.009067238012  0.012628336747  0.009067238012  0.009067238012  0.008562350865  0.009064306671  0.009579290196  0.008562350865  0.010590483118  0.009070559268  0.009067238012  0.009067238012  0.009067238012  0.009067238012  0.000000000000  0.000000000000  0.010584206785  0.009572509282  0.007038580612  0.007038580612  0.008054663913  0.012117249888  0.012117249888  0.011610555625  0.008562350865  0.009067238012  0.008054663913  
piranga_leucoptera_fmnh481795 0.015168926864  0.014147898291  0.009567290645  0.009567290645  0.013128312017  0.009567290645  0.009567290645  0.009061765623  0.009565268137  0.010078165322  0.009061765623  0.011090634321  0.009569704488  0.009567290645  0.009567290645  0.009567290645  0.009567290645  0.010584206785  0.010584206785  0.000000000000  0.003006049152  0.003508771392  0.003508771392  0.008554347658  0.012617497758  0.012617497758  0.012110163866  0.009061765623  0.009567290645  0.008554347658  
piranga_leucoptera_lsu7783 0.014151525326  0.013131798509  0.008556625499  0.008556625499  0.012113510520  0.008556625499  0.008556625499  0.008051869623  0.008554347658  0.009067238012  0.008051869623  0.010078165322  0.008559293362  0.008556625499  0.008556625499  0.008556625499  0.008556625499  0.009572509282  0.009572509282  0.003006049152  0.000000000000  0.002505245982  0.002505245982  0.007544965727  0.011603217232  0.011603217232  0.011096657200  0.008051869623  0.008556625499  0.007544965727  
piranga_rubriceps_lsu265 0.011600136499  0.010584206785  0.006027362481  0.006027362481  0.009569704488  0.006027362481  0.006027362481  0.005524013639  0.006026003948  0.006534721099  0.005524013639  0.007542823205  0.006029109299  0.006027362481  0.006027362481  0.006027362481  0.006027362481  0.007038580612  0.007038580612  0.003508771392  0.002505245982  0.000000000000  0.000000000000  0.005019433066  0.009061765623  0.009061765623  0.008556625499  0.005524013639  0.006027362481  0.005019433066  
piranga_rubriceps_lsu34818 0.011600136499  0.010584206785  0.006027362481  0.006027362481  0.009569704488  0.006027362481  0.006027362481  0.005524013639  0.006026003948  0.006534721099  0.005524013639  0.007542823205  0.006029109299  0.006027362481  0.006027362481  0.006027362481  0.006027362481  0.007038580612  0.007038580612  0.003508771392  0.002505245982  0.000000000000  0.000000000000  0.005019433066  0.009061765623  0.009061765623  0.008556625499  0.005524013639  0.006027362481  0.005019433066  
piranga_olivacea_ku4672 0.006531093887  0.005522527354  0.001000692099  0.001000692099  0.004515366531  0.001000692099  0.001000692099  0.000500252801  0.001000756794  0.001502278284  0.000500252801  0.002504540109  0.001001011887  0.001000692099  0.001000692099  0.001000692099  0.001000692099  0.008054663913  0.008054663913  0.008554347658  0.007544965727  0.005019433066  0.005019433066  0.000000000000  0.004011812987  0.004011812987  0.003509607405  0.000500252801  0.001000692099  0.000000000000  
piranga_roseogularis_ku2049 0.010581656252  0.009567290645  0.005018206783  0.005018206783  0.008554347658  0.005018206783  0.005018206783  0.004515366531  0.005017368248  0.005524013639  0.004515366531  0.006531093887  0.005019433066  0.005018206783  0.005018206783  0.005018206783  0.005018206783  0.012117249888  0.012117249888  0.012617497758  0.011603217232  0.009061765623  0.009061765623  0.004011812987  0.000000000000  0.000000000000  0.007542823205  0.004515366531  0.005018206783  0.004011812987  
piranga_roseogularis_ku2141 0.010581656252  0.009567290645  0.005018206783  0.005018206783  0.008554347658  0.005018206783  0.005018206783  0.004515366531  0.005017368248  0.005524013639  0.004515366531  0.006531093887  0.005019433066  0.005018206783  0.005018206783  0.005018206783  0.005018206783  0.012117249888  0.012117249888  0.012617497758  0.011603217232  0.009061765623  0.009061765623  0.004011812987  0.000000000000  0.000000000000  0.007542823205  0.004515366531  0.005018206783  0.004011812987  
piranga_rubra_ku7046 0.010075487464  0.009061765623  0.004515366531  0.004515366531  0.008049464699  0.004515366531  0.004515366531  0.004012907685  0.004514399720  0.005021046715  0.004012907685  0.006027362481  0.004516720440  0.004515366531  0.004011812987  0.004011812987  0.004011812987  0.011610555625  0.011610555625  0.012110163866  0.011096657200  0.008556625499  0.008556625499  0.003509607405  0.007542823205  0.007542823205  0.000000000000  0.004012907685  0.004515366531  0.003509607405  
piranga_rubra_sdsu2635 0.007036699954  0.006027362481  0.001501701898  0.001501701898  0.005019433066  0.001501701898  0.001501701898  0.001001011887  0.001501510257  0.002004053021  0.001001011887  0.003006818559  0.001502278284  0.001501701898  0.001501701898  0.001501701898  0.001501701898  0.008562350865  0.008562350865  0.009061765623  0.008051869623  0.005524013639  0.005524013639  0.000500252801  0.004515366531  0.004515366531  0.004012907685  0.000000000000  0.001501701898  0.000500252801  
piranga_rubra_sdsu2654 0.007541070161  0.006531093887  0.002002771019  0.002002771019  0.005522527354  0.002002771019  0.002002771019  0.001501701898  0.002002707913  0.002505245982  0.001501701898  0.003508771392  0.002003219515  0.002002771019  0.002002771019  0.002002771019  0.002002771019  0.009067238012  0.009067238012  0.009567290645  0.008556625499  0.006027362481  0.006027362481  0.001000692099  0.005018206783  0.005018206783  0.004515366531  0.001501701898  0.000000000000  0.001000692099  
piranga_rubra_ku26592 0.006531093887  0.005522527354  0.001000692099  0.001000692099  0.004515366531  0.001000692099  0.001000692099  0.000500252801  0.001000756794  0.001502278284  0.000500252801  0.002504540109  0.001001011887  0.001000692099  0.001000692099  0.001000692099  0.001000692099  0.008054663913  0.008054663913  0.008554347658  0.007544965727  0.005019433066  0.005019433066  0.000000000000  0.004011812987  0.004011812987  0.003509607405  0.000500252801  0.001000692099  0.000000000000  

