30
piranga_rubra_ku26592 0.000000000000  0.013309452188  0.013317921682  0.018519401049  0.006976141021  0.018154518699  0.013005558901  0.019578433380  0.000000000000  0.017500338434  0.011090083734  0.012322130025  0.010214138232  0.010090385989  0.000000000000  0.013688852673  0.010214138232  0.015398951219  0.010966475778  0.018550331631  0.018538474615  0.010419833469  0.018519401049  0.009181831918  0.019641206931  0.014669276303  0.011516993870  0.018550331631  0.000000000000  0.016452765814  
piranga_flava_ku90809 0.013309452188  0.000000000000  0.016423168653  0.021647666634  0.006970863354  0.022475464097  0.017392659335  0.022709315382  0.012507350175  0.020620221727  0.014452608531  0.015721080858  0.005087188143  0.006709714100  0.013309452188  0.001129752919  0.005087188143  0.018512192704  0.015897432358  0.021674285475  0.021663846699  0.004145852761  0.021647666634  0.013818003862  0.022788153940  0.022128108845  0.018820563305  0.021674285475  0.013309452188  0.019568597340  
piranga_ludoviciana_sdsu2385 0.013317921682  0.016423168653  0.000000000000  0.019578433380  0.006976141021  0.020337244579  0.007552738078  0.020643605785  0.012517157419  0.010236890613  0.002201647366  0.012329300303  0.013312917553  0.014631548821  0.013317921682  0.018322852726  0.013312917553  0.009195912154  0.002421901520  0.011273302272  0.018550331631  0.014636269529  0.019578433380  0.010341631231  0.020705623200  0.017670296387  0.001428777366  0.011273302272  0.013317921682  0.009202837387  
piranga_rubriceps_lsu265 0.018519401049  0.021647666634  0.019578433380  0.000000000000  0.003475781844  0.019220700218  0.018518453650  0.019548461700  0.017809981433  0.023819701806  0.016731009399  0.018028729265  0.018512192704  0.016913039173  0.018519401049  0.021822075348  0.018512192704  0.020631136775  0.018403125813  0.024883352844  0.008156917479  0.019950596546  0.002027784733  0.016173865422  0.017515873429  0.014669276303  0.018850767985  0.024883352844  0.018519401049  0.022758534652  
piranga_leucoptera_lsu7783 0.006976141021  0.006970863354  0.006976141021  0.003475781844  0.000000000000  0.006976141021  0.003725807704  0.006976141021  0.006976141021  0.008736484059  0.002004414230  0.002028813769  0.006970863354  0.000000000000  0.006976141021  0.000000000000  0.006970863354  0.006976141021  0.002119098297  0.008736484059  0.001736415644  0.006970863354  0.003475781844  0.000000000000  0.005256895633  0.000000000000  0.002137214198  0.008736484059  0.006976141021  0.008736484059  
cardinalis_cardinalis_ku25393 0.018154518699  0.022475464097  0.020337244579  0.019220700218  0.006976141021  0.000000000000  0.018922496771  0.000000000000  0.018154518699  0.022548443542  0.017423799877  0.016355645183  0.018132959161  0.017615278367  0.018154518699  0.022745263862  0.019220700218  0.020337244579  0.018415514953  0.022548443542  0.018154518699  0.020311051274  0.019220700218  0.016509963271  0.019293640824  0.014692831315  0.017405760197  0.022548443542  0.018154518699  0.020352835775  
piranga_olivacea_ku2699 0.013005558901  0.017392659335  0.007552738078  0.018518453650  0.003725807704  0.018922496771  0.000000000000  0.019643659141  0.013033812325  0.007558179282  0.005622284892  0.016000451441  0.014097864042  0.016063837012  0.013005558901  0.019853246613  0.011903591840  0.002148694772  0.004849549071  0.008648133821  0.015217736156  0.015248653386  0.018518453650  0.013838896561  0.018499451806  0.014679483855  0.005732152439  0.008648133821  0.013005558901  0.007558179282  
cardinalis_cardinalis_ku21828 0.019578433380  0.022709315382  0.020643605785  0.019548461700  0.006976141021  0.000000000000  0.019643659141  0.000000000000  0.017830773788  0.023837001466  0.017867646396  0.016881661868  0.018519401049  0.018060206561  0.019578433380  0.022995978330  0.019568597340  0.021699839810  0.018415514953  0.024901756346  0.018519399090  0.019969450618  0.019548461700  0.016185450018  0.019620921826  0.014692831315  0.017405760197  0.024901756346  0.019578433380  0.022774735622  
piranga_rubra_ku7046 0.000000000000  0.012507350175  0.012517157419  0.017809981433  0.006976141021  0.018154518699  0.013033812325  0.017830773788  0.000000000000  0.016774751161  0.010177894514  0.011399478664  0.009358558404  0.009146724414  0.000000000000  0.012800484464  0.009358558404  0.014635153748  0.010966475778  0.017843569053  0.017830773788  0.010419833469  0.017809981433  0.009181831918  0.018948334228  0.014669276303  0.011516993870  0.017843569053  0.000000000000  0.015708441316  
piranga_bidentata_hgoslp104 0.017500338434  0.020620221727  0.010236890613  0.023819701806  0.008736484059  0.022548443542  0.007558179282  0.023837001466  0.016774751161  0.000000000000  0.005527993872  0.015761246302  0.015398951219  0.013496525371  0.017500338434  0.019496716358  0.015398951219  0.011273302272  0.004852097487  0.001006138172  0.018563730066  0.018908525878  0.023819701806  0.013849733099  0.020716629724  0.013202613169  0.004295358335  0.001006138172  0.017500338434  0.003025122484  
piranga_ludoviciana_sdsu2648 0.011090083734  0.014452608531  0.002201647366  0.016731009399  0.002004414230  0.017423799877  0.005622284892  0.017867646396  0.010177894514  0.005527993872  0.000000000000  0.012338297282  0.011090083734  0.012358306406  0.011090083734  0.016003098156  0.011090083734  0.007750663652  0.002420104518  0.006641708538  0.015620547914  0.012475865956  0.016731009399  0.010348489541  0.018983486190  0.014692831315  0.001428267014  0.006641708538  0.011090083734  0.006641708538  
piranga_roseogularis_ku2049 0.012322130025  0.015721080858  0.012329300303  0.018028729265  0.002028813769  0.016355645183  0.016000451441  0.016881661868  0.011399478664  0.015761246302  0.012338297282  0.000000000000  0.012322130025  0.013526954630  0.012322130025  0.017204032017  0.012322130025  0.016893903512  0.013444479964  0.016907983149  0.018057621168  0.013719305655  0.018028729265  0.002283632864  0.020304922774  0.014692831315  0.011531471401  0.016907983149  0.012322130025  0.016907983149  
piranga_hepatica_ku4970 0.010214138232  0.005087188143  0.013312917553  0.018512192704  0.006970863354  0.018132959161  0.014097864042  0.018519401049  0.009358558404  0.015398951219  0.011090083734  0.012322130025  0.000000000000  0.001113400633  0.010214138232  0.006808698039  0.002030873905  0.015391838729  0.012194667162  0.016443050781  0.016434876840  0.003109790274  0.018512192704  0.010336696195  0.017533940668  0.016150834061  0.012969559290  0.016443050781  0.010214138232  0.014357245169  
piranga_hepatica_ku9084 0.010090385989  0.006709714100  0.014631548821  0.016913039173  0.000000000000  0.017615278367  0.016063837012  0.018060206561  0.009146724414  0.013496525371  0.012358306406  0.013526954630  0.001113400633  0.000000000000  0.010090385989  0.007949772191  0.003346611255  0.016919780769  0.013425423750  0.014637602514  0.015781552226  0.004564198206  0.016913039173  0.011493827658  0.018049785760  0.017636120780  0.014425716292  0.014637602514  0.010090385989  0.014637602514  
piranga_rubra_sdsu2654 0.000000000000  0.013309452188  0.013317921682  0.018519401049  0.006976141021  0.018154518699  0.013005558901  0.019578433380  0.000000000000  0.017500338434  0.011090083734  0.012322130025  0.010214138232  0.010090385989  0.000000000000  0.013688852673  0.010214138232  0.015398951219  0.010966475778  0.018550331631  0.018538474615  0.010419833469  0.018519401049  0.009181831918  0.019641206931  0.014669276303  0.011516993870  0.018550331631  0.000000000000  0.016452765814  
piranga_flava_lsu15408 0.013688852673  0.001129752919  0.018322852726  0.021822075348  0.000000000000  0.022745263862  0.019853246613  0.022995978330  0.012800484464  0.019496716358  0.016003098156  0.017204032017  0.006808698039  0.007949772191  0.013688852673  0.000000000000  0.006808698039  0.020658251862  0.017135238647  0.020667250156  0.021840806944  0.005792990449  0.021822075348  0.015156033414  0.024156625863  0.023731596980  0.020289252452  0.020667250156  0.013688852673  0.020667250156  
piranga_lutea_lsu5400 0.010214138232  0.005087188143  0.013312917553  0.018512192704  0.006970863354  0.019220700218  0.011903591840  0.019568597340  0.009358558404  0.015398951219  0.011090083734  0.012322130025  0.002030873905  0.003346611255  0.010214138232  0.006808698039  0.000000000000  0.013312917553  0.012194667162  0.016443050781  0.016434876840  0.003109790274  0.018512192704  0.010336696195  0.017533940668  0.016150834061  0.012969559290  0.016443050781  0.010214138232  0.014357245169  
piranga_olivacea_ku4672 0.015398951219  0.018512192704  0.009195912154  0.020631136775  0.006976141021  0.020337244579  0.002148694772  0.021699839810  0.014635153748  0.011273302272  0.007750663652  0.016893903512  0.015391838729  0.016919780769  0.015398951219  0.020658251862  0.013312917553  0.000000000000  0.007291717937  0.012312083148  0.017500338434  0.016762036803  0.020631136775  0.015010658617  0.019649556469  0.016172429550  0.008622560479  0.012312083148  0.015398951219  0.010236890613  
piranga_ludoviciana_sdsu2208 0.010966475778  0.015897432358  0.002421901520  0.018403125813  0.002119098297  0.018415514953  0.004849549071  0.018415514953  0.010966475778  0.004852097487  0.002420104518  0.013444479964  0.012194667162  0.013425423750  0.010966475778  0.017135238647  0.012194667162  0.007291717937  0.000000000000  0.004852097487  0.017178556292  0.013429591555  0.017165497688  0.010972034298  0.020886175906  0.014809934023  0.001428777366  0.004852097487  0.010966475778  0.004852097487  
piranga_bidentata_itm160 0.018550331631  0.021674285475  0.011273302272  0.024883352844  0.008736484059  0.022548443542  0.008648133821  0.024901756346  0.017843569053  0.001006138172  0.006641708538  0.016907983149  0.016443050781  0.014637602514  0.018550331631  0.020667250156  0.016443050781  0.012312083148  0.004852097487  0.000000000000  0.019617235706  0.019981301763  0.024883352844  0.015022834935  0.021776249719  0.013202613169  0.004295358335  0.000000000000  0.018550331631  0.002014509023  
piranga_leucoptera_fmnh481795 0.018538474615  0.021663846699  0.018550331631  0.008156917479  0.001736415644  0.018154518699  0.015217736156  0.018519399090  0.017830773788  0.018563730066  0.015620547914  0.018057621168  0.016434876840  0.015781552226  0.018538474615  0.021840806944  0.016434876840  0.017500338434  0.017178556292  0.019617235706  0.000000000000  0.019969450618  0.008156917479  0.016198973056  0.013350458533  0.011708227285  0.014446199383  0.019617235706  0.018538474615  0.017512661206  
piranga_lutea_ku89864 0.010419833469  0.004145852761  0.014636269529  0.019950596546  0.006970863354  0.020311051274  0.015248653386  0.019969450618  0.010419833469  0.018908525878  0.012475865956  0.013719305655  0.003109790274  0.004564198206  0.010419833469  0.005792990449  0.003109790274  0.016762036803  0.013429591555  0.019981301763  0.019969450618  0.000000000000  0.019950596546  0.011511383371  0.021103131400  0.019142770932  0.015894114698  0.019981301763  0.010419833469  0.017838276628  
piranga_rubriceps_lsu34818 0.018519401049  0.021647666634  0.019578433380  0.002027784733  0.003475781844  0.019220700218  0.018518453650  0.019548461700  0.017809981433  0.023819701806  0.016731009399  0.018028729265  0.018512192704  0.016913039173  0.018519401049  0.021822075348  0.018512192704  0.020631136775  0.017165497688  0.024883352844  0.008156917479  0.019950596546  0.000000000000  0.016173865422  0.017515873429  0.014669276303  0.018850767985  0.024883352844  0.018519401049  0.022758534652  
piranga_roseogularis_ku2141 0.009181831918  0.013818003862  0.010341631231  0.016173865422  0.000000000000  0.016509963271  0.013838896561  0.016185450018  0.009181831918  0.013849733099  0.010348489541  0.002283632864  0.010336696195  0.011493827658  0.009181831918  0.015156033414  0.010336696195  0.015010658617  0.010972034298  0.015022834935  0.016198973056  0.011511383371  0.016173865422  0.000000000000  0.018507162219  0.013202613169  0.010074688286  0.015022834935  0.009181831918  0.015022834935  
piranga_erythrocephala_fmnh343371 0.019641206931  0.022788153940  0.020705623200  0.017515873429  0.005256895633  0.019293640824  0.018499451806  0.019620921826  0.018948334228  0.020716629724  0.018983486190  0.020304922774  0.017533940668  0.018049785760  0.019641206931  0.024156625863  0.017533940668  0.019649556469  0.020886175906  0.021776249719  0.013350458533  0.021103131400  0.017515873429  0.018507162219  0.000000000000  0.004362497071  0.015903040046  0.021776249719  0.019641206931  0.019659474845  
piranga_erythrocephala_fmnh343370 0.014669276303  0.022128108845  0.017670296387  0.014669276303  0.000000000000  0.014692831315  0.014679483855  0.014692831315  0.014669276303  0.013202613169  0.014692831315  0.014692831315  0.016150834061  0.017636120780  0.014669276303  0.023731596980  0.016150834061  0.016172429550  0.014809934023  0.013202613169  0.011708227285  0.019142770932  0.014669276303  0.013202613169  0.004362497071  0.000000000000  0.016413769016  0.013202613169  0.014669276303  0.013202613169  
piranga_ludoviciana_sdsu2650 0.011516993870  0.018820563305  0.001428777366  0.018850767985  0.002137214198  0.017405760197  0.005732152439  0.017405760197  0.011516993870  0.004295358335  0.001428267014  0.011531471401  0.012969559290  0.014425716292  0.011516993870  0.020289252452  0.012969559290  0.008622560479  0.001428777366  0.004295358335  0.014446199383  0.015894114698  0.018850767985  0.010074688286  0.015903040046  0.016413769016  0.000000000000  0.004295358335  0.011516993870  0.004295358335  
piranga_bidentata_tepe59 0.018550331631  0.021674285475  0.011273302272  0.024883352844  0.008736484059  0.022548443542  0.008648133821  0.024901756346  0.017843569053  0.001006138172  0.006641708538  0.016907983149  0.016443050781  0.014637602514  0.018550331631  0.020667250156  0.016443050781  0.012312083148  0.004852097487  0.000000000000  0.019617235706  0.019981301763  0.024883352844  0.015022834935  0.021776249719  0.013202613169  0.004295358335  0.000000000000  0.018550331631  0.002014509023  
piranga_rubra_sdsu2635 0.000000000000  0.013309452188  0.013317921682  0.018519401049  0.006976141021  0.018154518699  0.013005558901  0.019578433380  0.000000000000  0.017500338434  0.011090083734  0.012322130025  0.010214138232  0.010090385989  0.000000000000  0.013688852673  0.010214138232  0.015398951219  0.010966475778  0.018550331631  0.018538474615  0.010419833469  0.018519401049  0.009181831918  0.019641206931  0.014669276303  0.011516993870  0.018550331631  0.000000000000  0.016452765814  
piranga_bidentata_itm141 0.016452765814  0.019568597340  0.009202837387  0.022758534652  0.008736484059  0.020352835775  0.007558179282  0.022774735622  0.015708441316  0.003025122484  0.006641708538  0.016907983149  0.014357245169  0.014637602514  0.016452765814  0.020667250156  0.014357245169  0.010236890613  0.004852097487  0.002014509023  0.017512661206  0.017838276628  0.022758534652  0.015022834935  0.019659474845  0.013202613169  0.004295358335  0.002014509023  0.016452765814  0.000000000000  

