30
cardinalis_cardinalis_ku21828 0.000000000000  0.000000000000  0.004517016928  0.003006916984  0.005019733659  0.004515588800  0.008052752016  0.008052752016  0.005019733659  0.009573717295  0.005524404735  0.005524404735  0.005524404735  0.009577081874  0.007545708133  0.007545708133  0.007041586270  0.007041586270  0.007041586270  0.007041586270  0.007041586270  0.007041586270  0.007041586270  0.006027759079  0.009068437766  0.009577081874  0.006027759079  0.004515588800  0.004515588800  0.004515588800  
cardinalis_cardinalis_ku25393 0.000000000000  0.000000000000  0.004517016928  0.003006916984  0.005019733659  0.004515588800  0.008052752016  0.008052752016  0.005019733659  0.009573717295  0.005524404735  0.005524404735  0.005524404735  0.009577081874  0.007545708133  0.007545708133  0.007041586270  0.007041586270  0.007041586270  0.007041586270  0.007041586270  0.007041586270  0.007041586270  0.006027759079  0.009068437766  0.009577081874  0.006027759079  0.004515588800  0.004515588800  0.004515588800  
piranga_roseogularis_ku2049 0.004517016928  0.004517016928  0.000000000000  0.001502331589  0.003511045248  0.003007932164  0.006537848281  0.006537848281  0.003511045248  0.008055691959  0.004014682394  0.004014682394  0.004014682394  0.008059033978  0.006031848062  0.006031848062  0.005528749159  0.005528749159  0.005528749159  0.005528749159  0.005528749159  0.005528749159  0.005528749159  0.004517016928  0.007551440125  0.008059033978  0.004517016928  0.003007932164  0.003007932164  0.003007932164  
piranga_roseogularis_ku2141 0.003006916984  0.003006916984  0.001502331589  0.000000000000  0.002003273832  0.001501726414  0.005021433489  0.005021433489  0.002003273832  0.006535329935  0.002505342054  0.002505342054  0.002505342054  0.006537848281  0.004517016928  0.004517016928  0.004014682394  0.004014682394  0.004014682394  0.004014682394  0.004014682394  0.004014682394  0.004014682394  0.003006916984  0.006031848062  0.006537848281  0.003006916984  0.001501726414  0.001501726414  0.001501726414  
piranga_leucoptera_fmnh481795 0.005019733659  0.005019733659  0.003511045248  0.002003273832  0.000000000000  0.000500258708  0.004014682394  0.004014682394  0.002004147915  0.006537848281  0.002506485604  0.002506485604  0.002506485604  0.006540767445  0.004518844697  0.004518844697  0.004016637716  0.004016637716  0.004016637716  0.004016637716  0.004016637716  0.004016637716  0.004016637716  0.003007932164  0.006034493521  0.006540767445  0.003007932164  0.001502331589  0.001502331589  0.001502331589  
piranga_leucoptera_lsu7783 0.004515588800  0.004515588800  0.003007932164  0.001501726414  0.000500258708  0.000000000000  0.003511045248  0.003511045248  0.001502331589  0.006031848062  0.002004147915  0.002004147915  0.002004147915  0.006034493521  0.004014682394  0.004014682394  0.003512729415  0.003512729415  0.003512729415  0.003512729415  0.003512729415  0.003512729415  0.003512729415  0.002505342054  0.005528749159  0.006034493521  0.002505342054  0.001001035546  0.001001035546  0.001001035546  
piranga_rubriceps_lsu265 0.008052752016  0.008052752016  0.006537848281  0.005021433489  0.004014682394  0.003511045248  0.000000000000  0.000000000000  0.005023533252  0.009580849796  0.005528749159  0.005528749159  0.005528749159  0.009585020695  0.007551440125  0.007551440125  0.007047572041  0.007047572041  0.007047572041  0.007047572041  0.007047572041  0.007047572041  0.007047572041  0.006031848062  0.009075823139  0.009585020695  0.006031848062  0.004518844697  0.004518844697  0.004518844697  
piranga_rubriceps_lsu34818 0.008052752016  0.008052752016  0.006537848281  0.005021433489  0.004014682394  0.003511045248  0.000000000000  0.000000000000  0.005023533252  0.009580849796  0.005528749159  0.005528749159  0.005528749159  0.009585020695  0.007551440125  0.007551440125  0.007047572041  0.007047572041  0.007047572041  0.007047572041  0.007047572041  0.007047572041  0.007047572041  0.006031848062  0.009075823139  0.009585020695  0.006031848062  0.004518844697  0.004518844697  0.004518844697  
piranga_erythrocephala_fmnh343371 0.005019733659  0.005019733659  0.003511045248  0.002003273832  0.002004147915  0.001502331589  0.005023533252  0.005023533252  0.000000000000  0.004517016928  0.002506485604  0.002506485604  0.002506485604  0.006540767445  0.004518844697  0.004518844697  0.004016637716  0.004016637716  0.004016637716  0.004016637716  0.004016637716  0.004016637716  0.004016637716  0.003007932164  0.006034493521  0.006540767445  0.003007932164  0.001502331589  0.001502331589  0.001502331589  
piranga_erythrocephala_fmnh343370 0.009573717295  0.009573717295  0.008055691959  0.006535329935  0.006537848281  0.006031848062  0.009580849796  0.009580849796  0.004517016928  0.000000000000  0.007044378598  0.007044378598  0.007044378598  0.011110833799  0.009071929114  0.009071929114  0.008567161275  0.008567161275  0.008567161275  0.008567161275  0.008567161275  0.008567161275  0.008567161275  0.007548373240  0.010600301005  0.011110833799  0.007548373240  0.006031848062  0.006031848062  0.006031848062  
piranga_lutea_lsu5400 0.005524404735  0.005524404735  0.004014682394  0.002505342054  0.002506485604  0.002004147915  0.005528749159  0.005528749159  0.002506485604  0.007044378598  0.000000000000  0.000000000000  0.000000000000  0.004014682394  0.002003273832  0.002003273832  0.001502331589  0.001502331589  0.001502331589  0.001502331589  0.001502331589  0.001502331589  0.001502331589  0.000500189679  0.003511045248  0.004014682394  0.002505342054  0.001001035546  0.001001035546  0.001001035546  
piranga_lutea_ku89864 0.005524404735  0.005524404735  0.004014682394  0.002505342054  0.002506485604  0.002004147915  0.005528749159  0.005528749159  0.002506485604  0.007044378598  0.000000000000  0.000000000000  0.000000000000  0.004014682394  0.002003273832  0.002003273832  0.001502331589  0.001502331589  0.001502331589  0.001502331589  0.001502331589  0.001502331589  0.001502331589  0.000500189679  0.003511045248  0.004014682394  0.002505342054  0.001001035546  0.001001035546  0.001001035546  
piranga_hepatica_ku4970 0.005524404735  0.005524404735  0.004014682394  0.002505342054  0.002506485604  0.002004147915  0.005528749159  0.005528749159  0.002506485604  0.007044378598  0.000000000000  0.000000000000  0.000000000000  0.004014682394  0.002003273832  0.002003273832  0.001502331589  0.001502331589  0.001502331589  0.001502331589  0.001502331589  0.001502331589  0.001502331589  0.000500189679  0.003511045248  0.004014682394  0.002505342054  0.001001035546  0.001001035546  0.001001035546  
piranga_ludoviciana_sdsu2650 0.009577081874  0.009577081874  0.008059033978  0.006537848281  0.006540767445  0.006034493521  0.009585020695  0.009585020695  0.006540767445  0.011110833799  0.004014682394  0.004014682394  0.004014682394  0.000000000000  0.002004147915  0.002004147915  0.002505342054  0.002505342054  0.002505342054  0.002505342054  0.002505342054  0.002505342054  0.002505342054  0.004517016928  0.007551440125  0.008059033978  0.006537848281  0.005023533252  0.005023533252  0.005023533252  
piranga_ludoviciana_sdsu2648 0.007545708133  0.007545708133  0.006031848062  0.004517016928  0.004518844697  0.004014682394  0.007551440125  0.007551440125  0.004518844697  0.009071929114  0.002003273832  0.002003273832  0.002003273832  0.002004147915  0.000000000000  0.000000000000  0.000500189679  0.000500189679  0.000500189679  0.000500189679  0.000500189679  0.000500189679  0.000500189679  0.002504596612  0.005526376833  0.006031848062  0.004517016928  0.003007932164  0.003007932164  0.003007932164  
piranga_ludoviciana_sdsu2208 0.007545708133  0.007545708133  0.006031848062  0.004517016928  0.004518844697  0.004014682394  0.007551440125  0.007551440125  0.004518844697  0.009071929114  0.002003273832  0.002003273832  0.002003273832  0.002004147915  0.000000000000  0.000000000000  0.000500189679  0.000500189679  0.000500189679  0.000500189679  0.000500189679  0.000500189679  0.000500189679  0.002504596612  0.005526376833  0.006031848062  0.004517016928  0.003007932164  0.003007932164  0.003007932164  
piranga_bidentata_itm141 0.007041586270  0.007041586270  0.005528749159  0.004014682394  0.004016637716  0.003512729415  0.007047572041  0.007047572041  0.004016637716  0.008567161275  0.001502331589  0.001502331589  0.001502331589  0.002505342054  0.000500189679  0.000500189679  0.000000000000  0.000000000000  0.000000000000  0.000000000000  0.000000000000  0.000000000000  0.000000000000  0.002003273832  0.005023533252  0.005528749159  0.004014682394  0.002506485604  0.002506485604  0.002506485604  
piranga_bidentata_tepe59 0.007041586270  0.007041586270  0.005528749159  0.004014682394  0.004016637716  0.003512729415  0.007047572041  0.007047572041  0.004016637716  0.008567161275  0.001502331589  0.001502331589  0.001502331589  0.002505342054  0.000500189679  0.000500189679  0.000000000000  0.000000000000  0.000000000000  0.000000000000  0.000000000000  0.000000000000  0.000000000000  0.002003273832  0.005023533252  0.005528749159  0.004014682394  0.002506485604  0.002506485604  0.002506485604  
piranga_bidentata_hgoslp104 0.007041586270  0.007041586270  0.005528749159  0.004014682394  0.004016637716  0.003512729415  0.007047572041  0.007047572041  0.004016637716  0.008567161275  0.001502331589  0.001502331589  0.001502331589  0.002505342054  0.000500189679  0.000500189679  0.000000000000  0.000000000000  0.000000000000  0.000000000000  0.000000000000  0.000000000000  0.000000000000  0.002003273832  0.005023533252  0.005528749159  0.004014682394  0.002506485604  0.002506485604  0.002506485604  
piranga_ludoviciana_sdsu2385 0.007041586270  0.007041586270  0.005528749159  0.004014682394  0.004016637716  0.003512729415  0.007047572041  0.007047572041  0.004016637716  0.008567161275  0.001502331589  0.001502331589  0.001502331589  0.002505342054  0.000500189679  0.000500189679  0.000000000000  0.000000000000  0.000000000000  0.000000000000  0.000000000000  0.000000000000  0.000000000000  0.002003273832  0.005023533252  0.005528749159  0.004014682394  0.002506485604  0.002506485604  0.002506485604  
piranga_bidentata_itm160 0.007041586270  0.007041586270  0.005528749159  0.004014682394  0.004016637716  0.003512729415  0.007047572041  0.007047572041  0.004016637716  0.008567161275  0.001502331589  0.001502331589  0.001502331589  0.002505342054  0.000500189679  0.000500189679  0.000000000000  0.000000000000  0.000000000000  0.000000000000  0.000000000000  0.000000000000  0.000000000000  0.002003273832  0.005023533252  0.005528749159  0.004014682394  0.002506485604  0.002506485604  0.002506485604  
piranga_flava_lsu15408 0.007041586270  0.007041586270  0.005528749159  0.004014682394  0.004016637716  0.003512729415  0.007047572041  0.007047572041  0.004016637716  0.008567161275  0.001502331589  0.001502331589  0.001502331589  0.002505342054  0.000500189679  0.000500189679  0.000000000000  0.000000000000  0.000000000000  0.000000000000  0.000000000000  0.000000000000  0.000000000000  0.002003273832  0.005023533252  0.005528749159  0.004014682394  0.002506485604  0.002506485604  0.002506485604  
piranga_hepatica_ku9084 0.007041586270  0.007041586270  0.005528749159  0.004014682394  0.004016637716  0.003512729415  0.007047572041  0.007047572041  0.004016637716  0.008567161275  0.001502331589  0.001502331589  0.001502331589  0.002505342054  0.000500189679  0.000500189679  0.000000000000  0.000000000000  0.000000000000  0.000000000000  0.000000000000  0.000000000000  0.000000000000  0.002003273832  0.005023533252  0.005528749159  0.004014682394  0.002506485604  0.002506485604  0.002506485604  
piranga_flava_ku90809 0.006027759079  0.006027759079  0.004517016928  0.003006916984  0.003007932164  0.002505342054  0.006031848062  0.006031848062  0.003007932164  0.007548373240  0.000500189679  0.000500189679  0.000500189679  0.004517016928  0.002504596612  0.002504596612  0.002003273832  0.002003273832  0.002003273832  0.002003273832  0.002003273832  0.002003273832  0.002003273832  0.000000000000  0.004013126053  0.004517016928  0.003006916984  0.001501726414  0.001501726414  0.001501726414  
piranga_olivacea_ku2699 0.009068437766  0.009068437766  0.007551440125  0.006031848062  0.006034493521  0.005528749159  0.009075823139  0.009075823139  0.006034493521  0.010600301005  0.003511045248  0.003511045248  0.003511045248  0.007551440125  0.005526376833  0.005526376833  0.005023533252  0.005023533252  0.005023533252  0.005023533252  0.005023533252  0.005023533252  0.005023533252  0.004013126053  0.000000000000  0.001502331589  0.006031848062  0.004518844697  0.004518844697  0.004518844697  
piranga_olivacea_ku4672 0.009577081874  0.009577081874  0.008059033978  0.006537848281  0.006540767445  0.006034493521  0.009585020695  0.009585020695  0.006540767445  0.011110833799  0.004014682394  0.004014682394  0.004014682394  0.008059033978  0.006031848062  0.006031848062  0.005528749159  0.005528749159  0.005528749159  0.005528749159  0.005528749159  0.005528749159  0.005528749159  0.004517016928  0.001502331589  0.000000000000  0.006537848281  0.005023533252  0.005023533252  0.005023533252  
piranga_rubra_sdsu2635 0.006027759079  0.006027759079  0.004517016928  0.003006916984  0.003007932164  0.002505342054  0.006031848062  0.006031848062  0.003007932164  0.007548373240  0.002505342054  0.002505342054  0.002505342054  0.006537848281  0.004517016928  0.004517016928  0.004014682394  0.004014682394  0.004014682394  0.004014682394  0.004014682394  0.004014682394  0.004014682394  0.003006916984  0.006031848062  0.006537848281  0.000000000000  0.001501726414  0.001501726414  0.001501726414  
piranga_rubra_ku7046 0.004515588800  0.004515588800  0.003007932164  0.001501726414  0.001502331589  0.001001035546  0.004518844697  0.004518844697  0.001502331589  0.006031848062  0.001001035546  0.001001035546  0.001001035546  0.005023533252  0.003007932164  0.003007932164  0.002506485604  0.002506485604  0.002506485604  0.002506485604  0.002506485604  0.002506485604  0.002506485604  0.001501726414  0.004518844697  0.005023533252  0.001501726414  0.000000000000  0.000000000000  0.000000000000  
piranga_rubra_sdsu2654 0.004515588800  0.004515588800  0.003007932164  0.001501726414  0.001502331589  0.001001035546  0.004518844697  0.004518844697  0.001502331589  0.006031848062  0.001001035546  0.001001035546  0.001001035546  0.005023533252  0.003007932164  0.003007932164  0.002506485604  0.002506485604  0.002506485604  0.002506485604  0.002506485604  0.002506485604  0.002506485604  0.001501726414  0.004518844697  0.005023533252  0.001501726414  0.000000000000  0.000000000000  0.000000000000  
piranga_rubra_ku26592 0.004515588800  0.004515588800  0.003007932164  0.001501726414  0.001502331589  0.001001035546  0.004518844697  0.004518844697  0.001502331589  0.006031848062  0.001001035546  0.001001035546  0.001001035546  0.005023533252  0.003007932164  0.003007932164  0.002506485604  0.002506485604  0.002506485604  0.002506485604  0.002506485604  0.002506485604  0.002506485604  0.001501726414  0.004518844697  0.005023533252  0.001501726414  0.000000000000  0.000000000000  0.000000000000  

