30
cardinalis_cardinalis_ku21828 0.000000000000  0.000500273080  0.010076483197  0.010076483197  0.009064921086  0.009062346354  0.012623228824  0.012619830498  0.011095014499  0.011095014499  0.010076483197  0.010076483197  0.010076483197  0.013131038022  0.014151284802  0.014672731428  0.010076483197  0.007541242839  0.007541242839  0.008554750416  0.012109192840  0.009568065553  0.013639243828  0.012112282756  0.009568065553  0.010076483197  0.011601905972  0.009568065553  0.009060211576  0.010588517740  
cardinalis_cardinalis_ku25393 0.000500273080  0.000000000000  0.010585465759  0.010585465759  0.009573385541  0.009570505387  0.013134745448  0.013131038022  0.011605130675  0.011605130675  0.010585465759  0.010585465759  0.010585465759  0.013642816686  0.014663898780  0.015186543073  0.010585465759  0.008047716325  0.008047716325  0.009062346354  0.012619830498  0.010076483197  0.014151284802  0.012623228824  0.010076483197  0.010585465759  0.012112282756  0.010076483197  0.009568065553  0.011098373574  
piranga_erythrocephala_fmnh343371 0.010076483197  0.010585465759  0.000000000000  0.000000000000  0.008054930320  0.008052087023  0.011608797531  0.011605130675  0.013138896501  0.013138896501  0.012115815554  0.012115815554  0.012115815554  0.015181592316  0.016205191604  0.016215898589  0.012115815554  0.009570505387  0.009570505387  0.010588517740  0.014155167768  0.011605130675  0.015690850891  0.014159495468  0.011605130675  0.012115815554  0.013646833902  0.011605130675  0.011095014499  0.012631354884  
piranga_erythrocephala_fmnh343370 0.010076483197  0.010585465759  0.000000000000  0.000000000000  0.008054930320  0.008052087023  0.011608797531  0.011605130675  0.013138896501  0.013138896501  0.012115815554  0.012115815554  0.012115815554  0.015181592316  0.016205191604  0.016215898589  0.012115815554  0.009570505387  0.009570505387  0.010588517740  0.014155167768  0.011605130675  0.015690850891  0.014159495468  0.011605130675  0.012115815554  0.013646833902  0.011605130675  0.011095014499  0.012631354884  
piranga_leucoptera_fmnh481795 0.009064921086  0.009573385541  0.008054930320  0.008054930320  0.000000000000  0.003008298662  0.007550522512  0.007547545545  0.012124208372  0.012124208372  0.011102174078  0.011102174078  0.011102174078  0.014164267546  0.015186543073  0.015712794565  0.011102174078  0.008559729621  0.008559729621  0.009576705661  0.013138896501  0.010592010778  0.014672731428  0.013143490828  0.010592010778  0.011102174078  0.012631354884  0.010592010778  0.010082415019  0.011617456291  
piranga_leucoptera_lsu7783 0.009062346354  0.009570505387  0.008052087023  0.008052087023  0.003008298662  0.000000000000  0.007547545545  0.007545006375  0.012119790877  0.012119790877  0.011098373574  0.011098373574  0.011098373574  0.014159495468  0.015181592316  0.015706640546  0.011098373574  0.008557020402  0.008557020402  0.009573385541  0.013134745448  0.010588517740  0.014668092549  0.013138896501  0.010588517740  0.011098373574  0.012627070405  0.010588517740  0.010079228763  0.011612906187  
piranga_rubriceps_lsu265 0.012623228824  0.013134745448  0.011608797531  0.011608797531  0.007550522512  0.007547545545  0.000000000000  0.002003407875  0.015700931694  0.015700931694  0.014672731428  0.014672731428  0.014672731428  0.017751687950  0.018779336799  0.019310445713  0.014672731428  0.012115815554  0.012115815554  0.013138896501  0.016720110483  0.014159495468  0.018262408256  0.016725554456  0.014159495468  0.014672731428  0.016210321972  0.014159495468  0.013646833902  0.015191938966  
piranga_rubriceps_lsu34818 0.012619830498  0.013131038022  0.011605130675  0.011605130675  0.007547545545  0.007545006375  0.002003407875  0.000000000000  0.015695668358  0.015695668358  0.014668092549  0.014668092549  0.014668092549  0.017746062398  0.018773528719  0.019303423072  0.014668092549  0.012112282756  0.012112282756  0.013134745448  0.016715113496  0.014155167768  0.018256915848  0.016720110483  0.014155167768  0.014668092549  0.016205191604  0.014155167768  0.013642816686  0.015186543073  
piranga_roseogularis_ku2049 0.011095014499  0.011605130675  0.013138896501  0.013138896501  0.012124208372  0.012119790877  0.015700931694  0.015695668358  0.000000000000  0.000000000000  0.007040722151  0.007040722151  0.007040722151  0.010082415019  0.011098373574  0.011617456291  0.007040722151  0.004516146677  0.004516146677  0.005525373573  0.009064921086  0.006534458896  0.010588517740  0.009067935417  0.006534458896  0.007040722151  0.008559729621  0.006534458896  0.006028754543  0.007550522512  
piranga_roseogularis_ku2141 0.011095014499  0.011605130675  0.013138896501  0.013138896501  0.012124208372  0.012119790877  0.015700931694  0.015695668358  0.000000000000  0.000000000000  0.007040722151  0.007040722151  0.007040722151  0.010082415019  0.011098373574  0.011617456291  0.007040722151  0.004516146677  0.004516146677  0.005525373573  0.009064921086  0.006534458896  0.010588517740  0.009067935417  0.006534458896  0.007040722151  0.008559729621  0.006534458896  0.006028754543  0.007550522512  
piranga_ludoviciana_sdsu2650 0.010076483197  0.010585465759  0.012115815554  0.012115815554  0.011102174078  0.011098373574  0.014672731428  0.014668092549  0.007040722151  0.007040722151  0.000000000000  0.000000000000  0.000000000000  0.003007164015  0.004012365825  0.004519780320  0.000000000000  0.002505577712  0.002505577712  0.004516146677  0.008049682240  0.005523607860  0.009570505387  0.008052087023  0.005523607860  0.006028754543  0.007545006375  0.005523607860  0.005019017619  0.006536828897  
piranga_ludoviciana_sdsu2648 0.010076483197  0.010585465759  0.012115815554  0.012115815554  0.011102174078  0.011098373574  0.014672731428  0.014668092549  0.007040722151  0.007040722151  0.000000000000  0.000000000000  0.000000000000  0.003007164015  0.004012365825  0.004519780320  0.000000000000  0.002505577712  0.002505577712  0.004516146677  0.008049682240  0.005523607860  0.009570505387  0.008052087023  0.005523607860  0.006028754543  0.007545006375  0.005523607860  0.005019017619  0.006536828897  
piranga_bidentata_tepe59 0.010076483197  0.010585465759  0.012115815554  0.012115815554  0.011102174078  0.011098373574  0.014672731428  0.014668092549  0.007040722151  0.007040722151  0.000000000000  0.000000000000  0.000000000000  0.003007164015  0.004012365825  0.004519780320  0.000000000000  0.002505577712  0.002505577712  0.004516146677  0.008049682240  0.005523607860  0.009570505387  0.008052087023  0.005523607860  0.006028754543  0.007545006375  0.005523607860  0.005019017619  0.006536828897  
piranga_ludoviciana_sdsu2385 0.013131038022  0.013642816686  0.015181592316  0.015181592316  0.014164267546  0.014159495468  0.017751687950  0.017746062398  0.010082415019  0.010082415019  0.003007164015  0.003007164015  0.003007164015  0.000000000000  0.001000716716  0.005530212631  0.003007164015  0.005525373573  0.005525373573  0.007545006375  0.011095014499  0.008557020402  0.012623228824  0.011098373574  0.008557020402  0.009064921086  0.010588517740  0.008557020402  0.008049682240  0.009576705661  
piranga_ludoviciana_sdsu2208 0.014151284802  0.014663898780  0.016205191604  0.016205191604  0.015186543073  0.015181592316  0.018779336799  0.018773528719  0.011098373574  0.011098373574  0.004012365825  0.004012365825  0.004012365825  0.001000716716  0.000000000000  0.006539635616  0.004012365825  0.006534458896  0.006534458896  0.008557020402  0.012112282756  0.009570505387  0.013642816686  0.012115815554  0.009570505387  0.010079228763  0.011605130675  0.009570505387  0.009062346354  0.010592010778  
piranga_bidentata_hgoslp104 0.014672731428  0.015186543073  0.016215898589  0.016215898589  0.015712794565  0.015706640546  0.019310445713  0.019303423072  0.011617456291  0.011617456291  0.004519780320  0.004519780320  0.004519780320  0.005530212631  0.006539635616  0.000000000000  0.004519780320  0.007046505528  0.007046505528  0.009071388994  0.012631354884  0.010086041609  0.014164267546  0.012636081910  0.010086041609  0.010595944520  0.012124208372  0.010086041609  0.009576705661  0.011111097964  
piranga_lutea_lsu5400 0.010076483197  0.010585465759  0.012115815554  0.012115815554  0.011102174078  0.011098373574  0.014672731428  0.014668092549  0.007040722151  0.007040722151  0.000000000000  0.000000000000  0.000000000000  0.003007164015  0.004012365825  0.004519780320  0.000000000000  0.002505577712  0.002505577712  0.004516146677  0.008049682240  0.005523607860  0.009570505387  0.008052087023  0.005523607860  0.006028754543  0.007545006375  0.005523607860  0.005019017619  0.006536828897  
piranga_bidentata_itm160 0.007541242839  0.008047716325  0.009570505387  0.009570505387  0.008559729621  0.008557020402  0.012115815554  0.012112282756  0.004516146677  0.004516146677  0.002505577712  0.002505577712  0.002505577712  0.005525373573  0.006534458896  0.007046505528  0.002505577712  0.000000000000  0.000000000000  0.002002869700  0.005522278496  0.003006463221  0.007036688506  0.005523607860  0.003006463221  0.003509138411  0.005019017619  0.003006463221  0.002504339043  0.004013665004  
piranga_bidentata_itm141 0.007541242839  0.008047716325  0.009570505387  0.009570505387  0.008559729621  0.008557020402  0.012115815554  0.012112282756  0.004516146677  0.004516146677  0.002505577712  0.002505577712  0.002505577712  0.005525373573  0.006534458896  0.007046505528  0.002505577712  0.000000000000  0.000000000000  0.002002869700  0.005522278496  0.003006463221  0.007036688506  0.005523607860  0.003006463221  0.003509138411  0.005019017619  0.003006463221  0.002504339043  0.004013665004  
piranga_olivacea_ku2699 0.008554750416  0.009062346354  0.010588517740  0.010588517740  0.009576705661  0.009573385541  0.013138896501  0.013134745448  0.005525373573  0.005525373573  0.004516146677  0.004516146677  0.004516146677  0.007545006375  0.008557020402  0.009071388994  0.004516146677  0.002002869700  0.002002869700  0.000000000000  0.004516146677  0.002003407875  0.006028754543  0.004517746036  0.002003407875  0.002505577712  0.004013665004  0.002003407875  0.001501787944  0.003009866811  
piranga_olivacea_ku4672 0.012109192840  0.012619830498  0.014155167768  0.014155167768  0.013138896501  0.013134745448  0.016720110483  0.016715113496  0.009064921086  0.009064921086  0.008049682240  0.008049682240  0.008049682240  0.011095014499  0.012112282756  0.012631354884  0.008049682240  0.005522278496  0.005522278496  0.004516146677  0.000000000000  0.002504741628  0.006532525965  0.005020482185  0.005523607860  0.006028754543  0.007545006375  0.005523607860  0.005019017619  0.006536828897  
piranga_rubra_ku7046 0.009568065553  0.010076483197  0.011605130675  0.011605130675  0.010592010778  0.010588517740  0.014159495468  0.014155167768  0.006534458896  0.006534458896  0.005523607860  0.005523607860  0.005523607860  0.008557020402  0.009570505387  0.010086041609  0.005523607860  0.003006463221  0.003006463221  0.002003407875  0.002504741628  0.000000000000  0.004012365825  0.002505577712  0.003007164015  0.003510138069  0.005020482185  0.003007164015  0.002504741628  0.004015398749  
piranga_rubra_sdsu2635 0.013639243828  0.014151284802  0.015690850891  0.015690850891  0.014672731428  0.014668092549  0.018262408256  0.018256915848  0.010588517740  0.010588517740  0.009570505387  0.009570505387  0.009570505387  0.012623228824  0.013642816686  0.014164267546  0.009570505387  0.007036688506  0.007036688506  0.006028754543  0.006532525965  0.004012365825  0.000000000000  0.001501547026  0.007038486435  0.007545006375  0.009064921086  0.007038486435  0.006532525965  0.008054930320  
piranga_rubra_sdsu2654 0.012112282756  0.012623228824  0.014159495468  0.014159495468  0.013143490828  0.013138896501  0.016725554456  0.016720110483  0.009067935417  0.009067935417  0.008052087023  0.008052087023  0.008052087023  0.011098373574  0.012115815554  0.012636081910  0.008052087023  0.005523607860  0.005523607860  0.004517746036  0.005020482185  0.002505577712  0.001501547026  0.000000000000  0.005525373573  0.006030822066  0.007547545545  0.005525373573  0.005020482185  0.006539635616  
piranga_flava_lsu15408 0.009568065553  0.010076483197  0.011605130675  0.011605130675  0.010592010778  0.010588517740  0.014159495468  0.014155167768  0.006534458896  0.006534458896  0.005523607860  0.005523607860  0.005523607860  0.008557020402  0.009570505387  0.010086041609  0.005523607860  0.003006463221  0.003006463221  0.002003407875  0.005523607860  0.003007164015  0.007038486435  0.005525373573  0.000000000000  0.000500273080  0.002003407875  0.000000000000  0.000500273080  0.004015398749  
piranga_flava_ku90809 0.010076483197  0.010585465759  0.012115815554  0.012115815554  0.011102174078  0.011098373574  0.014672731428  0.014668092549  0.007040722151  0.007040722151  0.006028754543  0.006028754543  0.006028754543  0.009064921086  0.010079228763  0.010595944520  0.006028754543  0.003509138411  0.003509138411  0.002505577712  0.006028754543  0.003510138069  0.007545006375  0.006030822066  0.000500273080  0.000000000000  0.001501787944  0.000500273080  0.001001093114  0.004519780320  
piranga_lutea_ku89864 0.011601905972  0.012112282756  0.013646833902  0.013646833902  0.012631354884  0.012627070405  0.016210321972  0.016205191604  0.008559729621  0.008559729621  0.007545006375  0.007545006375  0.007545006375  0.010588517740  0.011605130675  0.012124208372  0.007545006375  0.005019017619  0.005019017619  0.004013665004  0.007545006375  0.005020482185  0.009064921086  0.007547545545  0.002003407875  0.001501787944  0.000000000000  0.002003407875  0.002505577712  0.006033325945  
piranga_hepatica_ku9084 0.009568065553  0.010076483197  0.011605130675  0.011605130675  0.010592010778  0.010588517740  0.014159495468  0.014155167768  0.006534458896  0.006534458896  0.005523607860  0.005523607860  0.005523607860  0.008557020402  0.009570505387  0.010086041609  0.005523607860  0.003006463221  0.003006463221  0.002003407875  0.005523607860  0.003007164015  0.007038486435  0.005525373573  0.000000000000  0.000500273080  0.002003407875  0.000000000000  0.000500273080  0.004015398749  
piranga_hepatica_ku4970 0.009060211576  0.009568065553  0.011095014499  0.011095014499  0.010082415019  0.010079228763  0.013646833902  0.013642816686  0.006028754543  0.006028754543  0.005019017619  0.005019017619  0.005019017619  0.008049682240  0.009062346354  0.009576705661  0.005019017619  0.002504339043  0.002504339043  0.001501787944  0.005019017619  0.002504741628  0.006532525965  0.005020482185  0.000500273080  0.001001093114  0.002505577712  0.000500273080  0.000000000000  0.003511571936  
piranga_rubra_ku26592 0.010588517740  0.011098373574  0.012631354884  0.012631354884  0.011617456291  0.011612906187  0.015191938966  0.015186543073  0.007550522512  0.007550522512  0.006536828897  0.006536828897  0.006536828897  0.009576705661  0.010592010778  0.011111097964  0.006536828897  0.004013665004  0.004013665004  0.003009866811  0.006536828897  0.004015398749  0.008054930320  0.006539635616  0.004015398749  0.004519780320  0.006033325945  0.004015398749  0.003511571936  0.000000000000  

