30
cardinalis_cardinalis_ku21828 0.000000000000  0.000000000000  0.017214137137  0.016712132459  0.017742235624  0.015684213103  0.015684213103  0.016197900384  0.019270779752  0.015680387267  0.015171069464  0.014149805398  0.019782734840  0.016703769070  0.012622378470  0.015171069464  0.017718695663  0.015673961743  0.014655200570  0.014655200570  0.013634888919  0.015673961743  0.013634888919  0.013634888919  0.016700201556  0.015680387267  0.015680387267  0.017732747167  0.016190097740  0.016190097740  
cardinalis_cardinalis_ku25393 0.000000000000  0.000000000000  0.017214137137  0.016712132459  0.017742235624  0.015684213103  0.015684213103  0.016197900384  0.019270779752  0.015680387267  0.015171069464  0.014149805398  0.019782734840  0.016703769070  0.012622378470  0.015171069464  0.017718695663  0.015673961743  0.014655200570  0.014655200570  0.013634888919  0.015673961743  0.013634888919  0.013634888919  0.016700201556  0.015680387267  0.015680387267  0.017732747167  0.016190097740  0.016190097740  
piranga_hepatica_ku9084 0.017214137137  0.017214137137  0.000000000000  0.002504251732  0.003508868384  0.001501712273  0.001501712273  0.004011361110  0.013629872279  0.010070472422  0.009057027465  0.008045015223  0.013627975411  0.010577052111  0.006530172760  0.009057027465  0.012607273563  0.009561531310  0.008549527588  0.008549527588  0.007538441120  0.009561531310  0.007538441120  0.007538441120  0.011084021404  0.009562960525  0.009562960525  0.011594189853  0.010069282262  0.010069282262  
piranga_flava_ku90809 0.016712132459  0.016712132459  0.002504251732  0.000000000000  0.001001032625  0.001001032625  0.001001032625  0.003006088503  0.013126750102  0.009568135143  0.008555048786  0.007543394883  0.013123908387  0.010074065943  0.006029554470  0.008555048786  0.012101677200  0.009057027465  0.008046324740  0.008046324740  0.007035599556  0.009057027465  0.007035599556  0.007035599556  0.010580384888  0.009060334118  0.009060334118  0.011091784350  0.009566006673  0.009566006673  
piranga_flava_lsu15408 0.017742235624  0.017742235624  0.003508868384  0.001001032625  0.000000000000  0.002004136196  0.002004136196  0.004011210530  0.014149805398  0.010585335432  0.009570666702  0.008557435342  0.013634888919  0.010582658129  0.007041509576  0.009570666702  0.013121473369  0.010072067110  0.009060334118  0.009060334118  0.008048036466  0.010072067110  0.008048036466  0.008048036466  0.011598621941  0.010076468541  0.010076468541  0.012111643393  0.010582658129  0.010582658129  
piranga_lutea_lsu5400 0.015684213103  0.015684213103  0.001501712273  0.001001032625  0.002004136196  0.000000000000  0.000000000000  0.002504307758  0.012105848865  0.008553064354  0.007541553758  0.006531470730  0.012103559984  0.009058479204  0.005019706982  0.007541553758  0.011084021404  0.008044108294  0.007034431537  0.007034431537  0.006025272270  0.008044108294  0.006025272270  0.006025272270  0.009564281674  0.008046324740  0.008046324740  0.010074065943  0.008551482424  0.008551482424  
piranga_lutea_ku89864 0.015684213103  0.015684213103  0.001501712273  0.001001032625  0.002004136196  0.000000000000  0.000000000000  0.002504307758  0.012105848865  0.008553064354  0.007541553758  0.006531470730  0.012103559984  0.009058479204  0.005019706982  0.007541553758  0.011084021404  0.008044108294  0.007034431537  0.007034431537  0.006025272270  0.008044108294  0.006025272270  0.006025272270  0.009564281674  0.008046324740  0.008046324740  0.010074065943  0.008551482424  0.008551482424  
piranga_hepatica_ku4970 0.016197900384  0.016197900384  0.004011361110  0.003006088503  0.004011210530  0.002504307758  0.002504307758  0.000000000000  0.012616030793  0.009060334118  0.008048036466  0.007037168821  0.012613465786  0.009566006673  0.005524367822  0.008048036466  0.011592582317  0.008550303374  0.007540114169  0.007540114169  0.006530172760  0.008550303374  0.006530172760  0.006530172760  0.010072067110  0.008553064354  0.008553064354  0.010582658129  0.009058479204  0.009058479204  
piranga_leucoptera_fmnh481795 0.019270779752  0.019270779752  0.013629872279  0.013126750102  0.014149805398  0.012105848865  0.012105848865  0.012616030793  0.000000000000  0.003508868384  0.010578516088  0.009564281674  0.015159334722  0.012101677200  0.009060334118  0.011596203189  0.015157423671  0.012100200898  0.011085354269  0.011085354269  0.010070472422  0.012100200898  0.010070472422  0.010070472422  0.013629872279  0.012103559984  0.012103559984  0.014143418931  0.012611307175  0.012611307175  
piranga_leucoptera_lsu7783 0.015680387267  0.015680387267  0.010070472422  0.009568135143  0.010585335432  0.008553064354  0.008553064354  0.009060334118  0.003508868384  0.000000000000  0.007034431537  0.006025272270  0.011592582317  0.008550303374  0.005522811134  0.008046324740  0.011591380965  0.008549527588  0.007539076496  0.007539076496  0.006529275745  0.008549527588  0.006529275745  0.006529275745  0.010070472422  0.008551482424  0.008551482424  0.010580384888  0.009057027465  0.009057027465  
piranga_rubriceps_lsu265 0.015171069464  0.015171069464  0.009057027465  0.008555048786  0.009570666702  0.007541553758  0.007541553758  0.008048036466  0.010578516088  0.007034431537  0.000000000000  0.001000698645  0.010577052111  0.007539076496  0.004515570854  0.007035599556  0.010575993341  0.007538441120  0.006529275745  0.006529275745  0.005520896992  0.007538441120  0.005520896992  0.005520896992  0.009057027465  0.007540114169  0.007540114169  0.009566006673  0.008045015223  0.008045015223  
piranga_rubriceps_lsu34818 0.014149805398  0.014149805398  0.008045015223  0.007543394883  0.008557435342  0.006531470730  0.006531470730  0.007037168821  0.009564281674  0.006025272270  0.001000698645  0.000000000000  0.009562960525  0.006529275745  0.003509745791  0.006026299510  0.009562043608  0.006528780063  0.005520896992  0.005520896992  0.004513936131  0.006528780063  0.004513936131  0.004513936131  0.008045015223  0.006530172760  0.006530172760  0.008553064354  0.007034431537  0.007034431537  
piranga_erythrocephala_fmnh343371 0.019782734840  0.019782734840  0.013627975411  0.013123908387  0.013634888919  0.012103559984  0.012103559984  0.012613465786  0.015159334722  0.011592582317  0.010577052111  0.009562960525  0.000000000000  0.003006299871  0.009058479204  0.011594189853  0.015155922448  0.012099131462  0.011084021404  0.011084021404  0.010069282262  0.012099131462  0.010069282262  0.010069282262  0.013627975411  0.012101677200  0.012101677200  0.014140837026  0.012609555344  0.012609555344  
piranga_erythrocephala_fmnh343370 0.016703769070  0.016703769070  0.010577052111  0.010074065943  0.010582658129  0.009058479204  0.009058479204  0.009566006673  0.012101677200  0.008550303374  0.007539076496  0.006529275745  0.003006299871  0.000000000000  0.006026299510  0.008551482424  0.012099131462  0.009055335039  0.008044108294  0.008044108294  0.007033665142  0.009055335039  0.007033665142  0.007033665142  0.010577052111  0.009057027465  0.009057027465  0.011087092637  0.009562960525  0.009562960525  
piranga_bidentata_itm160 0.012622378470  0.012622378470  0.006530172760  0.006029554470  0.007041509576  0.005019706982  0.005019706982  0.005524367822  0.009060334118  0.005522811134  0.004515570854  0.003509745791  0.009058479204  0.006026299510  0.000000000000  0.002504251732  0.008044108294  0.005017045835  0.004011210530  0.004011210530  0.003006299871  0.005017045835  0.003006299871  0.003006299871  0.006530172760  0.005018420477  0.005018420477  0.007037168821  0.005521654065  0.005521654065  
piranga_bidentata_itm141 0.015171069464  0.015171069464  0.009057027465  0.008555048786  0.009570666702  0.007541553758  0.007541553758  0.008048036466  0.011596203189  0.008046324740  0.007035599556  0.006026299510  0.011594189853  0.008551482424  0.002504251732  0.000000000000  0.010575993341  0.007538441120  0.006529275745  0.006529275745  0.005520896992  0.007538441120  0.005520896992  0.005520896992  0.009057027465  0.007540114169  0.007540114169  0.009566006673  0.008045015223  0.008045015223  
piranga_roseogularis_ku2049 0.017718695663  0.017718695663  0.012607273563  0.012101677200  0.013121473369  0.011084021404  0.011084021404  0.011592582317  0.015157423671  0.011591380965  0.010575993341  0.009562043608  0.015155922448  0.012099131462  0.008044108294  0.010575993341  0.000000000000  0.004011958351  0.007034431537  0.007034431537  0.006025272270  0.008044108294  0.006025272270  0.006025272270  0.009057027465  0.008046324740  0.008046324740  0.010074065943  0.008048036466  0.008048036466  
piranga_roseogularis_ku2141 0.015673961743  0.015673961743  0.009561531310  0.009057027465  0.010072067110  0.008044108294  0.008044108294  0.008550303374  0.012100200898  0.008549527588  0.007538441120  0.006528780063  0.012099131462  0.009055335039  0.005017045835  0.007538441120  0.004011958351  0.000000000000  0.004011210530  0.004011210530  0.003006299871  0.005017045835  0.003006299871  0.003006299871  0.006530172760  0.005018420477  0.005018420477  0.007037168821  0.005521654065  0.005521654065  
piranga_olivacea_ku2699 0.014655200570  0.014655200570  0.008549527588  0.008046324740  0.009060334118  0.007034431537  0.007034431537  0.007540114169  0.011085354269  0.007539076496  0.006529275745  0.005520896992  0.011084021404  0.008044108294  0.004011210530  0.006529275745  0.007034431537  0.004011210530  0.000000000000  0.000000000000  0.002003268486  0.004011210530  0.002003268486  0.002003268486  0.005522811134  0.004013104549  0.004013104549  0.006029554470  0.004515570854  0.004515570854  
piranga_olivacea_ku4672 0.014655200570  0.014655200570  0.008549527588  0.008046324740  0.009060334118  0.007034431537  0.007034431537  0.007540114169  0.011085354269  0.007539076496  0.006529275745  0.005520896992  0.011084021404  0.008044108294  0.004011210530  0.006529275745  0.007034431537  0.004011210530  0.000000000000  0.000000000000  0.002003268486  0.004011210530  0.002003268486  0.002003268486  0.005522811134  0.004013104549  0.004013104549  0.006029554470  0.004515570854  0.004515570854  
piranga_ludoviciana_sdsu2650 0.013634888919  0.013634888919  0.007538441120  0.007035599556  0.008048036466  0.006025272270  0.006025272270  0.006530172760  0.010070472422  0.006529275745  0.005520896992  0.004513936131  0.010069282262  0.007033665142  0.003006299871  0.005520896992  0.006025272270  0.003006299871  0.002003268486  0.002003268486  0.000000000000  0.002002722891  0.000000000000  0.000000000000  0.003508868384  0.002003268486  0.002003268486  0.004013104549  0.002504593226  0.002504593226  
piranga_ludoviciana_sdsu2385 0.015673961743  0.015673961743  0.009561531310  0.009057027465  0.010072067110  0.008044108294  0.008044108294  0.008550303374  0.012100200898  0.008549527588  0.007538441120  0.006528780063  0.012099131462  0.009055335039  0.005017045835  0.007538441120  0.008044108294  0.005017045835  0.004011210530  0.004011210530  0.002002722891  0.000000000000  0.002002722891  0.002002722891  0.005520896992  0.004011210530  0.004011210530  0.006026299510  0.004513936131  0.004513936131  
piranga_ludoviciana_sdsu2648 0.013634888919  0.013634888919  0.007538441120  0.007035599556  0.008048036466  0.006025272270  0.006025272270  0.006530172760  0.010070472422  0.006529275745  0.005520896992  0.004513936131  0.010069282262  0.007033665142  0.003006299871  0.005520896992  0.006025272270  0.003006299871  0.002003268486  0.002003268486  0.000000000000  0.002002722891  0.000000000000  0.000000000000  0.003508868384  0.002003268486  0.002003268486  0.004013104549  0.002504593226  0.002504593226  
piranga_ludoviciana_sdsu2208 0.013634888919  0.013634888919  0.007538441120  0.007035599556  0.008048036466  0.006025272270  0.006025272270  0.006530172760  0.010070472422  0.006529275745  0.005520896992  0.004513936131  0.010069282262  0.007033665142  0.003006299871  0.005520896992  0.006025272270  0.003006299871  0.002003268486  0.002003268486  0.000000000000  0.002002722891  0.000000000000  0.000000000000  0.003508868384  0.002003268486  0.002003268486  0.004013104549  0.002504593226  0.002504593226  
piranga_bidentata_hgoslp104 0.016700201556  0.016700201556  0.011084021404  0.010580384888  0.011598621941  0.009564281674  0.009564281674  0.010072067110  0.013629872279  0.010070472422  0.009057027465  0.008045015223  0.013627975411  0.010577052111  0.006530172760  0.009057027465  0.009057027465  0.006530172760  0.005522811134  0.005522811134  0.003508868384  0.005520896992  0.003508868384  0.003508868384  0.000000000000  0.005522811134  0.005522811134  0.007543394883  0.006026299510  0.006026299510  
piranga_bidentata_tepe59 0.015680387267  0.015680387267  0.009562960525  0.009060334118  0.010076468541  0.008046324740  0.008046324740  0.008553064354  0.012103559984  0.008551482424  0.007540114169  0.006530172760  0.012101677200  0.009057027465  0.005018420477  0.007540114169  0.008046324740  0.005018420477  0.004013104549  0.004013104549  0.002003268486  0.004011210530  0.002003268486  0.002003268486  0.005522811134  0.000000000000  0.000000000000  0.002003268486  0.000500190038  0.000500190038  
piranga_rubra_ku7046 0.015680387267  0.015680387267  0.009562960525  0.009060334118  0.010076468541  0.008046324740  0.008046324740  0.008553064354  0.012103559984  0.008551482424  0.007540114169  0.006530172760  0.012101677200  0.009057027465  0.005018420477  0.007540114169  0.008046324740  0.005018420477  0.004013104549  0.004013104549  0.002003268486  0.004011210530  0.002003268486  0.002003268486  0.005522811134  0.000000000000  0.000000000000  0.002003268486  0.000500190038  0.000500190038  
piranga_rubra_sdsu2654 0.017732747167  0.017732747167  0.011594189853  0.011091784350  0.012111643393  0.010074065943  0.010074065943  0.010582658129  0.014143418931  0.010580384888  0.009566006673  0.008553064354  0.014140837026  0.011087092637  0.007037168821  0.009566006673  0.010074065943  0.007037168821  0.006029554470  0.006029554470  0.004013104549  0.006026299510  0.004013104549  0.004013104549  0.007543394883  0.002003268486  0.002003268486  0.000000000000  0.002504593226  0.002504593226  
piranga_rubra_sdsu2635 0.016190097740  0.016190097740  0.010069282262  0.009566006673  0.010582658129  0.008551482424  0.008551482424  0.009058479204  0.012611307175  0.009057027465  0.008045015223  0.007034431537  0.012609555344  0.009562960525  0.005521654065  0.008045015223  0.008048036466  0.005521654065  0.004515570854  0.004515570854  0.002504593226  0.004513936131  0.002504593226  0.002504593226  0.006026299510  0.000500190038  0.000500190038  0.002504593226  0.000000000000  0.000000000000  
piranga_rubra_ku26592 0.016190097740  0.016190097740  0.010069282262  0.009566006673  0.010582658129  0.008551482424  0.008551482424  0.009058479204  0.012611307175  0.009057027465  0.008045015223  0.007034431537  0.012609555344  0.009562960525  0.005521654065  0.008045015223  0.008048036466  0.005521654065  0.004515570854  0.004515570854  0.002504593226  0.004513936131  0.002504593226  0.002504593226  0.006026299510  0.000500190038  0.000500190038  0.002504593226  0.000000000000  0.000000000000  

