30
cardinalis_cardinalis_ku21828 0.000000000000  0.000000000000  0.012624221946  0.008552411939  0.011086098440  0.010575293666  0.009562332032  0.009562332032  0.010581582811  0.011600048005  0.011086098440  0.012104553211  0.010581582811  0.009057800849  0.008045781216  0.015172542867  0.013639531198  0.016187715443  0.019771969870  0.013122407145  0.008044544296  0.008550913472  0.011597360211  0.015165402897  0.011084458280  0.013122407145  0.012612133292  0.012107114142  0.013633207224  0.013125106420  
cardinalis_cardinalis_ku25393 0.000000000000  0.000000000000  0.012624221946  0.008552411939  0.011086098440  0.010575293666  0.009562332032  0.009562332032  0.010581582811  0.011600048005  0.011086098440  0.012104553211  0.010581582811  0.009057800849  0.008045781216  0.015172542867  0.013639531198  0.016187715443  0.019771969870  0.013122407145  0.008044544296  0.008550913472  0.011597360211  0.015165402897  0.011084458280  0.013122407145  0.012612133292  0.012107114142  0.013633207224  0.013125106420  
piranga_bidentata_itm160 0.012624221946  0.012624221946  0.000000000000  0.005025407604  0.008562294405  0.008049421586  0.007040813951  0.007040813951  0.008061357801  0.009078291158  0.008562294405  0.009579217371  0.008061357801  0.006539861839  0.005530764081  0.012642573571  0.011113290761  0.013651961839  0.017223633821  0.011614707993  0.005528121506  0.006033733347  0.009074199223  0.012632616401  0.008559241259  0.010594123385  0.010084618584  0.010602730357  0.011614707993  0.011619348301  
piranga_bidentata_itm141 0.008552411939  0.008552411939  0.005025407604  0.000000000000  0.004515353111  0.004010770787  0.003006234337  0.003006234337  0.004014375363  0.005023025261  0.004515353111  0.005523992786  0.004014375363  0.002505241332  0.001502275879  0.008562294405  0.007043467727  0.009569643609  0.013122407145  0.007544926568  0.001501700415  0.002003216719  0.005021028003  0.008556576214  0.004514386053  0.006532684765  0.006027338553  0.006537083091  0.008051824272  0.007547454991  
piranga_rubra_ku7046 0.011086098440  0.011086098440  0.008562294405  0.004515353111  0.000000000000  0.006528535398  0.005520696444  0.005520696444  0.006532684765  0.007544926568  0.007035175600  0.008047407107  0.006532684765  0.005018190244  0.004011802462  0.011096572782  0.009572445965  0.012107114142  0.015671954388  0.010075420780  0.004011093781  0.004514386053  0.007542785704  0.011090553638  0.007034071740  0.009059561398  0.008552411939  0.009064250651  0.010584132839  0.010078097165  
piranga_ludoviciana_sdsu2650 0.010575293666  0.010575293666  0.008049421586  0.004010770787  0.006528535398  0.000000000000  0.001000754939  0.001000754939  0.006025008483  0.007035175600  0.006528535398  0.007538692261  0.006025008483  0.004513610173  0.003508246982  0.010581582811  0.009059561398  0.011593159938  0.015155862940  0.009563574484  0.003508567380  0.004010833860  0.007034071740  0.010577655276  0.006528468469  0.008549804629  0.008043696729  0.008552411939  0.010071238562  0.009565207487  
piranga_ludoviciana_sdsu2385 0.009562332032  0.009562332032  0.007040813951  0.003006234337  0.005520696444  0.001000754939  0.000000000000  0.000000000000  0.005018190244  0.006027338553  0.005520696444  0.006529834519  0.005018190244  0.003508312389  0.002504214789  0.009569643609  0.008049421586  0.010579423496  0.014137202592  0.008552411939  0.002504278099  0.003006040839  0.006025979952  0.009565207487  0.005520371647  0.007539668169  0.007034071740  0.007542785704  0.009059561398  0.008554299647  
piranga_ludoviciana_sdsu2648 0.009562332032  0.009562332032  0.007040813951  0.003006234337  0.005520696444  0.001000754939  0.000000000000  0.000000000000  0.005018190244  0.006027338553  0.005520696444  0.006529834519  0.005018190244  0.003508312389  0.002504214789  0.009569643609  0.008049421586  0.010579423496  0.014137202592  0.008552411939  0.002504278099  0.003006040839  0.006025979952  0.009565207487  0.005520371647  0.007539668169  0.007034071740  0.007542785704  0.009059561398  0.008554299647  
piranga_flava_ku90809 0.010581582811  0.010581582811  0.008061357801  0.004014375363  0.006532684765  0.006025008483  0.005018190244  0.005018190244  0.000000000000  0.001001010820  0.006532684765  0.007544926568  0.006031215628  0.004516705740  0.003510819618  0.010594123385  0.009070494910  0.011603127061  0.015165402897  0.009572445965  0.003509599086  0.004012896449  0.007040813951  0.010587073197  0.006531065943  0.008556576214  0.008049421586  0.008562294405  0.010081163226  0.009575637345  
piranga_flava_lsu15408 0.011600048005  0.011600048005  0.009078291158  0.005023025261  0.007544926568  0.007035175600  0.006027338553  0.006027338553  0.001001010820  0.000000000000  0.007544926568  0.008559241259  0.007043467727  0.005525864282  0.004518443563  0.011614707993  0.010088462863  0.012624221946  0.016191229655  0.010590403505  0.004516705740  0.005021028003  0.008054614788  0.011606596996  0.007542785704  0.009572445965  0.009064250651  0.009579217371  0.011100167881  0.010594123385  
piranga_bidentata_hgoslp104 0.011086098440  0.011086098440  0.008562294405  0.004515353111  0.007035175600  0.006528535398  0.005520696444  0.005520696444  0.006532684765  0.007544926568  0.000000000000  0.005018190244  0.004516705740  0.005018190244  0.004011802462  0.011096572782  0.009572445965  0.012107114142  0.015671954388  0.010075420780  0.004011093781  0.004514386053  0.007542785704  0.011090553638  0.007034071740  0.009059561398  0.008552411939  0.009064250651  0.010584132839  0.010078097165  
piranga_ludoviciana_sdsu2208 0.012104553211  0.012104553211  0.009579217371  0.005523992786  0.008047407107  0.007538692261  0.006529834519  0.006529834519  0.007544926568  0.008559241259  0.005018190244  0.000000000000  0.005525864282  0.006027338553  0.005019416204  0.012117146923  0.010590403505  0.013128198551  0.016697770572  0.011093367907  0.005018190244  0.005522507395  0.008556576214  0.011600048005  0.008045781216  0.010075420780  0.009567230656  0.010081163226  0.011603127061  0.011096572782  
piranga_bidentata_tepe59 0.010581582811  0.010581582811  0.008061357801  0.004014375363  0.006532684765  0.006025008483  0.005018190244  0.005018190244  0.006031215628  0.007043467727  0.004516705740  0.005525864282  0.000000000000  0.004516705740  0.003510819618  0.010594123385  0.009070494910  0.011603127061  0.015165402897  0.009572445965  0.003509599086  0.004012896449  0.007040813951  0.010587073197  0.006531065943  0.008049421586  0.007542785704  0.008562294405  0.010081163226  0.009575637345  
piranga_erythrocephala_fmnh343371 0.009057800849  0.009057800849  0.006539861839  0.002505241332  0.005018190244  0.004513610173  0.003508312389  0.003508312389  0.004516705740  0.005525864282  0.005018190244  0.006027338553  0.004516705740  0.000000000000  0.001000691394  0.009067178594  0.007547454991  0.010075420780  0.013630635322  0.008049421586  0.002002768193  0.002504535993  0.005523992786  0.009061711460  0.005017350500  0.007036667509  0.006531065943  0.007040813951  0.008556576214  0.008051824272  
piranga_erythrocephala_fmnh343370 0.008045781216  0.008045781216  0.005530764081  0.001502275879  0.004011802462  0.003508246982  0.002504214789  0.002504214789  0.003510819618  0.004518443563  0.004011802462  0.005019416204  0.003510819618  0.001000691394  0.000000000000  0.008054614788  0.006537083091  0.009061711460  0.012612133292  0.007038547086  0.001000691394  0.001501700415  0.004516705740  0.008049421586  0.004011093781  0.006027338553  0.005522507395  0.006031215628  0.007544926568  0.007040813951  
piranga_leucoptera_fmnh481795 0.015172542867  0.015172542867  0.012642573571  0.008562294405  0.011096572782  0.010581582811  0.009569643609  0.009569643609  0.010594123385  0.011614707993  0.011096572782  0.012117146923  0.010594123385  0.009067178594  0.008054614788  0.000000000000  0.002505241332  0.015176704000  0.018755798539  0.014159822020  0.008051824272  0.008559241259  0.011610457433  0.015181258723  0.011093367907  0.012113411379  0.011603127061  0.013144487993  0.014672748480  0.014164625495  
piranga_leucoptera_lsu7783 0.013639531198  0.013639531198  0.011113290761  0.007043467727  0.009572445965  0.009059561398  0.008049421586  0.008049421586  0.009070494910  0.010088462863  0.009572445965  0.010590403505  0.009070494910  0.007547454991  0.006537083091  0.002505241332  0.000000000000  0.013643282502  0.017215132788  0.012628223646  0.006534690607  0.007040813951  0.010084618584  0.013647426175  0.009569643609  0.010587073197  0.010078097165  0.011614707993  0.013139828254  0.012632616401  
piranga_rubriceps_lsu265 0.016187715443  0.016187715443  0.013651961839  0.009569643609  0.012107114142  0.011593159938  0.010579423496  0.010579423496  0.011603127061  0.012624221946  0.012107114142  0.013128198551  0.011603127061  0.010075420780  0.009061711460  0.015176704000  0.013643282502  0.000000000000  0.003508246982  0.015172542867  0.009059561398  0.009567230656  0.012620611680  0.016195139168  0.012104553211  0.014147766732  0.013636172645  0.014155410815  0.015685727108  0.015176704000  
piranga_rubriceps_lsu34818 0.019771969870  0.019771969870  0.017223633821  0.013122407145  0.015671954388  0.015155862940  0.014137202592  0.014137202592  0.015165402897  0.016191229655  0.015671954388  0.016697770572  0.015165402897  0.013630635322  0.012612133292  0.018755798539  0.017215132788  0.003508246982  0.000000000000  0.018751728782  0.012610092579  0.013120101111  0.016187715443  0.019779201308  0.015669499726  0.017722186515  0.017208216759  0.017729641746  0.019267303517  0.018755798539  
piranga_hepatica_ku9084 0.013122407145  0.013122407145  0.011614707993  0.007544926568  0.010075420780  0.009563574484  0.008552411939  0.008552411939  0.009572445965  0.010590403505  0.010075420780  0.011093367907  0.009572445965  0.008049421586  0.007038547086  0.014159822020  0.012628223646  0.015172542867  0.018751728782  0.000000000000  0.006029083904  0.006534690607  0.010587073197  0.014151392259  0.010073134452  0.012110066992  0.011600048005  0.011606596996  0.013131683154  0.012624221946  
piranga_lutea_ku89864 0.008044544296  0.008044544296  0.005528121506  0.001501700415  0.004011093781  0.003508567380  0.002504278099  0.002504278099  0.003509599086  0.004516705740  0.004011093781  0.005018190244  0.003509599086  0.002002768193  0.001000691394  0.008051824272  0.006534690607  0.009059561398  0.012610092579  0.006029083904  0.000000000000  0.000500252535  0.004515353111  0.008047407107  0.004010770787  0.006025979952  0.005521408487  0.006029083904  0.007542785704  0.007038547086  
piranga_lutea_lsu5400 0.008550913472  0.008550913472  0.006033733347  0.002003216719  0.004514386053  0.004010833860  0.003006040839  0.003006040839  0.004012896449  0.005021028003  0.004514386053  0.005522507395  0.004012896449  0.002504535993  0.001501700415  0.008559241259  0.007040813951  0.009567230656  0.013120101111  0.006534690607  0.000500252535  0.000000000000  0.005019416204  0.008554299647  0.004513804947  0.006531065943  0.006025979952  0.006534690607  0.008049421586  0.007544926568  
piranga_olivacea_ku4672 0.011597360211  0.011597360211  0.009074199223  0.005021028003  0.007542785704  0.007034071740  0.006025979952  0.006025979952  0.007040813951  0.008054614788  0.007542785704  0.008556576214  0.007040813951  0.005523992786  0.004516705740  0.011610457433  0.010084618584  0.012620611680  0.016187715443  0.010587073197  0.004515353111  0.005019416204  0.000000000000  0.007547454991  0.003509599086  0.009569643609  0.009061711460  0.009575637345  0.011096572782  0.010590403505  
piranga_olivacea_ku2699 0.015165402897  0.015165402897  0.012632616401  0.008556576214  0.011090553638  0.010577655276  0.009565207487  0.009565207487  0.010587073197  0.011606596996  0.011090553638  0.011600048005  0.010587073197  0.009061711460  0.008049421586  0.015181258723  0.013647426175  0.016195139168  0.019779201308  0.014151392259  0.008047407107  0.008554299647  0.007547454991  0.000000000000  0.007036667509  0.013128198551  0.012617393228  0.013135559848  0.014663782828  0.014155410815  
piranga_hepatica_ku4970 0.011084458280  0.011084458280  0.008559241259  0.004514386053  0.007034071740  0.006528468469  0.005520371647  0.005520371647  0.006531065943  0.007542785704  0.007034071740  0.008045781216  0.006531065943  0.005017350500  0.004011093781  0.011093367907  0.009569643609  0.012104553211  0.015669499726  0.010073134452  0.004010770787  0.004513804947  0.003509599086  0.007036667509  0.000000000000  0.009057800849  0.008550913472  0.009061711460  0.010581582811  0.010075420780  
piranga_roseogularis_ku2049 0.013122407145  0.013122407145  0.010594123385  0.006532684765  0.009059561398  0.008549804629  0.007539668169  0.007539668169  0.008556576214  0.009572445965  0.009059561398  0.010075420780  0.008049421586  0.007036667509  0.006027338553  0.012113411379  0.010587073197  0.014147766732  0.017722186515  0.012110066992  0.006025979952  0.006531065943  0.009569643609  0.013128198551  0.009057800849  0.000000000000  0.002504535993  0.011096572782  0.012620611680  0.012113411379  
piranga_roseogularis_ku2141 0.012612133292  0.012612133292  0.010084618584  0.006027338553  0.008552411939  0.008043696729  0.007034071740  0.007034071740  0.008049421586  0.009064250651  0.008552411939  0.009567230656  0.007542785704  0.006531065943  0.005522507395  0.011603127061  0.010078097165  0.013636172645  0.017208216759  0.011600048005  0.005521408487  0.006025979952  0.009061711460  0.012617393228  0.008550913472  0.002504535993  0.000000000000  0.010587073197  0.012110066992  0.011603127061  
piranga_rubra_sdsu2654 0.012107114142  0.012107114142  0.010602730357  0.006537083091  0.009064250651  0.008552411939  0.007542785704  0.007542785704  0.008562294405  0.009579217371  0.009064250651  0.010081163226  0.008562294405  0.007040813951  0.006031215628  0.013144487993  0.011614707993  0.014155410815  0.017729641746  0.011606596996  0.006029083904  0.006534690607  0.009575637345  0.013135559848  0.009061711460  0.011096572782  0.010587073197  0.000000000000  0.003509599086  0.003007775287  
piranga_rubra_sdsu2635 0.013633207224  0.013633207224  0.011614707993  0.008051824272  0.010584132839  0.010071238562  0.009059561398  0.009059561398  0.010081163226  0.011100167881  0.010584132839  0.011603127061  0.010081163226  0.008556576214  0.007544926568  0.014672748480  0.013139828254  0.015685727108  0.019267303517  0.013131683154  0.007542785704  0.008049421586  0.011096572782  0.014663782828  0.010581582811  0.012620611680  0.012110066992  0.003509599086  0.000000000000  0.000500188629  
piranga_rubra_ku26592 0.013125106420  0.013125106420  0.011619348301  0.007547454991  0.010078097165  0.009565207487  0.008554299647  0.008554299647  0.009575637345  0.010594123385  0.010078097165  0.011096572782  0.009575637345  0.008051824272  0.007040813951  0.014164625495  0.012632616401  0.015176704000  0.018755798539  0.012624221946  0.007038547086  0.007544926568  0.010590403505  0.014155410815  0.010075420780  0.012113411379  0.011603127061  0.003007775287  0.000500188629  0.000000000000  

