30
piranga_rubra_ku26592 0.000000000000  0.005543496411  0.004432261097  0.010012737519  0.010017201375  0.013529854522  0.008899405370  0.013529854522  0.005543496411  0.006663861962  0.004481924055  0.010791980658  0.005552885802  0.010639630309  0.003320455494  0.007839055525  0.006663861962  0.003320455494  0.005543496411  0.006663861962  0.010017201375  0.007480220985  0.011137079304  0.007778081587  0.007778081587  0.008310564986  0.008333651219  0.006663861962  0.002211582620  0.004432261097  
piranga_flava_ku90809 0.005543496411  0.000000000000  0.003994110820  0.010026195738  0.009019326656  0.011213882932  0.009019326656  0.012036004894  0.003988464330  0.006003721212  0.003357618351  0.008977410478  0.003992201128  0.007435652939  0.005997259829  0.002079320976  0.003075375269  0.005997259829  0.006003260389  0.005012864913  0.009019326656  0.002947910791  0.011038176130  0.008009791852  0.007004125456  0.006916049335  0.006935235340  0.006003721212  0.005997986094  0.003994110820  
piranga_ludoviciana_sdsu2385 0.004432261097  0.003994110820  0.000000000000  0.010027902649  0.009022944844  0.011231078295  0.009022944844  0.010935587508  0.003994110820  0.006008722633  0.000000000000  0.007175268549  0.006006147482  0.009595934935  0.005997986094  0.006260567039  0.005140725930  0.005997986094  0.006003988114  0.005016929538  0.009022944844  0.004432781413  0.011040855888  0.008012441892  0.007007242139  0.005528890055  0.002764543823  0.006008722633  0.006000141132  0.003997194050  
piranga_rubriceps_lsu265 0.010012737519  0.010026195738  0.010027902649  0.000000000000  0.009019326656  0.017424998795  0.011044981226  0.016468461029  0.010026195738  0.012056015821  0.007861550969  0.016250127715  0.008020474977  0.010658524968  0.010026195738  0.010461310362  0.009273986776  0.008009791852  0.012061514417  0.011074202841  0.009019326656  0.011879323650  0.001994311173  0.012052358974  0.009022944844  0.005525694394  0.008328079249  0.012056015821  0.010027902649  0.010027902649  
piranga_leucoptera_lsu7783 0.010017201375  0.009019326656  0.009022944844  0.009019326656  0.000000000000  0.016395812369  0.011044981226  0.016476330236  0.008009791852  0.011050548371  0.007865480849  0.012613644338  0.009032000078  0.011746823667  0.009019326656  0.010466305280  0.009279325458  0.009019326656  0.011049264019  0.010065950210  0.001994311173  0.008897138867  0.011044981226  0.011044981226  0.008022035615  0.005534802969  0.008333651219  0.011050548371  0.009022944844  0.009022944844  
cardinalis_cardinalis_ku25393 0.013529854522  0.011213882932  0.011231078295  0.017424998795  0.016395812369  0.000000000000  0.016395812369  0.000000000000  0.011213882932  0.013301269762  0.011357901151  0.018167807267  0.013287197114  0.014984495796  0.013282404862  0.013670955772  0.012613116974  0.013282404862  0.013295990240  0.012265024424  0.016395812369  0.015257094346  0.018467710449  0.014323708684  0.014323708684  0.013930737628  0.013969661730  0.013301269762  0.013287197114  0.011231078295  
piranga_olivacea_ku2699 0.008899405370  0.009019326656  0.009022944844  0.011044981226  0.011044981226  0.016395812369  0.000000000000  0.015369456634  0.007007242139  0.011050548371  0.006738706153  0.014442457195  0.007018816460  0.012828877591  0.009019326656  0.009415233618  0.008245276661  0.007007242139  0.011049264019  0.010065950210  0.012061120132  0.010396389609  0.012061120132  0.011044981226  0.010035643815  0.011112178550  0.011143135898  0.011050548371  0.009022944844  0.009022944844  
cardinalis_cardinalis_ku21828 0.013529854522  0.012036004894  0.010935587508  0.016468461029  0.016476330236  0.000000000000  0.015369456634  0.000000000000  0.012036004894  0.013152292488  0.011357901151  0.018167807267  0.012055821022  0.014982797532  0.012031101017  0.014255654452  0.013152292488  0.010935587508  0.012036004894  0.013152292488  0.016476330236  0.015257094346  0.017585240805  0.013152292488  0.014255654452  0.013930737628  0.013969661730  0.013152292488  0.012036004894  0.010935587508  
piranga_rubra_ku7046 0.005543496411  0.003988464330  0.003994110820  0.010026195738  0.008009791852  0.011213882932  0.007007242139  0.012036004894  0.000000000000  0.006003721212  0.003357618351  0.008977410478  0.005997986094  0.008506600961  0.005997259829  0.006256673491  0.005136458169  0.005997259829  0.006003260389  0.005012864913  0.009019326656  0.005913030892  0.011038176130  0.008009791852  0.007004125456  0.005525694394  0.005541003441  0.006003721212  0.005997986094  0.003994110820  
piranga_bidentata_hgoslp104 0.006663861962  0.006003721212  0.006008722633  0.012056015821  0.011050548371  0.013301269762  0.011050548371  0.013152292488  0.006003721212  0.000000000000  0.004485807428  0.007175268549  0.008024565692  0.011754743372  0.008012441892  0.007312091740  0.006175711634  0.008012441892  0.004999007472  0.005016929538  0.011050548371  0.005919795398  0.013073392084  0.010035643815  0.009027997346  0.008317445657  0.008340570299  0.006008722633  0.008016524387  0.003997194050  
piranga_ludoviciana_sdsu2648 0.004481924055  0.003357618351  0.000000000000  0.007861550969  0.007865480849  0.011357901151  0.006738706153  0.011357901151  0.003357618351  0.004485807428  0.000000000000  0.007188163010  0.003364068911  0.008340126314  0.003356718618  0.005640587030  0.004485807428  0.001117410076  0.003357618351  0.004485807428  0.007865480849  0.004499262750  0.008994371825  0.005608948927  0.005608948927  0.005536542864  0.002768370470  0.004485807428  0.003357618351  0.002237506028  
piranga_roseogularis_ku2049 0.010791980658  0.008977410478  0.007175268549  0.016250127715  0.012613644338  0.018167807267  0.014442457195  0.018167807267  0.008977410478  0.007175268549  0.007188163010  0.000000000000  0.008985906256  0.013744293981  0.008973524566  0.012613644338  0.010803606691  0.005371638896  0.007169878767  0.008985906256  0.012613644338  0.008985906256  0.018086982022  0.003578769452  0.012613644338  0.007744888035  0.007774996852  0.010803606691  0.008977410478  0.007175268549  
piranga_hepatica_ku4970 0.005552885802  0.003992201128  0.006006147482  0.008020474977  0.009032000078  0.013287197114  0.007018816460  0.012055821022  0.005997986094  0.008024565692  0.003364068911  0.008985906256  0.000000000000  0.007447081462  0.006003988114  0.004168949845  0.003080785782  0.003998103056  0.008024644720  0.007035413327  0.009032000078  0.002950497468  0.009032000078  0.008020474977  0.007014263764  0.006921081992  0.006940296047  0.008024565692  0.006006147482  0.006006147482  
piranga_hepatica_ku9084 0.010639630309  0.007435652939  0.009595934935  0.010658524968  0.011746823667  0.014984495796  0.012828877591  0.014982797532  0.008506600961  0.011754743372  0.008340126314  0.013744293981  0.007447081462  0.000000000000  0.009590224442  0.006564727214  0.005467870047  0.009590224442  0.011748399353  0.009595934935  0.011746823667  0.006478033772  0.011735864621  0.009595934935  0.010674089021  0.012589379877  0.012589379877  0.011754743372  0.009595934935  0.009595934935  
piranga_rubra_sdsu2654 0.003320455494  0.005997259829  0.005997986094  0.010026195738  0.009019326656  0.013282404862  0.009019326656  0.012031101017  0.005997259829  0.008012441892  0.003356718618  0.008973524566  0.006003988114  0.009590224442  0.000000000000  0.007303759805  0.006166646232  0.005997259829  0.008016829947  0.007025213770  0.009019326656  0.005909374544  0.011038176130  0.008009791852  0.007004125456  0.006913748600  0.006932921771  0.008012441892  0.003992201128  0.005997986094  
piranga_flava_lsu15408 0.007839055525  0.002079320976  0.006260567039  0.010461310362  0.010466305280  0.013670955772  0.009415233618  0.014255654452  0.006256673491  0.007312091740  0.005640587030  0.012613644338  0.004168949845  0.006564727214  0.007303759805  0.000000000000  0.003120155079  0.006256673491  0.007303759805  0.007312091740  0.010466305280  0.003010023884  0.011519216608  0.009409736875  0.008359999677  0.009709266323  0.009736276267  0.007312091740  0.007307149884  0.005211409774  
piranga_lutea_lsu5400 0.006663861962  0.003075375269  0.005140725930  0.009273986776  0.009279325458  0.012613116974  0.008245276661  0.013152292488  0.005136458169  0.006175711634  0.004485807428  0.010803606691  0.003080785782  0.005467870047  0.006166646232  0.003120155079  0.000000000000  0.005136458169  0.006166646232  0.006194840689  0.009279325458  0.001472913568  0.010315154268  0.008239453833  0.007206697680  0.008317445657  0.008340570299  0.006175711634  0.006170428266  0.004108033856  
piranga_olivacea_ku4672 0.003320455494  0.005997259829  0.005997986094  0.008009791852  0.009019326656  0.013282404862  0.007007242139  0.010935587508  0.005997259829  0.008012441892  0.001117410076  0.005371638896  0.003998103056  0.009590224442  0.005997259829  0.006256673491  0.005136458169  0.000000000000  0.006003260389  0.007025213770  0.009019326656  0.002950497468  0.009019326656  0.006000141132  0.007004125456  0.004140844994  0.004152307758  0.008012441892  0.005997986094  0.005997986094  
piranga_ludoviciana_sdsu2208 0.005543496411  0.006003260389  0.006003988114  0.012061514417  0.011049264019  0.013295990240  0.011049264019  0.012036004894  0.006003260389  0.004999007472  0.003357618351  0.007169878767  0.008024644720  0.011748399353  0.008016829947  0.007303759805  0.006166646232  0.006003260389  0.000000000000  0.007032271456  0.011049264019  0.004428112472  0.013076982405  0.008017819598  0.009026190067  0.006916049335  0.006935235340  0.007011140812  0.008016603321  0.004999007472  
piranga_bidentata_itm160 0.006663861962  0.005012864913  0.005016929538  0.011074202841  0.010065950210  0.012265024424  0.010065950210  0.013152292488  0.005012864913  0.005016929538  0.004485807428  0.008985906256  0.007035413327  0.009595934935  0.007025213770  0.007312091740  0.006194840689  0.007025213770  0.007032271456  0.000000000000  0.010065950210  0.005946195952  0.012092463868  0.007025213770  0.008040696798  0.005528890055  0.005544216887  0.007038923177  0.007028349315  0.003003671602  
piranga_leucoptera_fmnh481795 0.010017201375  0.009019326656  0.009022944844  0.009019326656  0.001994311173  0.016395812369  0.012061120132  0.016476330236  0.009019326656  0.011050548371  0.007865480849  0.012613644338  0.009032000078  0.011746823667  0.009019326656  0.010466305280  0.009279325458  0.009019326656  0.011049264019  0.010065950210  0.000000000000  0.008897138867  0.011044981226  0.011044981226  0.008022035615  0.005534802969  0.008333651219  0.011050548371  0.009022944844  0.009022944844  
piranga_lutea_ku89864 0.007480220985  0.002947910791  0.004432781413  0.011879323650  0.008897138867  0.015257094346  0.010396389609  0.015257094346  0.005913030892  0.005919795398  0.004499262750  0.008985906256  0.002950497468  0.006478033772  0.005909374544  0.003010023884  0.001472913568  0.002950497468  0.004428112472  0.005946195952  0.008897138867  0.000000000000  0.013383974472  0.007402696209  0.008897138867  0.008058946725  0.008085009965  0.007411569708  0.005913030892  0.004432781413  
piranga_rubriceps_lsu34818 0.011137079304  0.011038176130  0.011040855888  0.001994311173  0.011044981226  0.018467710449  0.012061120132  0.017585240805  0.011038176130  0.013073392084  0.008994371825  0.018086982022  0.009032000078  0.011735864621  0.011038176130  0.011519216608  0.010315154268  0.009019326656  0.013076982405  0.012092463868  0.011044981226  0.013383974472  0.000000000000  0.013068753879  0.011050548371  0.008310564986  0.009726980021  0.013073392084  0.011040855888  0.011040855888  
piranga_roseogularis_ku2141 0.007778081587  0.008009791852  0.008012441892  0.012052358974  0.011044981226  0.014323708684  0.011044981226  0.013152292488  0.008009791852  0.010035643815  0.005608948927  0.003578769452  0.008020474977  0.009595934935  0.008009791852  0.009409736875  0.008239453833  0.006000141132  0.008017819598  0.007025213770  0.011044981226  0.007402696209  0.013068753879  0.000000000000  0.009022944844  0.005528890055  0.005544216887  0.010035643815  0.008012441892  0.008012441892  
piranga_erythrocephala_fmnh343371 0.007778081587  0.007004125456  0.007007242139  0.009022944844  0.008022035615  0.014323708684  0.010035643815  0.014255654452  0.007004125456  0.009027997346  0.005608948927  0.012613644338  0.007014263764  0.010674089021  0.007004125456  0.008359999677  0.007206697680  0.007004125456  0.009026190067  0.008040696798  0.008022035615  0.008897138867  0.011050548371  0.009022944844  0.000000000000  0.001377549931  0.009736276267  0.009027997346  0.007007242139  0.007007242139  
piranga_erythrocephala_fmnh343370 0.008310564986  0.006916049335  0.005528890055  0.005525694394  0.005534802969  0.013930737628  0.011112178550  0.013930737628  0.005525694394  0.008317445657  0.005536542864  0.007744888035  0.006921081992  0.012589379877  0.006913748600  0.009709266323  0.008317445657  0.004140844994  0.006916049335  0.005528890055  0.005534802969  0.008058946725  0.008310564986  0.005528890055  0.001377549931  0.000000000000  0.008333651219  0.008317445657  0.006916049335  0.005528890055  
piranga_ludoviciana_sdsu2650 0.008333651219  0.006935235340  0.002764543823  0.008328079249  0.008333651219  0.013969661730  0.011143135898  0.013969661730  0.005541003441  0.008340570299  0.002768370470  0.007774996852  0.006940296047  0.012589379877  0.006932921771  0.009736276267  0.008340570299  0.004152307758  0.006935235340  0.005544216887  0.008333651219  0.008085009965  0.009726980021  0.005544216887  0.009736276267  0.008333651219  0.000000000000  0.008340570299  0.006935235340  0.005544216887  
piranga_bidentata_tepe59 0.006663861962  0.006003721212  0.006008722633  0.012056015821  0.011050548371  0.013301269762  0.011050548371  0.013152292488  0.006003721212  0.006008722633  0.004485807428  0.010803606691  0.008024565692  0.011754743372  0.008012441892  0.007312091740  0.006175711634  0.008012441892  0.007011140812  0.007038923177  0.011050548371  0.007411569708  0.013073392084  0.010035643815  0.009027997346  0.008317445657  0.008340570299  0.000000000000  0.008016524387  0.006008722633  
piranga_rubra_sdsu2635 0.002211582620  0.005997986094  0.006000141132  0.010027902649  0.009022944844  0.013287197114  0.009022944844  0.012036004894  0.005997986094  0.008016524387  0.003357618351  0.008977410478  0.006006147482  0.009595934935  0.003992201128  0.007307149884  0.006170428266  0.005997986094  0.008016603321  0.007028349315  0.009022944844  0.005913030892  0.011040855888  0.008012441892  0.007007242139  0.006916049335  0.006935235340  0.008016524387  0.000000000000  0.006000141132  
piranga_bidentata_itm141 0.004432261097  0.003994110820  0.003997194050  0.010027902649  0.009022944844  0.011231078295  0.009022944844  0.010935587508  0.003994110820  0.003997194050  0.002237506028  0.007175268549  0.006006147482  0.009595934935  0.005997986094  0.005211409774  0.004108033856  0.005997986094  0.004999007472  0.003003671602  0.009022944844  0.004432781413  0.011040855888  0.008012441892  0.007007242139  0.005528890055  0.005544216887  0.006008722633  0.006000141132  0.000000000000  

