30
cardinalis_cardinalis_ku21828 0.000000000000  0.005522778320  0.011097943905  0.011097943905  0.013133452528  0.013645246483  0.015167282547  0.016193513977  0.011601297823  0.014654978645  0.017249263173  0.014167189995  0.013141951861  0.013141951861  0.013146806051  0.016218055259  0.015688167460  0.014670454782  0.018263346065  0.017226573320  0.016716601382  0.018763526486  0.014665978002  0.012625968629  0.012114974759  0.015697831217  0.013129808131  0.013129808131  0.014670454782  0.021344838481  
cardinalis_cardinalis_ku25393 0.005522778320  0.000000000000  0.015688167460  0.015688167460  0.017736937380  0.018252503464  0.019782328216  0.020816143067  0.016193513977  0.019266244636  0.021884071478  0.018780023948  0.017747217119  0.017747217119  0.017752967845  0.020845206141  0.020308788431  0.018768617287  0.022383102816  0.021339152000  0.020826537261  0.022884678953  0.018763526486  0.016711819149  0.016197609838  0.020320256866  0.017732409119  0.017732409119  0.019285280015  0.026004009883  
piranga_rubriceps_lsu265 0.011097943905  0.015688167460  0.000000000000  0.000000000000  0.004013084397  0.004516959685  0.006025236318  0.007035549138  0.006533120116  0.009565912872  0.012132979426  0.009075511081  0.008058796561  0.008058796561  0.008062500877  0.011110394261  0.010588282880  0.009576814623  0.013141951861  0.012114974759  0.011608140188  0.013641325209  0.009573488152  0.007548202585  0.007041443652  0.010595632000  0.008050075785  0.008050075785  0.009576814623  0.016202112271  
piranga_rubriceps_lsu34818 0.011097943905  0.015688167460  0.000000000000  0.000000000000  0.004013084397  0.004516959685  0.006025236318  0.007035549138  0.006533120116  0.009565912872  0.012132979426  0.009075511081  0.008058796561  0.008058796561  0.008062500877  0.011110394261  0.010588282880  0.009576814623  0.013141951861  0.012114974759  0.011608140188  0.013641325209  0.009573488152  0.007548202585  0.007041443652  0.010595632000  0.008050075785  0.008050075785  0.009576814623  0.016202112271  
piranga_erythrocephala_fmnh343371 0.013133452528  0.017736937380  0.004013084397  0.004013084397  0.000000000000  0.002506454875  0.007035549138  0.008047967486  0.008554968978  0.011596066432  0.014172600328  0.011105843062  0.010085956228  0.010085956228  0.010089957078  0.013146806051  0.012622197188  0.011608140188  0.015183871409  0.014153381454  0.013645246483  0.015683944234  0.011604517822  0.009573488152  0.009065153037  0.012630143035  0.010076357348  0.010076357348  0.011608140188  0.018252503464  
piranga_erythrocephala_fmnh343370 0.013645246483  0.018252503464  0.004516959685  0.004516959685  0.002506454875  0.000000000000  0.007541494573  0.008554968978  0.009062500153  0.012105697965  0.014686310874  0.011616590538  0.010595632000  0.010595632000  0.010599907736  0.013659432435  0.013133452528  0.012118872855  0.015697831217  0.014665978002  0.014157580187  0.015683944234  0.012114974759  0.010082355742  0.009573488152  0.013141951861  0.010585210238  0.010585210238  0.012118872855  0.018768617287  
piranga_leucoptera_fmnh481795 0.015167282547  0.019782328216  0.006025236318  0.006025236318  0.007035549138  0.007541494573  0.000000000000  0.005018394306  0.010578404471  0.013627791070  0.016207020902  0.013133452528  0.012111479329  0.012111479329  0.012114974759  0.015179115995  0.014654978645  0.013637808248  0.017221917876  0.016189825066  0.015680127277  0.017724577704  0.013634695974  0.011598480568  0.011089108847  0.014661906135  0.012103412785  0.012103412785  0.012615864695  0.019266244636  
piranga_leucoptera_lsu7783 0.016193513977  0.020816143067  0.007035549138  0.007035549138  0.008047967486  0.008554968978  0.005018394306  0.000000000000  0.011596066432  0.014649675336  0.017237105377  0.014157580187  0.013133452528  0.013133452528  0.013137500562  0.016207020902  0.015680127277  0.014661906135  0.018252503464  0.017217669991  0.016707443793  0.018754571829  0.014658239557  0.012618829085  0.012108386939  0.015688167460  0.013123731750  0.013123731750  0.014661906135  0.021333876679  
piranga_roseogularis_ku2049 0.011601297823  0.016193513977  0.006533120116  0.006533120116  0.008554968978  0.009062500153  0.010578404471  0.011596066432  0.000000000000  0.006024381191  0.010591756925  0.007545567559  0.006533120116  0.006533120116  0.006535212794  0.009573488152  0.009058396319  0.008047967486  0.011601297823  0.010580270657  0.010073960185  0.012103412785  0.008046259122  0.006026262238  0.005521623476  0.009062500153  0.006529233481  0.006529233481  0.008047967486  0.014654978645  
piranga_roseogularis_ku2141 0.014654978645  0.019266244636  0.009565912872  0.009565912872  0.011596066432  0.012105697965  0.013627791070  0.014649675336  0.006024381191  0.000000000000  0.013641325209  0.010582539371  0.009565912872  0.009565912872  0.009568036903  0.012618829085  0.012101531778  0.011086968973  0.014654978645  0.013629687004  0.013121300521  0.015159106223  0.011085232302  0.009056946121  0.008550230923  0.012105697965  0.009561951679  0.009561951679  0.011086968973  0.017721275311  
piranga_lutea_ku89864 0.017249263173  0.021884071478  0.012132979426  0.012132979426  0.014172600328  0.014686310874  0.016207020902  0.017237105377  0.010591756925  0.013641325209  0.000000000000  0.005023435307  0.004014623678  0.004014623678  0.005021358142  0.011105843062  0.014675336101  0.013659432435  0.017249263173  0.015183871409  0.015703271000  0.017747217119  0.013654300467  0.011616590538  0.011105843062  0.014686310874  0.012118872855  0.012118872855  0.013659432435  0.020326605382  
piranga_flava_ku90809 0.014167189995  0.018780023948  0.009075511081  0.009075511081  0.011105843062  0.011616590538  0.013133452528  0.014157580187  0.007545567559  0.010582539371  0.005023435307  0.000000000000  0.001001030650  0.001001030650  0.002003263472  0.008055490694  0.011608140188  0.010595632000  0.014167189995  0.012114974759  0.012630143035  0.014665978002  0.010591756925  0.008563309086  0.008055490694  0.011616590538  0.009065153037  0.009065153037  0.010595632000  0.017231635945  
piranga_lutea_lsu5400 0.013141951861  0.017747217119  0.008058796561  0.008058796561  0.010085956228  0.010595632000  0.012111479329  0.013133452528  0.006533120116  0.009565912872  0.004014623678  0.001001030650  0.000000000000  0.000000000000  0.001000697656  0.007041443652  0.010588282880  0.009576814623  0.013141951861  0.011094596689  0.011608140188  0.013641325209  0.009573488152  0.007548202585  0.007041443652  0.010595632000  0.008050075785  0.008050075785  0.009576814623  0.016202112271  
piranga_flava_lsu15408 0.013141951861  0.017747217119  0.008058796561  0.008058796561  0.010085956228  0.010595632000  0.012111479329  0.013133452528  0.006533120116  0.009565912872  0.004014623678  0.001001030650  0.000000000000  0.000000000000  0.001000697656  0.007041443652  0.010588282880  0.009576814623  0.013141951861  0.011094596689  0.011608140188  0.013641325209  0.009573488152  0.007548202585  0.007041443652  0.010595632000  0.008050075785  0.008050075785  0.009576814623  0.016202112271  
piranga_hepatica_ku4970 0.013146806051  0.017752967845  0.008062500877  0.008062500877  0.010089957078  0.010599907736  0.012114974759  0.013137500562  0.006535212794  0.009568036903  0.005021358142  0.002003263472  0.001000697656  0.001000697656  0.000000000000  0.007044205456  0.010591756925  0.009580541163  0.013146806051  0.011097943905  0.011612164551  0.013645246483  0.009576814623  0.007551236136  0.007044205456  0.010599907736  0.008052583645  0.008052583645  0.009580541163  0.016207020902  
piranga_hepatica_ku9084 0.016218055259  0.020845206141  0.011110394261  0.011110394261  0.013146806051  0.013659432435  0.015179115995  0.016207020902  0.009573488152  0.012618829085  0.011105843062  0.008055490694  0.007041443652  0.007041443652  0.007044205456  0.000000000000  0.013649571693  0.012634720034  0.015703271000  0.013645246483  0.014162183158  0.016202112271  0.012118872855  0.010595632000  0.010085956228  0.013659432435  0.011097943905  0.011097943905  0.012634720034  0.019291061770  
piranga_olivacea_ku4672 0.015688167460  0.020308788431  0.010588282880  0.010588282880  0.012622197188  0.013133452528  0.014654978645  0.015680127277  0.009058396319  0.012101531778  0.014675336101  0.011608140188  0.010588282880  0.010588282880  0.010591756925  0.013649571693  0.000000000000  0.009062500153  0.012622197188  0.011598480568  0.011091651545  0.013123731750  0.009060247789  0.007037115121  0.006531425755  0.010079155992  0.007540057359  0.007540057359  0.009062500153  0.015680127277  
piranga_ludoviciana_sdsu2648 0.014670454782  0.018768617287  0.009576814623  0.009576814623  0.011608140188  0.012118872855  0.013637808248  0.014661906135  0.008047967486  0.011086968973  0.013659432435  0.010595632000  0.009576814623  0.009576814623  0.009580541163  0.012634720034  0.009062500153  0.000000000000  0.008560129445  0.007543331431  0.007039080083  0.009060247789  0.005019677685  0.003007902615  0.002505323341  0.009068206067  0.006531425755  0.006531425755  0.008052583645  0.014661906135  
piranga_ludoviciana_sdsu2385 0.018263346065  0.022383102816  0.013141951861  0.013141951861  0.015183871409  0.015697831217  0.017221917876  0.018252503464  0.011601297823  0.014654978645  0.017249263173  0.014167189995  0.013141951861  0.013141951861  0.013146806051  0.015703271000  0.012622197188  0.008560129445  0.000000000000  0.008050075785  0.007545567559  0.009568036903  0.005524330904  0.006535212794  0.006029508910  0.012630143035  0.010076357348  0.010076357348  0.011608140188  0.018252503464  
piranga_ludoviciana_sdsu2208 0.017226573320  0.021339152000  0.012114974759  0.012114974759  0.014153381454  0.014665978002  0.016189825066  0.017217669991  0.010580270657  0.013629687004  0.015183871409  0.012114974759  0.011094596689  0.011094596689  0.011097943905  0.013645246483  0.011598480568  0.007543331431  0.008050075785  0.000000000000  0.006531425755  0.008551409420  0.004514533431  0.005522778320  0.005018394306  0.011604517822  0.009058396319  0.009058396319  0.010585210238  0.017217669991  
piranga_bidentata_hgoslp104 0.016716601382  0.020826537261  0.011608140188  0.011608140188  0.013645246483  0.014157580187  0.015680127277  0.016707443793  0.010073960185  0.013121300521  0.015703271000  0.012630143035  0.011608140188  0.011608140188  0.011612164551  0.014162183158  0.011091651545  0.007039080083  0.007545567559  0.006531425755  0.000000000000  0.006024609176  0.004011941250  0.005019677685  0.004515548162  0.011097943905  0.008552988898  0.008552988898  0.010079155992  0.016707443793  
piranga_ludoviciana_sdsu2650 0.018763526486  0.022884678953  0.013641325209  0.013641325209  0.015683944234  0.015683944234  0.017724577704  0.018754571829  0.012103412785  0.015159106223  0.017747217119  0.014665978002  0.013641325209  0.013641325209  0.013645246483  0.016202112271  0.013123731750  0.009060247789  0.009568036903  0.008551409420  0.006024609176  0.000000000000  0.006025236318  0.007035549138  0.006530130085  0.013129808131  0.010578404471  0.010578404471  0.012108386939  0.018754571829  
piranga_bidentata_tepe59 0.014665978002  0.018763526486  0.009573488152  0.009573488152  0.011604517822  0.012114974759  0.013634695974  0.014658239557  0.008046259122  0.011085232302  0.013654300467  0.010591756925  0.009573488152  0.009573488152  0.009576814623  0.012118872855  0.009060247789  0.005019677685  0.005524330904  0.004514533431  0.004011941250  0.006025236318  0.000000000000  0.003006898991  0.002504586716  0.009065153037  0.006530130085  0.006530130085  0.008050075785  0.014658239557  
piranga_bidentata_itm160 0.012625968629  0.016711819149  0.007548202585  0.007548202585  0.009573488152  0.010082355742  0.011598480568  0.012618829085  0.006026262238  0.009056946121  0.011616590538  0.008563309086  0.007548202585  0.007548202585  0.007551236136  0.010595632000  0.007037115121  0.003007902615  0.006535212794  0.005522778320  0.005019677685  0.007035549138  0.003006898991  0.000000000000  0.000500257486  0.007041443652  0.004514533431  0.004514533431  0.006029508910  0.012618829085  
piranga_bidentata_itm141 0.012114974759  0.016197609838  0.007041443652  0.007041443652  0.009065153037  0.009573488152  0.011089108847  0.012108386939  0.005521623476  0.008550230923  0.011105843062  0.008055490694  0.007041443652  0.007041443652  0.007044205456  0.010085956228  0.006531425755  0.002505323341  0.006029508910  0.005018394306  0.004515548162  0.006530130085  0.002504586716  0.000500257486  0.000000000000  0.006535212794  0.004011194610  0.004011194610  0.005524330904  0.012108386939  
piranga_rubra_ku7046 0.015697831217  0.020320256866  0.010595632000  0.010595632000  0.012630143035  0.013141951861  0.014661906135  0.015688167460  0.009062500153  0.012105697965  0.014686310874  0.011616590538  0.010595632000  0.010595632000  0.010599907736  0.013659432435  0.010079155992  0.009068206067  0.012630143035  0.011604517822  0.011097943905  0.013129808131  0.009065153037  0.007041443652  0.006535212794  0.000000000000  0.004515548162  0.004515548162  0.006031728915  0.012622197188  
piranga_rubra_sdsu2635 0.013129808131  0.017732409119  0.008050075785  0.008050075785  0.010076357348  0.010585210238  0.012103412785  0.013123731750  0.006529233481  0.009561951679  0.012118872855  0.009065153037  0.008050075785  0.008050075785  0.008052583645  0.011097943905  0.007540057359  0.006531425755  0.010076357348  0.009058396319  0.008552988898  0.010578404471  0.006530130085  0.004514533431  0.004011194610  0.004515548162  0.000000000000  0.000000000000  0.003508855867  0.010071964880  
piranga_rubra_sdsu2654 0.013129808131  0.017732409119  0.008050075785  0.008050075785  0.010076357348  0.010585210238  0.012103412785  0.013123731750  0.006529233481  0.009561951679  0.012118872855  0.009065153037  0.008050075785  0.008050075785  0.008052583645  0.011097943905  0.007540057359  0.006531425755  0.010076357348  0.009058396319  0.008552988898  0.010578404471  0.006530130085  0.004514533431  0.004011194610  0.004515548162  0.000000000000  0.000000000000  0.003508855867  0.010071964880  
piranga_olivacea_ku2699 0.014670454782  0.019285280015  0.009576814623  0.009576814623  0.011608140188  0.012118872855  0.012615864695  0.014661906135  0.008047967486  0.011086968973  0.013659432435  0.010595632000  0.009576814623  0.009576814623  0.009580541163  0.012634720034  0.009062500153  0.008052583645  0.011608140188  0.010585210238  0.010079155992  0.012108386939  0.008050075785  0.006029508910  0.005524330904  0.006031728915  0.003508855867  0.003508855867  0.000000000000  0.006530130085  
piranga_rubra_ku26592 0.021344838481  0.026004009883  0.016202112271  0.016202112271  0.018252503464  0.018768617287  0.019266244636  0.021333876679  0.014654978645  0.017721275311  0.020326605382  0.017231635945  0.016202112271  0.016202112271  0.016207020902  0.019291061770  0.015680127277  0.014661906135  0.018252503464  0.017217669991  0.016707443793  0.018754571829  0.014658239557  0.012618829085  0.012108386939  0.012622197188  0.010071964880  0.010071964880  0.006530130085  0.000000000000  

