30
piranga_hepatica_ku4970 0.000000000000  0.000000000000  0.000000000000  0.002504307998  0.000000000000  0.000000000000  0.000000000000  0.000000000000  0.000500258458  0.000500258458  0.001001034545  0.001001034545  0.001001034545  0.001001034545  0.001001034545  0.001001034545  0.001001034545  0.001001034545  0.002504253379  0.002002799008  0.002002799008  0.001000699082  0.001000699082  0.000000000000  0.000000000000  0.000000000000  0.001000699082  0.001000699082  0.000500258458  0.000500258458  
cardinalis_cardinalis_ku25393 0.000000000000  0.000000000000  0.000000000000  0.002504307998  0.000000000000  0.000000000000  0.000000000000  0.000000000000  0.000500258458  0.000500258458  0.001001034545  0.001001034545  0.001001034545  0.001001034545  0.001001034545  0.001001034545  0.001001034545  0.001001034545  0.002504253379  0.002002799008  0.002002799008  0.001000699082  0.001000699082  0.000000000000  0.000000000000  0.000000000000  0.001000699082  0.001000699082  0.000500258458  0.000500258458  
piranga_flava_ku90809 0.000000000000  0.000000000000  0.000000000000  0.002504307998  0.000000000000  0.000000000000  0.000000000000  0.000000000000  0.000500258458  0.000500258458  0.001001034545  0.001001034545  0.001001034545  0.001001034545  0.001001034545  0.001001034545  0.001001034545  0.001001034545  0.002504253379  0.002002799008  0.002002799008  0.001000699082  0.001000699082  0.000000000000  0.000000000000  0.000000000000  0.001000699082  0.001000699082  0.000500258458  0.000500258458  
piranga_roseogularis_ku2141 0.002504307998  0.002504307998  0.002504307998  0.000000000000  0.002504307998  0.002504307998  0.002504307998  0.002504307998  0.003006090037  0.003006090037  0.003508392864  0.003508392864  0.003508392864  0.003508392864  0.003508392864  0.003508392864  0.003508392864  0.003508392864  0.004010865098  0.004513721169  0.004513721169  0.003508309628  0.003508309628  0.002504307998  0.002504307998  0.002504307998  0.003508309628  0.003508309628  0.003006090037  0.003006090037  
piranga_hepatica_ku9084 0.000000000000  0.000000000000  0.000000000000  0.002504307998  0.000000000000  0.000000000000  0.000000000000  0.000000000000  0.000500258458  0.000500258458  0.001001034545  0.001001034545  0.001001034545  0.001001034545  0.001001034545  0.001001034545  0.001001034545  0.001001034545  0.002504253379  0.002002799008  0.002002799008  0.001000699082  0.001000699082  0.000000000000  0.000000000000  0.000000000000  0.001000699082  0.001000699082  0.000500258458  0.000500258458  
piranga_erythrocephala_fmnh343370 0.000000000000  0.000000000000  0.000000000000  0.002504307998  0.000000000000  0.000000000000  0.000000000000  0.000000000000  0.000500258458  0.000500258458  0.001001034545  0.001001034545  0.001001034545  0.001001034545  0.001001034545  0.001001034545  0.001001034545  0.001001034545  0.002504253379  0.002002799008  0.002002799008  0.001000699082  0.001000699082  0.000000000000  0.000000000000  0.000000000000  0.001000699082  0.001000699082  0.000500258458  0.000500258458  
piranga_roseogularis_ku2049 0.000000000000  0.000000000000  0.000000000000  0.002504307998  0.000000000000  0.000000000000  0.000000000000  0.000000000000  0.000500258458  0.000500258458  0.001001034545  0.001001034545  0.001001034545  0.001001034545  0.001001034545  0.001001034545  0.001001034545  0.001001034545  0.002504253379  0.002002799008  0.002002799008  0.001000699082  0.001000699082  0.000000000000  0.000000000000  0.000000000000  0.001000699082  0.001000699082  0.000500258458  0.000500258458  
piranga_flava_lsu15408 0.000000000000  0.000000000000  0.000000000000  0.002504307998  0.000000000000  0.000000000000  0.000000000000  0.000000000000  0.000500258458  0.000500258458  0.001001034545  0.001001034545  0.001001034545  0.001001034545  0.001001034545  0.001001034545  0.001001034545  0.001001034545  0.002504253379  0.002002799008  0.002002799008  0.001000699082  0.001000699082  0.000000000000  0.000000000000  0.000000000000  0.001000699082  0.001000699082  0.000500258458  0.000500258458  
piranga_olivacea_ku2699 0.000500258458  0.000500258458  0.000500258458  0.003006090037  0.000500258458  0.000500258458  0.000500258458  0.000500258458  0.000000000000  0.000000000000  0.001502329334  0.001502329334  0.001502329334  0.001502329334  0.001502329334  0.001502329334  0.001502329334  0.001502329334  0.003006303817  0.002504597310  0.002504597310  0.001501726278  0.001501726278  0.000500258458  0.000500258458  0.000500258458  0.001501726278  0.001501726278  0.001001034545  0.001001034545  
piranga_olivacea_ku4672 0.000500258458  0.000500258458  0.000500258458  0.003006090037  0.000500258458  0.000500258458  0.000500258458  0.000500258458  0.000000000000  0.000000000000  0.001502329334  0.001502329334  0.001502329334  0.001502329334  0.001502329334  0.001502329334  0.001502329334  0.001502329334  0.003006303817  0.002504597310  0.002504597310  0.001501726278  0.001501726278  0.000500258458  0.000500258458  0.000500258458  0.001501726278  0.001501726278  0.001001034545  0.001001034545  
piranga_ludoviciana_sdsu2208 0.001001034545  0.001001034545  0.001001034545  0.003508392864  0.001001034545  0.001001034545  0.001001034545  0.001001034545  0.001502329334  0.001502329334  0.000000000000  0.000000000000  0.000000000000  0.000000000000  0.000000000000  0.000000000000  0.000000000000  0.000000000000  0.003508875601  0.003006916434  0.003006916434  0.002003272697  0.002003272697  0.001001034545  0.001001034545  0.001001034545  0.002003272697  0.002003272697  0.001502329334  0.001502329334  
piranga_ludoviciana_sdsu2648 0.001001034545  0.001001034545  0.001001034545  0.003508392864  0.001001034545  0.001001034545  0.001001034545  0.001001034545  0.001502329334  0.001502329334  0.000000000000  0.000000000000  0.000000000000  0.000000000000  0.000000000000  0.000000000000  0.000000000000  0.000000000000  0.003508875601  0.003006916434  0.003006916434  0.002003272697  0.002003272697  0.001001034545  0.001001034545  0.001001034545  0.002003272697  0.002003272697  0.001502329334  0.001502329334  
piranga_ludoviciana_sdsu2650 0.001001034545  0.001001034545  0.001001034545  0.003508392864  0.001001034545  0.001001034545  0.001001034545  0.001001034545  0.001502329334  0.001502329334  0.000000000000  0.000000000000  0.000000000000  0.000000000000  0.000000000000  0.000000000000  0.000000000000  0.000000000000  0.003508875601  0.003006916434  0.003006916434  0.002003272697  0.002003272697  0.001001034545  0.001001034545  0.001001034545  0.002003272697  0.002003272697  0.001502329334  0.001502329334  
piranga_bidentata_hgoslp104 0.001001034545  0.001001034545  0.001001034545  0.003508392864  0.001001034545  0.001001034545  0.001001034545  0.001001034545  0.001502329334  0.001502329334  0.000000000000  0.000000000000  0.000000000000  0.000000000000  0.000000000000  0.000000000000  0.000000000000  0.000000000000  0.003508875601  0.003006916434  0.003006916434  0.002003272697  0.002003272697  0.001001034545  0.001001034545  0.001001034545  0.002003272697  0.002003272697  0.001502329334  0.001502329334  
piranga_ludoviciana_sdsu2385 0.001001034545  0.001001034545  0.001001034545  0.003508392864  0.001001034545  0.001001034545  0.001001034545  0.001001034545  0.001502329334  0.001502329334  0.000000000000  0.000000000000  0.000000000000  0.000000000000  0.000000000000  0.000000000000  0.000000000000  0.000000000000  0.003508875601  0.003006916434  0.003006916434  0.002003272697  0.002003272697  0.001001034545  0.001001034545  0.001001034545  0.002003272697  0.002003272697  0.001502329334  0.001502329334  
piranga_bidentata_itm141 0.001001034545  0.001001034545  0.001001034545  0.003508392864  0.001001034545  0.001001034545  0.001001034545  0.001001034545  0.001502329334  0.001502329334  0.000000000000  0.000000000000  0.000000000000  0.000000000000  0.000000000000  0.000000000000  0.000000000000  0.000000000000  0.003508875601  0.003006916434  0.003006916434  0.002003272697  0.002003272697  0.001001034545  0.001001034545  0.001001034545  0.002003272697  0.002003272697  0.001502329334  0.001502329334  
piranga_bidentata_itm160 0.001001034545  0.001001034545  0.001001034545  0.003508392864  0.001001034545  0.001001034545  0.001001034545  0.001001034545  0.001502329334  0.001502329334  0.000000000000  0.000000000000  0.000000000000  0.000000000000  0.000000000000  0.000000000000  0.000000000000  0.000000000000  0.003508875601  0.003006916434  0.003006916434  0.002003272697  0.002003272697  0.001001034545  0.001001034545  0.001001034545  0.002003272697  0.002003272697  0.001502329334  0.001502329334  
piranga_bidentata_tepe59 0.001001034545  0.001001034545  0.001001034545  0.003508392864  0.001001034545  0.001001034545  0.001001034545  0.001001034545  0.001502329334  0.001502329334  0.000000000000  0.000000000000  0.000000000000  0.000000000000  0.000000000000  0.000000000000  0.000000000000  0.000000000000  0.003508875601  0.003006916434  0.003006916434  0.002003272697  0.002003272697  0.001001034545  0.001001034545  0.001001034545  0.002003272697  0.002003272697  0.001502329334  0.001502329334  
piranga_erythrocephala_fmnh343371 0.002504253379  0.002504253379  0.002504253379  0.004010865098  0.002504253379  0.002504253379  0.002504253379  0.002504253379  0.003006303817  0.003006303817  0.003508875601  0.003508875601  0.003508875601  0.003508875601  0.003508875601  0.003508875601  0.003508875601  0.003508875601  0.000000000000  0.003508309628  0.003508309628  0.002504307998  0.002504307998  0.002504253379  0.002504253379  0.002504253379  0.003508392864  0.003508392864  0.003006303817  0.003006303817  
piranga_rubriceps_lsu265 0.002002799008  0.002002799008  0.002002799008  0.004513721169  0.002002799008  0.002002799008  0.002002799008  0.002002799008  0.002504597310  0.002504597310  0.003006916434  0.003006916434  0.003006916434  0.003006916434  0.003006916434  0.003006916434  0.003006916434  0.003006916434  0.003508309628  0.000000000000  0.000000000000  0.001000699082  0.001000699082  0.002002799008  0.002002799008  0.002002799008  0.003006303817  0.003006303817  0.002504597310  0.002504597310  
piranga_rubriceps_lsu34818 0.002002799008  0.002002799008  0.002002799008  0.004513721169  0.002002799008  0.002002799008  0.002002799008  0.002002799008  0.002504597310  0.002504597310  0.003006916434  0.003006916434  0.003006916434  0.003006916434  0.003006916434  0.003006916434  0.003006916434  0.003006916434  0.003508309628  0.000000000000  0.000000000000  0.001000699082  0.001000699082  0.002002799008  0.002002799008  0.002002799008  0.003006303817  0.003006303817  0.002504597310  0.002504597310  
piranga_leucoptera_fmnh481795 0.001000699082  0.001000699082  0.001000699082  0.003508309628  0.001000699082  0.001000699082  0.001000699082  0.001000699082  0.001501726278  0.001501726278  0.002003272697  0.002003272697  0.002003272697  0.002003272697  0.002003272697  0.002003272697  0.002003272697  0.002003272697  0.002504307998  0.001000699082  0.001000699082  0.000000000000  0.000000000000  0.001000699082  0.001000699082  0.001000699082  0.002002799008  0.002002799008  0.001501726278  0.001501726278  
piranga_leucoptera_lsu7783 0.001000699082  0.001000699082  0.001000699082  0.003508309628  0.001000699082  0.001000699082  0.001000699082  0.001000699082  0.001501726278  0.001501726278  0.002003272697  0.002003272697  0.002003272697  0.002003272697  0.002003272697  0.002003272697  0.002003272697  0.002003272697  0.002504307998  0.001000699082  0.001000699082  0.000000000000  0.000000000000  0.001000699082  0.001000699082  0.001000699082  0.002002799008  0.002002799008  0.001501726278  0.001501726278  
piranga_lutea_ku89864 0.000000000000  0.000000000000  0.000000000000  0.002504307998  0.000000000000  0.000000000000  0.000000000000  0.000000000000  0.000500258458  0.000500258458  0.001001034545  0.001001034545  0.001001034545  0.001001034545  0.001001034545  0.001001034545  0.001001034545  0.001001034545  0.002504253379  0.002002799008  0.002002799008  0.001000699082  0.001000699082  0.000000000000  0.000000000000  0.000000000000  0.001000699082  0.001000699082  0.000500258458  0.000500258458  
piranga_lutea_lsu5400 0.000000000000  0.000000000000  0.000000000000  0.002504307998  0.000000000000  0.000000000000  0.000000000000  0.000000000000  0.000500258458  0.000500258458  0.001001034545  0.001001034545  0.001001034545  0.001001034545  0.001001034545  0.001001034545  0.001001034545  0.001001034545  0.002504253379  0.002002799008  0.002002799008  0.001000699082  0.001000699082  0.000000000000  0.000000000000  0.000000000000  0.001000699082  0.001000699082  0.000500258458  0.000500258458  
cardinalis_cardinalis_ku21828 0.000000000000  0.000000000000  0.000000000000  0.002504307998  0.000000000000  0.000000000000  0.000000000000  0.000000000000  0.000500258458  0.000500258458  0.001001034545  0.001001034545  0.001001034545  0.001001034545  0.001001034545  0.001001034545  0.001001034545  0.001001034545  0.002504253379  0.002002799008  0.002002799008  0.001000699082  0.001000699082  0.000000000000  0.000000000000  0.000000000000  0.001000699082  0.001000699082  0.000500258458  0.000500258458  
piranga_rubra_sdsu2635 0.001000699082  0.001000699082  0.001000699082  0.003508309628  0.001000699082  0.001000699082  0.001000699082  0.001000699082  0.001501726278  0.001501726278  0.002003272697  0.002003272697  0.002003272697  0.002003272697  0.002003272697  0.002003272697  0.002003272697  0.002003272697  0.003508392864  0.003006303817  0.003006303817  0.002002799008  0.002002799008  0.001000699082  0.001000699082  0.001000699082  0.000000000000  0.000000000000  0.000500190033  0.000500190033  
piranga_rubra_sdsu2654 0.001000699082  0.001000699082  0.001000699082  0.003508309628  0.001000699082  0.001000699082  0.001000699082  0.001000699082  0.001501726278  0.001501726278  0.002003272697  0.002003272697  0.002003272697  0.002003272697  0.002003272697  0.002003272697  0.002003272697  0.002003272697  0.003508392864  0.003006303817  0.003006303817  0.002002799008  0.002002799008  0.001000699082  0.001000699082  0.001000699082  0.000000000000  0.000000000000  0.000500190033  0.000500190033  
piranga_rubra_ku7046 0.000500258458  0.000500258458  0.000500258458  0.003006090037  0.000500258458  0.000500258458  0.000500258458  0.000500258458  0.001001034545  0.001001034545  0.001502329334  0.001502329334  0.001502329334  0.001502329334  0.001502329334  0.001502329334  0.001502329334  0.001502329334  0.003006303817  0.002504597310  0.002504597310  0.001501726278  0.001501726278  0.000500258458  0.000500258458  0.000500258458  0.000500190033  0.000500190033  0.000000000000  0.000000000000  
piranga_rubra_ku26592 0.000500258458  0.000500258458  0.000500258458  0.003006090037  0.000500258458  0.000500258458  0.000500258458  0.000500258458  0.001001034545  0.001001034545  0.001502329334  0.001502329334  0.001502329334  0.001502329334  0.001502329334  0.001502329334  0.001502329334  0.001502329334  0.003006303817  0.002504597310  0.002504597310  0.001501726278  0.001501726278  0.000500258458  0.000500258458  0.000500258458  0.000500190033  0.000500190033  0.000000000000  0.000000000000  

