30
cardinalis_cardinalis_ku21828 0.000000000000  0.001502327275  0.011085347099  0.014647833460  0.013126753968  0.013126753968  0.020314830054  0.021864286542  0.011598623945  0.012613461172  0.012613461172  0.012103553995  0.012103553995  0.014140828176  0.011592573948  0.010070466511  0.008550298799  0.008550298799  0.010578510499  0.010069275990  0.008550298799  0.010577045132  0.010577045132  0.010577045132  0.010577045132  0.013121466011  0.011085347099  0.012100191712  0.011594183013  0.013117814119  
cardinalis_cardinalis_ku25393 0.001502327275  0.000000000000  0.012613461172  0.016183919984  0.014662159558  0.014662159558  0.021870704999  0.023424310248  0.013130010512  0.014146411192  0.014146411192  0.013634888635  0.013634888635  0.015676966948  0.013121466011  0.011596199806  0.010072063482  0.010072063482  0.012105847372  0.011594183013  0.010072063482  0.012103553995  0.012103553995  0.012103553995  0.012103553995  0.014655198956  0.012613461172  0.013629862559  0.013123905674  0.014649878058  
piranga_roseogularis_ku2141 0.011085347099  0.012613461172  0.000000000000  0.010074066518  0.009071814757  0.009071814757  0.016224653230  0.017766237320  0.007551354653  0.008560243779  0.008560243779  0.008052680742  0.008052680742  0.010079289266  0.007543399996  0.006029563254  0.004516992590  0.004516992590  0.006535280162  0.006027730291  0.004516992590  0.006533174864  0.006533174864  0.006533174864  0.006533174864  0.009065267241  0.007039147394  0.008048038622  0.007545648984  0.009060335545  
piranga_erythrocephala_fmnh343371 0.014647833460  0.016183919984  0.010074066518  0.000000000000  0.008050158001  0.008050158001  0.015184203230  0.016722186515  0.009570677509  0.010582661092  0.010582661092  0.010074066518  0.010074066518  0.012105847372  0.009564277212  0.008046322981  0.006530170946  0.006530170946  0.008553063928  0.008045011458  0.006530170946  0.008551478967  0.008551478967  0.008551478967  0.008551478967  0.011089235727  0.009058476572  0.010070466511  0.009566005384  0.011085347099  
piranga_leucoptera_fmnh481795 0.013126753968  0.014662159558  0.009071814757  0.008050158001  0.000000000000  0.000000000000  0.011110649429  0.012640008603  0.007554810588  0.008563444127  0.008563444127  0.008055606467  0.008055606467  0.010082508220  0.007545648984  0.006031797648  0.004518812683  0.004518812683  0.006537787185  0.006029563254  0.004518812683  0.006535280162  0.006535280162  0.006535280162  0.006535280162  0.009068339209  0.007041525596  0.008050158001  0.007548300661  0.009062599227  
piranga_leucoptera_lsu7783 0.013126753968  0.014662159558  0.009071814757  0.008050158001  0.000000000000  0.000000000000  0.011110649429  0.012640008603  0.007554810588  0.008563444127  0.008563444127  0.008055606467  0.008055606467  0.010082508220  0.007545648984  0.006031797648  0.004518812683  0.004518812683  0.006537787185  0.006029563254  0.004518812683  0.006535280162  0.006535280162  0.006535280162  0.006535280162  0.009068339209  0.007041525596  0.008050158001  0.007548300661  0.009062599227  
piranga_rubriceps_lsu265 0.020314830054  0.021870704999  0.016224653230  0.015184203230  0.011110649429  0.011110649429  0.000000000000  0.004518812683  0.014692849218  0.015709551269  0.015709551269  0.015194996478  0.015194996478  0.017243448634  0.014675668238  0.013147111604  0.011616841519  0.011616841519  0.013659769149  0.013142225846  0.011616841519  0.013654603532  0.013654603532  0.013654603532  0.013654603532  0.016218487968  0.014167523765  0.015184203230  0.014680987696  0.016207384694  
piranga_rubriceps_lsu34818 0.021864286542  0.023424310248  0.017766237320  0.016722186515  0.012640008603  0.012640008603  0.004518812683  0.000000000000  0.016231227078  0.017249771189  0.017249771189  0.016733855129  0.016733855129  0.018786882445  0.016212731665  0.014680987696  0.013147111604  0.013147111604  0.015194996478  0.014675668238  0.013147111604  0.015189395684  0.015189395684  0.015189395684  0.015189395684  0.017759630734  0.015703668541  0.016722186515  0.016218487968  0.017747648731  
piranga_ludoviciana_sdsu2385 0.011598623945  0.013130010512  0.007551354653  0.009570677509  0.007554810588  0.007554810588  0.014692849218  0.016231227078  0.000000000000  0.003006909849  0.003006909849  0.002504593259  0.002504593259  0.004514553319  0.006029563254  0.004518812683  0.003009328412  0.003009328412  0.005023492763  0.004516992590  0.003009328412  0.005021401450  0.005021401450  0.005021401450  0.005021401450  0.007548300661  0.005526336104  0.006533174864  0.006031797648  0.007543399996  
piranga_ludoviciana_sdsu2648 0.012613461172  0.014146411192  0.008560243779  0.010582661092  0.008563444127  0.008563444127  0.015709551269  0.017249771189  0.003006909849  0.000000000000  0.000000000000  0.003508388365  0.003508388365  0.005520895103  0.007037171586  0.005524373769  0.004013108429  0.004013108429  0.006029563254  0.005522812573  0.004013108429  0.006027730291  0.006027730291  0.006027730291  0.006027730291  0.008557446712  0.006533174864  0.007541554073  0.007039147394  0.008553063928  
piranga_ludoviciana_sdsu2208 0.012613461172  0.014146411192  0.008560243779  0.010582661092  0.008563444127  0.008563444127  0.015709551269  0.017249771189  0.003006909849  0.000000000000  0.000000000000  0.003508388365  0.003508388365  0.005520895103  0.007037171586  0.005524373769  0.004013108429  0.004013108429  0.006029563254  0.005522812573  0.004013108429  0.006027730291  0.006027730291  0.006027730291  0.006027730291  0.008557446712  0.006533174864  0.007541554073  0.007039147394  0.008553063928  
piranga_bidentata_itm160 0.012103553995  0.013634888635  0.008052680742  0.010074066518  0.008055606467  0.008055606467  0.015194996478  0.016733855129  0.002504593259  0.003508388365  0.003508388365  0.000000000000  0.000000000000  0.002002797027  0.006531471666  0.005019710608  0.003509747878  0.003509747878  0.005524373769  0.005018420614  0.003509747878  0.005522812573  0.005522812573  0.005522812573  0.005522812573  0.008050158001  0.006027730291  0.007035598549  0.006533174864  0.008046322981  
piranga_bidentata_tepe59 0.012103553995  0.013634888635  0.008052680742  0.010074066518  0.008055606467  0.008055606467  0.015194996478  0.016733855129  0.002504593259  0.003508388365  0.003508388365  0.000000000000  0.000000000000  0.002002797027  0.006531471666  0.005019710608  0.003509747878  0.003509747878  0.005524373769  0.005018420614  0.003509747878  0.005522812573  0.005522812573  0.005522812573  0.005522812573  0.008050158001  0.006027730291  0.007035598549  0.006533174864  0.008046322981  
piranga_bidentata_itm141 0.014140828176  0.015676966948  0.010079289266  0.012105847372  0.010082508220  0.010082508220  0.017243448634  0.018786882445  0.004514553319  0.005520895103  0.005520895103  0.002002797027  0.002002797027  0.000000000000  0.008553063928  0.007037171586  0.005522812573  0.005522812573  0.007543399996  0.007035598549  0.005522812573  0.007541554073  0.007541554073  0.007541554073  0.007541554073  0.010076475240  0.008048038622  0.009058476572  0.008555053303  0.010072063482  
piranga_hepatica_ku4970 0.011592573948  0.013121466011  0.007543399996  0.009564277212  0.007545648984  0.007545648984  0.014675668238  0.016212731665  0.006029563254  0.007037171586  0.007037171586  0.006531471666  0.006531471666  0.008553063928  0.000000000000  0.004514553319  0.003006299348  0.003006299348  0.005018420614  0.004010860960  0.003006299348  0.005017531842  0.005017531842  0.005017531842  0.005017531842  0.007541554073  0.005521652892  0.006529273082  0.006026299135  0.007539072939  
piranga_flava_ku90809 0.010070466511  0.011596199806  0.006029563254  0.008046322981  0.006031797648  0.006031797648  0.013147111604  0.014680987696  0.004518812683  0.005524373769  0.005524373769  0.005019710608  0.005019710608  0.007037171586  0.004514553319  0.000000000000  0.001501724638  0.001501724638  0.003509747878  0.003006299348  0.001501724638  0.003508868133  0.003508868133  0.003508868133  0.003508868133  0.006027730291  0.004011958881  0.005017531842  0.004515572676  0.006025270163  
piranga_bidentata_hgoslp104 0.008550298799  0.010072063482  0.004516992590  0.006530170946  0.004518812683  0.004518812683  0.011616841519  0.013147111604  0.003009328412  0.004013108429  0.004013108429  0.003509747878  0.003509747878  0.005522812573  0.003006299348  0.001501724638  0.000000000000  0.000000000000  0.002003269450  0.001501520076  0.000000000000  0.002002797027  0.002002797027  0.002002797027  0.002002797027  0.004515572676  0.002504593259  0.003508388365  0.003006909849  0.004513934895  
piranga_olivacea_ku2699 0.008550298799  0.010072063482  0.004516992590  0.006530170946  0.004518812683  0.004518812683  0.011616841519  0.013147111604  0.003009328412  0.004013108429  0.004013108429  0.003509747878  0.003509747878  0.005522812573  0.003006299348  0.001501724638  0.000000000000  0.000000000000  0.002003269450  0.001501520076  0.000000000000  0.002002797027  0.002002797027  0.002002797027  0.002002797027  0.004515572676  0.002504593259  0.003508388365  0.003006909849  0.004513934895  
piranga_lutea_lsu5400 0.010578510499  0.012105847372  0.006535280162  0.008553063928  0.006537787185  0.006537787185  0.013659769149  0.015194996478  0.005023492763  0.006029563254  0.006029563254  0.005524373769  0.005524373769  0.007543399996  0.005018420614  0.003509747878  0.002003269450  0.002003269450  0.000000000000  0.003508868133  0.002003269450  0.004011958881  0.004011958881  0.004011958881  0.004011958881  0.006533174864  0.004515572676  0.005521652892  0.005019710608  0.006530170946  
piranga_lutea_ku89864 0.010069275990  0.011594183013  0.006027730291  0.008045011458  0.006029563254  0.006029563254  0.013142225846  0.014675668238  0.004516992590  0.005522812573  0.005522812573  0.005018420614  0.005018420614  0.007035598549  0.004010860960  0.003006299348  0.001501520076  0.001501520076  0.003508868133  0.000000000000  0.001501520076  0.003508388365  0.003508388365  0.003508388365  0.003508388365  0.006026299135  0.004011209598  0.005017044673  0.004514553319  0.006024643756  
piranga_hepatica_ku9084 0.008550298799  0.010072063482  0.004516992590  0.006530170946  0.004518812683  0.004518812683  0.011616841519  0.013147111604  0.003009328412  0.004013108429  0.004013108429  0.003509747878  0.003509747878  0.005522812573  0.003006299348  0.001501724638  0.000000000000  0.000000000000  0.002003269450  0.001501520076  0.000000000000  0.002002797027  0.002002797027  0.002002797027  0.002002797027  0.004515572676  0.002504593259  0.003508388365  0.003006909849  0.004513934895  
piranga_erythrocephala_fmnh343370 0.010577045132  0.012103553995  0.006533174864  0.008551478967  0.006535280162  0.006535280162  0.013654603532  0.015189395684  0.005021401450  0.006027730291  0.006027730291  0.005522812573  0.005522812573  0.007541554073  0.005017531842  0.003508868133  0.002002797027  0.002002797027  0.004011958881  0.003508388365  0.002002797027  0.000000000000  0.000000000000  0.000000000000  0.000000000000  0.002505334099  0.000500258230  0.001501520076  0.001001033631  0.002504251444  
piranga_ludoviciana_sdsu2650 0.010577045132  0.012103553995  0.006533174864  0.008551478967  0.006535280162  0.006535280162  0.013654603532  0.015189395684  0.005021401450  0.006027730291  0.006027730291  0.005522812573  0.005522812573  0.007541554073  0.005017531842  0.003508868133  0.002002797027  0.002002797027  0.004011958881  0.003508388365  0.002002797027  0.000000000000  0.000000000000  0.000000000000  0.000000000000  0.002505334099  0.000500258230  0.001501520076  0.001001033631  0.002504251444  
piranga_roseogularis_ku2049 0.010577045132  0.012103553995  0.006533174864  0.008551478967  0.006535280162  0.006535280162  0.013654603532  0.015189395684  0.005021401450  0.006027730291  0.006027730291  0.005522812573  0.005522812573  0.007541554073  0.005017531842  0.003508868133  0.002002797027  0.002002797027  0.004011958881  0.003508388365  0.002002797027  0.000000000000  0.000000000000  0.000000000000  0.000000000000  0.002505334099  0.000500258230  0.001501520076  0.001001033631  0.002504251444  
piranga_rubra_ku7046 0.010577045132  0.012103553995  0.006533174864  0.008551478967  0.006535280162  0.006535280162  0.013654603532  0.015189395684  0.005021401450  0.006027730291  0.006027730291  0.005522812573  0.005522812573  0.007541554073  0.005017531842  0.003508868133  0.002002797027  0.002002797027  0.004011958881  0.003508388365  0.002002797027  0.000000000000  0.000000000000  0.000000000000  0.000000000000  0.002505334099  0.000500258230  0.001501520076  0.001001033631  0.002504251444  
piranga_flava_lsu15408 0.013121466011  0.014655198956  0.009065267241  0.011089235727  0.009068339209  0.009068339209  0.016218487968  0.017759630734  0.007548300661  0.008557446712  0.008557446712  0.008050158001  0.008050158001  0.010076475240  0.007541554073  0.006027730291  0.004515572676  0.004515572676  0.006533174864  0.006026299135  0.004515572676  0.002505334099  0.002505334099  0.002505334099  0.002505334099  0.000000000000  0.003007919662  0.004011958881  0.003511027224  0.005018420614  
piranga_olivacea_ku4672 0.011085347099  0.012613461172  0.007039147394  0.009058476572  0.007041525596  0.007041525596  0.014167523765  0.015703668541  0.005526336104  0.006533174864  0.006533174864  0.006027730291  0.006027730291  0.008048038622  0.005521652892  0.004011958881  0.002504593259  0.002504593259  0.004515572676  0.004011209598  0.002504593259  0.000500258230  0.000500258230  0.000500258230  0.000500258230  0.003007919662  0.000000000000  0.002002797027  0.001502327275  0.003006299348  
piranga_rubra_sdsu2654 0.012100191712  0.013629862559  0.008048038622  0.010070466511  0.008050158001  0.008050158001  0.015184203230  0.016722186515  0.006533174864  0.007541554073  0.007541554073  0.007035598549  0.007035598549  0.009058476572  0.006529273082  0.005017531842  0.003508388365  0.003508388365  0.005521652892  0.005017044673  0.003508388365  0.001501520076  0.001501520076  0.001501520076  0.001501520076  0.004011958881  0.002002797027  0.000000000000  0.002504593259  0.004010860960  
piranga_rubra_sdsu2635 0.011594183013  0.013123905674  0.007545648984  0.009566005384  0.007548300661  0.007548300661  0.014680987696  0.016218487968  0.006031797648  0.007039147394  0.007039147394  0.006533174864  0.006533174864  0.008555053303  0.006026299135  0.004515572676  0.003006909849  0.003006909849  0.005019710608  0.004514553319  0.003006909849  0.001001033631  0.001001033631  0.001001033631  0.001001033631  0.003511027224  0.001502327275  0.002504593259  0.000000000000  0.003508868133  
piranga_rubra_ku26592 0.013117814119  0.014649878058  0.009060335545  0.011085347099  0.009062599227  0.009062599227  0.016207384694  0.017747648731  0.007543399996  0.008553063928  0.008553063928  0.008046322981  0.008046322981  0.010072063482  0.007539072939  0.006025270163  0.004513934895  0.004513934895  0.006530170946  0.006024643756  0.004513934895  0.002504251444  0.002504251444  0.002504251444  0.002504251444  0.005018420614  0.003006299348  0.004010860960  0.003508868133  0.000000000000  

