30
cardinalis_cardinalis_ku21828 0.000000000000  0.001501790454  0.012611011769  0.012611011769  0.020289856653  0.021831497932  0.017214056106  0.014140610814  0.014140610814  0.012104618151  0.012104618151  0.012104618151  0.015163960032  0.012612609836  0.013631557561  0.013631557561  0.012104618151  0.013631557561  0.013631557561  0.015161717359  0.016184324896  0.016184324896  0.016184324896  0.016184324896  0.014650064916  0.017214056106  0.018744017440  0.017717894882  0.017717894882  0.017717894882  
cardinalis_cardinalis_ku25393 0.001501790454  0.000000000000  0.011085124846  0.011085124846  0.018746187039  0.020284999995  0.015676492460  0.012611011769  0.012611011769  0.010579180201  0.010579180201  0.010579180201  0.013631557561  0.011086251761  0.012102882531  0.012102882531  0.010579180201  0.012102882531  0.012102882531  0.013629791475  0.014650064916  0.014650064916  0.014650064916  0.014650064916  0.013119540623  0.015676492460  0.017204612350  0.016180839304  0.016180839304  0.016180839304  
piranga_leucoptera_fmnh481795 0.012611011769  0.011085124846  0.000000000000  0.000000000000  0.011084196876  0.012609056184  0.007540133138  0.004514160802  0.004514160802  0.002504387568  0.002504387568  0.002504387568  0.006025252879  0.003006390021  0.004011121873  0.004011121873  0.002504387568  0.004011121873  0.004011121873  0.005520991307  0.006529279182  0.006529279182  0.006529279182  0.006529279182  0.005017592184  0.007540133138  0.009056362166  0.008044654202  0.008044654202  0.008044654202  
piranga_leucoptera_lsu7783 0.012611011769  0.011085124846  0.000000000000  0.000000000000  0.011084196876  0.012609056184  0.007540133138  0.004514160802  0.004514160802  0.002504387568  0.002504387568  0.002504387568  0.006025252879  0.003006390021  0.004011121873  0.004011121873  0.002504387568  0.004011121873  0.004011121873  0.005520991307  0.006529279182  0.006529279182  0.006529279182  0.006529279182  0.005017592184  0.007540133138  0.009056362166  0.008044654202  0.008044654202  0.008044654202  
piranga_roseogularis_ku2049 0.020289856653  0.018746187039  0.011084196876  0.011084196876  0.000000000000  0.001501745635  0.015671836628  0.012609145888  0.012609145888  0.010577091960  0.010577091960  0.010577091960  0.014138982816  0.011084439760  0.012100739331  0.012100739331  0.010577091960  0.012100739331  0.012100739331  0.013627592874  0.014647531836  0.014647531836  0.014647531836  0.014647531836  0.013117952916  0.015671836628  0.017202582197  0.016179144712  0.016179144712  0.016179144712  
piranga_roseogularis_ku2141 0.021831497932  0.020284999995  0.012609056184  0.012609056184  0.001501745635  0.000000000000  0.017204612350  0.014136771176  0.014136771176  0.012100332498  0.012100332498  0.012100332498  0.015668967295  0.012608878825  0.013627161112  0.013627161112  0.012100332498  0.013627161112  0.013627161112  0.015157209221  0.016179144712  0.016179144712  0.016179144712  0.016179144712  0.014646783809  0.017204612350  0.018739846606  0.017714398271  0.017714398271  0.017714398271  
piranga_rubriceps_lsu265 0.017214056106  0.015676492460  0.007540133138  0.007540133138  0.015671836628  0.017204612350  0.000000000000  0.006025252879  0.009058671040  0.007036766338  0.007036766338  0.007036766338  0.010583031340  0.007541341686  0.008553048404  0.008553048404  0.007036766338  0.008553048404  0.008553048404  0.010072505919  0.011087820132  0.011087820132  0.011087820132  0.011087820132  0.009564689317  0.012109415578  0.012609856995  0.011592732548  0.011592732548  0.011592732548  
piranga_rubriceps_lsu34818 0.014140610814  0.012611011769  0.004514160802  0.004514160802  0.012609145888  0.014136771176  0.006025252879  0.000000000000  0.006024943744  0.004011109851  0.004011109851  0.004011109851  0.007540133138  0.004514011409  0.005521001956  0.005521001956  0.004011109851  0.005521001956  0.005521001956  0.007034042456  0.008044605516  0.008044605516  0.008044605516  0.008044605516  0.006529279182  0.009058671040  0.009562933704  0.008550571059  0.008550571059  0.008550571059  
piranga_erythrocephala_fmnh343371 0.014140610814  0.012611011769  0.004514160802  0.004514160802  0.012609145888  0.014136771176  0.009058671040  0.006024943744  0.000000000000  0.003006480149  0.003006480149  0.003006480149  0.006531103652  0.003508599656  0.004514296615  0.004514296615  0.003006480149  0.004514296615  0.004514296615  0.006025252879  0.007034513436  0.007034513436  0.007034513436  0.007034513436  0.005521001956  0.008047820727  0.009562930764  0.008550244516  0.008550244516  0.008550244516  
piranga_ludoviciana_sdsu2208 0.012104618151  0.010579180201  0.002504387568  0.002504387568  0.010577091960  0.012100332498  0.007036766338  0.004011109851  0.003006480149  0.000000000000  0.000000000000  0.000000000000  0.003509157756  0.000500193738  0.001501552522  0.001501552522  0.000000000000  0.001501552522  0.001501552522  0.003006218676  0.004011109851  0.004011109851  0.004011109851  0.004011109851  0.002504387568  0.005019053902  0.006529279182  0.005520991307  0.005520991307  0.005520991307  
piranga_ludoviciana_sdsu2650 0.012104618151  0.010579180201  0.002504387568  0.002504387568  0.010577091960  0.012100332498  0.007036766338  0.004011109851  0.003006480149  0.000000000000  0.000000000000  0.000000000000  0.003509157756  0.000500193738  0.001501552522  0.001501552522  0.000000000000  0.001501552522  0.001501552522  0.003006218676  0.004011109851  0.004011109851  0.004011109851  0.004011109851  0.002504387568  0.005019053902  0.006529279182  0.005520991307  0.005520991307  0.005520991307  
piranga_ludoviciana_sdsu2648 0.012104618151  0.010579180201  0.002504387568  0.002504387568  0.010577091960  0.012100332498  0.007036766338  0.004011109851  0.003006480149  0.000000000000  0.000000000000  0.000000000000  0.003509157756  0.000500193738  0.001501552522  0.001501552522  0.000000000000  0.001501552522  0.001501552522  0.003006218676  0.004011109851  0.004011109851  0.004011109851  0.004011109851  0.002504387568  0.005019053902  0.006529279182  0.005520991307  0.005520991307  0.005520991307  
piranga_bidentata_hgoslp104 0.015163960032  0.013631557561  0.006025252879  0.006025252879  0.014138982816  0.015668967295  0.010583031340  0.007540133138  0.006531103652  0.003509157756  0.003509157756  0.003509157756  0.000000000000  0.004011531712  0.005018036227  0.005018036227  0.003509157756  0.005018036227  0.005018036227  0.006530058992  0.007540133138  0.007540133138  0.007540133138  0.007540133138  0.006025252879  0.008554859877  0.010070142283  0.009056637319  0.009056637319  0.009056637319  
piranga_bidentata_tepe59 0.012612609836  0.011086251761  0.003006390021  0.003006390021  0.011084439760  0.012608878825  0.007541341686  0.004514011409  0.003508599656  0.000500193738  0.000500193738  0.000500193738  0.004011531712  0.000000000000  0.001000718591  0.001000718591  0.000500193738  0.002002775291  0.002002775291  0.003508474723  0.004514011409  0.004514011409  0.004514011409  0.004514011409  0.003006390021  0.005522329902  0.007034008949  0.006025071002  0.006025071002  0.006025071002  
piranga_bidentata_itm160 0.013631557561  0.012102882531  0.004011121873  0.004011121873  0.012100739331  0.013627161112  0.008553048404  0.005521001956  0.004514296615  0.001501552522  0.001501552522  0.001501552522  0.005018036227  0.001000718591  0.000000000000  0.000000000000  0.001501552522  0.003006218676  0.003006218676  0.004514011409  0.005521001956  0.005521001956  0.005521001956  0.005521001956  0.004011121873  0.006531103652  0.008044410396  0.007034008949  0.007034008949  0.007034008949  
piranga_bidentata_itm141 0.013631557561  0.012102882531  0.004011121873  0.004011121873  0.012100739331  0.013627161112  0.008553048404  0.005521001956  0.004514296615  0.001501552522  0.001501552522  0.001501552522  0.005018036227  0.001000718591  0.000000000000  0.000000000000  0.001501552522  0.003006218676  0.003006218676  0.004514011409  0.005521001956  0.005521001956  0.005521001956  0.005521001956  0.004011121873  0.006531103652  0.008044410396  0.007034008949  0.007034008949  0.007034008949  
piranga_ludoviciana_sdsu2385 0.012104618151  0.010579180201  0.002504387568  0.002504387568  0.010577091960  0.012100332498  0.007036766338  0.004011109851  0.003006480149  0.000000000000  0.000000000000  0.000000000000  0.003509157756  0.000500193738  0.001501552522  0.001501552522  0.000000000000  0.001501552522  0.001501552522  0.003006218676  0.004011109851  0.004011109851  0.004011109851  0.004011109851  0.002504387568  0.005019053902  0.006529279182  0.005520991307  0.005520991307  0.005520991307  
piranga_erythrocephala_fmnh343370 0.013631557561  0.012102882531  0.004011121873  0.004011121873  0.012100739331  0.013627161112  0.008553048404  0.005521001956  0.004514296615  0.001501552522  0.001501552522  0.001501552522  0.005018036227  0.002002775291  0.003006218676  0.003006218676  0.001501552522  0.000000000000  0.000000000000  0.001501552522  0.002504353063  0.002504353063  0.002504353063  0.002504353063  0.001000775394  0.003510148660  0.008044410396  0.007034008949  0.007034008949  0.007034008949  
piranga_olivacea_ku4672 0.013631557561  0.012102882531  0.004011121873  0.004011121873  0.012100739331  0.013627161112  0.008553048404  0.005521001956  0.004514296615  0.001501552522  0.001501552522  0.001501552522  0.005018036227  0.002002775291  0.003006218676  0.003006218676  0.001501552522  0.000000000000  0.000000000000  0.001501552522  0.002504353063  0.002504353063  0.002504353063  0.002504353063  0.001000775394  0.003510148660  0.008044410396  0.007034008949  0.007034008949  0.007034008949  
piranga_hepatica_ku4970 0.015161717359  0.013629791475  0.005520991307  0.005520991307  0.013627592874  0.015157209221  0.010072505919  0.007034042456  0.006025252879  0.003006218676  0.003006218676  0.003006218676  0.006530058992  0.003508474723  0.004514011409  0.004514011409  0.003006218676  0.001501552522  0.001501552522  0.000000000000  0.001000718591  0.001000718591  0.001000718591  0.001000718591  0.000500272832  0.005019053902  0.009562711861  0.008550187959  0.008550187959  0.008550187959  
piranga_hepatica_ku9084 0.016184324896  0.014650064916  0.006529279182  0.006529279182  0.014647531836  0.016179144712  0.011087820132  0.008044605516  0.007034513436  0.004011109851  0.004011109851  0.004011109851  0.007540133138  0.004514011409  0.005521001956  0.005521001956  0.004011109851  0.002504353063  0.002504353063  0.001000718591  0.000000000000  0.000000000000  0.000000000000  0.000000000000  0.001501790454  0.006027178860  0.010576709853  0.009562711861  0.009562711861  0.009562711861  
piranga_flava_lsu15408 0.016184324896  0.014650064916  0.006529279182  0.006529279182  0.014647531836  0.016179144712  0.011087820132  0.008044605516  0.007034513436  0.004011109851  0.004011109851  0.004011109851  0.007540133138  0.004514011409  0.005521001956  0.005521001956  0.004011109851  0.002504353063  0.002504353063  0.001000718591  0.000000000000  0.000000000000  0.000000000000  0.000000000000  0.001501790454  0.006027178860  0.010576709853  0.009562711861  0.009562711861  0.009562711861  
piranga_lutea_ku89864 0.016184324896  0.014650064916  0.006529279182  0.006529279182  0.014647531836  0.016179144712  0.011087820132  0.008044605516  0.007034513436  0.004011109851  0.004011109851  0.004011109851  0.007540133138  0.004514011409  0.005521001956  0.005521001956  0.004011109851  0.002504353063  0.002504353063  0.001000718591  0.000000000000  0.000000000000  0.000000000000  0.000000000000  0.001501790454  0.006027178860  0.010576709853  0.009562711861  0.009562711861  0.009562711861  
piranga_flava_ku90809 0.016184324896  0.014650064916  0.006529279182  0.006529279182  0.014647531836  0.016179144712  0.011087820132  0.008044605516  0.007034513436  0.004011109851  0.004011109851  0.004011109851  0.007540133138  0.004514011409  0.005521001956  0.005521001956  0.004011109851  0.002504353063  0.002504353063  0.001000718591  0.000000000000  0.000000000000  0.000000000000  0.000000000000  0.001501790454  0.006027178860  0.010576709853  0.009562711861  0.009562711861  0.009562711861  
piranga_lutea_lsu5400 0.014650064916  0.013119540623  0.005017592184  0.005017592184  0.013117952916  0.014646783809  0.009564689317  0.006529279182  0.005521001956  0.002504387568  0.002504387568  0.002504387568  0.006025252879  0.003006390021  0.004011121873  0.004011121873  0.002504387568  0.001000775394  0.001000775394  0.000500272832  0.001501790454  0.001501790454  0.001501790454  0.001501790454  0.000000000000  0.004515016056  0.009056362166  0.008044654202  0.008044654202  0.008044654202  
piranga_olivacea_ku2699 0.017214056106  0.015676492460  0.007540133138  0.007540133138  0.015671836628  0.017204612350  0.012109415578  0.009058671040  0.008047820727  0.005019053902  0.005019053902  0.005019053902  0.008554859877  0.005522329902  0.006531103652  0.006531103652  0.005019053902  0.003510148660  0.003510148660  0.005019053902  0.006027178860  0.006027178860  0.006027178860  0.006027178860  0.004515016056  0.000000000000  0.011593721286  0.010577915533  0.010577915533  0.010577915533  
piranga_rubra_sdsu2635 0.018744017440  0.017204612350  0.009056362166  0.009056362166  0.017202582197  0.018739846606  0.012609856995  0.009562933704  0.009562930764  0.006529279182  0.006529279182  0.006529279182  0.010070142283  0.007034008949  0.008044410396  0.008044410396  0.006529279182  0.008044410396  0.008044410396  0.009562711861  0.010576709853  0.010576709853  0.010576709853  0.010576709853  0.009056362166  0.011593721286  0.000000000000  0.001000718591  0.001000718591  0.001000718591  
piranga_rubra_ku7046 0.017717894882  0.016180839304  0.008044654202  0.008044654202  0.016179144712  0.017714398271  0.011592732548  0.008550571059  0.008550244516  0.005520991307  0.005520991307  0.005520991307  0.009056637319  0.006025071002  0.007034008949  0.007034008949  0.005520991307  0.007034008949  0.007034008949  0.008550187959  0.009562711861  0.009562711861  0.009562711861  0.009562711861  0.008044654202  0.010577915533  0.001000718591  0.000000000000  0.000000000000  0.000000000000  
piranga_rubra_sdsu2654 0.017717894882  0.016180839304  0.008044654202  0.008044654202  0.016179144712  0.017714398271  0.011592732548  0.008550571059  0.008550244516  0.005520991307  0.005520991307  0.005520991307  0.009056637319  0.006025071002  0.007034008949  0.007034008949  0.005520991307  0.007034008949  0.007034008949  0.008550187959  0.009562711861  0.009562711861  0.009562711861  0.009562711861  0.008044654202  0.010577915533  0.001000718591  0.000000000000  0.000000000000  0.000000000000  
piranga_rubra_ku26592 0.017717894882  0.016180839304  0.008044654202  0.008044654202  0.016179144712  0.017714398271  0.011592732548  0.008550571059  0.008550244516  0.005520991307  0.005520991307  0.005520991307  0.009056637319  0.006025071002  0.007034008949  0.007034008949  0.005520991307  0.007034008949  0.007034008949  0.008550187959  0.009562711861  0.009562711861  0.009562711861  0.009562711861  0.008044654202  0.010577915533  0.001000718591  0.000000000000  0.000000000000  0.000000000000  

