30
piranga_rubra_ku26592 0.000000000000  0.004763504007  0.003567435366  0.015123038800  0.007175834413  0.013298991228  0.008654852344  0.014529383780  0.000000000000  0.005966487998  0.002059662815  0.009142492290  0.005999214303  0.002138962831  0.000000000000  0.004694291464  0.004768966171  0.004763504007  0.003230855905  0.007184427041  0.005970558785  0.004879728648  0.009598193081  0.013250924737  0.003846451162  0.002877567299  0.001846665732  0.004763504007  0.001185322978  0.007184427041  
piranga_flava_ku90809 0.004763504007  0.000000000000  0.003554753907  0.015047175753  0.007150179413  0.013250924737  0.006140201068  0.014476792191  0.004757837936  0.005945204278  0.004106525494  0.010427226018  0.001188139639  0.000000000000  0.004746546135  0.000000000000  0.002368652752  0.002366773500  0.006430323837  0.007158710672  0.005949246156  0.000000000000  0.009563768179  0.013250924737  0.005118470190  0.005730209942  0.003683035399  0.004746546135  0.005942175720  0.007158710672  
piranga_ludoviciana_sdsu2385 0.003567435366  0.003554753907  0.000000000000  0.011650988770  0.003558926924  0.009589721437  0.004903427590  0.010804278903  0.003563198172  0.002366773500  0.000000000000  0.006482524009  0.004774876733  0.004264124124  0.003554753907  0.004673347815  0.003558397982  0.001181122937  0.000000000000  0.003563153964  0.002368820190  0.003641041339  0.005950661393  0.009589721437  0.001273047021  0.000000000000  0.000000000000  0.001181122937  0.004746546135  0.003563153964  
piranga_rubriceps_lsu265 0.015123038800  0.015047175753  0.011650988770  0.000000000000  0.013322828698  0.022010696906  0.015122755713  0.023754793029  0.015097666254  0.015022056948  0.004104250368  0.013188225287  0.016896960533  0.008570652359  0.015047175753  0.017516667778  0.015071106870  0.011650988770  0.000000000000  0.013389731472  0.011631627279  0.015047175753  0.006592896156  0.016842868098  0.009183860845  0.005725779609  0.013282979280  0.013345055206  0.016755380035  0.013389731472  
piranga_leucoptera_lsu7783 0.007175834413  0.007150179413  0.003558926924  0.013322828698  0.000000000000  0.010804278903  0.007390207730  0.012022817516  0.007167262314  0.005942175720  0.002046449044  0.006481376311  0.008405174225  0.004264124124  0.007150179413  0.004673347815  0.007159226830  0.004752865388  0.000000000000  0.007160877514  0.001181122937  0.007324762498  0.007143824878  0.009587578073  0.003826161851  0.000000000000  0.000000000000  0.004752865388  0.008355011270  0.007152341031  
cardinalis_cardinalis_ku25393 0.013298991228  0.013250924737  0.009589721437  0.022010696906  0.010804278903  0.000000000000  0.012428972130  0.001176952556  0.012058094426  0.012014628195  0.008307807192  0.013135231366  0.014564657666  0.013029025051  0.013250924737  0.007857926159  0.013263548847  0.010804278903  0.000000000000  0.013277342909  0.009589721437  0.013578093853  0.013245364491  0.017016323185  0.007726654054  0.005774375655  0.003694397480  0.010804278903  0.012029082075  0.013277342909  
piranga_olivacea_ku2699 0.008654852344  0.006140201068  0.004903427590  0.015122755713  0.007390207730  0.012428972130  0.000000000000  0.013692870617  0.008644164172  0.007379459776  0.004121164863  0.009423595445  0.007415944741  0.008607540094  0.008622866832  0.006507092793  0.006146719371  0.003671629865  0.000000000000  0.008644854852  0.006148231137  0.006140201068  0.009886722327  0.012424705084  0.003963274403  0.002868199958  0.003694806845  0.006139328425  0.007379459776  0.008644854852  
cardinalis_cardinalis_ku21828 0.014529383780  0.014476792191  0.010804278903  0.023754793029  0.012022817516  0.001176952556  0.013692870617  0.000000000000  0.013282930361  0.013234979700  0.008307807192  0.013135231366  0.015802188117  0.013029025051  0.014476792191  0.007857926159  0.014491274328  0.012022817516  0.000000000000  0.014506942185  0.010804278903  0.014834773159  0.014471947333  0.018257995080  0.007726654054  0.005774375655  0.003694397480  0.012022817516  0.013250924737  0.014506942185  
piranga_rubra_ku7046 0.000000000000  0.004757837936  0.003563198172  0.015097666254  0.007167262314  0.012058094426  0.008644164172  0.013282930361  0.000000000000  0.005959376512  0.002047014298  0.009118671812  0.005992024667  0.002129851454  0.000000000000  0.004679646199  0.004757621555  0.004757837936  0.003210112923  0.007175834413  0.005963437628  0.004873782880  0.009586690609  0.013282930361  0.003836612838  0.002861101177  0.001839870464  0.004757837936  0.001183919650  0.007175834413  
piranga_bidentata_hgoslp104 0.005966487998  0.005945204278  0.002366773500  0.015022056948  0.005942175720  0.012014628195  0.007379459776  0.013234979700  0.005959376512  0.000000000000  0.002047014298  0.009109759329  0.007186778739  0.006416569881  0.005945204278  0.006245311772  0.005950212127  0.003554753907  0.000000000000  0.005956333439  0.004746546135  0.006090033914  0.008345050446  0.012029082075  0.003828751658  0.002852938583  0.001833125022  0.003554753907  0.007143992069  0.005956333439  
piranga_ludoviciana_sdsu2648 0.002059662815  0.004106525494  0.000000000000  0.004104250368  0.002046449044  0.008307807192  0.004121164863  0.008307807192  0.002047014298  0.002047014298  0.000000000000  0.002046449044  0.006173663043  0.004434302216  0.002047014298  0.005248957306  0.004103744478  0.000000000000  0.000000000000  0.002046449044  0.000000000000  0.004106525494  0.006173536035  0.004129162274  0.000000000000  0.000000000000  0.000000000000  0.002046449044  0.004103744478  0.002046449044  
piranga_roseogularis_ku2049 0.009142492290  0.010427226018  0.006482524009  0.013188225287  0.006481376311  0.013135231366  0.009423595445  0.013135231366  0.009118671812  0.009109759329  0.002046449044  0.000000000000  0.011749376415  0.004264124124  0.009106808063  0.007821050397  0.010438291135  0.007791538156  0.000000000000  0.007791538156  0.005183247298  0.010706339371  0.009116749833  0.001291127367  0.006490939766  0.000000000000  0.001836036588  0.007791538156  0.010424688263  0.007781432903  
piranga_hepatica_ku4970 0.005999214303  0.001188139639  0.004774876733  0.016896960533  0.008405174225  0.014564657666  0.007415944741  0.015802188117  0.005992024667  0.007186778739  0.006173663043  0.011749376415  0.000000000000  0.002124715479  0.005977696969  0.001551225363  0.001189743931  0.003575940060  0.006430323837  0.008415279188  0.007193040273  0.001217060423  0.010841387930  0.014564657666  0.006407752922  0.008622414328  0.005535704781  0.005977696969  0.007184427041  0.008415279188  
piranga_hepatica_ku9084 0.002138962831  0.000000000000  0.004264124124  0.008570652359  0.004264124124  0.013029025051  0.008607540094  0.013029025051  0.002129851454  0.006416569881  0.004434302216  0.004264124124  0.002124715479  0.000000000000  0.002125324813  0.000000000000  0.004270223313  0.004264124124  0.006535388735  0.006411150867  0.004264124124  0.000000000000  0.008570652359  0.006458009407  0.004264124124  0.005763235289  0.005404998893  0.006411150867  0.004261125237  0.006411150867  
piranga_rubra_sdsu2654 0.000000000000  0.004746546135  0.003554753907  0.015047175753  0.007150179413  0.013250924737  0.008622866832  0.014476792191  0.000000000000  0.005945204278  0.002047014298  0.009106808063  0.005977696969  0.002125324813  0.000000000000  0.004672357781  0.004751969463  0.004746546135  0.003199840995  0.007158710672  0.005949246156  0.004861934706  0.009563768179  0.013250924737  0.003831712526  0.002852938583  0.001836491549  0.004746546135  0.001181122937  0.007158710672  
piranga_flava_lsu15408 0.004694291464  0.000000000000  0.004673347815  0.017516667778  0.004673347815  0.007857926159  0.006507092793  0.007857926159  0.004679646199  0.006245311772  0.005248957306  0.007821050397  0.001551225363  0.000000000000  0.004672357781  0.000000000000  0.003113514265  0.003110269045  0.006430323837  0.006243030549  0.004673347815  0.000000000000  0.007819375544  0.009450939018  0.006245311772  0.005730209942  0.003683035399  0.006243030549  0.006242656849  0.006243030549  
piranga_lutea_lsu5400 0.004768966171  0.002368652752  0.003558397982  0.015071106870  0.007159226830  0.013263548847  0.006146719371  0.014491274328  0.004757621555  0.005950212127  0.004103744478  0.010438291135  0.001189743931  0.004270223313  0.004751969463  0.003113514265  0.000000000000  0.002368652752  0.003210112923  0.007167779719  0.005956480550  0.002426119289  0.009576486980  0.013263548847  0.005123494590  0.005741223023  0.003687585721  0.004751969463  0.005949392914  0.007167779719  
piranga_olivacea_ku4672 0.004763504007  0.002366773500  0.001181122937  0.011650988770  0.004752865388  0.010804278903  0.003671629865  0.012022817516  0.004757837936  0.003554753907  0.000000000000  0.007791538156  0.003575940060  0.004264124124  0.004746546135  0.003110269045  0.002368652752  0.000000000000  0.000000000000  0.004758519629  0.003558926924  0.002424147829  0.007152341031  0.010804278903  0.002549844272  0.000000000000  0.000000000000  0.002366017843  0.005942175720  0.004758519629  
piranga_ludoviciana_sdsu2208 0.003230855905  0.006430323837  0.000000000000  0.000000000000  0.000000000000  0.000000000000  0.000000000000  0.000000000000  0.003210112923  0.000000000000  0.000000000000  0.000000000000  0.006430323837  0.006535388735  0.003199840995  0.006430323837  0.003210112923  0.000000000000  0.000000000000  0.000000000000  0.000000000000  0.006430323837  0.000000000000  0.003230855905  0.000000000000  0.000000000000  0.000000000000  0.000000000000  0.003199840995  0.000000000000  
piranga_bidentata_itm160 0.007184427041  0.007158710672  0.003563153964  0.013389731472  0.007160877514  0.013277342909  0.008644854852  0.014506942185  0.007175834413  0.005956333439  0.002046449044  0.007791538156  0.008415279188  0.006411150867  0.007158710672  0.006243030549  0.007167779719  0.004758519629  0.000000000000  0.000000000000  0.005964859694  0.007333715726  0.007169434399  0.013277342909  0.002549844272  0.000000000000  0.000000000000  0.002371629182  0.008364995901  0.000000000000  
piranga_leucoptera_fmnh481795 0.005970558785  0.005949246156  0.002368820190  0.011631627279  0.001181122937  0.009589721437  0.006148231137  0.010804278903  0.005963437628  0.004746546135  0.000000000000  0.005183247298  0.007193040273  0.004264124124  0.005949246156  0.004673347815  0.005956480550  0.003558926924  0.000000000000  0.005964859694  0.000000000000  0.006094274530  0.005943587561  0.008386660342  0.002546597546  0.000000000000  0.000000000000  0.003558926924  0.007150179413  0.005964859694  
piranga_lutea_ku89864 0.004879728648  0.000000000000  0.003641041339  0.015047175753  0.007324762498  0.013578093853  0.006140201068  0.014834773159  0.004873782880  0.006090033914  0.004106525494  0.010706339371  0.001217060423  0.000000000000  0.004861934706  0.000000000000  0.002426119289  0.002424147829  0.006430323837  0.007333715726  0.006094274530  0.000000000000  0.009798046412  0.013578093853  0.003932159543  0.005730209942  0.003683035399  0.004861934706  0.006086855379  0.007333715726  
piranga_rubriceps_lsu34818 0.009598193081  0.009563768179  0.005950661393  0.006592896156  0.007143824878  0.013245364491  0.009886722327  0.014471947333  0.009586690609  0.008345050446  0.006173536035  0.009116749833  0.010841387930  0.008570652359  0.009563768179  0.007819375544  0.009576486980  0.007152341031  0.000000000000  0.007169434399  0.005943587561  0.009798046412  0.000000000000  0.012035862413  0.005110153006  0.005725779609  0.003674442119  0.007152341031  0.010776476877  0.007169434399  
piranga_roseogularis_ku2141 0.013250924737  0.013250924737  0.009589721437  0.016842868098  0.009587578073  0.017016323185  0.012424705084  0.018257995080  0.013282930361  0.012029082075  0.004129162274  0.001291127367  0.014564657666  0.006458009407  0.013250924737  0.009450939018  0.013263548847  0.010804278903  0.003230855905  0.013277342909  0.008386660342  0.013578093853  0.012035862413  0.000000000000  0.007733311551  0.002877567299  0.003701234451  0.010804278903  0.014476792191  0.013261334420  
piranga_erythrocephala_fmnh343371 0.003846451162  0.005118470190  0.001273047021  0.009183860845  0.003826161851  0.007726654054  0.003963274403  0.007726654054  0.003836612838  0.003828751658  0.000000000000  0.006490939766  0.006407752922  0.004264124124  0.003831712526  0.006245311772  0.005123494590  0.002549844272  0.000000000000  0.002549844272  0.002546597546  0.003932159543  0.005110153006  0.007733311551  0.000000000000  0.000000000000  0.000000000000  0.002549844272  0.005116940334  0.002549844272  
piranga_erythrocephala_fmnh343370 0.002877567299  0.005730209942  0.000000000000  0.005725779609  0.000000000000  0.005774375655  0.002868199958  0.005774375655  0.002861101177  0.002852938583  0.000000000000  0.000000000000  0.008622414328  0.005763235289  0.002852938583  0.005730209942  0.005741223023  0.000000000000  0.000000000000  0.000000000000  0.000000000000  0.005730209942  0.005725779609  0.002877567299  0.000000000000  0.000000000000  0.000000000000  0.000000000000  0.005724789056  0.000000000000  
piranga_ludoviciana_sdsu2650 0.001846665732  0.003683035399  0.000000000000  0.013282979280  0.000000000000  0.003694397480  0.003694806845  0.003694397480  0.001839870464  0.001833125022  0.000000000000  0.001836036588  0.005535704781  0.005404998893  0.001836491549  0.003683035399  0.003687585721  0.000000000000  0.000000000000  0.000000000000  0.000000000000  0.003683035399  0.003674442119  0.003701234451  0.000000000000  0.000000000000  0.000000000000  0.000000000000  0.003680799035  0.000000000000  
piranga_bidentata_tepe59 0.004763504007  0.004746546135  0.001181122937  0.013345055206  0.004752865388  0.010804278903  0.006139328425  0.012022817516  0.004757837936  0.003554753907  0.002046449044  0.007791538156  0.005977696969  0.006411150867  0.004746546135  0.006243030549  0.004751969463  0.002366017843  0.000000000000  0.002371629182  0.003558926924  0.004861934706  0.007152341031  0.010804278903  0.002549844272  0.000000000000  0.000000000000  0.000000000000  0.005942175720  0.002371629182  
piranga_rubra_sdsu2635 0.001185322978  0.005942175720  0.004746546135  0.016755380035  0.008355011270  0.012029082075  0.007379459776  0.013250924737  0.001183919650  0.007143992069  0.004103744478  0.010424688263  0.007184427041  0.004261125237  0.001181122937  0.006242656849  0.005949392914  0.005942175720  0.003199840995  0.008364995901  0.007150179413  0.006086855379  0.010776476877  0.014476792191  0.005116940334  0.005724789056  0.003680799035  0.005942175720  0.000000000000  0.008364995901  
piranga_bidentata_itm141 0.007184427041  0.007158710672  0.003563153964  0.013389731472  0.007152341031  0.013277342909  0.008644854852  0.014506942185  0.007175834413  0.005956333439  0.002046449044  0.007781432903  0.008415279188  0.006411150867  0.007158710672  0.006243030549  0.007167779719  0.004758519629  0.000000000000  0.000000000000  0.005964859694  0.007333715726  0.007169434399  0.013261334420  0.002549844272  0.000000000000  0.000000000000  0.002371629182  0.008364995901  0.000000000000  

