30
cardinalis_cardinalis_ku21828 0.000000000000  0.002504525838  0.017207780204  0.018747526527  0.021842253003  0.021842253003  0.019262784135  0.019262784135  0.023918334179  0.023918334179  0.032264486484  0.031218329770  0.023383874805  0.027016820576  0.027016820576  0.028056192129  0.028056192129  0.029102952470  0.027016820576  0.033824410032  0.026500403354  0.026500403354  0.026500403354  0.029115947263  0.027022413066  0.029615223895  0.023383874805  0.023383874805  0.022351399714  0.022351399714  
cardinalis_cardinalis_ku25393 0.002504525838  0.000000000000  0.014650264041  0.016184207460  0.019266686121  0.019266686121  0.016697341672  0.016697341672  0.021334149458  0.021334149458  0.029648090277  0.028605786432  0.020803534726  0.024422447824  0.024422447824  0.025458024471  0.025458024471  0.026500403354  0.024422447824  0.031203104625  0.023907639459  0.023907639459  0.023907639459  0.026512241037  0.024427469878  0.027011629900  0.020803534726  0.020803534726  0.019774800587  0.019774800587  
piranga_leucoptera_fmnh481795 0.017207780204  0.014650264041  0.000000000000  0.001501696078  0.006027268417  0.006027268417  0.003007748709  0.003007748709  0.015180725766  0.015180725766  0.021877327661  0.020845956465  0.013127874836  0.016708575648  0.016708575648  0.017733366238  0.017733366238  0.018764426597  0.016708575648  0.023416707762  0.016198904069  0.016198904069  0.016198904069  0.018775238339  0.016713104543  0.019270982904  0.013127874836  0.013127874836  0.012109782408  0.012109782408  
piranga_leucoptera_lsu7783 0.018747526527  0.016184207460  0.001501696078  0.000000000000  0.007542675726  0.007542675726  0.004516653420  0.004516653420  0.016718024917  0.016718024917  0.023430829665  0.022397169126  0.014659484195  0.018248629273  0.018248629273  0.019275674099  0.019275674099  0.020309410111  0.018248629273  0.024973016947  0.017738038335  0.017738038335  0.017738038335  0.020321054913  0.018253569734  0.020816477474  0.014659484195  0.014659484195  0.013639169723  0.013639169723  
piranga_erythrocephala_fmnh343371 0.021842253003  0.019266686121  0.006027268417  0.007542675726  0.000000000000  0.000000000000  0.009064066976  0.009064066976  0.021351466488  0.021351466488  0.028113374429  0.027072778497  0.019275674099  0.022890405704  0.022890405704  0.023924278923  0.023924278923  0.024966125874  0.022890405704  0.029664057051  0.022377032833  0.022377032833  0.022377032833  0.024980305952  0.022896598671  0.024953539066  0.019275674099  0.019275674099  0.018248629273  0.018248629273  
piranga_erythrocephala_fmnh343370 0.021842253003  0.019266686121  0.006027268417  0.007542675726  0.000000000000  0.000000000000  0.009064066976  0.009064066976  0.021351466488  0.021351466488  0.028113374429  0.027072778497  0.019275674099  0.022890405704  0.022890405704  0.023924278923  0.023924278923  0.024966125874  0.022890405704  0.029664057051  0.022377032833  0.022377032833  0.022377032833  0.024980305952  0.022896598671  0.024953539066  0.019275674099  0.019275674099  0.018248629273  0.018248629273  
piranga_rubriceps_lsu265 0.019262784135  0.016697341672  0.003007748709  0.004516653420  0.009064066976  0.009064066976  0.000000000000  0.001001006515  0.017233025288  0.017233025288  0.023952031456  0.022917554422  0.015172094989  0.018764426597  0.018764426597  0.019792273572  0.019792273572  0.020827084834  0.018764426597  0.025495035014  0.018253569734  0.018253569734  0.018253569734  0.020839271684  0.018769635979  0.021334149458  0.015172094989  0.015172094989  0.014150990697  0.014150990697  
piranga_rubriceps_lsu34818 0.019262784135  0.016697341672  0.003007748709  0.004516653420  0.009064066976  0.009064066976  0.001001006515  0.000000000000  0.017233025288  0.017233025288  0.023952031456  0.022917554422  0.015172094989  0.018764426597  0.018764426597  0.019792273572  0.019792273572  0.020827084834  0.018764426597  0.025495035014  0.018253569734  0.018253569734  0.018253569734  0.020839271684  0.018769635979  0.021334149458  0.015172094989  0.015172094989  0.014150990697  0.014150990697  
piranga_roseogularis_ku2049 0.023918334179  0.021334149458  0.015180725766  0.016718024917  0.021351466488  0.021351466488  0.017233025288  0.017233025288  0.000000000000  0.000000000000  0.016729038586  0.015705121975  0.009064066976  0.012623866605  0.012623866605  0.013131325105  0.013131325105  0.014154970000  0.012623866605  0.019292110302  0.012116793573  0.012116793573  0.012116793573  0.014677241218  0.012627829826  0.015172094989  0.009064066976  0.009064066976  0.008051668796  0.008051668796  
piranga_roseogularis_ku2141 0.023918334179  0.021334149458  0.015180725766  0.016718024917  0.021351466488  0.021351466488  0.017233025288  0.017233025288  0.000000000000  0.000000000000  0.016729038586  0.015705121975  0.009064066976  0.012623866605  0.012623866605  0.013131325105  0.013131325105  0.014154970000  0.012623866605  0.019292110302  0.012116793573  0.012116793573  0.012116793573  0.014677241218  0.012627829826  0.015172094989  0.009064066976  0.009064066976  0.008051668796  0.008051668796  
piranga_olivacea_ku2699 0.032264486484  0.029648090277  0.021877327661  0.023430829665  0.028113374429  0.028113374429  0.023952031456  0.023952031456  0.016729038586  0.016729038586  0.000000000000  0.004011774633  0.010586827372  0.014154970000  0.014154970000  0.015176215243  0.015176215243  0.016203557186  0.014154970000  0.020839271684  0.017748559404  0.017748559404  0.017748559404  0.020334275020  0.018264628370  0.020827084834  0.014667583480  0.014667583480  0.013646987814  0.013646987814  
piranga_olivacea_ku4672 0.031218329770  0.028605786432  0.020845956465  0.022397169126  0.027072778497  0.027072778497  0.022917554422  0.022917554422  0.015705121975  0.015705121975  0.004011774633  0.000000000000  0.009572233192  0.013135164163  0.013135164163  0.014154970000  0.014154970000  0.015180725766  0.013135164163  0.019809519896  0.016723336391  0.016723336391  0.016723336391  0.018787620478  0.017238604853  0.019797628550  0.013646987814  0.013646987814  0.012627829826  0.012627829826  
piranga_bidentata_tepe59 0.023383874805  0.020803534726  0.013127874836  0.014659484195  0.019275674099  0.019275674099  0.015172094989  0.015172094989  0.009064066976  0.009064066976  0.010586827372  0.009572233192  0.000000000000  0.003509572236  0.003509572236  0.004515313800  0.004515313800  0.005523923889  0.003509572236  0.010080919074  0.009059423943  0.009059423943  0.009059423943  0.011602845446  0.009567068921  0.012102178466  0.006024962424  0.006024962424  0.005017318580  0.005017318580  
piranga_ludoviciana_sdsu2650 0.027016820576  0.024422447824  0.016708575648  0.018248629273  0.022890405704  0.022890405704  0.018764426597  0.018764426597  0.012623866605  0.012623866605  0.014154970000  0.013135164163  0.003509572236  0.000000000000  0.000000000000  0.001000690128  0.001000690128  0.002003207145  0.000000000000  0.006534583233  0.012617104955  0.012617104955  0.012617104955  0.015176215243  0.013127874836  0.015674422439  0.009565066372  0.009565066372  0.008552296506  0.008552296506  
piranga_ludoviciana_sdsu2385 0.027016820576  0.024422447824  0.016708575648  0.018248629273  0.022890405704  0.022890405704  0.018764426597  0.018764426597  0.012623866605  0.012623866605  0.014154970000  0.013135164163  0.003509572236  0.000000000000  0.000000000000  0.001000690128  0.001000690128  0.002003207145  0.000000000000  0.006534583233  0.012617104955  0.012617104955  0.012617104955  0.015176215243  0.013127874836  0.015674422439  0.009565066372  0.009565066372  0.008552296506  0.008552296506  
piranga_bidentata_itm160 0.028056192129  0.025458024471  0.017733366238  0.019275674099  0.023924278923  0.023924278923  0.019792273572  0.019792273572  0.013131325105  0.013131325105  0.015176215243  0.014154970000  0.004515313800  0.001000690128  0.001000690128  0.000000000000  0.000000000000  0.001001006515  0.001000690128  0.007544795796  0.013635844653  0.013635844653  0.013635844653  0.016198904069  0.014147401111  0.016697341672  0.010579254006  0.010579254006  0.009565066372  0.009565066372  
piranga_bidentata_hgoslp104 0.028056192129  0.025458024471  0.017733366238  0.019275674099  0.023924278923  0.023924278923  0.019792273572  0.019792273572  0.013131325105  0.013131325105  0.015176215243  0.014154970000  0.004515313800  0.001000690128  0.001000690128  0.000000000000  0.000000000000  0.001001006515  0.001000690128  0.007544795796  0.013635844653  0.013635844653  0.013635844653  0.016198904069  0.014147401111  0.016697341672  0.010579254006  0.010579254006  0.009565066372  0.009565066372  
piranga_bidentata_itm141 0.029102952470  0.026500403354  0.018764426597  0.020309410111  0.024966125874  0.024966125874  0.020827084834  0.020827084834  0.014154970000  0.014154970000  0.016203557186  0.015180725766  0.005523923889  0.002003207145  0.002003207145  0.001001006515  0.001001006515  0.000000000000  0.002003207145  0.008559058818  0.014659484195  0.014659484195  0.014659484195  0.017227837102  0.015172094989  0.017725200834  0.011597135909  0.011597135909  0.010581391152  0.010581391152  
piranga_ludoviciana_sdsu2648 0.027016820576  0.024422447824  0.016708575648  0.018248629273  0.022890405704  0.022890405704  0.018764426597  0.018764426597  0.012623866605  0.012623866605  0.014154970000  0.013135164163  0.003509572236  0.000000000000  0.000000000000  0.001000690128  0.001000690128  0.002003207145  0.000000000000  0.006534583233  0.012617104955  0.012617104955  0.012617104955  0.015176215243  0.013127874836  0.015674422439  0.009565066372  0.009565066372  0.008552296506  0.008552296506  
piranga_ludoviciana_sdsu2208 0.033824410032  0.031203104625  0.023416707762  0.024973016947  0.029664057051  0.029664057051  0.025495035014  0.025495035014  0.019292110302  0.019292110302  0.020839271684  0.019809519896  0.010080919074  0.006534583233  0.006534583233  0.007544795796  0.007544795796  0.008559058818  0.006534583233  0.000000000000  0.019280759318  0.019280759318  0.019280759318  0.021870492959  0.019797628550  0.022365588553  0.016194642155  0.016194642155  0.015172094989  0.015172094989  
piranga_hepatica_ku4970 0.026500403354  0.023907639459  0.016198904069  0.017738038335  0.022377032833  0.022377032833  0.018253569734  0.018253569734  0.012116793573  0.012116793573  0.017748559404  0.016723336391  0.009059423943  0.012617104955  0.012617104955  0.013635844653  0.013635844653  0.014659484195  0.012617104955  0.019280759318  0.000000000000  0.000000000000  0.000000000000  0.002506303418  0.000500251460  0.003006032158  0.009059423943  0.009059423943  0.008047294759  0.008047294759  
piranga_lutea_lsu5400 0.026500403354  0.023907639459  0.016198904069  0.017738038335  0.022377032833  0.022377032833  0.018253569734  0.018253569734  0.012116793573  0.012116793573  0.017748559404  0.016723336391  0.009059423943  0.012617104955  0.012617104955  0.013635844653  0.013635844653  0.014659484195  0.012617104955  0.019280759318  0.000000000000  0.000000000000  0.000000000000  0.002506303418  0.000500251460  0.003006032158  0.009059423943  0.009059423943  0.008047294759  0.008047294759  
piranga_flava_lsu15408 0.026500403354  0.023907639459  0.016198904069  0.017738038335  0.022377032833  0.022377032833  0.018253569734  0.018253569734  0.012116793573  0.012116793573  0.017748559404  0.016723336391  0.009059423943  0.012617104955  0.012617104955  0.013635844653  0.013635844653  0.014659484195  0.012617104955  0.019280759318  0.000000000000  0.000000000000  0.000000000000  0.002506303418  0.000500251460  0.003006032158  0.009059423943  0.009059423943  0.008047294759  0.008047294759  
piranga_flava_ku90809 0.029115947263  0.026512241037  0.018775238339  0.020321054913  0.024980305952  0.024980305952  0.020839271684  0.020839271684  0.014677241218  0.014677241218  0.020334275020  0.018787620478  0.011602845446  0.015176215243  0.015176215243  0.016198904069  0.016198904069  0.017227837102  0.015176215243  0.021870492959  0.002506303418  0.002506303418  0.002506303418  0.000000000000  0.003009083035  0.005522453011  0.011602845446  0.011602845446  0.010586827372  0.010586827372  
piranga_hepatica_ku9084 0.027022413066  0.024427469878  0.016713104543  0.018253569734  0.022896598671  0.022896598671  0.018769635979  0.018769635979  0.012627829826  0.012627829826  0.018264628370  0.017238604853  0.009567068921  0.013127874836  0.013127874836  0.014147401111  0.014147401111  0.015172094989  0.013127874836  0.019797628550  0.000500251460  0.000500251460  0.000500251460  0.003009083035  0.000000000000  0.003508298945  0.009567068921  0.009567068921  0.008554165134  0.008554165134  
piranga_lutea_ku89864 0.029615223895  0.027011629900  0.019270982904  0.020816477474  0.024953539066  0.024953539066  0.021334149458  0.021334149458  0.015172094989  0.015172094989  0.020827084834  0.019797628550  0.012102178466  0.015674422439  0.015674422439  0.016697341672  0.016697341672  0.017725200834  0.015674422439  0.022365588553  0.003006032158  0.003006032158  0.003006032158  0.005522453011  0.003508298945  0.000000000000  0.012102178466  0.012102178466  0.011085923991  0.011085923991  
piranga_rubra_sdsu2635 0.023383874805  0.020803534726  0.013127874836  0.014659484195  0.019275674099  0.019275674099  0.015172094989  0.015172094989  0.009064066976  0.009064066976  0.014667583480  0.013646987814  0.006024962424  0.009565066372  0.009565066372  0.010579254006  0.010579254006  0.011597135909  0.009565066372  0.016194642155  0.009059423943  0.009059423943  0.009059423943  0.011602845446  0.009567068921  0.012102178466  0.000000000000  0.000000000000  0.001000690128  0.001000690128  
piranga_rubra_sdsu2654 0.023383874805  0.020803534726  0.013127874836  0.014659484195  0.019275674099  0.019275674099  0.015172094989  0.015172094989  0.009064066976  0.009064066976  0.014667583480  0.013646987814  0.006024962424  0.009565066372  0.009565066372  0.010579254006  0.010579254006  0.011597135909  0.009565066372  0.016194642155  0.009059423943  0.009059423943  0.009059423943  0.011602845446  0.009567068921  0.012102178466  0.000000000000  0.000000000000  0.001000690128  0.001000690128  
piranga_rubra_ku7046 0.022351399714  0.019774800587  0.012109782408  0.013639169723  0.018248629273  0.018248629273  0.014150990697  0.014150990697  0.008051668796  0.008051668796  0.013646987814  0.012627829826  0.005017318580  0.008552296506  0.008552296506  0.009565066372  0.009565066372  0.010581391152  0.008552296506  0.015172094989  0.008047294759  0.008047294759  0.008047294759  0.010586827372  0.008554165134  0.011085923991  0.001000690128  0.001000690128  0.000000000000  0.000000000000  
piranga_rubra_ku26592 0.022351399714  0.019774800587  0.012109782408  0.013639169723  0.018248629273  0.018248629273  0.014150990697  0.014150990697  0.008051668796  0.008051668796  0.013646987814  0.012627829826  0.005017318580  0.008552296506  0.008552296506  0.009565066372  0.009565066372  0.010581391152  0.008552296506  0.015172094989  0.008047294759  0.008047294759  0.008047294759  0.010586827372  0.008554165134  0.011085923991  0.001000690128  0.001000690128  0.000000000000  0.000000000000  

