30
piranga_rubra_ku26592 0.000000000000  0.001073031657  0.002148511332  0.000000000000  0.000000000000  0.000000000000  0.000000000000  0.000000000000  0.000000000000  0.001073031657  0.001102610058  0.000000000000  0.000000000000  0.000000000000  0.000000000000  0.000000000000  0.000000000000  0.000000000000  0.001329895363  0.001073031657  0.000000000000  0.000000000000  0.000000000000  0.000000000000  0.000000000000  0.000000000000  0.000000000000  0.000000000000  0.000000000000  0.001073031657  
piranga_flava_ku90809 0.001073031657  0.000000000000  0.003226450219  0.001148186136  0.001073031657  0.001108722503  0.001132581161  0.001073031657  0.001410558939  0.002148511332  0.002207805116  0.001190562776  0.001213682227  0.001462119108  0.001073031657  0.001076497005  0.001073031657  0.001073031657  0.002663553098  0.002148511332  0.001073031657  0.001124936665  0.001073031657  0.001073031657  0.001118644640  0.001389006886  0.001342392058  0.001124936665  0.001073031657  0.002148511332  
piranga_ludoviciana_sdsu2385 0.002148511332  0.003226450219  0.000000000000  0.001148186136  0.002148511332  0.001108722503  0.002267889937  0.002148511332  0.002825351224  0.001073031657  0.001102610058  0.002384139964  0.002430497229  0.001462119108  0.002148511332  0.002155457882  0.002148511332  0.002148511332  0.001329895363  0.001073031657  0.002148511332  0.002252564204  0.002148511332  0.002148511332  0.001118644640  0.000000000000  0.000000000000  0.001124936665  0.002148511332  0.001073031657  
piranga_rubriceps_lsu265 0.000000000000  0.001148186136  0.001148186136  0.000000000000  0.000000000000  0.000000000000  0.000000000000  0.000000000000  0.000000000000  0.000000000000  0.000000000000  0.000000000000  0.000000000000  0.000000000000  0.000000000000  0.000000000000  0.000000000000  0.000000000000  0.000000000000  0.000000000000  0.000000000000  0.000000000000  0.000000000000  0.000000000000  0.000000000000  0.000000000000  0.000000000000  0.000000000000  0.000000000000  0.000000000000  
piranga_leucoptera_lsu7783 0.000000000000  0.001073031657  0.002148511332  0.000000000000  0.000000000000  0.000000000000  0.000000000000  0.000000000000  0.000000000000  0.001073031657  0.001102610058  0.000000000000  0.000000000000  0.000000000000  0.000000000000  0.000000000000  0.000000000000  0.000000000000  0.001329895363  0.001073031657  0.000000000000  0.000000000000  0.000000000000  0.000000000000  0.000000000000  0.000000000000  0.000000000000  0.000000000000  0.000000000000  0.001073031657  
cardinalis_cardinalis_ku25393 0.000000000000  0.001108722503  0.001108722503  0.000000000000  0.000000000000  0.000000000000  0.000000000000  0.000000000000  0.000000000000  0.000000000000  0.000000000000  0.000000000000  0.000000000000  0.000000000000  0.000000000000  0.000000000000  0.000000000000  0.000000000000  0.000000000000  0.000000000000  0.000000000000  0.000000000000  0.000000000000  0.000000000000  0.000000000000  0.000000000000  0.000000000000  0.000000000000  0.000000000000  0.000000000000  
piranga_olivacea_ku2699 0.000000000000  0.001132581161  0.002267889937  0.000000000000  0.000000000000  0.000000000000  0.000000000000  0.000000000000  0.000000000000  0.001132581161  0.001132581161  0.000000000000  0.000000000000  0.000000000000  0.000000000000  0.000000000000  0.000000000000  0.000000000000  0.001329895363  0.001132581161  0.000000000000  0.000000000000  0.000000000000  0.000000000000  0.000000000000  0.000000000000  0.000000000000  0.000000000000  0.000000000000  0.001132581161  
cardinalis_cardinalis_ku21828 0.000000000000  0.001073031657  0.002148511332  0.000000000000  0.000000000000  0.000000000000  0.000000000000  0.000000000000  0.000000000000  0.001073031657  0.001102610058  0.000000000000  0.000000000000  0.000000000000  0.000000000000  0.000000000000  0.000000000000  0.000000000000  0.001329895363  0.001073031657  0.000000000000  0.000000000000  0.000000000000  0.000000000000  0.000000000000  0.000000000000  0.000000000000  0.000000000000  0.000000000000  0.001073031657  
piranga_rubra_ku7046 0.000000000000  0.001410558939  0.002825351224  0.000000000000  0.000000000000  0.000000000000  0.000000000000  0.000000000000  0.000000000000  0.001410558939  0.001410558939  0.000000000000  0.000000000000  0.000000000000  0.000000000000  0.000000000000  0.000000000000  0.000000000000  0.001447306159  0.001410558939  0.000000000000  0.000000000000  0.000000000000  0.000000000000  0.000000000000  0.000000000000  0.000000000000  0.000000000000  0.000000000000  0.001410558939  
piranga_bidentata_hgoslp104 0.001073031657  0.002148511332  0.001073031657  0.000000000000  0.001073031657  0.000000000000  0.001132581161  0.001073031657  0.001410558939  0.000000000000  0.000000000000  0.001190562776  0.001213682227  0.000000000000  0.001073031657  0.001076497005  0.001073031657  0.001073031657  0.000000000000  0.000000000000  0.001073031657  0.001124936665  0.001073031657  0.001073031657  0.000000000000  0.000000000000  0.000000000000  0.000000000000  0.001073031657  0.000000000000  
piranga_ludoviciana_sdsu2648 0.001102610058  0.002207805116  0.001102610058  0.000000000000  0.001102610058  0.000000000000  0.001132581161  0.001102610058  0.001410558939  0.000000000000  0.000000000000  0.001190562776  0.001213682227  0.000000000000  0.001102610058  0.001106269411  0.001102610058  0.001102610058  0.000000000000  0.000000000000  0.001102610058  0.001124936665  0.001102610058  0.001102610058  0.000000000000  0.000000000000  0.000000000000  0.000000000000  0.001102610058  0.000000000000  
piranga_roseogularis_ku2049 0.000000000000  0.001190562776  0.002384139964  0.000000000000  0.000000000000  0.000000000000  0.000000000000  0.000000000000  0.000000000000  0.001190562776  0.001190562776  0.000000000000  0.000000000000  0.000000000000  0.000000000000  0.000000000000  0.000000000000  0.000000000000  0.001329895363  0.001190562776  0.000000000000  0.000000000000  0.000000000000  0.000000000000  0.000000000000  0.000000000000  0.000000000000  0.000000000000  0.000000000000  0.001190562776  
piranga_hepatica_ku4970 0.000000000000  0.001213682227  0.002430497229  0.000000000000  0.000000000000  0.000000000000  0.000000000000  0.000000000000  0.000000000000  0.001213682227  0.001213682227  0.000000000000  0.000000000000  0.000000000000  0.000000000000  0.000000000000  0.000000000000  0.000000000000  0.001329895363  0.001213682227  0.000000000000  0.000000000000  0.000000000000  0.000000000000  0.000000000000  0.000000000000  0.000000000000  0.000000000000  0.000000000000  0.001213682227  
piranga_hepatica_ku9084 0.000000000000  0.001462119108  0.001462119108  0.000000000000  0.000000000000  0.000000000000  0.000000000000  0.000000000000  0.000000000000  0.000000000000  0.000000000000  0.000000000000  0.000000000000  0.000000000000  0.000000000000  0.000000000000  0.000000000000  0.000000000000  0.000000000000  0.000000000000  0.000000000000  0.000000000000  0.000000000000  0.000000000000  0.000000000000  0.000000000000  0.000000000000  0.000000000000  0.000000000000  0.000000000000  
piranga_rubra_sdsu2654 0.000000000000  0.001073031657  0.002148511332  0.000000000000  0.000000000000  0.000000000000  0.000000000000  0.000000000000  0.000000000000  0.001073031657  0.001102610058  0.000000000000  0.000000000000  0.000000000000  0.000000000000  0.000000000000  0.000000000000  0.000000000000  0.001329895363  0.001073031657  0.000000000000  0.000000000000  0.000000000000  0.000000000000  0.000000000000  0.000000000000  0.000000000000  0.000000000000  0.000000000000  0.001073031657  
piranga_flava_lsu15408 0.000000000000  0.001076497005  0.002155457882  0.000000000000  0.000000000000  0.000000000000  0.000000000000  0.000000000000  0.000000000000  0.001076497005  0.001106269411  0.000000000000  0.000000000000  0.000000000000  0.000000000000  0.000000000000  0.000000000000  0.000000000000  0.001329895363  0.001076497005  0.000000000000  0.000000000000  0.000000000000  0.000000000000  0.000000000000  0.000000000000  0.000000000000  0.000000000000  0.000000000000  0.001076497005  
piranga_lutea_lsu5400 0.000000000000  0.001073031657  0.002148511332  0.000000000000  0.000000000000  0.000000000000  0.000000000000  0.000000000000  0.000000000000  0.001073031657  0.001102610058  0.000000000000  0.000000000000  0.000000000000  0.000000000000  0.000000000000  0.000000000000  0.000000000000  0.001329895363  0.001073031657  0.000000000000  0.000000000000  0.000000000000  0.000000000000  0.000000000000  0.000000000000  0.000000000000  0.000000000000  0.000000000000  0.001073031657  
piranga_olivacea_ku4672 0.000000000000  0.001073031657  0.002148511332  0.000000000000  0.000000000000  0.000000000000  0.000000000000  0.000000000000  0.000000000000  0.001073031657  0.001102610058  0.000000000000  0.000000000000  0.000000000000  0.000000000000  0.000000000000  0.000000000000  0.000000000000  0.001329895363  0.001073031657  0.000000000000  0.000000000000  0.000000000000  0.000000000000  0.000000000000  0.000000000000  0.000000000000  0.000000000000  0.000000000000  0.001073031657  
piranga_ludoviciana_sdsu2208 0.001329895363  0.002663553098  0.001329895363  0.000000000000  0.001329895363  0.000000000000  0.001329895363  0.001329895363  0.001447306159  0.000000000000  0.000000000000  0.001329895363  0.001329895363  0.000000000000  0.001329895363  0.001329895363  0.001329895363  0.001329895363  0.000000000000  0.000000000000  0.001329895363  0.001329895363  0.001329895363  0.001329895363  0.000000000000  0.000000000000  0.000000000000  0.000000000000  0.001329895363  0.000000000000  
piranga_bidentata_itm160 0.001073031657  0.002148511332  0.001073031657  0.000000000000  0.001073031657  0.000000000000  0.001132581161  0.001073031657  0.001410558939  0.000000000000  0.000000000000  0.001190562776  0.001213682227  0.000000000000  0.001073031657  0.001076497005  0.001073031657  0.001073031657  0.000000000000  0.000000000000  0.001073031657  0.001124936665  0.001073031657  0.001073031657  0.000000000000  0.000000000000  0.000000000000  0.000000000000  0.001073031657  0.000000000000  
piranga_leucoptera_fmnh481795 0.000000000000  0.001073031657  0.002148511332  0.000000000000  0.000000000000  0.000000000000  0.000000000000  0.000000000000  0.000000000000  0.001073031657  0.001102610058  0.000000000000  0.000000000000  0.000000000000  0.000000000000  0.000000000000  0.000000000000  0.000000000000  0.001329895363  0.001073031657  0.000000000000  0.000000000000  0.000000000000  0.000000000000  0.000000000000  0.000000000000  0.000000000000  0.000000000000  0.000000000000  0.001073031657  
piranga_lutea_ku89864 0.000000000000  0.001124936665  0.002252564204  0.000000000000  0.000000000000  0.000000000000  0.000000000000  0.000000000000  0.000000000000  0.001124936665  0.001124936665  0.000000000000  0.000000000000  0.000000000000  0.000000000000  0.000000000000  0.000000000000  0.000000000000  0.001329895363  0.001124936665  0.000000000000  0.000000000000  0.000000000000  0.000000000000  0.000000000000  0.000000000000  0.000000000000  0.000000000000  0.000000000000  0.001124936665  
piranga_rubriceps_lsu34818 0.000000000000  0.001073031657  0.002148511332  0.000000000000  0.000000000000  0.000000000000  0.000000000000  0.000000000000  0.000000000000  0.001073031657  0.001102610058  0.000000000000  0.000000000000  0.000000000000  0.000000000000  0.000000000000  0.000000000000  0.000000000000  0.001329895363  0.001073031657  0.000000000000  0.000000000000  0.000000000000  0.000000000000  0.000000000000  0.000000000000  0.000000000000  0.000000000000  0.000000000000  0.001073031657  
piranga_roseogularis_ku2141 0.000000000000  0.001073031657  0.002148511332  0.000000000000  0.000000000000  0.000000000000  0.000000000000  0.000000000000  0.000000000000  0.001073031657  0.001102610058  0.000000000000  0.000000000000  0.000000000000  0.000000000000  0.000000000000  0.000000000000  0.000000000000  0.001329895363  0.001073031657  0.000000000000  0.000000000000  0.000000000000  0.000000000000  0.000000000000  0.000000000000  0.000000000000  0.000000000000  0.000000000000  0.001073031657  
piranga_erythrocephala_fmnh343371 0.000000000000  0.001118644640  0.001118644640  0.000000000000  0.000000000000  0.000000000000  0.000000000000  0.000000000000  0.000000000000  0.000000000000  0.000000000000  0.000000000000  0.000000000000  0.000000000000  0.000000000000  0.000000000000  0.000000000000  0.000000000000  0.000000000000  0.000000000000  0.000000000000  0.000000000000  0.000000000000  0.000000000000  0.000000000000  0.000000000000  0.000000000000  0.000000000000  0.000000000000  0.000000000000  
piranga_erythrocephala_fmnh343370 0.000000000000  0.001389006886  0.000000000000  0.000000000000  0.000000000000  0.000000000000  0.000000000000  0.000000000000  0.000000000000  0.000000000000  0.000000000000  0.000000000000  0.000000000000  0.000000000000  0.000000000000  0.000000000000  0.000000000000  0.000000000000  0.000000000000  0.000000000000  0.000000000000  0.000000000000  0.000000000000  0.000000000000  0.000000000000  0.000000000000  0.000000000000  0.000000000000  0.000000000000  0.000000000000  
piranga_ludoviciana_sdsu2650 0.000000000000  0.001342392058  0.000000000000  0.000000000000  0.000000000000  0.000000000000  0.000000000000  0.000000000000  0.000000000000  0.000000000000  0.000000000000  0.000000000000  0.000000000000  0.000000000000  0.000000000000  0.000000000000  0.000000000000  0.000000000000  0.000000000000  0.000000000000  0.000000000000  0.000000000000  0.000000000000  0.000000000000  0.000000000000  0.000000000000  0.000000000000  0.000000000000  0.000000000000  0.000000000000  
piranga_bidentata_tepe59 0.000000000000  0.001124936665  0.001124936665  0.000000000000  0.000000000000  0.000000000000  0.000000000000  0.000000000000  0.000000000000  0.000000000000  0.000000000000  0.000000000000  0.000000000000  0.000000000000  0.000000000000  0.000000000000  0.000000000000  0.000000000000  0.000000000000  0.000000000000  0.000000000000  0.000000000000  0.000000000000  0.000000000000  0.000000000000  0.000000000000  0.000000000000  0.000000000000  0.000000000000  0.000000000000  
piranga_rubra_sdsu2635 0.000000000000  0.001073031657  0.002148511332  0.000000000000  0.000000000000  0.000000000000  0.000000000000  0.000000000000  0.000000000000  0.001073031657  0.001102610058  0.000000000000  0.000000000000  0.000000000000  0.000000000000  0.000000000000  0.000000000000  0.000000000000  0.001329895363  0.001073031657  0.000000000000  0.000000000000  0.000000000000  0.000000000000  0.000000000000  0.000000000000  0.000000000000  0.000000000000  0.000000000000  0.001073031657  
piranga_bidentata_itm141 0.001073031657  0.002148511332  0.001073031657  0.000000000000  0.001073031657  0.000000000000  0.001132581161  0.001073031657  0.001410558939  0.000000000000  0.000000000000  0.001190562776  0.001213682227  0.000000000000  0.001073031657  0.001076497005  0.001073031657  0.001073031657  0.000000000000  0.000000000000  0.001073031657  0.001124936665  0.001073031657  0.001073031657  0.000000000000  0.000000000000  0.000000000000  0.000000000000  0.001073031657  0.000000000000  

