30
piranga_rubra_ku26592 0.000000000000  0.010421450045  0.016461594210  0.017474480847  0.018650145303  0.026992293741  0.013430985568  0.022531352124  0.012995966159  0.011707650535  0.008813202140  0.014814764443  0.013057678103  0.018104058612  0.012784493479  0.016286571936  0.012784493479  0.011594015958  0.016415954641  0.012774654361  0.018662898751  0.011594015958  0.018662898751  0.011743796932  0.019818061568  0.028431900033  0.015035365774  0.018671912298  0.013964605484  0.015277526177  
piranga_flava_ku90809 0.010421450045  0.000000000000  0.007736925957  0.009866340044  0.010969412424  0.017638451235  0.007192687434  0.014111973583  0.005553902047  0.009964657675  0.007330570623  0.011067536690  0.002225259705  0.004872867170  0.007665173670  0.004364255595  0.002181568607  0.009872695096  0.009508053827  0.008781888115  0.010975205457  0.001088274020  0.010975205457  0.007754067047  0.012071140988  0.018779740923  0.008302021607  0.012100111778  0.008769809130  0.011084700888  
piranga_ludoviciana_sdsu2385 0.016461594210  0.007736925957  0.000000000000  0.015572962442  0.016696063757  0.025786008482  0.012151317655  0.022749404510  0.013543896118  0.011084700888  0.014926497361  0.016229494532  0.010174041457  0.014935552708  0.008842360892  0.007384705337  0.009971140563  0.015582072362  0.004107323341  0.005517131706  0.014444167303  0.008852643903  0.016704601897  0.013489563036  0.017815220218  0.025523729048  0.011823094474  0.012207544428  0.005512210974  0.005517131706  
piranga_rubriceps_lsu265 0.017474480847  0.009866340044  0.015572962442  0.000000000000  0.007656789168  0.025519061098  0.014474942722  0.020099264624  0.015686837901  0.015565693434  0.013262448710  0.014804363281  0.012344548207  0.009785260074  0.015428453655  0.011709364251  0.012100111778  0.017661854758  0.016403167599  0.016567278478  0.005459585543  0.010975205457  0.003269186991  0.013347831803  0.008755265143  0.012447971631  0.009970177252  0.017671735026  0.016548693685  0.018965375644  
piranga_leucoptera_lsu7783 0.018650145303  0.010969412424  0.016696063757  0.007656789168  0.000000000000  0.026618951384  0.015693136173  0.022497736464  0.016816979863  0.016689374709  0.014746330150  0.017296602411  0.013474415203  0.014725634535  0.016542123291  0.014671022248  0.013207456659  0.018776827264  0.019167561414  0.017681374536  0.006556076963  0.012079797853  0.008760205755  0.014470304964  0.010963196737  0.017171534182  0.013320842155  0.018788515200  0.017663914703  0.017821324620  
cardinalis_cardinalis_ku25393 0.026992293741  0.017638451235  0.025786008482  0.025519061098  0.026618951384  0.000000000000  0.025550516843  0.007019185101  0.023659934827  0.025776498902  0.019241087737  0.024858561383  0.020311827763  0.018044847922  0.023292482873  0.019145798045  0.019907429882  0.027810234179  0.021954384185  0.026710019711  0.026657252804  0.018760537837  0.026657252804  0.021271971838  0.027773868776  0.028357334643  0.016705361591  0.027829286897  0.024428774663  0.029235285751  
piranga_olivacea_ku2699 0.013430985568  0.007192687434  0.012151317655  0.014474942722  0.015693136173  0.025550516843  0.000000000000  0.021193115260  0.012046142630  0.015846177106  0.011772227589  0.012482219941  0.009612858649  0.014725634535  0.012034327313  0.013204073332  0.009612858649  0.007192687434  0.016408342601  0.012039157018  0.014474942722  0.008401142784  0.015700242269  0.010963957670  0.016909646919  0.025182318583  0.016705361591  0.016928893983  0.013252977102  0.017085499650  
cardinalis_cardinalis_ku21828 0.022531352124  0.014111973583  0.022749404510  0.020099264624  0.022497736464  0.007019185101  0.021193115260  0.000000000000  0.019244798687  0.022740103867  0.013257383706  0.021175958743  0.016879488097  0.014739850471  0.018926065886  0.013509813208  0.016520921700  0.024935784637  0.016393157993  0.023760536749  0.022506837259  0.015305121389  0.022506837259  0.017933782378  0.023694349774  0.025162397171  0.011643107422  0.024953381245  0.020133485519  0.026424348362  
piranga_rubra_ku7046 0.012995966159  0.005553902047  0.013543896118  0.015686837901  0.016816979863  0.023659934827  0.012046142630  0.019244798687  0.000000000000  0.013535211587  0.008808266581  0.013578954194  0.007829343825  0.008151068581  0.011166753019  0.008782594551  0.007794471235  0.014558870940  0.015046402698  0.012298481869  0.016827502980  0.006672789370  0.016827502980  0.011297601295  0.017941235695  0.022019313241  0.009980592663  0.015686837901  0.012298481869  0.016979906596  
piranga_bidentata_hgoslp104 0.011707650535  0.009964657675  0.011084700888  0.015565693434  0.016689374709  0.025776498902  0.015846177106  0.022740103867  0.013535211587  0.000000000000  0.010409314883  0.014956264866  0.012456385515  0.020000619079  0.015565693434  0.017895474845  0.012207544428  0.013333202332  0.016607496154  0.009971140563  0.016696063757  0.011084700888  0.016696063757  0.011211287533  0.017810978576  0.027142269840  0.010104506313  0.007736925957  0.012200385144  0.009971140563  
piranga_ludoviciana_sdsu2648 0.008813202140  0.007330570623  0.014926497361  0.013262448710  0.014746330150  0.019241087737  0.011772227589  0.013257383706  0.008808266581  0.010409314883  0.000000000000  0.013475746023  0.010290840703  0.013350909009  0.011772227589  0.012297012015  0.010290840703  0.008821332778  0.015137421552  0.013262448710  0.013257383706  0.007330570623  0.016248298849  0.011965924136  0.016239088209  0.025626060123  0.011643107422  0.014750351436  0.013262448710  0.013420670039  
piranga_roseogularis_ku2049 0.014814764443  0.011067536690  0.016229494532  0.014804363281  0.017296602411  0.024858561383  0.012482219941  0.021175958743  0.013578954194  0.014956264866  0.013475746023  0.000000000000  0.013578954194  0.016708569791  0.013578954194  0.015194538466  0.013578954194  0.016049156216  0.016653595780  0.016078719852  0.014804363281  0.012313141817  0.017305595010  0.002440823053  0.017289892759  0.022348597579  0.011860111523  0.017317999979  0.014833078201  0.020040334885  
piranga_hepatica_ku4970 0.013057678103  0.002225259705  0.010174041457  0.012344548207  0.013474415203  0.020311827763  0.009612858649  0.016879488097  0.007829343825  0.012456385515  0.010290840703  0.013578954194  0.000000000000  0.004872867170  0.010076223422  0.007307113135  0.002225259705  0.008951704403  0.012275197052  0.011226616441  0.013483021431  0.003342037992  0.013483021431  0.010208663856  0.014600324776  0.022019313241  0.011665461110  0.014624388017  0.011208953711  0.013605323022  
piranga_hepatica_ku9084 0.018104058612  0.004872867170  0.014935552708  0.009785260074  0.014725634535  0.018044847922  0.014725634535  0.014739850471  0.008151068581  0.020000619079  0.013350909009  0.016708569791  0.004872867170  0.000000000000  0.011436738201  0.009785260074  0.001618421521  0.018080338488  0.015501547207  0.016427925990  0.011424026132  0.004872867170  0.013078878125  0.015029138968  0.018033110988  0.023186500365  0.014160571053  0.018080338488  0.013094311705  0.021706688950  
piranga_rubra_sdsu2654 0.012784493479  0.007665173670  0.008842360892  0.015428453655  0.016542123291  0.023292482873  0.012034327313  0.018926065886  0.011166753019  0.015565693434  0.011772227589  0.013578954194  0.010076223422  0.011436738201  0.000000000000  0.004368982863  0.009877168308  0.015435593974  0.008150189352  0.007663013734  0.016548693685  0.008769809130  0.016548693685  0.011121686513  0.017653752597  0.021997390616  0.013340614162  0.015428453655  0.003272753413  0.012191553399  
piranga_flava_lsu15408 0.016286571936  0.004364255595  0.007384705337  0.011709364251  0.014671022248  0.019145798045  0.013204073332  0.013509813208  0.008782594551  0.017895474845  0.012297012015  0.015194538466  0.007307113135  0.009785260074  0.004368982863  0.000000000000  0.007307113135  0.016174861879  0.007848374398  0.008774535357  0.011709364251  0.004364255595  0.013192935464  0.013420940200  0.016146683557  0.023571417320  0.013340614162  0.016198683176  0.005832703713  0.013360896589  
piranga_lutea_lsu5400 0.012784493479  0.002181568607  0.009971140563  0.012100111778  0.013207456659  0.019907429882  0.009612858649  0.016520921700  0.007794471235  0.012207544428  0.010290840703  0.013578954194  0.002225259705  0.001618421521  0.009877168308  0.007307113135  0.000000000000  0.012108934903  0.012275197052  0.011004232933  0.013215723302  0.003276339782  0.013215723302  0.010004393477  0.014311000997  0.022019313241  0.011665461110  0.014334113007  0.010987264669  0.013333202332  
piranga_olivacea_ku4672 0.011594015958  0.009872695096  0.015582072362  0.017661854758  0.018776827264  0.027810234179  0.007192687434  0.024935784637  0.014558870940  0.013333202332  0.008821332778  0.016049156216  0.008951704403  0.018080338488  0.015435593974  0.016174861879  0.012108934903  0.000000000000  0.019178627387  0.014334113007  0.018787701507  0.010982781784  0.018787701507  0.013354446417  0.019885435006  0.028403337709  0.020134874267  0.019938441803  0.016557080476  0.014461688743  
piranga_ludoviciana_sdsu2208 0.016415954641  0.009508053827  0.004107323341  0.016403167599  0.019167561414  0.021954384185  0.016408342601  0.016393157993  0.015046402698  0.016607496154  0.015137421552  0.016653595780  0.012275197052  0.015501547207  0.008150189352  0.007848374398  0.012275197052  0.019178627387  0.000000000000  0.009527075687  0.017783733154  0.009508053827  0.019178627387  0.015255086028  0.019159303329  0.026321692908  0.011665461110  0.015046402698  0.005424853476  0.008244047372  
piranga_bidentata_itm160 0.012774654361  0.008781888115  0.005517131706  0.016567278478  0.017681374536  0.026710019711  0.012039157018  0.023760536749  0.012298481869  0.009971140563  0.013262448710  0.016078719852  0.011226616441  0.016427925990  0.007663013734  0.008774535357  0.011004232933  0.014334113007  0.009527075687  0.000000000000  0.017692828054  0.009891685891  0.017692828054  0.012248325171  0.018788515200  0.026848232717  0.009995081843  0.009883537377  0.004367815142  0.008852643903  
piranga_leucoptera_fmnh481795 0.018662898751  0.010975205457  0.014444167303  0.005459585543  0.006556076963  0.026657252804  0.014474942722  0.022506837259  0.016827502980  0.016696063757  0.013257383706  0.014804363281  0.013483021431  0.011424026132  0.016548693685  0.011709364251  0.013215723302  0.018787701507  0.017783733154  0.017692828054  0.000000000000  0.012086815513  0.006558804083  0.013354446417  0.007656789168  0.010885384276  0.011643107422  0.018797591725  0.017671735026  0.020104346179  
piranga_lutea_ku89864 0.011594015958  0.001088274020  0.008852643903  0.010975205457  0.012079797853  0.018760537837  0.008401142784  0.015305121389  0.006672789370  0.011084700888  0.007330570623  0.012313141817  0.003342037992  0.004872867170  0.008769809130  0.004364255595  0.003276339782  0.010982781784  0.009508053827  0.009891685891  0.012086815513  0.000000000000  0.012086815513  0.008872280215  0.013181825318  0.018779740923  0.008302021607  0.013215723302  0.009877168308  0.012207544428  
piranga_rubriceps_lsu34818 0.018662898751  0.010975205457  0.016704601897  0.003269186991  0.008760205755  0.026657252804  0.015700242269  0.022506837259  0.016827502980  0.016696063757  0.016248298849  0.017305595010  0.013483021431  0.013078878125  0.016548693685  0.013192935464  0.013215723302  0.018787701507  0.019178627387  0.017692828054  0.006558804083  0.012086815513  0.000000000000  0.014476338208  0.009858976891  0.015597462569  0.013328664162  0.018797591725  0.017671735026  0.020104346179  
piranga_roseogularis_ku2141 0.011743796932  0.007754067047  0.013489563036  0.013347831803  0.014470304964  0.021271971838  0.010963957670  0.017933782378  0.011297601295  0.011211287533  0.011965924136  0.002440823053  0.010208663856  0.015029138968  0.011121686513  0.013420940200  0.010004393477  0.013354446417  0.015255086028  0.012248325171  0.013354446417  0.008872280215  0.014476338208  0.000000000000  0.014466123421  0.020737020309  0.010155817671  0.013362696092  0.012248325171  0.015765886081  
piranga_erythrocephala_fmnh343371 0.019818061568  0.012071140988  0.017815220218  0.008755265143  0.010963196737  0.027773868776  0.016909646919  0.023694349774  0.017941235695  0.017810978576  0.016239088209  0.017289892759  0.014600324776  0.018033110988  0.017653752597  0.016146683557  0.014311000997  0.019885435006  0.019159303329  0.018788515200  0.007656789168  0.013181825318  0.009858976891  0.014466123421  0.000000000000  0.012447971631  0.015003411795  0.019900756185  0.018775849083  0.020078361476  
piranga_erythrocephala_fmnh343370 0.028431900033  0.018779740923  0.025523729048  0.012447971631  0.017171534182  0.028357334643  0.025182318583  0.025162397171  0.022019313241  0.027142269840  0.025626060123  0.022348597579  0.022019313241  0.023186500365  0.021997390616  0.023571417320  0.022019313241  0.028403337709  0.026321692908  0.026848232717  0.010885384276  0.018779740923  0.015597462569  0.020737020309  0.012447971631  0.000000000000  0.021904027573  0.025202039049  0.023608523338  0.032094779336  
piranga_ludoviciana_sdsu2650 0.015035365774  0.008302021607  0.011823094474  0.009970177252  0.013320842155  0.016705361591  0.016705361591  0.011643107422  0.009980592663  0.010104506313  0.011643107422  0.011860111523  0.011665461110  0.014160571053  0.013340614162  0.013340614162  0.011665461110  0.020134874267  0.011665461110  0.009995081843  0.011643107422  0.008302021607  0.013328664162  0.010155817671  0.015003411795  0.021904027573  0.000000000000  0.008302021607  0.009995081843  0.016963691268  
piranga_bidentata_tepe59 0.018671912298  0.012100111778  0.012207544428  0.017671735026  0.018788515200  0.027829286897  0.016928893983  0.024953381245  0.015686837901  0.007736925957  0.014750351436  0.017317999979  0.014624388017  0.018080338488  0.015428453655  0.016198683176  0.014334113007  0.019938441803  0.015046402698  0.009883537377  0.018797591725  0.013215723302  0.018797591725  0.013362696092  0.019900756185  0.025202039049  0.008302021607  0.000000000000  0.012093078591  0.015582072362  
piranga_rubra_sdsu2635 0.013964605484  0.008769809130  0.005512210974  0.016548693685  0.017663914703  0.024428774663  0.013252977102  0.020133485519  0.012298481869  0.012200385144  0.013262448710  0.014833078201  0.011208953711  0.013094311705  0.003272753413  0.005832703713  0.010987264669  0.016557080476  0.005424853476  0.004367815142  0.017671735026  0.009877168308  0.017671735026  0.012248325171  0.018775849083  0.023608523338  0.009995081843  0.012093078591  0.000000000000  0.008843971424  
piranga_bidentata_itm141 0.015277526177  0.011084700888  0.005517131706  0.018965375644  0.017821324620  0.029235285751  0.017085499650  0.026424348362  0.016979906596  0.009971140563  0.013420670039  0.020040334885  0.013605323022  0.021706688950  0.012191553399  0.013360896589  0.013333202332  0.014461688743  0.008244047372  0.008852643903  0.020104346179  0.012207544428  0.020104346179  0.015765886081  0.020078361476  0.032094779336  0.016963691268  0.015582072362  0.008843971424  0.000000000000  

