30
cardinalis_cardinalis_ku21828 0.000000000000  0.000000000000  0.001000705352  0.000000000000  0.002002824142  0.002002824142  0.000000000000  0.002004219263  0.004517252764  0.004014908545  0.006535815947  0.004011318523  0.001502371666  0.001502371666  0.001502371666  0.004013301882  0.001502371666  0.001502371666  0.001502371666  0.003511212176  0.005023905315  0.003511212176  0.003511212176  0.001502371666  0.001502371666  0.001502371666  0.001502371666  0.001502371666  0.001502371666  0.001502371666  
piranga_leucoptera_fmnh481795 0.000000000000  0.000000000000  0.001000705352  0.000000000000  0.002002824142  0.002002824142  0.000000000000  0.002004219263  0.004517252764  0.004014908545  0.006535815947  0.004011318523  0.001502371666  0.001502371666  0.001502371666  0.004013301882  0.001502371666  0.001502371666  0.001502371666  0.003511212176  0.005023905315  0.003511212176  0.003511212176  0.001502371666  0.001502371666  0.001502371666  0.001502371666  0.001502371666  0.001502371666  0.001502371666  
cardinalis_cardinalis_ku25393 0.001000705352  0.001000705352  0.000000000000  0.001000705352  0.003006360487  0.003006360487  0.001000705352  0.003008048975  0.005524723180  0.005021738486  0.007546310716  0.005017702403  0.002505417814  0.002505417814  0.002505417814  0.005019982146  0.002505417814  0.002505417814  0.002505417814  0.004517252764  0.006032318998  0.004517252764  0.004517252764  0.002505417814  0.002505417814  0.002505417814  0.002505417814  0.002505417814  0.002505417814  0.002505417814  
piranga_erythrocephala_fmnh343370 0.000000000000  0.000000000000  0.001000705352  0.000000000000  0.002002824142  0.002002824142  0.000000000000  0.002004219263  0.004517252764  0.004014908545  0.006535815947  0.004011318523  0.001502371666  0.001502371666  0.001502371666  0.004013301882  0.001502371666  0.001502371666  0.001502371666  0.003511212176  0.005023905315  0.003511212176  0.003511212176  0.001502371666  0.001502371666  0.001502371666  0.001502371666  0.001502371666  0.001502371666  0.001502371666  
piranga_rubriceps_lsu265 0.002002824142  0.002002824142  0.003006360487  0.002002824142  0.000000000000  0.000000000000  0.002002824142  0.004013301882  0.006533627616  0.006030000733  0.008050838979  0.006025516299  0.003509884706  0.003509884706  0.003509884706  0.006028093949  0.003509884706  0.003509884706  0.003509884706  0.005524723180  0.007042169966  0.005524723180  0.005524723180  0.003509884706  0.003509884706  0.003509884706  0.003509884706  0.003509884706  0.003509884706  0.003509884706  
piranga_rubriceps_lsu34818 0.002002824142  0.002002824142  0.003006360487  0.002002824142  0.000000000000  0.000000000000  0.002002824142  0.004013301882  0.006533627616  0.006030000733  0.008050838979  0.006025516299  0.003509884706  0.003509884706  0.003509884706  0.006028093949  0.003509884706  0.003509884706  0.003509884706  0.005524723180  0.007042169966  0.005524723180  0.005524723180  0.003509884706  0.003509884706  0.003509884706  0.003509884706  0.003509884706  0.003509884706  0.003509884706  
piranga_erythrocephala_fmnh343371 0.000000000000  0.000000000000  0.001000705352  0.000000000000  0.002002824142  0.002002824142  0.000000000000  0.002004219263  0.004517252764  0.004014908545  0.006535815947  0.004011318523  0.001502371666  0.001502371666  0.001502371666  0.004013301882  0.001502371666  0.001502371666  0.001502371666  0.003511212176  0.005023905315  0.003511212176  0.003511212176  0.001502371666  0.001502371666  0.001502371666  0.001502371666  0.001502371666  0.001502371666  0.001502371666  
piranga_leucoptera_lsu7783 0.002004219263  0.002004219263  0.003008048975  0.002004219263  0.004013301882  0.004013301882  0.002004219263  0.000000000000  0.006538416072  0.006035048377  0.008564476371  0.006028093949  0.003512948836  0.003512948836  0.003512948836  0.006032318998  0.003512948836  0.003512948836  0.003512948836  0.005529207989  0.007048346881  0.005529207989  0.005529207989  0.003512948836  0.003512948836  0.003512948836  0.003512948836  0.003512948836  0.003512948836  0.003512948836  
piranga_roseogularis_ku2141 0.004517252764  0.004517252764  0.005524723180  0.004517252764  0.006533627616  0.006533627616  0.004517252764  0.006538416072  0.000000000000  0.005524723180  0.008050838979  0.005521080654  0.003007000107  0.003007000107  0.003007000107  0.005523097344  0.003007000107  0.003007000107  0.003007000107  0.005019982146  0.006535815947  0.005019982146  0.005019982146  0.003007000107  0.003007000107  0.003007000107  0.003007000107  0.003007000107  0.003007000107  0.003007000107  
piranga_rubra_sdsu2635 0.004014908545  0.004014908545  0.005021738486  0.004014908545  0.006030000733  0.006030000733  0.004014908545  0.006035048377  0.005524723180  0.000000000000  0.002504646960  0.005017702403  0.002505417814  0.002505417814  0.002505417814  0.005019982146  0.002505417814  0.002505417814  0.002505417814  0.004517252764  0.006032318998  0.004517252764  0.004517252764  0.002505417814  0.002505417814  0.002505417814  0.002505417814  0.002505417814  0.002505417814  0.002505417814  
piranga_rubra_sdsu2654 0.006535815947  0.006535815947  0.007546310716  0.006535815947  0.008050838979  0.008050838979  0.006535815947  0.008564476371  0.008050838979  0.002504646960  0.000000000000  0.007540529274  0.005019982146  0.005019982146  0.005019982146  0.007543970284  0.005019982146  0.005019982146  0.005019982146  0.007039699490  0.008561155837  0.007039699490  0.007039699490  0.005019982146  0.005019982146  0.005019982146  0.005019982146  0.005019982146  0.005019982146  0.005019982146  
piranga_ludoviciana_sdsu2648 0.004011318523  0.004011318523  0.005017702403  0.004011318523  0.006025516299  0.006025516299  0.004011318523  0.006028093949  0.005521080654  0.005017702403  0.007540529274  0.000000000000  0.002504332445  0.002504332445  0.002504332445  0.005017179742  0.002504332445  0.002504332445  0.002504332445  0.004514055954  0.006026599014  0.004514055954  0.004514055954  0.002504332445  0.002504332445  0.002504332445  0.002504332445  0.002504332445  0.002504332445  0.002504332445  
piranga_roseogularis_ku2049 0.001502371666  0.001502371666  0.002505417814  0.001502371666  0.003509884706  0.003509884706  0.001502371666  0.003512948836  0.003007000107  0.002505417814  0.005019982146  0.002504332445  0.000000000000  0.000000000000  0.000000000000  0.002504646960  0.000000000000  0.000000000000  0.000000000000  0.002003317569  0.003511212176  0.002003317569  0.002003317569  0.000000000000  0.000000000000  0.000000000000  0.000000000000  0.000000000000  0.000000000000  0.000000000000  
piranga_ludoviciana_sdsu2650 0.001502371666  0.001502371666  0.002505417814  0.001502371666  0.003509884706  0.003509884706  0.001502371666  0.003512948836  0.003007000107  0.002505417814  0.005019982146  0.002504332445  0.000000000000  0.000000000000  0.000000000000  0.002504646960  0.000000000000  0.000000000000  0.000000000000  0.002003317569  0.003511212176  0.002003317569  0.002003317569  0.000000000000  0.000000000000  0.000000000000  0.000000000000  0.000000000000  0.000000000000  0.000000000000  
piranga_hepatica_ku9084 0.001502371666  0.001502371666  0.002505417814  0.001502371666  0.003509884706  0.003509884706  0.001502371666  0.003512948836  0.003007000107  0.002505417814  0.005019982146  0.002504332445  0.000000000000  0.000000000000  0.000000000000  0.002504646960  0.000000000000  0.000000000000  0.000000000000  0.002003317569  0.003511212176  0.002003317569  0.002003317569  0.000000000000  0.000000000000  0.000000000000  0.000000000000  0.000000000000  0.000000000000  0.000000000000  
piranga_bidentata_hgoslp104 0.004013301882  0.004013301882  0.005019982146  0.004013301882  0.006028093949  0.006028093949  0.004013301882  0.006032318998  0.005523097344  0.005019982146  0.007543970284  0.005017179742  0.002504646960  0.002504646960  0.002504646960  0.000000000000  0.002504646960  0.002504646960  0.002504646960  0.003508966792  0.005019982146  0.003508966792  0.003508966792  0.002504646960  0.002504646960  0.002504646960  0.002504646960  0.002504646960  0.002504646960  0.002504646960  
piranga_flava_lsu15408 0.001502371666  0.001502371666  0.002505417814  0.001502371666  0.003509884706  0.003509884706  0.001502371666  0.003512948836  0.003007000107  0.002505417814  0.005019982146  0.002504332445  0.000000000000  0.000000000000  0.000000000000  0.002504646960  0.000000000000  0.000000000000  0.000000000000  0.002003317569  0.003511212176  0.002003317569  0.002003317569  0.000000000000  0.000000000000  0.000000000000  0.000000000000  0.000000000000  0.000000000000  0.000000000000  
piranga_olivacea_ku2699 0.001502371666  0.001502371666  0.002505417814  0.001502371666  0.003509884706  0.003509884706  0.001502371666  0.003512948836  0.003007000107  0.002505417814  0.005019982146  0.002504332445  0.000000000000  0.000000000000  0.000000000000  0.002504646960  0.000000000000  0.000000000000  0.000000000000  0.002003317569  0.003511212176  0.002003317569  0.002003317569  0.000000000000  0.000000000000  0.000000000000  0.000000000000  0.000000000000  0.000000000000  0.000000000000  
piranga_bidentata_itm141 0.001502371666  0.001502371666  0.002505417814  0.001502371666  0.003509884706  0.003509884706  0.001502371666  0.003512948836  0.003007000107  0.002505417814  0.005019982146  0.002504332445  0.000000000000  0.000000000000  0.000000000000  0.002504646960  0.000000000000  0.000000000000  0.000000000000  0.002003317569  0.003511212176  0.002003317569  0.002003317569  0.000000000000  0.000000000000  0.000000000000  0.000000000000  0.000000000000  0.000000000000  0.000000000000  
piranga_ludoviciana_sdsu2208 0.003511212176  0.003511212176  0.004517252764  0.003511212176  0.005524723180  0.005524723180  0.003511212176  0.005529207989  0.005019982146  0.004517252764  0.007039699490  0.004514055954  0.002003317569  0.002003317569  0.002003317569  0.003508966792  0.002003317569  0.002003317569  0.002003317569  0.000000000000  0.001502371666  0.000000000000  0.000000000000  0.002003317569  0.002003317569  0.002003317569  0.002003317569  0.002003317569  0.002003317569  0.002003317569  
piranga_lutea_ku89864 0.005023905315  0.005023905315  0.006032318998  0.005023905315  0.007042169966  0.007042169966  0.005023905315  0.007048346881  0.006535815947  0.006032318998  0.008561155837  0.006026599014  0.003511212176  0.003511212176  0.003511212176  0.005019982146  0.003511212176  0.003511212176  0.003511212176  0.001502371666  0.000000000000  0.001502371666  0.001502371666  0.003511212176  0.003511212176  0.003511212176  0.003511212176  0.003511212176  0.003511212176  0.003511212176  
piranga_flava_ku90809 0.003511212176  0.003511212176  0.004517252764  0.003511212176  0.005524723180  0.005524723180  0.003511212176  0.005529207989  0.005019982146  0.004517252764  0.007039699490  0.004514055954  0.002003317569  0.002003317569  0.002003317569  0.003508966792  0.002003317569  0.002003317569  0.002003317569  0.000000000000  0.001502371666  0.000000000000  0.000000000000  0.002003317569  0.002003317569  0.002003317569  0.002003317569  0.002003317569  0.002003317569  0.002003317569  
piranga_hepatica_ku4970 0.003511212176  0.003511212176  0.004517252764  0.003511212176  0.005524723180  0.005524723180  0.003511212176  0.005529207989  0.005019982146  0.004517252764  0.007039699490  0.004514055954  0.002003317569  0.002003317569  0.002003317569  0.003508966792  0.002003317569  0.002003317569  0.002003317569  0.000000000000  0.001502371666  0.000000000000  0.000000000000  0.002003317569  0.002003317569  0.002003317569  0.002003317569  0.002003317569  0.002003317569  0.002003317569  
piranga_olivacea_ku4672 0.001502371666  0.001502371666  0.002505417814  0.001502371666  0.003509884706  0.003509884706  0.001502371666  0.003512948836  0.003007000107  0.002505417814  0.005019982146  0.002504332445  0.000000000000  0.000000000000  0.000000000000  0.002504646960  0.000000000000  0.000000000000  0.000000000000  0.002003317569  0.003511212176  0.002003317569  0.002003317569  0.000000000000  0.000000000000  0.000000000000  0.000000000000  0.000000000000  0.000000000000  0.000000000000  
piranga_rubra_ku7046 0.001502371666  0.001502371666  0.002505417814  0.001502371666  0.003509884706  0.003509884706  0.001502371666  0.003512948836  0.003007000107  0.002505417814  0.005019982146  0.002504332445  0.000000000000  0.000000000000  0.000000000000  0.002504646960  0.000000000000  0.000000000000  0.000000000000  0.002003317569  0.003511212176  0.002003317569  0.002003317569  0.000000000000  0.000000000000  0.000000000000  0.000000000000  0.000000000000  0.000000000000  0.000000000000  
piranga_bidentata_itm160 0.001502371666  0.001502371666  0.002505417814  0.001502371666  0.003509884706  0.003509884706  0.001502371666  0.003512948836  0.003007000107  0.002505417814  0.005019982146  0.002504332445  0.000000000000  0.000000000000  0.000000000000  0.002504646960  0.000000000000  0.000000000000  0.000000000000  0.002003317569  0.003511212176  0.002003317569  0.002003317569  0.000000000000  0.000000000000  0.000000000000  0.000000000000  0.000000000000  0.000000000000  0.000000000000  
piranga_bidentata_tepe59 0.001502371666  0.001502371666  0.002505417814  0.001502371666  0.003509884706  0.003509884706  0.001502371666  0.003512948836  0.003007000107  0.002505417814  0.005019982146  0.002504332445  0.000000000000  0.000000000000  0.000000000000  0.002504646960  0.000000000000  0.000000000000  0.000000000000  0.002003317569  0.003511212176  0.002003317569  0.002003317569  0.000000000000  0.000000000000  0.000000000000  0.000000000000  0.000000000000  0.000000000000  0.000000000000  
piranga_lutea_lsu5400 0.001502371666  0.001502371666  0.002505417814  0.001502371666  0.003509884706  0.003509884706  0.001502371666  0.003512948836  0.003007000107  0.002505417814  0.005019982146  0.002504332445  0.000000000000  0.000000000000  0.000000000000  0.002504646960  0.000000000000  0.000000000000  0.000000000000  0.002003317569  0.003511212176  0.002003317569  0.002003317569  0.000000000000  0.000000000000  0.000000000000  0.000000000000  0.000000000000  0.000000000000  0.000000000000  
piranga_ludoviciana_sdsu2385 0.001502371666  0.001502371666  0.002505417814  0.001502371666  0.003509884706  0.003509884706  0.001502371666  0.003512948836  0.003007000107  0.002505417814  0.005019982146  0.002504332445  0.000000000000  0.000000000000  0.000000000000  0.002504646960  0.000000000000  0.000000000000  0.000000000000  0.002003317569  0.003511212176  0.002003317569  0.002003317569  0.000000000000  0.000000000000  0.000000000000  0.000000000000  0.000000000000  0.000000000000  0.000000000000  
piranga_rubra_ku26592 0.001502371666  0.001502371666  0.002505417814  0.001502371666  0.003509884706  0.003509884706  0.001502371666  0.003512948836  0.003007000107  0.002505417814  0.005019982146  0.002504332445  0.000000000000  0.000000000000  0.000000000000  0.002504646960  0.000000000000  0.000000000000  0.000000000000  0.002003317569  0.003511212176  0.002003317569  0.002003317569  0.000000000000  0.000000000000  0.000000000000  0.000000000000  0.000000000000  0.000000000000  0.000000000000  

