30
piranga_rubra_ku26592 0.000000000000  0.004108431362  0.002035595013  0.002035595013  0.002033525294  0.005163348279  0.002033525294  0.004077364809  0.003055383610  0.002035595013  0.003056262365  0.003159254746  0.003084543961  0.000000000000  0.001016302975  0.003084543961  0.004079103462  0.002033525294  0.002151662839  0.003056262365  0.002046007126  0.005104127582  0.002039747115  0.004073212801  0.002050201857  0.001548087412  0.003506349194  0.002037668949  0.001016302975  0.002035595013  
piranga_flava_ku90809 0.004108431362  0.000000000000  0.002010219194  0.002010219194  0.002010219194  0.005060082759  0.002010219194  0.004025733703  0.005037278665  0.002010219194  0.003018492873  0.002105448638  0.001034170501  0.001501595356  0.003016314788  0.001020451328  0.002010219194  0.002010219194  0.001076474322  0.003018492873  0.002010219194  0.003018492873  0.002012241720  0.004042005821  0.002066294288  0.001548087412  0.002336677509  0.002012241720  0.003016314788  0.002010219194  
piranga_ludoviciana_sdsu2385 0.002035595013  0.002010219194  0.000000000000  0.000000000000  0.000000000000  0.003030828453  0.000000000000  0.001994985161  0.002995234078  0.000000000000  0.000997050172  0.001051570560  0.001026737745  0.000000000000  0.000996815122  0.001020451328  0.001996174554  0.000000000000  0.000000000000  0.000997050172  0.000000000000  0.002997381794  0.000000000000  0.002002976986  0.000000000000  0.000000000000  0.001166917660  0.000000000000  0.000996815122  0.000000000000  
piranga_rubriceps_lsu265 0.002035595013  0.002010219194  0.000000000000  0.000000000000  0.000000000000  0.003030828453  0.000000000000  0.001994985161  0.002995234078  0.000000000000  0.000997050172  0.001051570560  0.001026737745  0.000000000000  0.000996815122  0.001020451328  0.001996174554  0.000000000000  0.000000000000  0.000997050172  0.000000000000  0.002997381794  0.000000000000  0.002002976986  0.000000000000  0.000000000000  0.001166917660  0.000000000000  0.000996815122  0.000000000000  
piranga_leucoptera_lsu7783 0.002033525294  0.002010219194  0.000000000000  0.000000000000  0.000000000000  0.003030828453  0.000000000000  0.001994985161  0.002992246578  0.000000000000  0.000997050172  0.001051570560  0.001026737745  0.000000000000  0.000995822471  0.001020451328  0.001996174554  0.000000000000  0.000000000000  0.000997050172  0.000000000000  0.002997381794  0.000000000000  0.002000973033  0.000000000000  0.000000000000  0.001166917660  0.000000000000  0.000995822471  0.000000000000  
cardinalis_cardinalis_ku25393 0.005163348279  0.005060082759  0.003030828453  0.003030828453  0.003030828453  0.000000000000  0.003030828453  0.003031555032  0.006075726154  0.003030828453  0.004044383843  0.002104400518  0.004166555078  0.001501062230  0.004044152401  0.004102455705  0.005060082759  0.003030828453  0.002154268468  0.004044383843  0.003030828453  0.006077934285  0.003033893529  0.004060574030  0.003115820243  0.001547520762  0.003505376734  0.003033893529  0.004044152401  0.003030828453  
piranga_olivacea_ku2699 0.002033525294  0.002010219194  0.000000000000  0.000000000000  0.000000000000  0.003030828453  0.000000000000  0.001994985161  0.002992246578  0.000000000000  0.000997050172  0.001051570560  0.001026737745  0.000000000000  0.000995822471  0.001020451328  0.001996174554  0.000000000000  0.000000000000  0.000997050172  0.000000000000  0.002997381794  0.000000000000  0.002000973033  0.000000000000  0.000000000000  0.001166917660  0.000000000000  0.000995822471  0.000000000000  
cardinalis_cardinalis_ku21828 0.004077364809  0.004025733703  0.001994985161  0.001994985161  0.001994985161  0.003031555032  0.001994985161  0.000000000000  0.004999369068  0.001994985161  0.002995234078  0.002104125427  0.003084543961  0.003005199059  0.002994524832  0.003065631763  0.003997570548  0.001994985161  0.002153980161  0.002995234078  0.002006996958  0.005002003305  0.001998973086  0.003006529018  0.002050201857  0.003098309603  0.003506349194  0.001996977133  0.002994524832  0.001994985161  
piranga_rubra_ku7046 0.003055383610  0.005037278665  0.002995234078  0.002995234078  0.002992246578  0.006075726154  0.002992246578  0.004999369068  0.000000000000  0.002995234078  0.003997570548  0.003159254746  0.003084543961  0.001501595356  0.001994184181  0.004091621133  0.005002003305  0.002992246578  0.002151662839  0.003997570548  0.003010261510  0.006008541135  0.003001227010  0.005014410490  0.002050201857  0.001548087412  0.003506349194  0.002998227549  0.001994184181  0.002995234078  
piranga_bidentata_hgoslp104 0.002035595013  0.002010219194  0.000000000000  0.000000000000  0.000000000000  0.003030828453  0.000000000000  0.001994985161  0.002995234078  0.000000000000  0.000997050172  0.001051570560  0.001026737745  0.000000000000  0.000996815122  0.001020451328  0.001996174554  0.000000000000  0.000000000000  0.000997050172  0.000000000000  0.002997381794  0.000000000000  0.002002976986  0.000000000000  0.000000000000  0.001166917660  0.000000000000  0.000996815122  0.000000000000  
piranga_ludoviciana_sdsu2648 0.003056262365  0.003018492873  0.000997050172  0.000997050172  0.000997050172  0.004044383843  0.000997050172  0.002995234078  0.003997570548  0.000997050172  0.000000000000  0.002105448638  0.002055675197  0.000000000000  0.001994985161  0.002043075479  0.002997381794  0.000997050172  0.000000000000  0.001996174554  0.001003050726  0.004000680594  0.000999042363  0.003007243972  0.001024633684  0.000000000000  0.001166917660  0.000998045274  0.001994985161  0.000997050172  
piranga_roseogularis_ku2049 0.003159254746  0.002105448638  0.001051570560  0.001051570560  0.001051570560  0.002104400518  0.001051570560  0.002104125427  0.003159254746  0.001051570560  0.002105448638  0.000000000000  0.001051570560  0.001501595356  0.002104125427  0.001051570560  0.002105448638  0.001051570560  0.001076474322  0.002105448638  0.001051570560  0.002105448638  0.001052677525  0.001051309102  0.001051570560  0.001548087412  0.002336677509  0.001052677525  0.002104125427  0.001051570560  
piranga_hepatica_ku4970 0.003084543961  0.001034170501  0.001026737745  0.001026737745  0.001026737745  0.004166555078  0.001026737745  0.003084543961  0.003084543961  0.001026737745  0.002055675197  0.001051570560  0.000000000000  0.000000000000  0.002054413824  0.000000000000  0.001026737745  0.001026737745  0.000000000000  0.002055675197  0.001033102097  0.001026737745  0.001028850465  0.003084543961  0.001026737745  0.000000000000  0.001166917660  0.001027793020  0.002054413824  0.001026737745  
piranga_hepatica_ku9084 0.000000000000  0.001501595356  0.000000000000  0.000000000000  0.000000000000  0.001501062230  0.000000000000  0.003005199059  0.001501595356  0.000000000000  0.000000000000  0.001501595356  0.000000000000  0.000000000000  0.000000000000  0.000000000000  0.000000000000  0.000000000000  0.000000000000  0.000000000000  0.000000000000  0.000000000000  0.000000000000  0.001501595356  0.000000000000  0.000000000000  0.001501595356  0.000000000000  0.000000000000  0.000000000000  
piranga_rubra_sdsu2654 0.001016302975  0.003016314788  0.000996815122  0.000996815122  0.000995822471  0.004044152401  0.000995822471  0.002994524832  0.001994184181  0.000996815122  0.001994985161  0.002104125427  0.002054413824  0.000000000000  0.000000000000  0.002041829525  0.002995234078  0.000995822471  0.001075043370  0.001994985161  0.001001808211  0.003997570548  0.000998806373  0.003003518958  0.001024385449  0.000000000000  0.002335047606  0.000997809754  0.000000000000  0.000996815122  
piranga_flava_lsu15408 0.003084543961  0.001020451328  0.001020451328  0.001020451328  0.001020451328  0.004102455705  0.001020451328  0.003065631763  0.004091621133  0.001020451328  0.002043075479  0.001051570560  0.000000000000  0.000000000000  0.002041829525  0.000000000000  0.001020451328  0.001020451328  0.000000000000  0.002043075479  0.001020451328  0.002043075479  0.001021493713  0.003065631763  0.001034170501  0.000000000000  0.001166917660  0.001021493713  0.002041829525  0.001020451328  
piranga_lutea_lsu5400 0.004079103462  0.002010219194  0.001996174554  0.001996174554  0.001996174554  0.005060082759  0.001996174554  0.003997570548  0.005002003305  0.001996174554  0.002997381794  0.002105448638  0.001026737745  0.000000000000  0.002995234078  0.001020451328  0.000000000000  0.001996174554  0.001076474322  0.002997381794  0.002008200729  0.002997381794  0.002000167243  0.004013615335  0.002051458059  0.001548087412  0.002336677509  0.001998168904  0.002995234078  0.001996174554  
piranga_olivacea_ku4672 0.002033525294  0.002010219194  0.000000000000  0.000000000000  0.000000000000  0.003030828453  0.000000000000  0.001994985161  0.002992246578  0.000000000000  0.000997050172  0.001051570560  0.001026737745  0.000000000000  0.000995822471  0.001020451328  0.001996174554  0.000000000000  0.000000000000  0.000997050172  0.000000000000  0.002997381794  0.000000000000  0.002000973033  0.000000000000  0.000000000000  0.001166917660  0.000000000000  0.000995822471  0.000000000000  
piranga_ludoviciana_sdsu2208 0.002151662839  0.001076474322  0.000000000000  0.000000000000  0.000000000000  0.002154268468  0.000000000000  0.002153980161  0.002151662839  0.000000000000  0.000000000000  0.001076474322  0.000000000000  0.000000000000  0.001075043370  0.000000000000  0.001076474322  0.000000000000  0.000000000000  0.001076474322  0.000000000000  0.001076474322  0.000000000000  0.002151662839  0.000000000000  0.000000000000  0.001166917660  0.000000000000  0.001075043370  0.000000000000  
piranga_bidentata_itm160 0.003056262365  0.003018492873  0.000997050172  0.000997050172  0.000997050172  0.004044383843  0.000997050172  0.002995234078  0.003997570548  0.000997050172  0.001996174554  0.002105448638  0.002055675197  0.000000000000  0.001994985161  0.002043075479  0.002997381794  0.000997050172  0.001076474322  0.000000000000  0.001003050726  0.004000680594  0.000999042363  0.003007243972  0.001024633684  0.000000000000  0.002336677509  0.000998045274  0.001994985161  0.000997050172  
piranga_leucoptera_fmnh481795 0.002046007126  0.002010219194  0.000000000000  0.000000000000  0.000000000000  0.003030828453  0.000000000000  0.002006996958  0.003010261510  0.000000000000  0.001003050726  0.001051570560  0.001033102097  0.000000000000  0.001001808211  0.001020451328  0.002008200729  0.000000000000  0.000000000000  0.001003050726  0.000000000000  0.003015458816  0.000000000000  0.002013057263  0.000000000000  0.000000000000  0.001166917660  0.000000000000  0.001001808211  0.000000000000  
piranga_lutea_ku89864 0.005104127582  0.003018492873  0.002997381794  0.002997381794  0.002997381794  0.006077934285  0.002997381794  0.005002003305  0.006008541135  0.002997381794  0.004000680594  0.002105448638  0.001026737745  0.000000000000  0.003997570548  0.002043075479  0.002997381794  0.002997381794  0.001076474322  0.004000680594  0.003015458816  0.000000000000  0.003003383338  0.005022099913  0.003080482511  0.000000000000  0.002336677509  0.003000379565  0.003997570548  0.002997381794  
piranga_rubriceps_lsu34818 0.002039747115  0.002012241720  0.000000000000  0.000000000000  0.000000000000  0.003033893529  0.000000000000  0.001998973086  0.003001227010  0.000000000000  0.000999042363  0.001052677525  0.001028850465  0.000000000000  0.000998806373  0.001021493713  0.002000167243  0.000000000000  0.000000000000  0.000999042363  0.000000000000  0.003003383338  0.000000000000  0.002006996958  0.000000000000  0.000000000000  0.001168280948  0.000000000000  0.000998806373  0.000000000000  
piranga_roseogularis_ku2141 0.004073212801  0.004042005821  0.002002976986  0.002002976986  0.002000973033  0.004060574030  0.002000973033  0.003006529018  0.005014410490  0.002002976986  0.003007243972  0.001051309102  0.003084543961  0.001501595356  0.003003518958  0.003065631763  0.004013615335  0.002000973033  0.002151662839  0.003007243972  0.002013057263  0.005022099913  0.002006996958  0.000000000000  0.002050201857  0.001548087412  0.003506349194  0.002004984957  0.003003518958  0.002002976986  
piranga_erythrocephala_fmnh343371 0.002050201857  0.002066294288  0.000000000000  0.000000000000  0.000000000000  0.003115820243  0.000000000000  0.002050201857  0.002050201857  0.000000000000  0.001024633684  0.001051570560  0.001026737745  0.000000000000  0.001024385449  0.001034170501  0.002051458059  0.000000000000  0.000000000000  0.001024633684  0.000000000000  0.003080482511  0.000000000000  0.002050201857  0.000000000000  0.000000000000  0.001166917660  0.000000000000  0.001024385449  0.000000000000  
piranga_erythrocephala_fmnh343370 0.001548087412  0.001548087412  0.000000000000  0.000000000000  0.000000000000  0.001547520762  0.000000000000  0.003098309603  0.001548087412  0.000000000000  0.000000000000  0.001548087412  0.000000000000  0.000000000000  0.000000000000  0.000000000000  0.001548087412  0.000000000000  0.000000000000  0.000000000000  0.000000000000  0.000000000000  0.000000000000  0.001548087412  0.000000000000  0.000000000000  0.001548087412  0.000000000000  0.000000000000  0.000000000000  
piranga_ludoviciana_sdsu2650 0.003506349194  0.002336677509  0.001166917660  0.001166917660  0.001166917660  0.003505376734  0.001166917660  0.003506349194  0.003506349194  0.001166917660  0.001166917660  0.002336677509  0.001166917660  0.001501595356  0.002335047606  0.001166917660  0.002336677509  0.001166917660  0.001166917660  0.002336677509  0.001166917660  0.002336677509  0.001168280948  0.003506349194  0.001166917660  0.001548087412  0.000000000000  0.001168280948  0.002335047606  0.001166917660  
piranga_bidentata_tepe59 0.002037668949  0.002012241720  0.000000000000  0.000000000000  0.000000000000  0.003033893529  0.000000000000  0.001996977133  0.002998227549  0.000000000000  0.000998045274  0.001052677525  0.001027793020  0.000000000000  0.000997809754  0.001021493713  0.001998168904  0.000000000000  0.000000000000  0.000998045274  0.000000000000  0.003000379565  0.000000000000  0.002004984957  0.000000000000  0.000000000000  0.001168280948  0.000000000000  0.000997809754  0.000000000000  
piranga_rubra_sdsu2635 0.001016302975  0.003016314788  0.000996815122  0.000996815122  0.000995822471  0.004044152401  0.000995822471  0.002994524832  0.001994184181  0.000996815122  0.001994985161  0.002104125427  0.002054413824  0.000000000000  0.000000000000  0.002041829525  0.002995234078  0.000995822471  0.001075043370  0.001994985161  0.001001808211  0.003997570548  0.000998806373  0.003003518958  0.001024385449  0.000000000000  0.002335047606  0.000997809754  0.000000000000  0.000996815122  
piranga_bidentata_itm141 0.002035595013  0.002010219194  0.000000000000  0.000000000000  0.000000000000  0.003030828453  0.000000000000  0.001994985161  0.002995234078  0.000000000000  0.000997050172  0.001051570560  0.001026737745  0.000000000000  0.000996815122  0.001020451328  0.001996174554  0.000000000000  0.000000000000  0.000997050172  0.000000000000  0.002997381794  0.000000000000  0.002002976986  0.000000000000  0.000000000000  0.001166917660  0.000000000000  0.000996815122  0.000000000000  

