30
cardinalis_cardinalis_ku21828 0.000000000000  0.004515522564  0.031297582257  0.032887928918  0.027647397447  0.028690035996  0.027647397447  0.027647397447  0.024481461832  0.023959291595  0.029723099378  0.027626299056  0.035510759179  0.029195561511  0.034978056816  0.034978056816  0.031815672176  0.029195561511  0.032323252987  0.032323252987  0.033903015604  0.033903015604  0.033406862312  0.031815672176  0.031815672176  0.032345491272  0.035523455546  0.031815672176  0.030757760558  0.034966079019  
cardinalis_cardinalis_ku25393 0.004515522564  0.000000000000  0.026585522280  0.028163054107  0.022959439640  0.023995019777  0.022959439640  0.022959439640  0.019821308293  0.019303283079  0.025022389134  0.022941088102  0.030768619039  0.024499081600  0.030768619039  0.030240229904  0.027100746810  0.024499081600  0.028132389360  0.028132389360  0.029175190861  0.029175190861  0.028679108570  0.027100746810  0.027100746810  0.027626299056  0.030779893057  0.027100746810  0.026051341220  0.030229665537  
piranga_erythrocephala_fmnh343371 0.031297582257  0.026585522280  0.000000000000  0.001502315480  0.010595447600  0.011611953329  0.010595447600  0.010595447600  0.020837976650  0.020319697485  0.026042282128  0.023959291595  0.031794024977  0.025518715437  0.030737291685  0.031265371626  0.028122995101  0.025518715437  0.029156479924  0.029156479924  0.032312760112  0.032312760112  0.032875887565  0.031286429022  0.031286429022  0.031815672176  0.034990453912  0.031286429022  0.029175190861  0.032312760112  
piranga_erythrocephala_fmnh343370 0.032887928918  0.028163054107  0.001502315480  0.000000000000  0.012127623271  0.013146522496  0.012127623271  0.012127623271  0.022396132742  0.021876193098  0.027616368945  0.025527485438  0.033383437985  0.027091107666  0.032323252987  0.032853056904  0.029702142718  0.027091107666  0.030737291685  0.030737291685  0.033903015604  0.033903015604  0.034470552229  0.032875887565  0.032875887565  0.033406862312  0.036591212561  0.032875887565  0.030757760558  0.033903015604  
piranga_leucoptera_fmnh481795 0.027647397447  0.022959439640  0.010595447600  0.012127623271  0.000000000000  0.004014594151  0.004016522367  0.004016522367  0.017242528289  0.016726964401  0.022419734531  0.020347429650  0.028142197527  0.021898938653  0.027091107666  0.027616368945  0.024490066438  0.021898938653  0.025518715437  0.025518715437  0.028658494570  0.028658494570  0.029217588912  0.027636642012  0.027636642012  0.028163054107  0.031321135957  0.027636642012  0.025536667000  0.028658494570  
piranga_leucoptera_lsu7783 0.028690035996  0.023995019777  0.011611953329  0.013146522496  0.004014594151  0.000000000000  0.005023387025  0.005023387025  0.018268883279  0.017752506358  0.023454150964  0.021378699277  0.029185168908  0.022932525455  0.028132389360  0.028658494570  0.025527485438  0.022932525455  0.026557476233  0.026557476233  0.029702142718  0.029702142718  0.030262603895  0.028679108570  0.028679108570  0.029206368302  0.032369397137  0.028679108570  0.026575761272  0.029702142718  
piranga_rubriceps_lsu265 0.027647397447  0.022959439640  0.010595447600  0.012127623271  0.004016522367  0.005023387025  0.000000000000  0.000000000000  0.017242528289  0.016726964401  0.022419734531  0.020347429650  0.028142197527  0.021898938653  0.027091107666  0.027616368945  0.024490066438  0.021898938653  0.025518715437  0.025518715437  0.028658494570  0.028658494570  0.029217588912  0.027636642012  0.027636642012  0.028163054107  0.031321135957  0.027636642012  0.025536667000  0.028658494570  
piranga_rubriceps_lsu34818 0.027647397447  0.022959439640  0.010595447600  0.012127623271  0.004016522367  0.005023387025  0.000000000000  0.000000000000  0.017242528289  0.016726964401  0.022419734531  0.020347429650  0.028142197527  0.021898938653  0.027091107666  0.027616368945  0.024490066438  0.021898938653  0.025518715437  0.025518715437  0.028658494570  0.028658494570  0.029217588912  0.027636642012  0.027636642012  0.028163054107  0.031321135957  0.027636642012  0.025536667000  0.028658494570  
piranga_roseogularis_ku2049 0.024481461832  0.019821308293  0.020837976650  0.022396132742  0.017242528289  0.018268883279  0.017242528289  0.017242528289  0.000000000000  0.000500256923  0.010076233328  0.008047892218  0.014657990645  0.008552909729  0.014657990645  0.014145972498  0.011088974807  0.008552909729  0.012103267736  0.012103267736  0.016193207265  0.016193207265  0.016721392665  0.015178805182  0.015178805182  0.015692458135  0.018779519481  0.015178805182  0.013129595474  0.016193207265  
piranga_roseogularis_ku2141 0.023959291595  0.019303283079  0.020319697485  0.021876193098  0.016726964401  0.017752506358  0.016726964401  0.016726964401  0.000500256923  0.000000000000  0.009567929024  0.007541431641  0.015170547834  0.009060154860  0.015170547834  0.014657990645  0.011598328688  0.009060154860  0.012613141003  0.012613141003  0.015679846505  0.015679846505  0.016206653580  0.014665693577  0.014665693577  0.015178805182  0.018262875790  0.014665693577  0.012618637901  0.015679846505  
piranga_olivacea_ku2699 0.029723099378  0.025022389134  0.026042282128  0.027616368945  0.022419734531  0.023454150964  0.022419734531  0.022419734531  0.010076233328  0.009567929024  0.000000000000  0.002003257595  0.014680276678  0.008566751192  0.014680276678  0.014166873163  0.011105637252  0.008566751192  0.012118655974  0.012118655974  0.015188679536  0.015188679536  0.015721563631  0.014178053771  0.014178053771  0.014692013534  0.017779466685  0.014178053771  0.012127623271  0.015188679536  
piranga_olivacea_ku4672 0.027626299056  0.022941088102  0.023959291595  0.025527485438  0.020347429650  0.021378699277  0.020347429650  0.020347429650  0.008047892218  0.007541431641  0.002003257595  0.000000000000  0.012634461817  0.006540506427  0.012634461817  0.012122939138  0.009071518065  0.006540506427  0.010082205881  0.010082205881  0.013141687466  0.013141687466  0.013670551197  0.012132708003  0.012132708003  0.012644782860  0.015721563631  0.012132708003  0.010089777588  0.013141687466  
piranga_ludoviciana_sdsu2385 0.035510759179  0.030768619039  0.031794024977  0.033383437985  0.028142197527  0.029185168908  0.028142197527  0.028142197527  0.014657990645  0.015170547834  0.014680276678  0.012634461817  0.000000000000  0.006027640892  0.015697471617  0.015183540420  0.012118655974  0.009576669412  0.013133223582  0.013133223582  0.020844581270  0.020844581270  0.021386812677  0.019828569059  0.019828569059  0.020347429650  0.023463000561  0.019828569059  0.017758638716  0.019808008121  
piranga_bidentata_itm141 0.029195561511  0.024499081600  0.025518715437  0.027091107666  0.021898938653  0.022932525455  0.021898938653  0.021898938653  0.008552909729  0.009060154860  0.008566751192  0.006540506427  0.006027640892  0.000000000000  0.010085792026  0.009576669412  0.006537628778  0.004016522367  0.007545486335  0.007545486335  0.014675012316  0.014675012316  0.015206516438  0.013664636004  0.013664636004  0.014178053771  0.017262512600  0.013664636004  0.011616362101  0.014675012316  
piranga_ludoviciana_sdsu2648 0.034978056816  0.030768619039  0.030737291685  0.032323252987  0.027091107666  0.028132389360  0.027091107666  0.027091107666  0.014657990645  0.015170547834  0.014680276678  0.012634461817  0.015697471617  0.010085792026  0.000000000000  0.011601132534  0.008554880194  0.009068078644  0.012621990679  0.012621990679  0.020844581270  0.020844581270  0.021386812677  0.019828569059  0.019828569059  0.020347429650  0.023463000561  0.019828569059  0.017758638716  0.020844581270  
piranga_ludoviciana_sdsu2650 0.034978056816  0.030240229904  0.031265371626  0.032853056904  0.027616368945  0.028658494570  0.027616368945  0.027616368945  0.014145972498  0.014657990645  0.014166873163  0.012122939138  0.015183540420  0.009576669412  0.011601132534  0.000000000000  0.005021317612  0.008560018612  0.012111294037  0.012111294037  0.020326018825  0.020326018825  0.020866843796  0.019310260843  0.019310260843  0.019828569059  0.022941088102  0.019310260843  0.017242528289  0.020326018825  
piranga_ludoviciana_sdsu2208 0.031815672176  0.027100746810  0.028122995101  0.029702142718  0.024490066438  0.025527485438  0.024490066438  0.024490066438  0.011088974807  0.011598328688  0.011105637252  0.009071518065  0.012118655974  0.006537628778  0.008554880194  0.005021317612  0.000000000000  0.005526230126  0.009062396668  0.009062396668  0.017236676539  0.017236676539  0.017772119248  0.016223743597  0.016223743597  0.016739321858  0.019836236452  0.016223743597  0.014166873163  0.017236676539  
piranga_bidentata_tepe59 0.029195561511  0.024499081600  0.025518715437  0.027091107666  0.021898938653  0.022932525455  0.021898938653  0.021898938653  0.008552909729  0.009060154860  0.008566751192  0.006540506427  0.009576669412  0.004016522367  0.009068078644  0.008560018612  0.005526230126  0.000000000000  0.003508367059  0.003508367059  0.014675012316  0.014675012316  0.015206516438  0.013664636004  0.013664636004  0.014178053771  0.017262512600  0.013664636004  0.011616362101  0.014675012316  
piranga_bidentata_itm160 0.032323252987  0.028132389360  0.029156479924  0.030737291685  0.025518715437  0.026557476233  0.025518715437  0.025518715437  0.012103267736  0.012613141003  0.012118655974  0.010082205881  0.013133223582  0.007545486335  0.012621990679  0.012111294037  0.009062396668  0.003508367059  0.000000000000  0.002002789661  0.018257274745  0.018257274745  0.018792503827  0.017242528289  0.017242528289  0.017758638716  0.020859015213  0.017242528289  0.015183540420  0.018257274745  
piranga_bidentata_hgoslp104 0.032323252987  0.028132389360  0.029156479924  0.030737291685  0.025518715437  0.026557476233  0.025518715437  0.025518715437  0.012103267736  0.012613141003  0.012118655974  0.010082205881  0.013133223582  0.007545486335  0.012621990679  0.012111294037  0.009062396668  0.003508367059  0.002002789661  0.000000000000  0.018257274745  0.018257274745  0.018792503827  0.017242528289  0.017242528289  0.017758638716  0.020859015213  0.017242528289  0.015183540420  0.018257274745  
piranga_rubra_sdsu2635 0.033903015604  0.029175190861  0.032312760112  0.033903015604  0.028658494570  0.029702142718  0.028658494570  0.028658494570  0.016193207265  0.015679846505  0.015188679536  0.013141687466  0.020844581270  0.014675012316  0.020844581270  0.020326018825  0.017236676539  0.014675012316  0.018257274745  0.018257274745  0.000000000000  0.000000000000  0.006535147769  0.005019643977  0.005019643977  0.005524287925  0.008560018612  0.005019643977  0.003006282743  0.008047892218  
piranga_rubra_sdsu2654 0.033903015604  0.029175190861  0.032312760112  0.033903015604  0.028658494570  0.029702142718  0.028658494570  0.028658494570  0.016193207265  0.015679846505  0.015188679536  0.013141687466  0.020844581270  0.014675012316  0.020844581270  0.020326018825  0.017236676539  0.014675012316  0.018257274745  0.018257274745  0.000000000000  0.000000000000  0.006535147769  0.005019643977  0.005019643977  0.005524287925  0.008560018612  0.005019643977  0.003006282743  0.008047892218  
piranga_lutea_ku89864 0.033406862312  0.028679108570  0.032875887565  0.034470552229  0.029217588912  0.030262603895  0.029217588912  0.029217588912  0.016721392665  0.016206653580  0.015721563631  0.013670551197  0.021386812677  0.015206516438  0.021386812677  0.020866843796  0.017772119248  0.015206516438  0.018792503827  0.018792503827  0.006535147769  0.006535147769  0.000000000000  0.001502315480  0.001502315480  0.002004119237  0.006034274496  0.002506440733  0.003512641223  0.008563185817  
piranga_flava_ku90809 0.031815672176  0.027100746810  0.031286429022  0.032875887565  0.027636642012  0.028679108570  0.027636642012  0.027636642012  0.015178805182  0.014665693577  0.014178053771  0.012132708003  0.019828569059  0.013664636004  0.019828569059  0.019310260843  0.016223743597  0.013664636004  0.017242528289  0.017242528289  0.005019643977  0.005019643977  0.001502315480  0.000000000000  0.000000000000  0.000500256923  0.004518729306  0.001001028396  0.002004119237  0.007041365842  
piranga_hepatica_ku9084 0.031815672176  0.027100746810  0.031286429022  0.032875887565  0.027636642012  0.028679108570  0.027636642012  0.027636642012  0.015178805182  0.014665693577  0.014178053771  0.012132708003  0.019828569059  0.013664636004  0.019828569059  0.019310260843  0.016223743597  0.013664636004  0.017242528289  0.017242528289  0.005019643977  0.005019643977  0.001502315480  0.000000000000  0.000000000000  0.000500256923  0.004518729306  0.001001028396  0.002004119237  0.007041365842  
piranga_flava_lsu15408 0.032345491272  0.027626299056  0.031815672176  0.033406862312  0.028163054107  0.029206368302  0.028163054107  0.028163054107  0.015692458135  0.015178805182  0.014692013534  0.012644782860  0.020347429650  0.014178053771  0.020347429650  0.019828569059  0.016739321858  0.014178053771  0.017758638716  0.017758638716  0.005524287925  0.005524287925  0.002004119237  0.000500256923  0.000500256923  0.000000000000  0.005023387025  0.001502315480  0.002506440733  0.007548110809  
piranga_hepatica_ku4970 0.035523455546  0.030779893057  0.034990453912  0.036591212561  0.031321135957  0.032369397137  0.031321135957  0.031321135957  0.018779519481  0.018262875790  0.017779466685  0.015721563631  0.023463000561  0.017262512600  0.023463000561  0.022941088102  0.019836236452  0.017262512600  0.020859015213  0.020859015213  0.008560018612  0.008560018612  0.006034274496  0.004518729306  0.004518729306  0.005023387025  0.000000000000  0.004518729306  0.005528568393  0.010595447600  
piranga_lutea_lsu5400 0.031815672176  0.027100746810  0.031286429022  0.032875887565  0.027636642012  0.028679108570  0.027636642012  0.027636642012  0.015178805182  0.014665693577  0.014178053771  0.012132708003  0.019828569059  0.013664636004  0.019828569059  0.019310260843  0.016223743597  0.013664636004  0.017242528289  0.017242528289  0.005019643977  0.005019643977  0.002506440733  0.001001028396  0.001001028396  0.001502315480  0.004518729306  0.000000000000  0.002004119237  0.007041365842  
piranga_rubra_ku7046 0.030757760558  0.026051341220  0.029175190861  0.030757760558  0.025536667000  0.026575761272  0.025536667000  0.025536667000  0.013129595474  0.012618637901  0.012127623271  0.010089777588  0.017758638716  0.011616362101  0.017758638716  0.017242528289  0.014166873163  0.011616362101  0.015183540420  0.015183540420  0.003006282743  0.003006282743  0.003512641223  0.002004119237  0.002004119237  0.002506440733  0.005528568393  0.002004119237  0.000000000000  0.005019643977  
piranga_rubra_ku26592 0.034966079019  0.030229665537  0.032312760112  0.033903015604  0.028658494570  0.029702142718  0.028658494570  0.028658494570  0.016193207265  0.015679846505  0.015188679536  0.013141687466  0.019808008121  0.014675012316  0.020844581270  0.020326018825  0.017236676539  0.014675012316  0.018257274745  0.018257274745  0.008047892218  0.008047892218  0.008563185817  0.007041365842  0.007041365842  0.007548110809  0.010595447600  0.007041365842  0.005019643977  0.000000000000  

