30
piranga_rubra_ku26592 0.000000000000  0.004927063423  0.003940986344  0.006920022409  0.005921628695  0.013946856684  0.003932432463  0.011935410956  0.001969292906  0.002951628679  0.003313498411  0.004228446611  0.003940179766  0.003595453566  0.007913460421  0.003821073507  0.001508758269  0.002951628679  0.002771648660  0.004931923454  0.007921296229  0.003976244804  0.005927478824  0.005892550411  0.004004107278  0.000000000000  0.000000000000  0.003937107298  0.003944064877  0.003937107298  
piranga_flava_ku90809 0.004927063423  0.000000000000  0.002948757933  0.006918255319  0.005919423299  0.012926179829  0.003927689364  0.010919214666  0.004936793082  0.001962311114  0.001650021624  0.003163297832  0.002946605636  0.001193242172  0.008907871963  0.001270976169  0.000000000000  0.001964238339  0.002769293319  0.003939293657  0.007917161447  0.002975076331  0.005925269054  0.005889567495  0.004002359828  0.001745040431  0.001865488654  0.002948757933  0.004931923454  0.002948757933  
piranga_ludoviciana_sdsu2385 0.003940986344  0.002948757933  0.000000000000  0.005924460314  0.004932889996  0.010912171486  0.001964433781  0.008912966063  0.003944873042  0.000981303294  0.001652748698  0.002109471093  0.001964238339  0.001194667701  0.007917161447  0.002547102165  0.000000000000  0.000982267197  0.001383514781  0.002954566146  0.006926870241  0.001983920211  0.004932889996  0.003928474341  0.002998868015  0.000000000000  0.000000000000  0.001966365181  0.003944873042  0.001966365181  
piranga_rubriceps_lsu265 0.006920022409  0.006918255319  0.005924460314  0.000000000000  0.002955209622  0.011929805108  0.007914431408  0.009924720924  0.005931126367  0.004932889996  0.000000000000  0.003174198807  0.005925269054  0.002397488991  0.010923967078  0.003824692221  0.001508175698  0.004932889996  0.001383514781  0.005930316020  0.004937761514  0.004982190004  0.000983232995  0.005915790101  0.002998868015  0.000000000000  0.000000000000  0.005924460314  0.006926870241  0.005924460314  
piranga_leucoptera_lsu7783 0.005921628695  0.005919423299  0.004932889996  0.002955209622  0.000000000000  0.010930065027  0.005915790101  0.008928308356  0.003947068022  0.003939293657  0.000000000000  0.002112840883  0.004929279753  0.002394618450  0.009913972673  0.002543862421  0.000000000000  0.003939293657  0.001383514781  0.004932889996  0.001969292906  0.003978166240  0.001968300383  0.003932432463  0.001997590195  0.000000000000  0.000000000000  0.004928028081  0.005927478824  0.004928028081  
cardinalis_cardinalis_ku25393 0.013946856684  0.012926179829  0.010912171486  0.011929805108  0.010930065027  0.000000000000  0.018000295059  0.001966169354  0.013960765684  0.010919214666  0.004988484377  0.009584389347  0.011925980984  0.009650994861  0.015970949199  0.007680187744  0.003020209289  0.010919214666  0.004164432585  0.012939046298  0.012960985713  0.012037515317  0.010930065027  0.015957939005  0.009063178169  0.001745820465  0.003741176115  0.011917956180  0.011937845945  0.011917956180  
piranga_olivacea_ku2699 0.003932432463  0.003927689364  0.001964433781  0.007914431408  0.005915790101  0.018000295059  0.000000000000  0.015961661665  0.001969292906  0.000000000000  0.000000000000  0.001991823461  0.001957726872  0.000000000000  0.007898802492  0.002840487988  0.000000000000  0.000000000000  0.000000000000  0.001964433781  0.005927478824  0.000000000000  0.005927478824  0.001956745973  0.003943177008  0.000000000000  0.000000000000  0.001960582341  0.001965422407  0.001960582341  
cardinalis_cardinalis_ku21828 0.011935410956  0.010919214666  0.008912966063  0.009924720924  0.008928308356  0.001966169354  0.015961661665  0.000000000000  0.011947294745  0.008919459619  0.004988484377  0.007442399518  0.009922347902  0.008439605106  0.013950743256  0.006395496777  0.001508758269  0.008919459619  0.004164432585  0.010930065027  0.010949417140  0.010014173844  0.008928308356  0.013929378566  0.007038300785  0.001745820465  0.003741176115  0.009914880266  0.009932203434  0.009914880266  
piranga_rubra_ku7046 0.001969292906  0.004936793082  0.003944873042  0.005931126367  0.003947068022  0.013960765684  0.001969292906  0.011947294745  0.000000000000  0.002957448229  0.001656186792  0.003174198807  0.003947957656  0.002396378950  0.007921296229  0.003825946608  0.001508758269  0.002957448229  0.001383514781  0.004936793082  0.005939213830  0.003980201393  0.004939018153  0.003935417948  0.004008119539  0.000000000000  0.000000000000  0.003944873042  0.003947957656  0.003944873042  
piranga_bidentata_hgoslp104 0.002951628679  0.001962311114  0.000981303294  0.004932889996  0.003939293657  0.010919214666  0.000000000000  0.008919459619  0.002957448229  0.000000000000  0.000000000000  0.001052572963  0.000980587358  0.000000000000  0.006916351788  0.002543862421  0.000000000000  0.000000000000  0.001383514781  0.001966169354  0.005927478824  0.000990047126  0.003943177008  0.001956745973  0.001997590195  0.000000000000  0.000000000000  0.000981303294  0.002954535588  0.000981303294  
piranga_ludoviciana_sdsu2648 0.003313498411  0.001650021624  0.001652748698  0.000000000000  0.000000000000  0.004988484377  0.000000000000  0.004988484377  0.001656186792  0.000000000000  0.000000000000  0.000000000000  0.001647998600  0.000000000000  0.006640025388  0.003641624762  0.000000000000  0.000000000000  0.000000000000  0.000000000000  0.003324514242  0.001650021624  0.000000000000  0.000000000000  0.000000000000  0.000000000000  0.000000000000  0.000000000000  0.001653448369  0.000000000000  
piranga_roseogularis_ku2049 0.004228446611  0.003163297832  0.002109471093  0.003174198807  0.002112840883  0.009584389347  0.001991823461  0.007442399518  0.003174198807  0.001052572963  0.000000000000  0.000000000000  0.002104806096  0.001191820041  0.008497426029  0.002540630907  0.000000000000  0.001052572963  0.001383514781  0.003169982916  0.004240965161  0.002129687443  0.003174198807  0.000000000000  0.001056192708  0.000000000000  0.000000000000  0.002109471093  0.004232921314  0.002109471093  
piranga_hepatica_ku4970 0.003940179766  0.002946605636  0.001964238339  0.005925269054  0.004929279753  0.011925980984  0.001957726872  0.009922347902  0.003947957656  0.000980587358  0.001647998600  0.002104806096  0.000000000000  0.001192183779  0.007913460421  0.002540630907  0.000000000000  0.000980587358  0.001383514781  0.002952405370  0.006923192378  0.001981755237  0.004934144148  0.003912322906  0.002999638314  0.000000000000  0.000000000000  0.001964238339  0.003944064877  0.001964238339  
piranga_hepatica_ku9084 0.003595453566  0.001193242172  0.001194667701  0.002397488991  0.002394618450  0.009650994861  0.000000000000  0.008439605106  0.002396378950  0.000000000000  0.000000000000  0.001191820041  0.001192183779  0.000000000000  0.008422672184  0.002596707862  0.000000000000  0.000000000000  0.001383514781  0.001195033179  0.004807848758  0.001193242172  0.002397488991  0.002386336598  0.002397488991  0.000000000000  0.000000000000  0.000000000000  0.003595453566  0.000000000000  
piranga_rubra_sdsu2654 0.007913460421  0.008907871963  0.007917161447  0.010923967078  0.009913972673  0.015970949199  0.007898802492  0.013950743256  0.007921296229  0.006916351788  0.006640025388  0.008497426029  0.007913460421  0.008422672184  0.000000000000  0.008969517602  0.004542799697  0.006916351788  0.006950781087  0.008907871963  0.011935035848  0.007980344498  0.009923811434  0.009869755923  0.009060325314  0.001745820465  0.001866380147  0.007909333844  0.003939293657  0.007909333844  
piranga_flava_lsu15408 0.003821073507  0.001270976169  0.002547102165  0.003824692221  0.002543862421  0.007680187744  0.002840487988  0.006395496777  0.003825946608  0.002543862421  0.003641624762  0.002540630907  0.002540630907  0.002596707862  0.008969517602  0.000000000000  0.001613432409  0.002540630907  0.004195104417  0.003821073507  0.005102220127  0.003819822321  0.003824692221  0.002840487988  0.002547102165  0.003495247840  0.003736883428  0.002543862421  0.006387326608  0.002543862421  
piranga_lutea_lsu5400 0.001508758269  0.000000000000  0.000000000000  0.001508175698  0.000000000000  0.003020209289  0.000000000000  0.001508758269  0.001508758269  0.000000000000  0.000000000000  0.000000000000  0.000000000000  0.000000000000  0.004542799697  0.001613432409  0.000000000000  0.000000000000  0.001815552399  0.001508758269  0.003023011444  0.001508175698  0.001508175698  0.000000000000  0.000000000000  0.000000000000  0.000000000000  0.000000000000  0.003023011444  0.000000000000  
piranga_olivacea_ku4672 0.002951628679  0.001964238339  0.000982267197  0.004932889996  0.003939293657  0.010919214666  0.000000000000  0.008919459619  0.002957448229  0.000000000000  0.000000000000  0.001052572963  0.000980587358  0.000000000000  0.006916351788  0.002540630907  0.000000000000  0.000000000000  0.001383514781  0.001966169354  0.005927478824  0.000991028291  0.003943177008  0.001952924590  0.001997590195  0.000000000000  0.000000000000  0.000981303294  0.002954535588  0.000981303294  
piranga_ludoviciana_sdsu2208 0.002771648660  0.002769293319  0.001383514781  0.001383514781  0.001383514781  0.004164432585  0.000000000000  0.004164432585  0.001383514781  0.001383514781  0.000000000000  0.001383514781  0.001383514781  0.001383514781  0.006950781087  0.004195104417  0.001815552399  0.001383514781  0.000000000000  0.002771648660  0.004164432585  0.002769293319  0.001383514781  0.000000000000  0.001383514781  0.000000000000  0.000000000000  0.001383514781  0.002771648660  0.001383514781  
piranga_bidentata_itm160 0.004931923454  0.003939293657  0.002954566146  0.005930316020  0.004932889996  0.012939046298  0.001964433781  0.010930065027  0.004936793082  0.001966169354  0.000000000000  0.003169982916  0.002952405370  0.001195033179  0.008907871963  0.003821073507  0.001508758269  0.001966169354  0.002771648660  0.000000000000  0.006926870241  0.002978029626  0.004937761514  0.003928474341  0.004006368579  0.001745820465  0.000000000000  0.002951659182  0.004931923454  0.002951659182  
piranga_leucoptera_fmnh481795 0.007921296229  0.007917161447  0.006926870241  0.004937761514  0.001969292906  0.012960985713  0.005927478824  0.010949417140  0.005939213830  0.005927478824  0.003324514242  0.004240965161  0.006923192378  0.004807848758  0.011935035848  0.005102220127  0.003023011444  0.005927478824  0.004164432585  0.006926870241  0.000000000000  0.005984367979  0.003947068022  0.003940179766  0.004008119539  0.003499002474  0.003741176115  0.006920022409  0.007929147571  0.006920022409  
piranga_lutea_ku89864 0.003976244804  0.002975076331  0.001983920211  0.004982190004  0.003978166240  0.012037515317  0.000000000000  0.010014173844  0.003980201393  0.000990047126  0.001650021624  0.002129687443  0.001981755237  0.001193242172  0.007980344498  0.003819822321  0.001508175698  0.000991028291  0.002769293319  0.002978029626  0.005984367979  0.000000000000  0.003982126647  0.001995798746  0.003029148137  0.001745040431  0.001865488654  0.001983920211  0.003976244804  0.001983920211  
piranga_rubriceps_lsu34818 0.005927478824  0.005925269054  0.004932889996  0.000983232995  0.001968300383  0.010930065027  0.005927478824  0.008928308356  0.004939018153  0.003943177008  0.000000000000  0.003174198807  0.004934144148  0.002397488991  0.009923811434  0.003824692221  0.001508175698  0.003943177008  0.001383514781  0.004937761514  0.003947068022  0.003982126647  0.000000000000  0.003940179766  0.001997590195  0.000000000000  0.000000000000  0.004932889996  0.005933340525  0.004932889996  
piranga_roseogularis_ku2141 0.005892550411  0.005889567495  0.003928474341  0.005915790101  0.003932432463  0.015957939005  0.001956745973  0.013929378566  0.003935417948  0.001956745973  0.000000000000  0.000000000000  0.003912322906  0.002386336598  0.009869755923  0.002840487988  0.000000000000  0.001952924590  0.000000000000  0.003928474341  0.003940179766  0.001995798746  0.003940179766  0.000000000000  0.001965422407  0.000000000000  0.000000000000  0.003920772966  0.003927689364  0.003920772966  
piranga_erythrocephala_fmnh343371 0.004004107278  0.004002359828  0.002998868015  0.002998868015  0.001997590195  0.009063178169  0.003943177008  0.007038300785  0.004008119539  0.001997590195  0.000000000000  0.001056192708  0.002999638314  0.002397488991  0.009060325314  0.002547102165  0.000000000000  0.001997590195  0.001383514781  0.004006368579  0.004008119539  0.003029148137  0.001997590195  0.001965422407  0.000000000000  0.000000000000  0.000000000000  0.002998868015  0.005016035947  0.002998868015  
piranga_erythrocephala_fmnh343370 0.000000000000  0.001745040431  0.000000000000  0.000000000000  0.000000000000  0.001745820465  0.000000000000  0.001745820465  0.000000000000  0.000000000000  0.000000000000  0.000000000000  0.000000000000  0.000000000000  0.001745820465  0.003495247840  0.000000000000  0.000000000000  0.000000000000  0.001745820465  0.003499002474  0.001745040431  0.000000000000  0.000000000000  0.000000000000  0.000000000000  0.000000000000  0.000000000000  0.001745820465  0.000000000000  
piranga_ludoviciana_sdsu2650 0.000000000000  0.001865488654  0.000000000000  0.000000000000  0.000000000000  0.003741176115  0.000000000000  0.003741176115  0.000000000000  0.000000000000  0.000000000000  0.000000000000  0.000000000000  0.000000000000  0.001866380147  0.003736883428  0.000000000000  0.000000000000  0.000000000000  0.000000000000  0.003741176115  0.001865488654  0.000000000000  0.000000000000  0.000000000000  0.000000000000  0.000000000000  0.000000000000  0.001866380147  0.000000000000  
piranga_bidentata_tepe59 0.003937107298  0.002948757933  0.001966365181  0.005924460314  0.004928028081  0.011917956180  0.001960582341  0.009914880266  0.003944873042  0.000981303294  0.000000000000  0.002109471093  0.001964238339  0.000000000000  0.007909333844  0.002543862421  0.000000000000  0.000981303294  0.001383514781  0.002951659182  0.006920022409  0.001983920211  0.004932889996  0.003920772966  0.002998868015  0.000000000000  0.000000000000  0.000000000000  0.003940986344  0.000000000000  
piranga_rubra_sdsu2635 0.003944064877  0.004931923454  0.003944873042  0.006926870241  0.005927478824  0.011937845945  0.001965422407  0.009932203434  0.003947957656  0.002954535588  0.001653448369  0.004232921314  0.003944064877  0.003595453566  0.003939293657  0.006387326608  0.003023011444  0.002954535588  0.002771648660  0.004931923454  0.007929147571  0.003976244804  0.005933340525  0.003927689364  0.005016035947  0.001745820465  0.001866380147  0.003940986344  0.000000000000  0.003940986344  
piranga_bidentata_itm141 0.003937107298  0.002948757933  0.001966365181  0.005924460314  0.004928028081  0.011917956180  0.001960582341  0.009914880266  0.003944873042  0.000981303294  0.000000000000  0.002109471093  0.001964238339  0.000000000000  0.007909333844  0.002543862421  0.000000000000  0.000981303294  0.001383514781  0.002951659182  0.006920022409  0.001983920211  0.004932889996  0.003920772966  0.002998868015  0.000000000000  0.000000000000  0.000000000000  0.003940986344  0.000000000000  

