30
cardinalis_cardinalis_ku21828 0.000000000000  0.005018438233  0.020331828795  0.017232834414  0.023426264450  0.020844378809  0.025517355597  0.025517355597  0.016698967229  0.016698967229  0.016698967229  0.016698967229  0.016698967229  0.022359250203  0.013139466871  0.010591683542  0.011101993800  0.010591683542  0.010591683542  0.009064342821  0.011608794646  0.017215803969  0.015174396005  0.014669292267  0.013135294979  0.012617384647  0.012617384647  0.014658042705  0.011098223820  0.017748972980  
cardinalis_cardinalis_ku25393 0.005018438233  0.000000000000  0.025001941879  0.021877373508  0.028117065752  0.025517355597  0.030226711356  0.030226711356  0.021330684624  0.021330684624  0.021330684624  0.021330684624  0.021330684624  0.027032324224  0.017754796113  0.015188130026  0.015702859429  0.015188130026  0.015188130026  0.013647594231  0.016212446253  0.021853659286  0.019800958071  0.019294699394  0.017748972980  0.017223344185  0.017223344185  0.019278488600  0.015697451748  0.022398033185  
piranga_leucoptera_fmnh481795 0.020331828795  0.025001941879  0.000000000000  0.006027940103  0.012112506921  0.009572859455  0.015178489452  0.015178489452  0.022372908952  0.022372908952  0.022372908952  0.022372908952  0.022372908952  0.028086192886  0.018278556595  0.015708751595  0.016224438650  0.015708751595  0.015708751595  0.014165356427  0.016734153122  0.022378450039  0.020325234944  0.019819686892  0.018271897587  0.017227845712  0.017227845712  0.019283402605  0.016218199977  0.023972349611  
piranga_leucoptera_lsu7783 0.017232834414  0.021877373508  0.006027940103  0.000000000000  0.009059985828  0.006531877929  0.012109498739  0.012109498739  0.019270131015  0.019270131015  0.019270131015  0.019270131015  0.019270131015  0.024954231225  0.015188130026  0.012631741627  0.013144120622  0.012631741627  0.012631741627  0.011098223820  0.013652108552  0.019274064626  0.017227845712  0.016722437680  0.015183067568  0.014148826076  0.014148826076  0.016194287304  0.012115996375  0.019812954319  
piranga_rubriceps_lsu265 0.023426264450  0.028117065752  0.012112506921  0.009059985828  0.000000000000  0.002504424492  0.018250139424  0.018250139424  0.025475812246  0.025475812246  0.025475812246  0.025475812246  0.025475812246  0.030687551047  0.021364144353  0.018783095069  0.019301081527  0.018783095069  0.018783095069  0.017232834414  0.019294699394  0.024959556905  0.022898674267  0.022391012482  0.020837924112  0.019790922518  0.019790922518  0.021853659286  0.019294699394  0.027083068502  
piranga_rubriceps_lsu34818 0.020844378809  0.025517355597  0.009572859455  0.006531877929  0.002504424492  0.000000000000  0.015688091128  0.015688091128  0.022887381174  0.022887381174  0.022887381174  0.022887381174  0.022887381174  0.028079725963  0.018789615855  0.016218199977  0.016734153122  0.016218199977  0.016218199977  0.014674010320  0.016728052532  0.022372908952  0.020319131414  0.019812954319  0.018265726044  0.017223344185  0.017223344185  0.019278488600  0.016728052532  0.024486940124  
piranga_erythrocephala_fmnh343371 0.025517355597  0.030226711356  0.015178489452  0.012109498739  0.018250139424  0.015688091128  0.000000000000  0.000000000000  0.027568426800  0.027568426800  0.027568426800  0.027568426800  0.027568426800  0.031214303847  0.022927185989  0.020338912646  0.020858760274  0.020338912646  0.020338912646  0.019301081527  0.021892184379  0.027575535828  0.025509189540  0.025001941879  0.023441229993  0.022384484658  0.022384484658  0.024456141879  0.021371442334  0.029190490985  
piranga_erythrocephala_fmnh343370 0.025517355597  0.030226711356  0.015178489452  0.012109498739  0.018250139424  0.015688091128  0.000000000000  0.000000000000  0.027568426800  0.027568426800  0.027568426800  0.027568426800  0.027568426800  0.031214303847  0.022927185989  0.020338912646  0.020858760274  0.020338912646  0.020338912646  0.019301081527  0.021892184379  0.027575535828  0.025509189540  0.025001941879  0.023441229993  0.022384484658  0.022384484658  0.024456141879  0.021371442334  0.029190490985  
piranga_lutea_ku89864 0.016698967229  0.021330684624  0.022372908952  0.019270131015  0.025475812246  0.022887381174  0.027568426800  0.027568426800  0.000000000000  0.000000000000  0.000000000000  0.000000000000  0.000000000000  0.005522895677  0.012104927510  0.009564713384  0.010072478244  0.009564713384  0.009564713384  0.008044973182  0.010579326184  0.016181652954  0.014140041024  0.013632268756  0.012103365124  0.011593227469  0.011593227469  0.013628882297  0.010071303349  0.017730556872  
piranga_hepatica_ku4970 0.016698967229  0.021330684624  0.022372908952  0.019270131015  0.025475812246  0.022887381174  0.027568426800  0.027568426800  0.000000000000  0.000000000000  0.000000000000  0.000000000000  0.000000000000  0.005522895677  0.012104927510  0.009564713384  0.010072478244  0.009564713384  0.009564713384  0.008044973182  0.010579326184  0.016181652954  0.014140041024  0.013632268756  0.012103365124  0.011593227469  0.011593227469  0.013628882297  0.010071303349  0.017730556872  
piranga_flava_ku90809 0.016698967229  0.021330684624  0.022372908952  0.019270131015  0.025475812246  0.022887381174  0.027568426800  0.027568426800  0.000000000000  0.000000000000  0.000000000000  0.000000000000  0.000000000000  0.005522895677  0.012104927510  0.009564713384  0.010072478244  0.009564713384  0.009564713384  0.008044973182  0.010579326184  0.016181652954  0.014140041024  0.013632268756  0.012103365124  0.011593227469  0.011593227469  0.013628882297  0.010071303349  0.017730556872  
piranga_lutea_lsu5400 0.016698967229  0.021330684624  0.022372908952  0.019270131015  0.025475812246  0.022887381174  0.027568426800  0.027568426800  0.000000000000  0.000000000000  0.000000000000  0.000000000000  0.000000000000  0.005522895677  0.012104927510  0.009564713384  0.010072478244  0.009564713384  0.009564713384  0.008044973182  0.010579326184  0.016181652954  0.014140041024  0.013632268756  0.012103365124  0.011593227469  0.011593227469  0.013628882297  0.010071303349  0.017730556872  
piranga_flava_lsu15408 0.016698967229  0.021330684624  0.022372908952  0.019270131015  0.025475812246  0.022887381174  0.027568426800  0.027568426800  0.000000000000  0.000000000000  0.000000000000  0.000000000000  0.000000000000  0.005522895677  0.012104927510  0.009564713384  0.010072478244  0.009564713384  0.009564713384  0.008044973182  0.010579326184  0.016181652954  0.014140041024  0.013632268756  0.012103365124  0.011593227469  0.011593227469  0.013628882297  0.010071303349  0.017730556872  
piranga_hepatica_ku9084 0.022359250203  0.027032324224  0.028086192886  0.024954231225  0.030687551047  0.028079725963  0.031214303847  0.031214303847  0.005522895677  0.005522895677  0.005522895677  0.005522895677  0.005522895677  0.000000000000  0.017727173592  0.015165026955  0.015677691946  0.015165026955  0.015165026955  0.013630655197  0.016188125976  0.021832896375  0.019776744073  0.019266688099  0.017724279277  0.017206584226  0.017206584226  0.019259306903  0.015675198006  0.023402265977  
piranga_ludoviciana_sdsu2208 0.013139466871  0.017754796113  0.018278556595  0.015188130026  0.021364144353  0.018789615855  0.022927185989  0.022927185989  0.012104927510  0.012104927510  0.012104927510  0.012104927510  0.012104927510  0.017727173592  0.000000000000  0.002504888692  0.003007417452  0.002504888692  0.002504888692  0.004014223823  0.006538386636  0.012106972159  0.010078880430  0.009576091897  0.008054015048  0.007542357812  0.007542357812  0.009567829026  0.006032086277  0.013144120622  
piranga_bidentata_itm160 0.010591683542  0.015188130026  0.015708751595  0.012631741627  0.018783095069  0.016218199977  0.020338912646  0.020338912646  0.009564713384  0.009564713384  0.009564713384  0.009564713384  0.009564713384  0.015165026955  0.002504888692  0.000000000000  0.000500288213  0.000000000000  0.000000000000  0.001502597915  0.004016149049  0.009566031691  0.007544245423  0.007042299403  0.005526375821  0.005018438233  0.005018438233  0.007036213153  0.003512122918  0.011106243173  
piranga_bidentata_tepe59 0.011101993800  0.015702859429  0.016224438650  0.013144120622  0.019301081527  0.016734153122  0.020858760274  0.020858760274  0.010072478244  0.010072478244  0.010072478244  0.010072478244  0.010072478244  0.015677691946  0.003007417452  0.000500288213  0.000000000000  0.000500288213  0.000500288213  0.002004622076  0.004520761157  0.010074132943  0.008051316028  0.007549448131  0.006032086277  0.005522895677  0.005522895677  0.007542357812  0.004016149049  0.011617494695  
piranga_bidentata_hgoslp104 0.010591683542  0.015188130026  0.015708751595  0.012631741627  0.018783095069  0.016218199977  0.020338912646  0.020338912646  0.009564713384  0.009564713384  0.009564713384  0.009564713384  0.009564713384  0.015165026955  0.002504888692  0.000000000000  0.000500288213  0.000000000000  0.000000000000  0.001502597915  0.004016149049  0.009566031691  0.007544245423  0.007042299403  0.005526375821  0.005018438233  0.005018438233  0.007036213153  0.003512122918  0.011106243173  
piranga_bidentata_itm141 0.010591683542  0.015188130026  0.015708751595  0.012631741627  0.018783095069  0.016218199977  0.020338912646  0.020338912646  0.009564713384  0.009564713384  0.009564713384  0.009564713384  0.009564713384  0.015165026955  0.002504888692  0.000000000000  0.000500288213  0.000000000000  0.000000000000  0.001502597915  0.004016149049  0.009566031691  0.007544245423  0.007042299403  0.005526375821  0.005018438233  0.005018438233  0.007036213153  0.003512122918  0.011106243173  
piranga_ludoviciana_sdsu2648 0.009064342821  0.013647594231  0.014165356427  0.011098223820  0.017232834414  0.014674010320  0.019301081527  0.019301081527  0.008044973182  0.008044973182  0.008044973182  0.008044973182  0.008044973182  0.013630655197  0.004014223823  0.001502597915  0.002004622076  0.001502597915  0.001502597915  0.000000000000  0.002505823158  0.008045287018  0.006026578286  0.005524398987  0.004012770164  0.003508574186  0.003508574186  0.005521310938  0.002003546824  0.009576091897  
piranga_ludoviciana_sdsu2650 0.011608794646  0.016212446253  0.016734153122  0.013652108552  0.019294699394  0.016728052532  0.021892184379  0.021892184379  0.010579326184  0.010579326184  0.010579326184  0.010579326184  0.010579326184  0.016188125976  0.006538386636  0.004016149049  0.004520761157  0.004016149049  0.004016149049  0.002505823158  0.000000000000  0.008552736133  0.006533572878  0.006032086277  0.004518504142  0.004011788395  0.004011788395  0.006026578286  0.004518504142  0.012124417800  
piranga_roseogularis_ku2049 0.017215803969  0.021853659286  0.022378450039  0.019274064626  0.024959556905  0.022372908952  0.027575535828  0.027575535828  0.016181652954  0.016181652954  0.016181652954  0.016181652954  0.016181652954  0.021832896375  0.012106972159  0.009566031691  0.010074132943  0.009566031691  0.009566031691  0.008045287018  0.008552736133  0.000000000000  0.002003139441  0.011597159189  0.010072478244  0.009563515183  0.009563515183  0.011593487004  0.010072478244  0.017734428781  
piranga_roseogularis_ku2141 0.015174396005  0.019800958071  0.020325234944  0.017227845712  0.022898674267  0.020319131414  0.025509189540  0.025509189540  0.014140041024  0.014140041024  0.014140041024  0.014140041024  0.014140041024  0.019776744073  0.010078880430  0.007544245423  0.008051316028  0.007544245423  0.007544245423  0.006026578286  0.006533572878  0.002003139441  0.000000000000  0.009570105056  0.008049093387  0.007540011709  0.007540011709  0.009564713384  0.008049093387  0.015692528873  
piranga_olivacea_ku2699 0.014669292267  0.019294699394  0.019819686892  0.016722437680  0.022391012482  0.019812954319  0.025001941879  0.025001941879  0.013632268756  0.013632268756  0.013632268756  0.013632268756  0.013632268756  0.019266688099  0.009576091897  0.007042299403  0.007549448131  0.007042299403  0.007042299403  0.005524398987  0.006032086277  0.011597159189  0.009570105056  0.000000000000  0.007546608971  0.007036213153  0.007036213153  0.009059985828  0.007546608971  0.015188130026  
piranga_ludoviciana_sdsu2385 0.013135294979  0.017748972980  0.018271897587  0.015183067568  0.020837924112  0.018265726044  0.023441229993  0.023441229993  0.012103365124  0.012103365124  0.012103365124  0.012103365124  0.012103365124  0.017724279277  0.008054015048  0.005526375821  0.006032086277  0.005526375821  0.005526375821  0.004012770164  0.004518504142  0.010072478244  0.008049093387  0.007546608971  0.000000000000  0.003508754020  0.003508754020  0.005521866218  0.006029776208  0.013652108552  
piranga_rubra_sdsu2654 0.012617384647  0.017223344185  0.017227845712  0.014148826076  0.019790922518  0.017223344185  0.022384484658  0.022384484658  0.011593227469  0.011593227469  0.011593227469  0.011593227469  0.011593227469  0.017206584226  0.007542357812  0.005018438233  0.005522895677  0.005018438233  0.005018438233  0.003508574186  0.004011788395  0.009563515183  0.007540011709  0.007036213153  0.003508754020  0.000000000000  0.000000000000  0.002002941083  0.005521866218  0.013131605268  
piranga_rubra_sdsu2635 0.012617384647  0.017223344185  0.017227845712  0.014148826076  0.019790922518  0.017223344185  0.022384484658  0.022384484658  0.011593227469  0.011593227469  0.011593227469  0.011593227469  0.011593227469  0.017206584226  0.007542357812  0.005018438233  0.005522895677  0.005018438233  0.005018438233  0.003508574186  0.004011788395  0.009563515183  0.007540011709  0.007036213153  0.003508754020  0.000000000000  0.000000000000  0.002002941083  0.005521866218  0.013131605268  
piranga_rubra_ku7046 0.014658042705  0.019278488600  0.019283402605  0.016194287304  0.021853659286  0.019278488600  0.024456141879  0.024456141879  0.013628882297  0.013628882297  0.013628882297  0.013628882297  0.013628882297  0.019259306903  0.009567829026  0.007036213153  0.007542357812  0.007036213153  0.007036213153  0.005521310938  0.006026578286  0.011593487004  0.009564713384  0.009059985828  0.005521866218  0.002002941083  0.002002941083  0.000000000000  0.007540946464  0.015174396005  
piranga_olivacea_ku4672 0.011098223820  0.015697451748  0.016218199977  0.012115996375  0.019294699394  0.016728052532  0.021371442334  0.021371442334  0.010071303349  0.010071303349  0.010071303349  0.010071303349  0.010071303349  0.015675198006  0.006032086277  0.003512122918  0.004016149049  0.003512122918  0.003512122918  0.002003546824  0.004518504142  0.010072478244  0.008049093387  0.007546608971  0.006029776208  0.005521866218  0.005521866218  0.007540946464  0.000000000000  0.009572859455  
piranga_rubra_ku26592 0.017748972980  0.022398033185  0.023972349611  0.019812954319  0.027083068502  0.024486940124  0.029190490985  0.029190490985  0.017730556872  0.017730556872  0.017730556872  0.017730556872  0.017730556872  0.023402265977  0.013144120622  0.011106243173  0.011617494695  0.011106243173  0.011106243173  0.009576091897  0.012124417800  0.017734428781  0.015692528873  0.015188130026  0.013652108552  0.013131605268  0.013131605268  0.015174396005  0.009572859455  0.000000000000  

