30
piranga_rubra_ku26592 0.000000000000  0.003173898377  0.004230013354  0.012803885188  0.013887954666  0.012886388423  0.006480878405  0.012886388423  0.002471359126  0.005293793800  0.005292282228  0.007508294333  0.004236905689  0.005004642594  0.004240615491  0.004642847576  0.006778727544  0.008490321000  0.006770481606  0.007422734234  0.013389677367  0.006421144046  0.012803885188  0.006746028071  0.014306490901  0.001859372199  0.001979868965  0.006357228105  0.007436567787  0.006363971049  
piranga_flava_ku90809 0.003173898377  0.000000000000  0.003172995546  0.011743595224  0.012827246228  0.010731374579  0.006489289776  0.010731374579  0.003716508305  0.003173898377  0.004234862605  0.006003698195  0.001056171074  0.002494912626  0.004241398322  0.001157294566  0.006790235039  0.007430613696  0.006779662054  0.006363971049  0.012281195298  0.003200990792  0.011743595224  0.006753621545  0.013212750676  0.003726961813  0.001979868965  0.005299404640  0.008513286035  0.005305027387  
piranga_ludoviciana_sdsu2385 0.004230013354  0.003172995546  0.000000000000  0.010651358192  0.011731070410  0.010719870137  0.002585211161  0.010719870137  0.002471359126  0.003170544037  0.001055056753  0.004494758307  0.004234862605  0.005004642594  0.006363971049  0.004642401099  0.006778727544  0.004230383810  0.002700399745  0.003170544037  0.011137775052  0.006418433955  0.010651358192  0.005614812309  0.012083162288  0.003722518851  0.000000000000  0.002112754237  0.005302593733  0.004234862605  
piranga_rubriceps_lsu265 0.012803885188  0.011743595224  0.010651358192  0.000000000000  0.007428675646  0.012896177129  0.011734042919  0.012896177129  0.007455563573  0.009582212487  0.009574397634  0.010548690653  0.012827246228  0.007529366958  0.014990848417  0.014064539044  0.018857268420  0.012795915553  0.010882137544  0.011722589597  0.008877486800  0.015120384615  0.000000000000  0.012447979958  0.009851044994  0.001854998552  0.005958566178  0.010651358192  0.013902808241  0.010662715967  
piranga_leucoptera_lsu7783 0.013887954666  0.012827246228  0.011731070410  0.007428675646  0.000000000000  0.013988548097  0.013057601338  0.013988548097  0.008710854569  0.010660345961  0.010651358192  0.010563117966  0.013913683231  0.007529366958  0.016081697236  0.015257215934  0.020612220338  0.013878799169  0.012261627959  0.012803885188  0.007766614629  0.016220836856  0.007428675646  0.012447979958  0.010971041462  0.001859372199  0.005961761949  0.011731070410  0.014990848417  0.011743595224  
cardinalis_cardinalis_ku25393 0.012886388423  0.010731374579  0.010719870137  0.012896177129  0.013988548097  0.000000000000  0.010496609144  0.000000000000  0.008776385173  0.007481838978  0.009635905250  0.007518045435  0.011819309397  0.007529366958  0.012900242450  0.011771802610  0.020826900714  0.010706782199  0.009507135710  0.011798031816  0.012350142673  0.014114145410  0.012896177129  0.011378578580  0.011043741485  0.000000000000  0.003966125441  0.008554713715  0.013992601282  0.010731374579  
piranga_olivacea_ku2699 0.006480878405  0.006489289776  0.002585211161  0.011734042919  0.013057601338  0.010496609144  0.000000000000  0.010496609144  0.002662154523  0.003879933584  0.001290628665  0.003612519456  0.007798182466  0.005004642594  0.007798182466  0.007876030247  0.011325922082  0.002583074137  0.002748645788  0.003879933584  0.013057601338  0.007798182466  0.011734042919  0.006480878405  0.013046605211  0.005594850839  0.001980920253  0.001290628665  0.005193068401  0.005177727722  
cardinalis_cardinalis_ku21828 0.012886388423  0.010731374579  0.010719870137  0.012896177129  0.013988548097  0.000000000000  0.010496609144  0.000000000000  0.008776385173  0.007481838978  0.009635905250  0.007518045435  0.011819309397  0.007529366958  0.012900242450  0.011771802610  0.020826900714  0.010706782199  0.009507135710  0.011798031816  0.012350142673  0.014114145410  0.012896177129  0.011378578580  0.011043741485  0.000000000000  0.003966125441  0.008554713715  0.013992601282  0.010731374579  
piranga_rubra_ku7046 0.002471359126  0.003716508305  0.002471359126  0.007455563573  0.008710854569  0.008776385173  0.002662154523  0.008776385173  0.000000000000  0.001234848063  0.001234439558  0.001880349855  0.004962261507  0.005004642594  0.004962261507  0.005401468065  0.010197057280  0.002471676173  0.002835788972  0.003710674209  0.009179200359  0.007533802227  0.007455563573  0.002471359126  0.009960747646  0.001859372199  0.001979868965  0.002471359126  0.004962261507  0.002474416718  
piranga_bidentata_hgoslp104 0.005293793800  0.003173898377  0.003170544037  0.009582212487  0.010660345961  0.007481838978  0.003879933584  0.007481838978  0.001234848063  0.000000000000  0.002111327135  0.004494758307  0.004236905689  0.005004642594  0.005299404640  0.004642847576  0.011919300781  0.005292282228  0.004052909757  0.004230383810  0.010019610361  0.006421144046  0.009582212487  0.004488910506  0.010978803724  0.001859372199  0.001979868965  0.003170544037  0.006366635163  0.003173898377  
piranga_ludoviciana_sdsu2648 0.005292282228  0.004234862605  0.001055056753  0.009574397634  0.010651358192  0.009635905250  0.001290628665  0.009635905250  0.001234439558  0.002111327135  0.000000000000  0.004494758307  0.005299404640  0.005004642594  0.007432748523  0.005808743444  0.008489999639  0.003169643116  0.001348042863  0.002111327135  0.010011064113  0.007496428525  0.009574397634  0.004486616616  0.010971041462  0.003722518851  0.000000000000  0.001055056753  0.004236905689  0.003172995546  
piranga_roseogularis_ku2049 0.007508294333  0.006003698195  0.004494758307  0.010548690653  0.010563117966  0.007518045435  0.003612519456  0.007518045435  0.001880349855  0.004494758307  0.004494758307  0.000000000000  0.007518045435  0.005017197381  0.007519586451  0.007704993667  0.006356719889  0.007508294333  0.003529638200  0.004494758307  0.012077131462  0.007518045435  0.010548690653  0.000000000000  0.014195804804  0.004126861742  0.002248121810  0.004494758307  0.009039356446  0.004494758307  
piranga_hepatica_ku4970 0.004236905689  0.001056171074  0.004234862605  0.012827246228  0.013913683231  0.011819309397  0.007798182466  0.011819309397  0.004962261507  0.004236905689  0.005299404640  0.007518045435  0.000000000000  0.002494912626  0.005308223269  0.002316768574  0.008504440610  0.008500942612  0.008147642605  0.007432748523  0.013415231196  0.004273115520  0.012827246228  0.007889161578  0.014332007382  0.005602841797  0.003966125441  0.006366635163  0.009588652358  0.006373398108  
piranga_hepatica_ku9084 0.005004642594  0.002494912626  0.005004642594  0.007529366958  0.007529366958  0.007529366958  0.005004642594  0.007529366958  0.005004642594  0.005004642594  0.005004642594  0.005017197381  0.002494912626  0.000000000000  0.005004642594  0.004996628191  0.008560705010  0.005004642594  0.005004642594  0.005004642594  0.010048328826  0.005004642594  0.007529366958  0.005004642594  0.012597007207  0.007529366958  0.002741111417  0.005004642594  0.010069265964  0.005004642594  
piranga_rubra_sdsu2654 0.004240615491  0.004241398322  0.006363971049  0.014990848417  0.016081697236  0.012900242450  0.007798182466  0.012900242450  0.004962261507  0.005299404640  0.007432748523  0.007519586451  0.005308223269  0.005004642594  0.000000000000  0.005817326194  0.010225628159  0.010645836912  0.008147642605  0.009573989361  0.015679261750  0.007508358962  0.014990848417  0.009027761181  0.016567151648  0.001862835910  0.001983796628  0.008504235947  0.007436567787  0.008513286035  
piranga_flava_lsu15408 0.004642847576  0.001157294566  0.004642401099  0.014064539044  0.015257215934  0.011771802610  0.007876030247  0.011771802610  0.005401468065  0.004642847576  0.005808743444  0.007704993667  0.002316768574  0.004996628191  0.005817326194  0.000000000000  0.009569460343  0.009321316911  0.008143270926  0.008148560334  0.014064539044  0.002316768574  0.014064539044  0.008518137947  0.014238367921  0.005594850839  0.003966944652  0.005808743444  0.010513471915  0.006978313831  
piranga_lutea_lsu5400 0.006778727544  0.006790235039  0.006778727544  0.018857268420  0.020612220338  0.020826900714  0.011325922082  0.020826900714  0.010197057280  0.011919300781  0.008489999639  0.006356719889  0.008504440610  0.008560705010  0.010225628159  0.009569460343  0.000000000000  0.010197057280  0.012402961725  0.011919300781  0.020283096917  0.010355455863  0.018857268420  0.013635722351  0.018879334988  0.005460457510  0.002667978893  0.010208229788  0.011953854793  0.013659005069  
piranga_olivacea_ku4672 0.008490321000  0.007430613696  0.004230383810  0.012795915553  0.013878799169  0.010706782199  0.002583074137  0.010706782199  0.002471676173  0.005292282228  0.003169643116  0.007508294333  0.008500942612  0.005004642594  0.010645836912  0.009321316911  0.010197057280  0.000000000000  0.002698067962  0.005292282228  0.013380957564  0.010737285660  0.012795915553  0.003362438411  0.012075946001  0.003722518851  0.000000000000  0.004230383810  0.007432748523  0.006362988880  
piranga_ludoviciana_sdsu2208 0.006770481606  0.006779662054  0.002700399745  0.010882137544  0.012261627959  0.009507135710  0.002748645788  0.009507135710  0.002835788972  0.004052909757  0.001348042863  0.003529638200  0.008147642605  0.005004642594  0.008147642605  0.008143270926  0.012402961725  0.002698067962  0.000000000000  0.004052909757  0.012261627959  0.008147642605  0.010882137544  0.006770481606  0.012251546430  0.005594850839  0.001980920253  0.001348042863  0.005425515825  0.005408771950  
piranga_bidentata_itm160 0.007422734234  0.006363971049  0.003170544037  0.011722589597  0.012803885188  0.011798031816  0.003879933584  0.011798031816  0.003710674209  0.004230383810  0.002111327135  0.004494758307  0.007432748523  0.005004642594  0.009573989361  0.008148560334  0.011919300781  0.005292282228  0.004052909757  0.000000000000  0.012258220745  0.009656167634  0.011722589597  0.006743035734  0.013189746755  0.003722518851  0.000000000000  0.003170544037  0.006366635163  0.001055872237  
piranga_leucoptera_fmnh481795 0.013389677367  0.012281195298  0.011137775052  0.008877486800  0.007766614629  0.012350142673  0.013057601338  0.012350142673  0.009179200359  0.010019610361  0.010011064113  0.012077131462  0.013415231196  0.010048328826  0.015679261750  0.014064539044  0.020283096917  0.013380957564  0.012261627959  0.012258220745  0.000000000000  0.014540418132  0.008877486800  0.013053672979  0.009156398481  0.003715603124  0.007959618596  0.010011064113  0.014540418132  0.011137775052  
piranga_lutea_ku89864 0.006421144046  0.003200990792  0.006418433955  0.015120384615  0.016220836856  0.014114145410  0.007798182466  0.014114145410  0.007533802227  0.006421144046  0.007496428525  0.007518045435  0.004273115520  0.005004642594  0.007508358962  0.002316768574  0.010355455863  0.010737285660  0.008147642605  0.009656167634  0.014540418132  0.000000000000  0.015120384615  0.010255155173  0.016714856660  0.005602841797  0.001979868965  0.008577180047  0.011841930755  0.008577180047  
piranga_rubriceps_lsu34818 0.012803885188  0.011743595224  0.010651358192  0.000000000000  0.007428675646  0.012896177129  0.011734042919  0.012896177129  0.007455563573  0.009582212487  0.009574397634  0.010548690653  0.012827246228  0.007529366958  0.014990848417  0.014064539044  0.018857268420  0.012795915553  0.010882137544  0.011722589597  0.008877486800  0.015120384615  0.000000000000  0.012447979958  0.009851044994  0.001854998552  0.005958566178  0.010651358192  0.013902808241  0.010662715967  
piranga_roseogularis_ku2141 0.006746028071  0.006753621545  0.005614812309  0.012447979958  0.012447979958  0.011378578580  0.006480878405  0.011378578580  0.002471359126  0.004488910506  0.004486616616  0.000000000000  0.007889161578  0.005004642594  0.009027761181  0.008518137947  0.013635722351  0.003362438411  0.006770481606  0.006743035734  0.013053672979  0.010255155173  0.012447979958  0.000000000000  0.013586774101  0.003726961813  0.003966125441  0.005614812309  0.007889161578  0.005621124684  
piranga_erythrocephala_fmnh343371 0.014306490901  0.013212750676  0.012083162288  0.009851044994  0.010971041462  0.011043741485  0.013046605211  0.011043741485  0.009960747646  0.010978803724  0.010971041462  0.014195804804  0.014332007382  0.012597007207  0.016567151648  0.014238367921  0.018879334988  0.012075946001  0.012251546430  0.013189746755  0.009156398481  0.016714856660  0.009851044994  0.013586774101  0.000000000000  0.007455214818  0.009970191649  0.009861839739  0.015443211976  0.012096450604  
piranga_erythrocephala_fmnh343370 0.001859372199  0.003726961813  0.003722518851  0.001854998552  0.001859372199  0.000000000000  0.005594850839  0.000000000000  0.001859372199  0.001859372199  0.003722518851  0.004126861742  0.005602841797  0.007529366958  0.001862835910  0.005594850839  0.005460457510  0.003722518851  0.005594850839  0.003722518851  0.003715603124  0.005602841797  0.001854998552  0.003726961813  0.007455214818  0.000000000000  0.004030060622  0.003722518851  0.007489512746  0.001859372199  
piranga_ludoviciana_sdsu2650 0.001979868965  0.001979868965  0.000000000000  0.005958566178  0.005961761949  0.003966125441  0.001980920253  0.003966125441  0.001979868965  0.001979868965  0.000000000000  0.002248121810  0.003966125441  0.002741111417  0.001983796628  0.003966944652  0.002667978893  0.000000000000  0.001980920253  0.000000000000  0.007959618596  0.001979868965  0.005958566178  0.003966125441  0.009970191649  0.004030060622  0.000000000000  0.000000000000  0.003979070929  0.001979868965  
piranga_bidentata_tepe59 0.006357228105  0.005299404640  0.002112754237  0.010651358192  0.011731070410  0.008554713715  0.001290628665  0.008554713715  0.002471359126  0.003170544037  0.001055056753  0.004494758307  0.006366635163  0.005004642594  0.008504235947  0.005808743444  0.010208229788  0.004230383810  0.001348042863  0.003170544037  0.010011064113  0.008577180047  0.010651358192  0.005614812309  0.009861839739  0.003722518851  0.000000000000  0.000000000000  0.005302593733  0.004234862605  
piranga_rubra_sdsu2635 0.007436567787  0.008513286035  0.005302593733  0.013902808241  0.014990848417  0.013992601282  0.005193068401  0.013992601282  0.004962261507  0.006366635163  0.004236905689  0.009039356446  0.009588652358  0.010069265964  0.007436567787  0.010513471915  0.011953854793  0.007432748523  0.005425515825  0.006366635163  0.014540418132  0.011841930755  0.013902808241  0.007889161578  0.015443211976  0.007489512746  0.003979070929  0.005302593733  0.000000000000  0.007440649293  
piranga_bidentata_itm141 0.006363971049  0.005305027387  0.004234862605  0.010662715967  0.011743595224  0.010731374579  0.005177727722  0.010731374579  0.002474416718  0.003173898377  0.003172995546  0.004494758307  0.006373398108  0.005004642594  0.008513286035  0.006978313831  0.013659005069  0.006362988880  0.005408771950  0.001055872237  0.011137775052  0.008577180047  0.010662715967  0.005621124684  0.012096450604  0.001859372199  0.001979868965  0.004234862605  0.007440649293  0.000000000000  

