30
cardinalis_cardinalis_ku21828 0.000000000000  0.000500284744  0.013125157952  0.012104576057  0.010582455031  0.010582455031  0.010081410939  0.010081410939  0.010081410939  0.010081410939  0.010081410939  0.010081410939  0.010081410939  0.010081410939  0.010081410939  0.010081410939  0.010081410939  0.010081410939  0.012119105834  0.012119105834  0.010081410939  0.010081410939  0.018794280366  0.018794280366  0.013651014333  0.010081410939  0.010081410939  0.013134449952  0.010591027141  0.010081410939  
cardinalis_cardinalis_ku25393 0.000500284744  0.000000000000  0.013636339362  0.012614570643  0.011091669447  0.011091669447  0.010591027141  0.010591027141  0.010591027141  0.010591027141  0.010591027141  0.010591027141  0.010591027141  0.010591027141  0.010591027141  0.010591027141  0.010591027141  0.010591027141  0.012630763720  0.012630763720  0.010591027141  0.010591027141  0.019312773862  0.019312773862  0.014164130324  0.010591027141  0.010591027141  0.013646632690  0.011101235186  0.010591027141  
piranga_leucoptera_fmnh481795 0.013125157952  0.013636339362  0.000000000000  0.001001139843  0.006533365350  0.006533365350  0.010078412570  0.010078412570  0.010078412570  0.010078412570  0.010078412570  0.010078412570  0.010078412570  0.010078412570  0.010078412570  0.010078412570  0.010078412570  0.010078412570  0.012115252409  0.012115252409  0.010078412570  0.010078412570  0.018787468092  0.018787468092  0.013646632690  0.010078412570  0.010078412570  0.013642726087  0.010587697901  0.010078412570  
piranga_leucoptera_lsu7783 0.012104576057  0.012614570643  0.001001139843  0.000000000000  0.005522783854  0.005522783854  0.009061609660  0.009061609660  0.009061609660  0.009061609660  0.009061609660  0.009061609660  0.009061609660  0.009061609660  0.009061609660  0.009061609660  0.009061609660  0.009061609660  0.011094385612  0.011094385612  0.009061609660  0.009061609660  0.017752995861  0.017752995861  0.012622863643  0.009061609660  0.009061609660  0.012619624686  0.009569716944  0.009061609660  
piranga_rubriceps_lsu265 0.010582455031  0.011091669447  0.006533365350  0.005522783854  0.000000000000  0.000000000000  0.007546276860  0.007546276860  0.007546276860  0.007546276860  0.007546276860  0.007546276860  0.007546276860  0.007546276860  0.007546276860  0.007546276860  0.007546276860  0.007546276860  0.009575524030  0.009575524030  0.007546276860  0.007546276860  0.016222608402  0.016222608402  0.011101235186  0.007546276860  0.007546276860  0.011097574305  0.008053609733  0.007546276860  
piranga_rubriceps_lsu34818 0.010582455031  0.011091669447  0.006533365350  0.005522783854  0.000000000000  0.000000000000  0.007546276860  0.007546276860  0.007546276860  0.007546276860  0.007546276860  0.007546276860  0.007546276860  0.007546276860  0.007546276860  0.007546276860  0.007546276860  0.007546276860  0.009575524030  0.009575524030  0.007546276860  0.007546276860  0.016222608402  0.016222608402  0.011101235186  0.007546276860  0.007546276860  0.011097574305  0.008053609733  0.007546276860  
piranga_rubra_ku7046 0.010081410939  0.010591027141  0.010078412570  0.009061609660  0.007546276860  0.007546276860  0.000000000000  0.000000000000  0.000000000000  0.000000000000  0.000000000000  0.000000000000  0.000000000000  0.000000000000  0.000000000000  0.000000000000  0.000000000000  0.000000000000  0.002003516653  0.002003516653  0.000000000000  0.000000000000  0.008564947593  0.008564947593  0.003510445337  0.000000000000  0.000000000000  0.003509355361  0.000500284744  0.000000000000  
piranga_bidentata_itm141 0.010081410939  0.010591027141  0.010078412570  0.009061609660  0.007546276860  0.007546276860  0.000000000000  0.000000000000  0.000000000000  0.000000000000  0.000000000000  0.000000000000  0.000000000000  0.000000000000  0.000000000000  0.000000000000  0.000000000000  0.000000000000  0.002003516653  0.002003516653  0.000000000000  0.000000000000  0.008564947593  0.008564947593  0.003510445337  0.000000000000  0.000000000000  0.003509355361  0.000500284744  0.000000000000  
piranga_bidentata_itm160 0.010081410939  0.010591027141  0.010078412570  0.009061609660  0.007546276860  0.007546276860  0.000000000000  0.000000000000  0.000000000000  0.000000000000  0.000000000000  0.000000000000  0.000000000000  0.000000000000  0.000000000000  0.000000000000  0.000000000000  0.000000000000  0.002003516653  0.002003516653  0.000000000000  0.000000000000  0.008564947593  0.008564947593  0.003510445337  0.000000000000  0.000000000000  0.003509355361  0.000500284744  0.000000000000  
piranga_roseogularis_ku2141 0.010081410939  0.010591027141  0.010078412570  0.009061609660  0.007546276860  0.007546276860  0.000000000000  0.000000000000  0.000000000000  0.000000000000  0.000000000000  0.000000000000  0.000000000000  0.000000000000  0.000000000000  0.000000000000  0.000000000000  0.000000000000  0.002003516653  0.002003516653  0.000000000000  0.000000000000  0.008564947593  0.008564947593  0.003510445337  0.000000000000  0.000000000000  0.003509355361  0.000500284744  0.000000000000  
piranga_bidentata_hgoslp104 0.010081410939  0.010591027141  0.010078412570  0.009061609660  0.007546276860  0.007546276860  0.000000000000  0.000000000000  0.000000000000  0.000000000000  0.000000000000  0.000000000000  0.000000000000  0.000000000000  0.000000000000  0.000000000000  0.000000000000  0.000000000000  0.002003516653  0.002003516653  0.000000000000  0.000000000000  0.008564947593  0.008564947593  0.003510445337  0.000000000000  0.000000000000  0.003509355361  0.000500284744  0.000000000000  
piranga_bidentata_tepe59 0.010081410939  0.010591027141  0.010078412570  0.009061609660  0.007546276860  0.007546276860  0.000000000000  0.000000000000  0.000000000000  0.000000000000  0.000000000000  0.000000000000  0.000000000000  0.000000000000  0.000000000000  0.000000000000  0.000000000000  0.000000000000  0.002003516653  0.002003516653  0.000000000000  0.000000000000  0.008564947593  0.008564947593  0.003510445337  0.000000000000  0.000000000000  0.003509355361  0.000500284744  0.000000000000  
piranga_lutea_ku89864 0.010081410939  0.010591027141  0.010078412570  0.009061609660  0.007546276860  0.007546276860  0.000000000000  0.000000000000  0.000000000000  0.000000000000  0.000000000000  0.000000000000  0.000000000000  0.000000000000  0.000000000000  0.000000000000  0.000000000000  0.000000000000  0.002003516653  0.002003516653  0.000000000000  0.000000000000  0.008564947593  0.008564947593  0.003510445337  0.000000000000  0.000000000000  0.003509355361  0.000500284744  0.000000000000  
piranga_flava_ku90809 0.010081410939  0.010591027141  0.010078412570  0.009061609660  0.007546276860  0.007546276860  0.000000000000  0.000000000000  0.000000000000  0.000000000000  0.000000000000  0.000000000000  0.000000000000  0.000000000000  0.000000000000  0.000000000000  0.000000000000  0.000000000000  0.002003516653  0.002003516653  0.000000000000  0.000000000000  0.008564947593  0.008564947593  0.003510445337  0.000000000000  0.000000000000  0.003509355361  0.000500284744  0.000000000000  
piranga_ludoviciana_sdsu2385 0.010081410939  0.010591027141  0.010078412570  0.009061609660  0.007546276860  0.007546276860  0.000000000000  0.000000000000  0.000000000000  0.000000000000  0.000000000000  0.000000000000  0.000000000000  0.000000000000  0.000000000000  0.000000000000  0.000000000000  0.000000000000  0.002003516653  0.002003516653  0.000000000000  0.000000000000  0.008564947593  0.008564947593  0.003510445337  0.000000000000  0.000000000000  0.003509355361  0.000500284744  0.000000000000  
piranga_olivacea_ku4672 0.010081410939  0.010591027141  0.010078412570  0.009061609660  0.007546276860  0.007546276860  0.000000000000  0.000000000000  0.000000000000  0.000000000000  0.000000000000  0.000000000000  0.000000000000  0.000000000000  0.000000000000  0.000000000000  0.000000000000  0.000000000000  0.002003516653  0.002003516653  0.000000000000  0.000000000000  0.008564947593  0.008564947593  0.003510445337  0.000000000000  0.000000000000  0.003509355361  0.000500284744  0.000000000000  
piranga_hepatica_ku4970 0.010081410939  0.010591027141  0.010078412570  0.009061609660  0.007546276860  0.007546276860  0.000000000000  0.000000000000  0.000000000000  0.000000000000  0.000000000000  0.000000000000  0.000000000000  0.000000000000  0.000000000000  0.000000000000  0.000000000000  0.000000000000  0.002003516653  0.002003516653  0.000000000000  0.000000000000  0.008564947593  0.008564947593  0.003510445337  0.000000000000  0.000000000000  0.003509355361  0.000500284744  0.000000000000  
piranga_flava_lsu15408 0.010081410939  0.010591027141  0.010078412570  0.009061609660  0.007546276860  0.007546276860  0.000000000000  0.000000000000  0.000000000000  0.000000000000  0.000000000000  0.000000000000  0.000000000000  0.000000000000  0.000000000000  0.000000000000  0.000000000000  0.000000000000  0.002003516653  0.002003516653  0.000000000000  0.000000000000  0.008564947593  0.008564947593  0.003510445337  0.000000000000  0.000000000000  0.003509355361  0.000500284744  0.000000000000  
piranga_rubra_sdsu2635 0.012119105834  0.012630763720  0.012115252409  0.011094385612  0.009575524030  0.009575524030  0.002003516653  0.002003516653  0.002003516653  0.002003516653  0.002003516653  0.002003516653  0.002003516653  0.002003516653  0.002003516653  0.002003516653  0.002003516653  0.002003516653  0.000000000000  0.000000000000  0.002003516653  0.002003516653  0.010599099540  0.010599099540  0.005526160396  0.002003516653  0.002003516653  0.005524239048  0.002505768852  0.002003516653  
piranga_rubra_sdsu2654 0.012119105834  0.012630763720  0.012115252409  0.011094385612  0.009575524030  0.009575524030  0.002003516653  0.002003516653  0.002003516653  0.002003516653  0.002003516653  0.002003516653  0.002003516653  0.002003516653  0.002003516653  0.002003516653  0.002003516653  0.002003516653  0.000000000000  0.000000000000  0.002003516653  0.002003516653  0.010599099540  0.010599099540  0.005526160396  0.002003516653  0.002003516653  0.005524239048  0.002505768852  0.002003516653  
piranga_ludoviciana_sdsu2650 0.010081410939  0.010591027141  0.010078412570  0.009061609660  0.007546276860  0.007546276860  0.000000000000  0.000000000000  0.000000000000  0.000000000000  0.000000000000  0.000000000000  0.000000000000  0.000000000000  0.000000000000  0.000000000000  0.000000000000  0.000000000000  0.002003516653  0.002003516653  0.000000000000  0.000000000000  0.008564947593  0.008564947593  0.003510445337  0.000000000000  0.000000000000  0.003509355361  0.000500284744  0.000000000000  
piranga_roseogularis_ku2049 0.010081410939  0.010591027141  0.010078412570  0.009061609660  0.007546276860  0.007546276860  0.000000000000  0.000000000000  0.000000000000  0.000000000000  0.000000000000  0.000000000000  0.000000000000  0.000000000000  0.000000000000  0.000000000000  0.000000000000  0.000000000000  0.002003516653  0.002003516653  0.000000000000  0.000000000000  0.008564947593  0.008564947593  0.003510445337  0.000000000000  0.000000000000  0.003509355361  0.000500284744  0.000000000000  
piranga_hepatica_ku9084 0.018794280366  0.019312773862  0.018787468092  0.017752995861  0.016222608402  0.016222608402  0.008564947593  0.008564947593  0.008564947593  0.008564947593  0.008564947593  0.008564947593  0.008564947593  0.008564947593  0.008564947593  0.008564947593  0.008564947593  0.008564947593  0.010599099540  0.010599099540  0.008564947593  0.008564947593  0.000000000000  0.000000000000  0.012128231509  0.008564947593  0.008564947593  0.012123432313  0.009073784781  0.008564947593  
piranga_lutea_lsu5400 0.018794280366  0.019312773862  0.018787468092  0.017752995861  0.016222608402  0.016222608402  0.008564947593  0.008564947593  0.008564947593  0.008564947593  0.008564947593  0.008564947593  0.008564947593  0.008564947593  0.008564947593  0.008564947593  0.008564947593  0.008564947593  0.010599099540  0.010599099540  0.008564947593  0.008564947593  0.000000000000  0.000000000000  0.012128231509  0.008564947593  0.008564947593  0.012123432313  0.009073784781  0.008564947593  
piranga_ludoviciana_sdsu2648 0.013651014333  0.014164130324  0.013646632690  0.012622863643  0.011101235186  0.011101235186  0.003510445337  0.003510445337  0.003510445337  0.003510445337  0.003510445337  0.003510445337  0.003510445337  0.003510445337  0.003510445337  0.003510445337  0.003510445337  0.003510445337  0.005526160396  0.005526160396  0.003510445337  0.003510445337  0.012128231509  0.012128231509  0.000000000000  0.003510445337  0.003510445337  0.007039529182  0.004014102451  0.003510445337  
piranga_erythrocephala_fmnh343371 0.010081410939  0.010591027141  0.010078412570  0.009061609660  0.007546276860  0.007546276860  0.000000000000  0.000000000000  0.000000000000  0.000000000000  0.000000000000  0.000000000000  0.000000000000  0.000000000000  0.000000000000  0.000000000000  0.000000000000  0.000000000000  0.002003516653  0.002003516653  0.000000000000  0.000000000000  0.008564947593  0.008564947593  0.003510445337  0.000000000000  0.000000000000  0.003509355361  0.000500284744  0.000000000000  
piranga_erythrocephala_fmnh343370 0.010081410939  0.010591027141  0.010078412570  0.009061609660  0.007546276860  0.007546276860  0.000000000000  0.000000000000  0.000000000000  0.000000000000  0.000000000000  0.000000000000  0.000000000000  0.000000000000  0.000000000000  0.000000000000  0.000000000000  0.000000000000  0.002003516653  0.002003516653  0.000000000000  0.000000000000  0.008564947593  0.008564947593  0.003510445337  0.000000000000  0.000000000000  0.003509355361  0.000500284744  0.000000000000  
piranga_olivacea_ku2699 0.013134449952  0.013646632690  0.013642726087  0.012619624686  0.011097574305  0.011097574305  0.003509355361  0.003509355361  0.003509355361  0.003509355361  0.003509355361  0.003509355361  0.003509355361  0.003509355361  0.003509355361  0.003509355361  0.003509355361  0.003509355361  0.005524239048  0.005524239048  0.003509355361  0.003509355361  0.012123432313  0.012123432313  0.007039529182  0.003509355361  0.003509355361  0.000000000000  0.003006597438  0.003509355361  
piranga_ludoviciana_sdsu2208 0.010591027141  0.011101235186  0.010587697901  0.009569716944  0.008053609733  0.008053609733  0.000500284744  0.000500284744  0.000500284744  0.000500284744  0.000500284744  0.000500284744  0.000500284744  0.000500284744  0.000500284744  0.000500284744  0.000500284744  0.000500284744  0.002505768852  0.002505768852  0.000500284744  0.000500284744  0.009073784781  0.009073784781  0.004014102451  0.000500284744  0.000500284744  0.003006597438  0.000000000000  0.000500284744  
piranga_rubra_ku26592 0.010081410939  0.010591027141  0.010078412570  0.009061609660  0.007546276860  0.007546276860  0.000000000000  0.000000000000  0.000000000000  0.000000000000  0.000000000000  0.000000000000  0.000000000000  0.000000000000  0.000000000000  0.000000000000  0.000000000000  0.000000000000  0.002003516653  0.002003516653  0.000000000000  0.000000000000  0.008564947593  0.008564947593  0.003510445337  0.000000000000  0.000000000000  0.003509355361  0.000500284744  0.000000000000  

