30
cardinalis_cardinalis_ku21828 0.000000000000  0.000000000000  0.038047421722  0.036990505892  0.033843976489  0.034366152616  0.034366152616  0.029131620232  0.032785977303  0.037508179484  0.031744020283  0.032793183197  0.032793183197  0.038055232241  0.034373947682  0.033836548734  0.030683458284  0.031209926022  0.030683458284  0.029644017024  0.033829632407  0.033811955452  0.033301041795  0.036452423518  0.034874991671  0.035404790768  0.034345840415  0.039632018832  0.042819873414  0.038572732152  
cardinalis_cardinalis_ku25393 0.000000000000  0.000000000000  0.038047421722  0.036990505892  0.033843976489  0.034366152616  0.034366152616  0.029131620232  0.032785977303  0.037508179484  0.031744020283  0.032793183197  0.032793183197  0.038055232241  0.034373947682  0.033836548734  0.030683458284  0.031209926022  0.030683458284  0.029644017024  0.033829632407  0.033811955452  0.033301041795  0.036452423518  0.034874991671  0.035404790768  0.034345840415  0.039632018832  0.042819873414  0.038572732152  
piranga_erythrocephala_fmnh343371 0.038047421722  0.038047421722  0.000000000000  0.001000736789  0.015678252404  0.016188724347  0.016188724347  0.011090073254  0.019783744332  0.023903392342  0.018758625534  0.019787535902  0.019787535902  0.024950828594  0.021336072791  0.020814014050  0.017724998211  0.018239711744  0.017724998211  0.016702297162  0.021838935870  0.022866603278  0.021321657600  0.023900771772  0.023906513234  0.023387455854  0.022351205163  0.027538031922  0.030667730756  0.026498002850  
piranga_erythrocephala_fmnh343370 0.036990505892  0.036990505892  0.001000736789  0.000000000000  0.014655751673  0.015165551956  0.015165551956  0.010074363700  0.018755038229  0.022869020326  0.017731274950  0.018758625534  0.018758625534  0.023914254596  0.020304710029  0.019783744332  0.016699605363  0.017213442653  0.016699605363  0.015678252404  0.020807506675  0.021834008883  0.020291113394  0.022866603278  0.022871936393  0.022353770095  0.021319295180  0.026498002850  0.029622890737  0.025459567194  
piranga_leucoptera_fmnh481795 0.033843976489  0.033843976489  0.015678252404  0.014655751673  0.000000000000  0.003512158585  0.010072709906  0.005018495356  0.014146358755  0.018749342420  0.013128792159  0.014149283825  0.014149283825  0.019270979126  0.015684703250  0.015168188814  0.012105261921  0.012615362961  0.012105261921  0.011090073254  0.016186377487  0.017207277808  0.015673757584  0.018747234601  0.018236964557  0.017722597497  0.016695693943  0.021838935870  0.024942671411  0.020807506675  
piranga_leucoptera_lsu7783 0.034366152616  0.034366152616  0.016188724347  0.015165551956  0.003512158585  0.000000000000  0.010579583104  0.005521935640  0.014655751673  0.019262132525  0.013637372488  0.014658532859  0.014658532859  0.019783744332  0.016194887152  0.015678252404  0.012613463602  0.013123825554  0.012613463602  0.011597465374  0.016697404175  0.017719273098  0.016184520777  0.019260171837  0.018749342420  0.018234710064  0.017207277808  0.022353770095  0.025459567194  0.021321657600  
piranga_rubriceps_lsu265 0.034366152616  0.034366152616  0.016188724347  0.015165551956  0.010072709906  0.010579583104  0.000000000000  0.005017798580  0.014655751673  0.019262132525  0.013637372488  0.014658532859  0.014658532859  0.018751943743  0.015168188814  0.014653458231  0.012613463602  0.013123825554  0.012613463602  0.011597465374  0.016697404175  0.017719273098  0.016184520777  0.018234710064  0.018749342420  0.018234710064  0.017207277808  0.022353770095  0.025459567194  0.021321657600  
piranga_rubriceps_lsu34818 0.029131620232  0.029131620232  0.011090073254  0.010074363700  0.005018495356  0.005521935640  0.005017798580  0.000000000000  0.009568037548  0.014141969795  0.008556590676  0.009570316381  0.009570316381  0.014658532859  0.011095219128  0.010583084851  0.007541075823  0.008047494555  0.007541075823  0.006531975150  0.011595761471  0.012611121956  0.011086860199  0.014140506584  0.013632694261  0.013122071131  0.012102628913  0.017210896171  0.020293770007  0.016186377487  
piranga_roseogularis_ku2049 0.032785977303  0.032785977303  0.019783744332  0.018755038229  0.014146358755  0.014655751673  0.014655751673  0.009568037548  0.000000000000  0.004514359179  0.008057357936  0.009070817728  0.009070817728  0.014156593469  0.010595874713  0.010082215553  0.007039913096  0.007546746385  0.007039913096  0.006032180187  0.011092404756  0.012105261921  0.010583084851  0.013634790130  0.013128792159  0.012617747558  0.011597465374  0.016705479233  0.019787535902  0.015681233493  
piranga_roseogularis_ku2141 0.037508179484  0.037508179484  0.023903392342  0.022869020326  0.018749342420  0.019262132525  0.019262132525  0.014141969795  0.004514359179  0.000000000000  0.012620617058  0.013640440999  0.013640440999  0.018758625534  0.015174926811  0.014658532859  0.011597465374  0.012107305770  0.011597465374  0.010583084851  0.015675760321  0.016695693943  0.015163403642  0.018234710064  0.017724998211  0.017210896171  0.016184520777  0.021324516916  0.024426193961  0.020293770007  
piranga_ludoviciana_sdsu2648 0.031744020283  0.031744020283  0.018758625534  0.017731274950  0.013128792159  0.013637372488  0.013637372488  0.008556590676  0.008057357936  0.012620617058  0.000000000000  0.001000736789  0.001000736789  0.008049241969  0.004518558234  0.004516768253  0.003006644681  0.003509433887  0.003006644681  0.002003557152  0.010079116856  0.011090073254  0.009570316381  0.012617747558  0.012112846475  0.011602324825  0.010583084851  0.015684703250  0.018762705320  0.014661801454  
piranga_ludoviciana_sdsu2385 0.032793183197  0.032793183197  0.019787535902  0.018758625534  0.014149283825  0.014658532859  0.014658532859  0.009570316381  0.009070817728  0.013640440999  0.001000736789  0.000000000000  0.000000000000  0.009062113440  0.005526452993  0.005524471135  0.004011824882  0.004515453026  0.004011824882  0.003007439208  0.011095219128  0.012107305770  0.010585559519  0.013637372488  0.013132003669  0.012620617058  0.011599653271  0.016709151239  0.019791821235  0.015684703250  
piranga_ludoviciana_sdsu2208 0.032793183197  0.032793183197  0.019787535902  0.018758625534  0.014149283825  0.014658532859  0.014658532859  0.009570316381  0.009070817728  0.013640440999  0.001000736789  0.000000000000  0.000000000000  0.009062113440  0.005526452993  0.005524471135  0.004011824882  0.004515453026  0.004011824882  0.003007439208  0.011095219128  0.012107305770  0.010585559519  0.013637372488  0.013132003669  0.012620617058  0.011599653271  0.016709151239  0.019791821235  0.015684703250  
piranga_ludoviciana_sdsu2650 0.038055232241  0.038055232241  0.024950828594  0.023914254596  0.019270979126  0.019783744332  0.018751943743  0.014658532859  0.014156593469  0.018758625534  0.008049241969  0.009062113440  0.009062113440  0.000000000000  0.005522965241  0.007541075823  0.009058712039  0.009566239897  0.009058712039  0.008047494555  0.016194887152  0.017213442653  0.015681233493  0.018755038229  0.018246682832  0.017731274950  0.016702297162  0.021850055773  0.024955658247  0.020818010993  
piranga_olivacea_ku2699 0.034373947682  0.034373947682  0.021336072791  0.020304710029  0.015684703250  0.016194887152  0.015168188814  0.011095219128  0.010595874713  0.015174926811  0.004518558234  0.005526452993  0.005526452993  0.005522965241  0.000000000000  0.004012807957  0.005018495356  0.005522965241  0.005018495356  0.004516768253  0.012623971126  0.013637372488  0.012112846475  0.015171313877  0.014665557121  0.014152695508  0.013128792159  0.018250906055  0.021340916254  0.017224027206  
piranga_olivacea_ku4672 0.033836548734  0.033836548734  0.020814014050  0.019783744332  0.015168188814  0.015678252404  0.014653458231  0.010583084851  0.010082215553  0.014658532859  0.004516768253  0.005524471135  0.005524471135  0.007541075823  0.004012807957  0.000000000000  0.005017798580  0.005521935640  0.005017798580  0.004011824882  0.012109834066  0.013123825554  0.011599653271  0.014655751673  0.014149283825  0.013637372488  0.012615362961  0.017731274950  0.020818010993  0.016705479233  
piranga_bidentata_hgoslp104 0.030683458284  0.030683458284  0.017724998211  0.016699605363  0.012105261921  0.012613463602  0.012613463602  0.007541075823  0.007039913096  0.011597465374  0.003006644681  0.004011824882  0.004011824882  0.009058712039  0.005018495356  0.005017798580  0.000000000000  0.000500289083  0.000000000000  0.001000787406  0.009060172373  0.010071538414  0.008552902537  0.011595761471  0.011090073254  0.010581092602  0.009564923763  0.014655751673  0.017727890808  0.013634790130  
piranga_bidentata_itm141 0.031209926022  0.031209926022  0.018239711744  0.017213442653  0.012615362961  0.013123825554  0.013123825554  0.008047494555  0.007546746385  0.012107305770  0.003509433887  0.004515453026  0.004515453026  0.009566239897  0.005522965241  0.005521935640  0.000500289083  0.000000000000  0.000500289083  0.001501578677  0.009568037548  0.010579583104  0.009060172373  0.012105261921  0.011599653271  0.011090073254  0.010072709906  0.015168188814  0.018242951282  0.014146358755  
piranga_bidentata_itm160 0.030683458284  0.030683458284  0.017724998211  0.016699605363  0.012105261921  0.012613463602  0.012613463602  0.007541075823  0.007039913096  0.011597465374  0.003006644681  0.004011824882  0.004011824882  0.009058712039  0.005018495356  0.005017798580  0.000000000000  0.000500289083  0.000000000000  0.001000787406  0.009060172373  0.010071538414  0.008552902537  0.011595761471  0.011090073254  0.010581092602  0.009564923763  0.014655751673  0.017727890808  0.013634790130  
piranga_bidentata_tepe59 0.029644017024  0.029644017024  0.016702297162  0.015678252404  0.011090073254  0.011597465374  0.011597465374  0.006531975150  0.006032180187  0.010583084851  0.002003557152  0.003007439208  0.003007439208  0.008047494555  0.004516768253  0.004011824882  0.001000787406  0.001501578677  0.001000787406  0.000000000000  0.008049241969  0.009058712039  0.007542487392  0.010581092602  0.010076499462  0.009568037548  0.008552902537  0.013637372488  0.016705479233  0.012617747558  
piranga_flava_ku90809 0.033829632407  0.033829632407  0.021838935870  0.020807506675  0.016186377487  0.016697404175  0.016697404175  0.011595761471  0.011092404756  0.015675760321  0.010079116856  0.011095219128  0.011095219128  0.016194887152  0.012623971126  0.012109834066  0.009060172373  0.009568037548  0.009060172373  0.008049241969  0.000000000000  0.003006644681  0.001502605764  0.004515453026  0.004014265348  0.003510559461  0.003510559461  0.008559154343  0.011605479703  0.007546746385  
piranga_flava_lsu15408 0.033811955452  0.033811955452  0.022866603278  0.021834008883  0.017207277808  0.017719273098  0.017719273098  0.012611121956  0.012105261921  0.016695693943  0.011090073254  0.012107305770  0.012107305770  0.017213442653  0.013637372488  0.013123825554  0.010071538414  0.010579583104  0.010071538414  0.009058712039  0.003006644681  0.000000000000  0.002504438980  0.005521382666  0.005018495356  0.004514612883  0.004514612883  0.009568037548  0.012617747558  0.008554506630  
piranga_lutea_ku89864 0.033301041795  0.033301041795  0.021321657600  0.020291113394  0.015673757584  0.016184520777  0.016184520777  0.011086860199  0.010583084851  0.015163403642  0.009570316381  0.010585559519  0.010585559519  0.015681233493  0.012112846475  0.011599653271  0.008552902537  0.009060172373  0.008552902537  0.007542487392  0.001502605764  0.002504438980  0.000000000000  0.004011824882  0.003510559461  0.003007439208  0.003007439208  0.008051468557  0.011095219128  0.007039913096  
piranga_hepatica_ku9084 0.036452423518  0.036452423518  0.023900771772  0.022866603278  0.018747234601  0.019260171837  0.018234710064  0.014140506584  0.013634790130  0.018234710064  0.012617747558  0.013637372488  0.013637372488  0.018755038229  0.015171313877  0.014655751673  0.011595761471  0.012105261921  0.011595761471  0.010581092602  0.004515453026  0.005521382666  0.004011824882  0.000000000000  0.006531975150  0.006026660706  0.006026660706  0.010583084851  0.013637372488  0.009568037548  
piranga_hepatica_ku4970 0.034874991671  0.034874991671  0.023906513234  0.022871936393  0.018236964557  0.018749342420  0.018749342420  0.013632694261  0.013128792159  0.017724998211  0.012112846475  0.013132003669  0.013132003669  0.018246682832  0.014665557121  0.014149283825  0.011090073254  0.011599653271  0.011090073254  0.010076499462  0.004014265348  0.005018495356  0.003510559461  0.006531975150  0.000000000000  0.005524471135  0.005524471135  0.010588516272  0.013643995328  0.009573076066  
piranga_lutea_lsu5400 0.035404790768  0.035404790768  0.023387455854  0.022353770095  0.017722597497  0.018234710064  0.018234710064  0.013122071131  0.012617747558  0.017210896171  0.011602324825  0.012620617058  0.012620617058  0.017731274950  0.014152695508  0.013637372488  0.010581092602  0.011090073254  0.010581092602  0.009568037548  0.003510559461  0.004514612883  0.003007439208  0.006026660706  0.005524471135  0.000000000000  0.005019667987  0.010079116856  0.013132003669  0.009064534908  
piranga_rubra_ku7046 0.034345840415  0.034345840415  0.022351205163  0.021319295180  0.016695693943  0.017207277808  0.017207277808  0.012102628913  0.011597465374  0.016184520777  0.010583084851  0.011599653271  0.011599653271  0.016702297162  0.013128792159  0.012615362961  0.009564923763  0.010072709906  0.009564923763  0.008552902537  0.003510559461  0.004514612883  0.003007439208  0.006026660706  0.005524471135  0.005019667987  0.000000000000  0.005019667987  0.008049241969  0.004012807957  
piranga_rubra_sdsu2635 0.039632018832  0.039632018832  0.027538031922  0.026498002850  0.021838935870  0.022353770095  0.022353770095  0.017210896171  0.016705479233  0.021324516916  0.015684703250  0.016709151239  0.016709151239  0.021850055773  0.018250906055  0.017731274950  0.014655751673  0.015168188814  0.014655751673  0.013637372488  0.008559154343  0.009568037548  0.008051468557  0.010583084851  0.010588516272  0.010079116856  0.005019667987  0.000000000000  0.005018495356  0.001000736789  
piranga_rubra_sdsu2654 0.042819873414  0.042819873414  0.030667730756  0.029622890737  0.024942671411  0.025459567194  0.025459567194  0.020293770007  0.019787535902  0.024426193961  0.018762705320  0.019791821235  0.019791821235  0.024955658247  0.021340916254  0.020818010993  0.017727890808  0.018242951282  0.017727890808  0.016705479233  0.011605479703  0.012617747558  0.011095219128  0.013637372488  0.013643995328  0.013132003669  0.008049241969  0.005018495356  0.000000000000  0.004011824882  
piranga_rubra_ku26592 0.038572732152  0.038572732152  0.026498002850  0.025459567194  0.020807506675  0.021321657600  0.021321657600  0.016186377487  0.015681233493  0.020293770007  0.014661801454  0.015684703250  0.015684703250  0.020818010993  0.017224027206  0.016705479233  0.013634790130  0.014146358755  0.013634790130  0.012617747558  0.007546746385  0.008554506630  0.007039913096  0.009568037548  0.009573076066  0.009064534908  0.004012807957  0.001000736789  0.004011824882  0.000000000000  

