30
piranga_rubra_ku26592 0.000000000000  0.009335379665  0.014073421740  0.017135253053  0.017664969732  0.032231772689  0.014071542924  0.029809613496  0.002360598610  0.011703751070  0.017316478619  0.012103814911  0.010511442509  0.009420643344  0.003486532074  0.010847118984  0.009718499434  0.014071542924  0.015067563173  0.011703751070  0.018289671885  0.008238719403  0.014144005520  0.016465625812  0.024901110817  0.025932139127  0.020809833394  0.010522053000  0.001159078498  0.011703751070  
piranga_flava_ku90809 0.009335379665  0.000000000000  0.015264012868  0.017152950321  0.018867906253  0.033572800683  0.015260506925  0.031046171121  0.008307161279  0.012888936647  0.013813005951  0.010072680216  0.009333003976  0.006264869341  0.008168320715  0.004042402849  0.008494615048  0.015260506925  0.017001835007  0.012888936647  0.019536089931  0.004695091576  0.015341941064  0.017664969732  0.026122623356  0.023905233167  0.017295922677  0.011703751070  0.010515416626  0.012888936647  
piranga_ludoviciana_sdsu2385 0.014073421740  0.015264012868  0.000000000000  0.013098890746  0.012863683346  0.028184700733  0.004642552793  0.026079226869  0.011912896751  0.004646010865  0.001704291590  0.012103814911  0.015260506925  0.017388435325  0.012886349957  0.016361962739  0.014655893124  0.004642552793  0.000000000000  0.004646010865  0.013315272623  0.013010903361  0.009365783766  0.014084161787  0.020014746479  0.021764121137  0.005115502142  0.003479739514  0.015264012868  0.004646010865  
piranga_rubriceps_lsu265 0.017135253053  0.017152950321  0.013098890746  0.000000000000  0.007825554660  0.026204337695  0.011774807948  0.025196344438  0.015801735253  0.011776917136  0.013860873283  0.008049134465  0.019817799006  0.015787396132  0.015796419490  0.017818188534  0.018472063404  0.011774807948  0.013216639060  0.011776917136  0.009142623383  0.015809983311  0.002596584535  0.018500423505  0.014442572666  0.013777635011  0.012007636765  0.011776917136  0.018478565048  0.011776917136  
piranga_leucoptera_lsu7783 0.017664969732  0.018867906253  0.012863683346  0.007825554660  0.000000000000  0.028209127730  0.012858801443  0.027325787347  0.015552204980  0.012870865725  0.015511948215  0.010086031585  0.018857112568  0.015793415880  0.016465625812  0.020560031226  0.018391953372  0.012858801443  0.013117564894  0.012870865725  0.002399498821  0.016632037629  0.005838397708  0.017690237114  0.016448829930  0.015783162695  0.013747006401  0.011685260145  0.018867906253  0.012870865725  
cardinalis_cardinalis_ku25393 0.032231772689  0.033572800683  0.028184700733  0.026204337695  0.028209127730  0.000000000000  0.028163038974  0.000000000000  0.028812406443  0.028209127730  0.028196876843  0.024899348026  0.033545640125  0.029096698075  0.030895207937  0.035066438420  0.032284647293  0.028163038974  0.024911273901  0.028209127730  0.027922246106  0.030921055069  0.025697155063  0.030981116948  0.036174602244  0.036666513547  0.028201157102  0.026885252546  0.033572800683  0.028209127730  
piranga_olivacea_ku2699 0.014071542924  0.015260506925  0.004642552793  0.011774807948  0.012858801443  0.028163038974  0.000000000000  0.026060719593  0.011911886986  0.004643156879  0.003412124221  0.008040540975  0.015259342389  0.014188009367  0.012886088670  0.016356258789  0.013420651886  0.002317105149  0.005581890133  0.004643156879  0.012089181777  0.013008266995  0.009365700301  0.014077630379  0.020004682467  0.017744738096  0.005118304066  0.003478446905  0.015260506925  0.004643156879  
cardinalis_cardinalis_ku21828 0.029809613496  0.031046171121  0.026079226869  0.025196344438  0.027325787347  0.000000000000  0.026060719593  0.000000000000  0.026615735043  0.026100099086  0.027901774401  0.024593083530  0.031023001534  0.028817114951  0.028576851780  0.034773638390  0.029761578521  0.026060719593  0.024628052172  0.026100099086  0.027030341714  0.028874264330  0.023772404362  0.029859629400  0.033450615361  0.036223540143  0.027905948644  0.024878140397  0.031046171121  0.026100099086  
piranga_rubra_ku7046 0.002360598610  0.008307161279  0.011912896751  0.015801735253  0.015552204980  0.028812406443  0.011911886986  0.026615735043  0.000000000000  0.009510531501  0.015561901659  0.012103814911  0.008303982276  0.007840452370  0.005926131677  0.008284361886  0.007273588884  0.011911886986  0.013166915598  0.009510531501  0.015817141429  0.005978007287  0.011973378307  0.014336576858  0.021654391922  0.025932139127  0.019050027819  0.008313028039  0.003545540118  0.009510531501  
piranga_bidentata_hgoslp104 0.011703751070  0.012888936647  0.004646010865  0.011776917136  0.012870865725  0.028209127730  0.004643156879  0.026100099086  0.009510531501  0.000000000000  0.003411559682  0.006018633198  0.012886349957  0.012594967188  0.010522053000  0.013602083011  0.012187736561  0.004643156879  0.005585228412  0.000000000000  0.013322972418  0.010623110009  0.009368176291  0.011712634446  0.020027151856  0.019756446343  0.006838192373  0.001157736590  0.012888936647  0.000000000000  
piranga_ludoviciana_sdsu2648 0.017316478619  0.013813005951  0.001704291590  0.013860873283  0.015511948215  0.028196876843  0.003412124221  0.027901774401  0.015561901659  0.003411559682  0.000000000000  0.010644757450  0.017316478619  0.019361844492  0.015563289150  0.013813005951  0.017319457177  0.003412124221  0.001950253225  0.003411559682  0.017266056886  0.013813005951  0.010364523446  0.010332099181  0.022556841521  0.020902842238  0.007387165054  0.003411559682  0.019077355507  0.003411559682  
piranga_roseogularis_ku2049 0.012103814911  0.010072680216  0.012103814911  0.008049134465  0.010086031585  0.024899348026  0.008040540975  0.024593083530  0.012103814911  0.006018633198  0.010644757450  0.000000000000  0.010066398564  0.012103814911  0.008040540975  0.010072680216  0.012099327817  0.010066124074  0.010102430143  0.006018633198  0.012133312823  0.010072680216  0.006022516653  0.004011990043  0.020359574291  0.018279668638  0.012115154995  0.006018633198  0.014151897980  0.006018633198  
piranga_hepatica_ku4970 0.010511442509  0.009333003976  0.015260506925  0.019817799006  0.018857112568  0.033545640125  0.015259342389  0.031023001534  0.008303982276  0.012886349957  0.017316478619  0.010066398564  0.000000000000  0.006264869341  0.009343905047  0.009472683734  0.006055415869  0.015259342389  0.018897648661  0.012886349957  0.019524509316  0.007051335899  0.015336044989  0.016458144273  0.026106410060  0.027966634465  0.020809833394  0.011702776776  0.011693349309  0.012886349957  
piranga_hepatica_ku9084 0.009420643344  0.006264869341  0.017388435325  0.015787396132  0.015793415880  0.029096698075  0.014188009367  0.028817114951  0.007840452370  0.012594967188  0.019361844492  0.012103814911  0.006264869341  0.000000000000  0.006263767004  0.006751277756  0.004691509796  0.015785611674  0.018020652182  0.012594967188  0.017402167354  0.006264869341  0.014188009367  0.015803653654  0.023864478870  0.027966634465  0.019663040797  0.012594967188  0.011006909744  0.012594967188  
piranga_rubra_sdsu2654 0.003486532074  0.008168320715  0.012886349957  0.015796419490  0.016465625812  0.030895207937  0.012886088670  0.028576851780  0.005926131677  0.010522053000  0.015563289150  0.008040540975  0.009343905047  0.006263767004  0.000000000000  0.009489675164  0.008504936107  0.012886088670  0.015061322550  0.010522053000  0.017047110434  0.007061148512  0.012949632810  0.015269853095  0.023683302517  0.021864873627  0.019044323916  0.009343821974  0.004653961483  0.010522053000  
piranga_flava_lsu15408 0.010847118984  0.004042402849  0.016361962739  0.017818188534  0.020560031226  0.035066438420  0.016356258789  0.034773638390  0.008284361886  0.013602083011  0.013813005951  0.010072680216  0.009472683734  0.006751277756  0.009489675164  0.000000000000  0.008499781423  0.016356258789  0.015079797650  0.013602083011  0.021411257395  0.004047170959  0.015076038288  0.016382797412  0.029016264963  0.023905233167  0.017295922677  0.012224843847  0.012222102336  0.013602083011  
piranga_lutea_lsu5400 0.009718499434  0.008494615048  0.014655893124  0.018472063404  0.018391953372  0.032284647293  0.013420651886  0.029761578521  0.007273588884  0.012187736561  0.017319457177  0.012099327817  0.006055415869  0.004691509796  0.008504936107  0.008499781423  0.000000000000  0.013420651886  0.016974904593  0.012187736561  0.018391953372  0.006114659320  0.014729907095  0.017143418243  0.024663125147  0.025915050810  0.019044323916  0.010958312929  0.010946125174  0.012187736561  
piranga_olivacea_ku4672 0.014071542924  0.015260506925  0.004642552793  0.011774807948  0.012858801443  0.028163038974  0.002317105149  0.026060719593  0.011911886986  0.004643156879  0.003412124221  0.010066124074  0.015259342389  0.015785611674  0.012886088670  0.016356258789  0.013420651886  0.000000000000  0.005581890133  0.004643156879  0.012089181777  0.013008266995  0.009365700301  0.014077630379  0.020004682467  0.019746972512  0.006831997062  0.003478446905  0.015260506925  0.004643156879  
piranga_ludoviciana_sdsu2208 0.015067563173  0.017001835007  0.000000000000  0.013216639060  0.013117564894  0.024911273901  0.005581890133  0.024628052172  0.013166915598  0.005585228412  0.001950253225  0.010102430143  0.018897648661  0.018020652182  0.015061322550  0.015079797650  0.016974904593  0.005581890133  0.000000000000  0.005585228412  0.015023156587  0.015079797650  0.009409226122  0.009385499351  0.016960119013  0.012243242438  0.006404074523  0.005585228412  0.016985363554  0.005585228412  
piranga_bidentata_itm160 0.011703751070  0.012888936647  0.004646010865  0.011776917136  0.012870865725  0.028209127730  0.004643156879  0.026100099086  0.009510531501  0.000000000000  0.003411559682  0.006018633198  0.012886349957  0.012594967188  0.010522053000  0.013602083011  0.012187736561  0.004643156879  0.005585228412  0.000000000000  0.013322972418  0.010623110009  0.009368176291  0.011712634446  0.020027151856  0.019756446343  0.006838192373  0.001157736590  0.012888936647  0.000000000000  
piranga_leucoptera_fmnh481795 0.018289671885  0.019536089931  0.013315272623  0.009142623383  0.002399498821  0.027922246106  0.012089181777  0.027030341714  0.015817141429  0.013322972418  0.017266056886  0.012133312823  0.019524509316  0.017402167354  0.017047110434  0.021411257395  0.018391953372  0.012089181777  0.015023156587  0.013322972418  0.000000000000  0.017225555583  0.006043033616  0.018316776313  0.015789934587  0.017798756325  0.015493942478  0.012095151166  0.019536089931  0.013322972418  
piranga_lutea_ku89864 0.008238719403  0.004695091576  0.013010903361  0.015809983311  0.016632037629  0.030921055069  0.013008266995  0.028874264330  0.005978007287  0.010623110009  0.013813005951  0.010072680216  0.007051335899  0.006264869341  0.007061148512  0.004047170959  0.006114659320  0.013008266995  0.015079797650  0.010623110009  0.017225555583  0.000000000000  0.013077803724  0.015423037642  0.023925319245  0.023905233167  0.017295922677  0.009432039031  0.009428102835  0.010623110009  
piranga_rubriceps_lsu34818 0.014144005520  0.015341941064  0.009365783766  0.002596584535  0.005838397708  0.025697155063  0.009365700301  0.023772404362  0.011973378307  0.009368176291  0.010364523446  0.006022516653  0.015336044989  0.014188009367  0.012949632810  0.015076038288  0.014729907095  0.009365700301  0.009409226122  0.009368176291  0.006043033616  0.013077803724  0.000000000000  0.014159530802  0.012931392329  0.011782073232  0.010275768307  0.008187428916  0.015341941064  0.009368176291  
piranga_roseogularis_ku2141 0.016465625812  0.017664969732  0.014084161787  0.018500423505  0.017690237114  0.030981116948  0.014077630379  0.029859629400  0.014336576858  0.011712634446  0.010332099181  0.004011990043  0.016458144273  0.015803653654  0.015269853095  0.016382797412  0.017143418243  0.014077630379  0.009385499351  0.011712634446  0.018316776313  0.015423037642  0.014159530802  0.000000000000  0.024937240298  0.021913509700  0.015561255034  0.010527717422  0.017664969732  0.011712634446  
piranga_erythrocephala_fmnh343371 0.024901110817  0.026122623356  0.020014746479  0.014442572666  0.016448829930  0.036174602244  0.020004682467  0.033450615361  0.021654391922  0.020027151856  0.022556841521  0.020359574291  0.026106410060  0.023864478870  0.023683302517  0.029016264963  0.024663125147  0.020004682467  0.016960119013  0.020027151856  0.015789934587  0.023925319245  0.012931392329  0.024937240298  0.000000000000  0.001920292710  0.022517763956  0.018823505671  0.026122623356  0.020027151856  
piranga_erythrocephala_fmnh343370 0.025932139127  0.023905233167  0.021764121137  0.013777635011  0.015783162695  0.036666513547  0.017744738096  0.036223540143  0.025932139127  0.019756446343  0.020902842238  0.018279668638  0.027966634465  0.027966634465  0.021864873627  0.023905233167  0.025915050810  0.019746972512  0.012243242438  0.019756446343  0.017798756325  0.023905233167  0.011782073232  0.021913509700  0.001920292710  0.000000000000  0.021778282830  0.019756446343  0.027988572258  0.019756446343  
piranga_ludoviciana_sdsu2650 0.020809833394  0.017295922677  0.005115502142  0.012007636765  0.013747006401  0.028201157102  0.005118304066  0.027905948644  0.019050027819  0.006838192373  0.007387165054  0.012115154995  0.020809833394  0.019663040797  0.019044323916  0.017295922677  0.019044323916  0.006831997062  0.006404074523  0.006838192373  0.015493942478  0.017295922677  0.010275768307  0.015561255034  0.022517763956  0.021778282830  0.000000000000  0.006838192373  0.022583138954  0.006838192373  
piranga_bidentata_tepe59 0.010522053000  0.011703751070  0.003479739514  0.011776917136  0.011685260145  0.026885252546  0.003478446905  0.024878140397  0.008313028039  0.001157736590  0.003411559682  0.006018633198  0.011702776776  0.012594967188  0.009343821974  0.012224843847  0.010958312929  0.003478446905  0.005585228412  0.001157736590  0.012095151166  0.009432039031  0.008187428916  0.010527717422  0.018823505671  0.019756446343  0.006838192373  0.000000000000  0.011703751070  0.001157736590  
piranga_rubra_sdsu2635 0.001159078498  0.010515416626  0.015264012868  0.018478565048  0.018867906253  0.033572800683  0.015260506925  0.031046171121  0.003545540118  0.012888936647  0.019077355507  0.014151897980  0.011693349309  0.011006909744  0.004653961483  0.012222102336  0.010946125174  0.015260506925  0.016985363554  0.012888936647  0.019536089931  0.009428102835  0.015341941064  0.017664969732  0.026122623356  0.027988572258  0.022583138954  0.011703751070  0.000000000000  0.012888936647  
piranga_bidentata_itm141 0.011703751070  0.012888936647  0.004646010865  0.011776917136  0.012870865725  0.028209127730  0.004643156879  0.026100099086  0.009510531501  0.000000000000  0.003411559682  0.006018633198  0.012886349957  0.012594967188  0.010522053000  0.013602083011  0.012187736561  0.004643156879  0.005585228412  0.000000000000  0.013322972418  0.010623110009  0.009368176291  0.011712634446  0.020027151856  0.019756446343  0.006838192373  0.001157736590  0.012888936647  0.000000000000  

