30
cardinalis_cardinalis_ku21828 0.000000000000  0.000000000000  0.026122252398  0.023519234099  0.027151678094  0.027151678094  0.026636765321  0.024545407924  0.025027672555  0.023467176453  0.027107414804  0.025027672555  0.024513615505  0.024513615505  0.024513615505  0.024513615505  0.033459783396  0.025037710432  0.027644232918  0.029227006164  0.029227006164  0.029227006164  0.027644232918  0.027117824648  0.027117824648  0.027117824648  0.023476720842  0.025048183680  0.025048183680  0.024503887570  
cardinalis_cardinalis_ku25393 0.000000000000  0.000000000000  0.026122252398  0.023519234099  0.027151678094  0.027151678094  0.026636765321  0.024545407924  0.025027672555  0.023467176453  0.027107414804  0.025027672555  0.024513615505  0.024513615505  0.024513615505  0.024513615505  0.033459783396  0.025037710432  0.027644232918  0.029227006164  0.029227006164  0.029227006164  0.027644232918  0.027117824648  0.027117824648  0.027117824648  0.023476720842  0.025048183680  0.025048183680  0.024503887570  
piranga_leucoptera_fmnh481795 0.026122252398  0.026122252398  0.000000000000  0.004517397541  0.010080959970  0.010080959970  0.010594085818  0.007546665377  0.012113872622  0.010587035787  0.014152660491  0.012113872622  0.011606885869  0.011606885869  0.011606885869  0.011606885869  0.021381265308  0.012117642360  0.014669712745  0.016211941878  0.016211941878  0.016211941878  0.014669712745  0.014156759411  0.014156759411  0.014156759411  0.010590348763  0.012121837553  0.012121837553  0.011603410504  
piranga_leucoptera_lsu7783 0.023519234099  0.023519234099  0.004517397541  0.000000000000  0.007546665377  0.007546665377  0.008057009116  0.005021929287  0.009572122912  0.008051187940  0.011603410504  0.009572122912  0.009066695948  0.009066695948  0.009066695948  0.009066695948  0.018800853663  0.009575274332  0.012117642360  0.013653252129  0.013653252129  0.013653252129  0.012117642360  0.011606885869  0.011606885869  0.011606885869  0.008053887688  0.009578848795  0.009578848795  0.009063836396  
piranga_rubriceps_lsu265 0.027151678094  0.027151678094  0.010080959970  0.007546665377  0.000000000000  0.000000000000  0.011606885869  0.008556099232  0.013129022923  0.011600360619  0.015170432788  0.013129022923  0.012621251417  0.012621251417  0.012621251417  0.012621251417  0.022406506982  0.013132529964  0.015687748502  0.017231564244  0.017231564244  0.017231564244  0.015687748502  0.015174268608  0.015174268608  0.015174268608  0.011603410504  0.013136463870  0.013136463870  0.012618039349  
piranga_rubriceps_lsu34818 0.027151678094  0.027151678094  0.010080959970  0.007546665377  0.000000000000  0.000000000000  0.011606885869  0.008556099232  0.013129022923  0.011600360619  0.015170432788  0.013129022923  0.012621251417  0.012621251417  0.012621251417  0.012621251417  0.022406506982  0.013132529964  0.015687748502  0.017231564244  0.017231564244  0.017231564244  0.015687748502  0.015174268608  0.015174268608  0.015174268608  0.011603410504  0.013136463870  0.013136463870  0.012618039349  
piranga_erythrocephala_fmnh343371 0.026636765321  0.026636765321  0.010594085818  0.008057009116  0.011606885869  0.011606885869  0.000000000000  0.007042530883  0.013644365557  0.012113872622  0.015687748502  0.013644365557  0.013136463870  0.013136463870  0.013136463870  0.013136463870  0.022936027496  0.013648595422  0.016206651418  0.017753059613  0.017753059613  0.017753059613  0.016206651418  0.015692311152  0.015692311152  0.015692311152  0.012117642360  0.013653252129  0.013653252129  0.013132529964  
piranga_erythrocephala_fmnh343370 0.024545407924  0.024545407924  0.007546665377  0.005021929287  0.008556099232  0.008556099232  0.007042530883  0.000000000000  0.010584147251  0.009061399915  0.012618039349  0.010584147251  0.010077939792  0.010077939792  0.010077939792  0.010077939792  0.019822887590  0.010587035787  0.013132529964  0.014669712745  0.014669712745  0.014669712745  0.013132529964  0.012621251417  0.012621251417  0.012621251417  0.009063836396  0.010590348763  0.010590348763  0.010075343718  
piranga_roseogularis_ku2049 0.025027672555  0.025027672555  0.012113872622  0.009572122912  0.013129022923  0.013129022923  0.013644365557  0.010584147251  0.000000000000  0.001501758372  0.011085031007  0.009056632546  0.008550932169  0.008550932169  0.008550932169  0.008550932169  0.018257969738  0.009057797623  0.011595538751  0.013125943111  0.013125943111  0.013125943111  0.011595538751  0.011086509868  0.011086509868  0.011086509868  0.007539559349  0.009059386869  0.009059386869  0.008550056997  
piranga_roseogularis_ku2141 0.023467176453  0.023467176453  0.010587035787  0.008051187940  0.011600360619  0.011600360619  0.012113872622  0.009061399915  0.001501758372  0.000000000000  0.009562724198  0.007538838941  0.007034040860  0.007034040860  0.007034040860  0.007034040860  0.016716395087  0.007539559349  0.010071425345  0.011597736579  0.011597736579  0.011597736579  0.010071425345  0.009563754935  0.009563754935  0.009563754935  0.006024911863  0.007540702563  0.007540702563  0.007033608819  
piranga_flava_lsu15408 0.027107414804  0.027107414804  0.014152660491  0.011603410504  0.015170432788  0.015170432788  0.015687748502  0.012618039349  0.011085031007  0.009562724198  0.000000000000  0.004011360990  0.003509010332  0.003509010332  0.003509010332  0.003509010332  0.013145610822  0.004012174686  0.006532030058  0.008051187940  0.008051187940  0.008051187940  0.006532030058  0.006026733821  0.006026733821  0.006026733821  0.005523234913  0.007039990121  0.007039990121  0.007036172005  
piranga_lutea_ku89864 0.025027672555  0.025027672555  0.012113872622  0.009572122912  0.013129022923  0.013129022923  0.013644365557  0.010584147251  0.009056632546  0.007538838941  0.004011360990  0.000000000000  0.000500191432  0.000500191432  0.000500191432  0.000500191432  0.010088271190  0.001000707987  0.003509010332  0.005020123038  0.005020123038  0.005020123038  0.003509010332  0.003006384319  0.003006384319  0.003006384319  0.003509956698  0.005021929287  0.005021929287  0.005018736126  
piranga_hepatica_ku4970 0.024513615505  0.024513615505  0.011606885869  0.009066695948  0.012621251417  0.012621251417  0.013136463870  0.010077939792  0.008550932169  0.007034040860  0.003509010332  0.000500191432  0.000000000000  0.000000000000  0.000000000000  0.000000000000  0.009582845943  0.000500266269  0.003007045284  0.004517397541  0.004517397541  0.004517397541  0.003007045284  0.002504671671  0.002504671671  0.002504671671  0.003008123921  0.004519335195  0.004519335195  0.004515878535  
piranga_olivacea_ku2699 0.024513615505  0.024513615505  0.011606885869  0.009066695948  0.012621251417  0.012621251417  0.013136463870  0.010077939792  0.008550932169  0.007034040860  0.003509010332  0.000500191432  0.000000000000  0.000000000000  0.000000000000  0.000000000000  0.009582845943  0.000500266269  0.003007045284  0.004517397541  0.004517397541  0.004517397541  0.003007045284  0.002504671671  0.002504671671  0.002504671671  0.003008123921  0.004519335195  0.004519335195  0.004515878535  
piranga_flava_ku90809 0.024513615505  0.024513615505  0.011606885869  0.009066695948  0.012621251417  0.012621251417  0.013136463870  0.010077939792  0.008550932169  0.007034040860  0.003509010332  0.000500191432  0.000000000000  0.000000000000  0.000000000000  0.000000000000  0.009582845943  0.000500266269  0.003007045284  0.004517397541  0.004517397541  0.004517397541  0.003007045284  0.002504671671  0.002504671671  0.002504671671  0.003008123921  0.004519335195  0.004519335195  0.004515878535  
piranga_hepatica_ku9084 0.024513615505  0.024513615505  0.011606885869  0.009066695948  0.012621251417  0.012621251417  0.013136463870  0.010077939792  0.008550932169  0.007034040860  0.003509010332  0.000500191432  0.000000000000  0.000000000000  0.000000000000  0.000000000000  0.009582845943  0.000500266269  0.003007045284  0.004517397541  0.004517397541  0.004517397541  0.003007045284  0.002504671671  0.002504671671  0.002504671671  0.003008123921  0.004519335195  0.004519335195  0.004515878535  
piranga_lutea_lsu5400 0.033459783396  0.033459783396  0.021381265308  0.018800853663  0.022406506982  0.022406506982  0.022936027496  0.019822887590  0.018257969738  0.016716395087  0.013145610822  0.010088271190  0.009582845943  0.009582845943  0.009582845943  0.009582845943  0.000000000000  0.009073682818  0.012638361291  0.014177426970  0.014177426970  0.014177426970  0.012638361291  0.012126457843  0.012126457843  0.012126457843  0.012643702355  0.014183660033  0.014183660033  0.014171620019  
piranga_olivacea_ku4672 0.025037710432  0.025037710432  0.012117642360  0.009575274332  0.013132529964  0.013132529964  0.013648595422  0.010587035787  0.009057797623  0.007539559349  0.004012174686  0.001000707987  0.000500266269  0.000500266269  0.000500266269  0.000500266269  0.009073682818  0.000000000000  0.003509956698  0.005021929287  0.005021929287  0.005021929287  0.003509956698  0.003007045284  0.003007045284  0.003007045284  0.003511321060  0.005024154510  0.005024154510  0.005020123038  
piranga_ludoviciana_sdsu2208 0.027644232918  0.027644232918  0.014669712745  0.012117642360  0.015687748502  0.015687748502  0.016206651418  0.013132529964  0.011595538751  0.010071425345  0.006532030058  0.003509010332  0.003007045284  0.003007045284  0.003007045284  0.003007045284  0.012638361291  0.003509956698  0.000000000000  0.001502399833  0.001502399833  0.001502399833  0.000000000000  0.000500266269  0.000500266269  0.000500266269  0.006030238657  0.007549496159  0.007549496159  0.007544255942  
piranga_bidentata_itm160 0.029227006164  0.029227006164  0.016211941878  0.013653252129  0.017231564244  0.017231564244  0.017753059613  0.014669712745  0.013125943111  0.011597736579  0.008051187940  0.005020123038  0.004517397541  0.004517397541  0.004517397541  0.004517397541  0.014177426970  0.005021929287  0.001502399833  0.000000000000  0.000000000000  0.000000000000  0.001502399833  0.002004269407  0.002004269407  0.002004269407  0.007549496159  0.009073682818  0.009073682818  0.009066695948  
piranga_ludoviciana_sdsu2385 0.029227006164  0.029227006164  0.016211941878  0.013653252129  0.017231564244  0.017231564244  0.017753059613  0.014669712745  0.013125943111  0.011597736579  0.008051187940  0.005020123038  0.004517397541  0.004517397541  0.004517397541  0.004517397541  0.014177426970  0.005021929287  0.001502399833  0.000000000000  0.000000000000  0.000000000000  0.001502399833  0.002004269407  0.002004269407  0.002004269407  0.007549496159  0.009073682818  0.009073682818  0.009066695948  
piranga_bidentata_itm141 0.029227006164  0.029227006164  0.016211941878  0.013653252129  0.017231564244  0.017231564244  0.017753059613  0.014669712745  0.013125943111  0.011597736579  0.008051187940  0.005020123038  0.004517397541  0.004517397541  0.004517397541  0.004517397541  0.014177426970  0.005021929287  0.001502399833  0.000000000000  0.000000000000  0.000000000000  0.001502399833  0.002004269407  0.002004269407  0.002004269407  0.007549496159  0.009073682818  0.009073682818  0.009066695948  
piranga_ludoviciana_sdsu2650 0.027644232918  0.027644232918  0.014669712745  0.012117642360  0.015687748502  0.015687748502  0.016206651418  0.013132529964  0.011595538751  0.010071425345  0.006532030058  0.003509010332  0.003007045284  0.003007045284  0.003007045284  0.003007045284  0.012638361291  0.003509956698  0.000000000000  0.001502399833  0.001502399833  0.001502399833  0.000000000000  0.000500266269  0.000500266269  0.000500266269  0.006030238657  0.007549496159  0.007549496159  0.007544255942  
piranga_bidentata_tepe59 0.027117824648  0.027117824648  0.014156759411  0.011606885869  0.015174268608  0.015174268608  0.015692311152  0.012621251417  0.011086509868  0.009563754935  0.006026733821  0.003006384319  0.002504671671  0.002504671671  0.002504671671  0.002504671671  0.012126457843  0.003007045284  0.000500266269  0.002004269407  0.002004269407  0.002004269407  0.000500266269  0.000000000000  0.000000000000  0.000000000000  0.005524909357  0.007042530883  0.007042530883  0.007037870374  
piranga_bidentata_hgoslp104 0.027117824648  0.027117824648  0.014156759411  0.011606885869  0.015174268608  0.015174268608  0.015692311152  0.012621251417  0.011086509868  0.009563754935  0.006026733821  0.003006384319  0.002504671671  0.002504671671  0.002504671671  0.002504671671  0.012126457843  0.003007045284  0.000500266269  0.002004269407  0.002004269407  0.002004269407  0.000500266269  0.000000000000  0.000000000000  0.000000000000  0.005524909357  0.007042530883  0.007042530883  0.007037870374  
piranga_ludoviciana_sdsu2648 0.027117824648  0.027117824648  0.014156759411  0.011606885869  0.015174268608  0.015174268608  0.015692311152  0.012621251417  0.011086509868  0.009563754935  0.006026733821  0.003006384319  0.002504671671  0.002504671671  0.002504671671  0.002504671671  0.012126457843  0.003007045284  0.000500266269  0.002004269407  0.002004269407  0.002004269407  0.000500266269  0.000000000000  0.000000000000  0.000000000000  0.005524909357  0.007042530883  0.007042530883  0.007037870374  
piranga_rubra_ku7046 0.023476720842  0.023476720842  0.010590348763  0.008053887688  0.011603410504  0.011603410504  0.012117642360  0.009063836396  0.007539559349  0.006024911863  0.005523234913  0.003509956698  0.003008123921  0.003008123921  0.003008123921  0.003008123921  0.012643702355  0.003511321060  0.006030238657  0.007549496159  0.007549496159  0.007549496159  0.006030238657  0.005524909357  0.005524909357  0.005524909357  0.000000000000  0.001502399833  0.001502399833  0.001501533253  
piranga_rubra_sdsu2635 0.025048183680  0.025048183680  0.012121837553  0.009578848795  0.013136463870  0.013136463870  0.013653252129  0.010590348763  0.009059386869  0.007540702563  0.007039990121  0.005021929287  0.004519335195  0.004519335195  0.004519335195  0.004519335195  0.014183660033  0.005024154510  0.007549496159  0.009073682818  0.009073682818  0.009073682818  0.007549496159  0.007042530883  0.007042530883  0.007042530883  0.001502399833  0.000000000000  0.000000000000  0.003007045284  
piranga_rubra_sdsu2654 0.025048183680  0.025048183680  0.012121837553  0.009578848795  0.013136463870  0.013136463870  0.013653252129  0.010590348763  0.009059386869  0.007540702563  0.007039990121  0.005021929287  0.004519335195  0.004519335195  0.004519335195  0.004519335195  0.014183660033  0.005024154510  0.007549496159  0.009073682818  0.009073682818  0.009073682818  0.007549496159  0.007042530883  0.007042530883  0.007042530883  0.001502399833  0.000000000000  0.000000000000  0.003007045284  
piranga_rubra_ku26592 0.024503887570  0.024503887570  0.011603410504  0.009063836396  0.012618039349  0.012618039349  0.013132529964  0.010075343718  0.008550056997  0.007033608819  0.007036172005  0.005018736126  0.004515878535  0.004515878535  0.004515878535  0.004515878535  0.014171620019  0.005020123038  0.007544255942  0.009066695948  0.009066695948  0.009066695948  0.007544255942  0.007037870374  0.007037870374  0.007037870374  0.001501533253  0.003007045284  0.003007045284  0.000000000000  

