30
cardinalis_cardinalis_ku21828 0.000000000000  0.003006824304  0.024460740310  0.025497356761  0.029675854907  0.029158669728  0.027051276196  0.027051276196  0.031229809530  0.031229809530  0.031221455005  0.032804569549  0.032795768362  0.033862804681  0.033299516897  0.036468385745  0.036990719507  0.033333403764  0.037562193385  0.034392773514  0.033324316254  0.030694875511  0.031221455005  0.029125717705  0.031221455005  0.034365020571  0.029125717705  0.039131002959  0.033324316254  0.033315639013  
cardinalis_cardinalis_ku25393 0.003006824304  0.000000000000  0.025505041933  0.026543309926  0.030729603027  0.030211863050  0.028099435067  0.028099435067  0.032285225560  0.032285225560  0.032276300822  0.033862804681  0.033853430232  0.034923311483  0.034356592410  0.037531711192  0.038054610481  0.034392773514  0.038629560111  0.035454419812  0.034383111511  0.031748596375  0.032276300822  0.030176643436  0.032276300822  0.035424937858  0.030176643436  0.040200081019  0.034383111511  0.034373860401  
piranga_erythrocephala_fmnh343371 0.024460740310  0.025505041933  0.000000000000  0.002003223043  0.010598457786  0.010092918581  0.008054732931  0.008054732931  0.020343352972  0.020343352972  0.020336043401  0.021894311600  0.022927598568  0.022935894403  0.022385154587  0.025505041933  0.026543309926  0.022414828499  0.026578711048  0.023457510472  0.022406810641  0.019817711006  0.020336043401  0.018272180439  0.020336043401  0.023432987442  0.018272180439  0.028125494838  0.022406810641  0.022919702366  
piranga_erythrocephala_fmnh343370 0.025497356761  0.026543309926  0.002003223043  0.000000000000  0.011614961694  0.011108778246  0.009067317423  0.009067317423  0.021374342552  0.021374342552  0.021366878893  0.022927598568  0.023962370996  0.023970824319  0.023418641535  0.026543309926  0.027583077669  0.023448936074  0.027619119902  0.024493264468  0.023440761606  0.020847732769  0.021366878893  0.019299921874  0.021366878893  0.024468269246  0.019299921874  0.029167922456  0.023440761606  0.023954318276  
piranga_leucoptera_fmnh481795 0.029675854907  0.030729603027  0.010598457786  0.011614961694  0.000000000000  0.004515379511  0.010587236955  0.010587236955  0.025007244886  0.025007244886  0.024998633284  0.026569256672  0.027609503776  0.027619119902  0.027058995010  0.030202448015  0.031247742984  0.027093909403  0.031288496815  0.028144889359  0.027084575691  0.024476199835  0.024998633284  0.022919702366  0.024998633284  0.028116403602  0.022919702366  0.032843866197  0.027084575691  0.027600291110  
piranga_leucoptera_lsu7783 0.029158669728  0.030211863050  0.010092918581  0.011108778246  0.004515379511  0.000000000000  0.010081324526  0.010081324526  0.024493264468  0.024493264468  0.024484531701  0.026054333384  0.027093909403  0.027103645897  0.026543309926  0.029684985732  0.030729603027  0.026578711048  0.030770839500  0.027629139115  0.026569256672  0.023962370996  0.024484531701  0.022406810641  0.024484531701  0.027600291110  0.022406810641  0.032325009485  0.026569256672  0.027084575691  
piranga_rubriceps_lsu265 0.027051276196  0.028099435067  0.008054732931  0.009067317423  0.010587236955  0.010081324526  0.000000000000  0.000000000000  0.022399192119  0.022399192119  0.022391973308  0.023954318276  0.024990423257  0.024998633284  0.024446888921  0.027575077651  0.028616190988  0.024476199835  0.028651257509  0.025521619791  0.024468269246  0.021872287697  0.022391973308  0.020322617988  0.022391973308  0.025497356761  0.020322617988  0.030202448015  0.024468269246  0.024982615184  
piranga_rubriceps_lsu34818 0.027051276196  0.028099435067  0.008054732931  0.009067317423  0.010587236955  0.010081324526  0.000000000000  0.000000000000  0.022399192119  0.022399192119  0.022391973308  0.023954318276  0.024990423257  0.024998633284  0.024446888921  0.027575077651  0.028616190988  0.024476199835  0.028651257509  0.025521619791  0.024468269246  0.021872287697  0.022391973308  0.020322617988  0.022391973308  0.025497356761  0.020322617988  0.030202448015  0.024468269246  0.024982615184  
piranga_flava_ku90809 0.031229809530  0.032285225560  0.020343352972  0.021374342552  0.025007244886  0.024493264468  0.022399192119  0.022399192119  0.000000000000  0.000000000000  0.004014408725  0.005528189358  0.008565890031  0.008569737522  0.010075547477  0.013131922707  0.014151661547  0.010088663932  0.013144800709  0.010088663932  0.010084799123  0.007547555897  0.008054732931  0.006031284778  0.008054732931  0.011096758353  0.006031284778  0.015695366175  0.010084799123  0.010590586491  
piranga_flava_lsu15408 0.031229809530  0.032285225560  0.020343352972  0.021374342552  0.025007244886  0.024493264468  0.022399192119  0.022399192119  0.000000000000  0.000000000000  0.004014408725  0.005528189358  0.008565890031  0.008569737522  0.010075547477  0.013131922707  0.014151661547  0.010088663932  0.013144800709  0.010088663932  0.010084799123  0.007547555897  0.008054732931  0.006031284778  0.008054732931  0.011096758353  0.006031284778  0.015695366175  0.010084799123  0.010590586491  
piranga_lutea_ku89864 0.031221455005  0.032276300822  0.020336043401  0.021366878893  0.024998633284  0.024484531701  0.022391973308  0.022391973308  0.004014408725  0.004014408725  0.000000000000  0.005525920455  0.008562431178  0.008565890031  0.010073245781  0.013128416325  0.014148012950  0.010084799123  0.014164971845  0.011104380721  0.010081324526  0.007545013313  0.008051926988  0.006029141393  0.008051926988  0.011093534261  0.006029141393  0.015690514227  0.010081324526  0.010587236955  
piranga_lutea_lsu5400 0.032804569549  0.033862804681  0.021894311600  0.022927598568  0.026569256672  0.026054333384  0.023954318276  0.023954318276  0.005528189358  0.005528189358  0.005525920455  0.000000000000  0.010088663932  0.010092918581  0.011600217093  0.014151661547  0.015172843736  0.011614961694  0.015706254120  0.012637709440  0.010590586491  0.009067317423  0.009575796326  0.007547555897  0.009575796326  0.012624458376  0.007547555897  0.017234175286  0.011610688033  0.012117380368  
piranga_hepatica_ku4970 0.032795768362  0.033853430232  0.022927598568  0.023962370996  0.027609503776  0.027093909403  0.024990423257  0.024990423257  0.008565890031  0.008565890031  0.008562431178  0.010088663932  0.000000000000  0.008054732931  0.012617587385  0.015686057465  0.016709484929  0.012632900311  0.016730269064  0.013657232078  0.012628483164  0.010081324526  0.010590586491  0.008559361335  0.010590586491  0.013643548394  0.008559361335  0.018260153892  0.012628483164  0.013135822484  
piranga_hepatica_ku9084 0.033862804681  0.034923311483  0.022935894403  0.023970824319  0.027619119902  0.027103645897  0.024998633284  0.024998633284  0.008569737522  0.008569737522  0.008565890031  0.010092918581  0.008054732931  0.000000000000  0.012620826323  0.015690514227  0.016714087137  0.012637709440  0.016736453551  0.013662578900  0.012632900311  0.010084799123  0.010594326893  0.008562431178  0.010594326893  0.013647716450  0.008562431178  0.018265968855  0.012632900311  0.013140115276  
piranga_olivacea_ku4672 0.033299516897  0.034356592410  0.022385154587  0.023418641535  0.027058995010  0.026543309926  0.024446888921  0.024446888921  0.010075547477  0.010075547477  0.010073245781  0.011600217093  0.012617587385  0.012620826323  0.000000000000  0.006029141393  0.007038619241  0.006027385654  0.012110258149  0.009061818207  0.008045845339  0.005520718601  0.006025038624  0.004010779975  0.006025038624  0.009056498453  0.004010779975  0.013633407800  0.008045845339  0.008550979594  
piranga_roseogularis_ku2049 0.036468385745  0.037531711192  0.025505041933  0.026543309926  0.030202448015  0.029684985732  0.027575077651  0.027575077651  0.013131922707  0.013131922707  0.013128416325  0.014151661547  0.015686057465  0.015690514227  0.006029141393  0.000000000000  0.002003223043  0.010081324526  0.015177030550  0.012113623030  0.011090702068  0.008552489627  0.009059654033  0.007035225786  0.009059654033  0.012104707271  0.007035225786  0.016705279238  0.011090702068  0.011597511387  
piranga_roseogularis_ku2141 0.036990719507  0.038054610481  0.026543309926  0.027583077669  0.031247742984  0.030729603027  0.028616190988  0.028616190988  0.014151661547  0.014151661547  0.014148012950  0.015172843736  0.016709484929  0.016714087137  0.007038619241  0.002003223043  0.000000000000  0.011096758353  0.016199804895  0.013131922707  0.012107286102  0.009565302360  0.010073245781  0.008045845339  0.010073245781  0.013122585266  0.008045845339  0.017730015730  0.012107286102  0.012614741941  
piranga_olivacea_ku2699 0.033333403764  0.034392773514  0.022414828499  0.023448936074  0.027093909403  0.026578711048  0.024476199835  0.024476199835  0.010088663932  0.010088663932  0.010084799123  0.011614961694  0.012632900311  0.012637709440  0.006027385654  0.010081324526  0.011096758353  0.000000000000  0.012126070902  0.009074375282  0.008054732931  0.005525920455  0.006031284778  0.004014408725  0.006031284778  0.009064372797  0.004014408725  0.013647716450  0.008054732931  0.008559361335  
piranga_bidentata_itm160 0.037562193385  0.038629560111  0.026578711048  0.027619119902  0.031288496815  0.030770839500  0.028651257509  0.028651257509  0.013144800709  0.013144800709  0.014164971845  0.015706254120  0.016730269064  0.016736453551  0.012110258149  0.015177030550  0.016199804895  0.012126070902  0.000000000000  0.008051926988  0.011100373965  0.008559361335  0.010084799123  0.008054732931  0.010084799123  0.012624458376  0.008054732931  0.017749802703  0.012121529784  0.012628483164  
piranga_ludoviciana_sdsu2648 0.034392773514  0.035454419812  0.023457510472  0.024493264468  0.028144889359  0.027629139115  0.025521619791  0.025521619791  0.010088663932  0.010088663932  0.011104380721  0.012637709440  0.013657232078  0.013662578900  0.009061818207  0.012113623030  0.013131922707  0.009074375282  0.008051926988  0.000000000000  0.008054732931  0.005525920455  0.007043566959  0.005023080252  0.007043566959  0.010081324526  0.005023080252  0.014673098357  0.009070651709  0.009575796326  
piranga_ludoviciana_sdsu2385 0.033324316254  0.034383111511  0.022406810641  0.023440761606  0.027084575691  0.026569256672  0.024468269246  0.024468269246  0.010084799123  0.010084799123  0.010081324526  0.010590586491  0.012628483164  0.012632900311  0.008045845339  0.011090702068  0.012107286102  0.008054732931  0.011100373965  0.008054732931  0.000000000000  0.003508775664  0.006029141393  0.004012921873  0.006029141393  0.009061818207  0.004012921873  0.013643548394  0.008051926988  0.008556680877  
piranga_ludoviciana_sdsu2208 0.030694875511  0.031748596375  0.019817711006  0.020847732769  0.024476199835  0.023962370996  0.021872287697  0.021872287697  0.007547555897  0.007547555897  0.007545013313  0.009067317423  0.010081324526  0.010084799123  0.005520718601  0.008552489627  0.009565302360  0.005525920455  0.008559361335  0.005525920455  0.003508775664  0.000000000000  0.003509616971  0.001501703328  0.003509616971  0.006531114519  0.001501703328  0.011093534261  0.005524038550  0.006027385654  
piranga_bidentata_itm141 0.031221455005  0.032276300822  0.020336043401  0.021366878893  0.024998633284  0.024484531701  0.022391973308  0.022391973308  0.008054732931  0.008054732931  0.008051926988  0.009575796326  0.010590586491  0.010594326893  0.006025038624  0.009059654033  0.010073245781  0.006031284778  0.010084799123  0.007043566959  0.006029141393  0.003509616971  0.000000000000  0.002003223043  0.004012921873  0.007036728042  0.002003223043  0.011603315355  0.006029141393  0.006532743708  
piranga_bidentata_tepe59 0.029125717705  0.030176643436  0.018272180439  0.019299921874  0.022919702366  0.022406810641  0.020322617988  0.020322617988  0.006031284778  0.006031284778  0.006029141393  0.007547555897  0.008559361335  0.008562431178  0.004010779975  0.007035225786  0.008045845339  0.004014408725  0.008054732931  0.005023080252  0.004012921873  0.001501703328  0.002003223043  0.000000000000  0.002003223043  0.005018217755  0.000000000000  0.009569767962  0.004012921873  0.004515379511  
piranga_ludoviciana_sdsu2650 0.031221455005  0.032276300822  0.020336043401  0.021366878893  0.024998633284  0.024484531701  0.022391973308  0.022391973308  0.008054732931  0.008054732931  0.008051926988  0.009575796326  0.010590586491  0.010594326893  0.006025038624  0.009059654033  0.010073245781  0.006031284778  0.010084799123  0.007043566959  0.006029141393  0.003509616971  0.004012921873  0.002003223043  0.000000000000  0.006026017938  0.002003223043  0.011603315355  0.006029141393  0.006532743708  
piranga_bidentata_hgoslp104 0.034365020571  0.035424937858  0.023432987442  0.024468269246  0.028116403602  0.027600291110  0.025497356761  0.025497356761  0.011096758353  0.011096758353  0.011093534261  0.012624458376  0.013643548394  0.013647716450  0.009056498453  0.012104707271  0.013122585266  0.009064372797  0.012624458376  0.010081324526  0.009061818207  0.006531114519  0.007036728042  0.005018217755  0.006026017938  0.000000000000  0.005018217755  0.014660162599  0.009061818207  0.009567339626  
piranga_rubra_sdsu2635 0.029125717705  0.030176643436  0.018272180439  0.019299921874  0.022919702366  0.022406810641  0.020322617988  0.020322617988  0.006031284778  0.006031284778  0.006029141393  0.007547555897  0.008559361335  0.008562431178  0.004010779975  0.007035225786  0.008045845339  0.004014408725  0.008054732931  0.005023080252  0.004012921873  0.001501703328  0.002003223043  0.000000000000  0.002003223043  0.005018217755  0.000000000000  0.009569767962  0.004012921873  0.004515379511  
piranga_rubra_sdsu2654 0.039131002959  0.040200081019  0.028125494838  0.029167922456  0.032843866197  0.032325009485  0.030202448015  0.030202448015  0.015695366175  0.015695366175  0.015690514227  0.017234175286  0.018260153892  0.018265968855  0.013633407800  0.016705279238  0.017730015730  0.013647716450  0.017749802703  0.014673098357  0.013643548394  0.011093534261  0.011603315355  0.009569767962  0.011603315355  0.014660162599  0.009569767962  0.000000000000  0.009569767962  0.010075547477  
piranga_rubra_ku7046 0.033324316254  0.034383111511  0.022406810641  0.023440761606  0.027084575691  0.026569256672  0.024468269246  0.024468269246  0.010084799123  0.010084799123  0.010081324526  0.011610688033  0.012628483164  0.012632900311  0.008045845339  0.011090702068  0.012107286102  0.008054732931  0.012121529784  0.009070651709  0.008051926988  0.005524038550  0.006029141393  0.004012921873  0.006029141393  0.009061818207  0.004012921873  0.009569767962  0.000000000000  0.003508775664  
piranga_rubra_ku26592 0.033315639013  0.034373860401  0.022919702366  0.023954318276  0.027600291110  0.027084575691  0.024982615184  0.024982615184  0.010590586491  0.010590586491  0.010587236955  0.012117380368  0.013135822484  0.013140115276  0.008550979594  0.011597511387  0.012614741941  0.008559361335  0.012628483164  0.009575796326  0.008556680877  0.006027385654  0.006532743708  0.004515379511  0.006532743708  0.009567339626  0.004515379511  0.010075547477  0.003508775664  0.000000000000  

