30
cardinalis_cardinalis_ku21828 0.000000000000  0.005521623101  0.018796255188  0.012637947830  0.013658316141  0.016741054693  0.016224957396  0.016224957396  0.013658316141  0.013658316141  0.028160651953  0.021377772633  0.019322324750  0.015703601944  0.015703601944  0.014685861515  0.017257743201  0.017257743201  0.020345447914  0.020345447914  0.020345447914  0.020345447914  0.021377772633  0.017257743201  0.021385813437  0.017257743201  0.017257743201  0.017257743201  0.017767887124  0.014171796214  
cardinalis_cardinalis_ku25393 0.005521623101  0.000000000000  0.018292899283  0.012136302479  0.013156190597  0.016238662144  0.015722511147  0.015722511147  0.013156190597  0.013156190597  0.027655316607  0.020873504393  0.018819613344  0.015200513378  0.015200513378  0.014183842406  0.016755404475  0.016755404475  0.019841663375  0.019841663375  0.019841663375  0.019841663375  0.020873504393  0.016755404475  0.020882138004  0.016755404475  0.016755404475  0.016755404475  0.017265013337  0.013669723827  
piranga_rubra_sdsu2654 0.018796255188  0.018292899283  0.000000000000  0.006029120685  0.007038968929  0.010083494970  0.009574335862  0.009574335862  0.007038968929  0.007038968929  0.021370192876  0.014670238306  0.012633106358  0.008560514038  0.008560514038  0.008052761812  0.010593229492  0.010593229492  0.013648721355  0.013648721355  0.013648721355  0.013648721355  0.014670238306  0.010593229492  0.014161564507  0.010593229492  0.010593229492  0.010593229492  0.011099647763  0.007545580537  
piranga_rubra_sdsu2635 0.012637947830  0.012136302479  0.006029120685  0.000000000000  0.001000724834  0.004013848974  0.003510271132  0.003510271132  0.001000724834  0.001000724834  0.015189003469  0.008557738701  0.006537332973  0.003006536584  0.003006536584  0.002003453634  0.004517989677  0.004517989677  0.007545580537  0.007545580537  0.007545580537  0.007545580537  0.008557738701  0.004517989677  0.008560514038  0.004517989677  0.004517989677  0.004517989677  0.005020748854  0.001501810584  
piranga_ludoviciana_sdsu2650 0.013658316141  0.013156190597  0.007038968929  0.001000724834  0.000000000000  0.003008416605  0.002505655226  0.002505655226  0.000000000000  0.000000000000  0.014680199289  0.008052761812  0.005527964710  0.002002902239  0.002002902239  0.001001110185  0.003511739021  0.003511739021  0.006534905972  0.006534905972  0.006534905972  0.006534905972  0.007545580537  0.003511739021  0.007548181249  0.003511739021  0.003511739021  0.003511739021  0.004013848974  0.000500277341  
piranga_roseogularis_ku2141 0.016741054693  0.016238662144  0.010083494970  0.004013848974  0.003008416605  0.000000000000  0.005527964710  0.005527964710  0.003008416605  0.003008416605  0.017767887124  0.011103540731  0.008567410220  0.005020748854  0.005020748854  0.004015623727  0.006540206359  0.006540206359  0.009577736490  0.009577736490  0.009577736490  0.009577736490  0.010593229492  0.006540206359  0.010597258241  0.006540206359  0.006540206359  0.006540206359  0.007043996325  0.003511739021  
piranga_erythrocephala_fmnh343370 0.016224957396  0.015722511147  0.009574335862  0.003510271132  0.002505655226  0.005527964710  0.000000000000  0.000000000000  0.002505655226  0.002505655226  0.017250929440  0.010593229492  0.008059033664  0.004516351893  0.004516351893  0.003511739021  0.006033801572  0.006033801572  0.009068838500  0.009068838500  0.009068838500  0.009068838500  0.010083494970  0.006033801572  0.010087209304  0.006033801572  0.006033801572  0.006033801572  0.006537332973  0.003008416605  
piranga_erythrocephala_fmnh343371 0.016224957396  0.015722511147  0.009574335862  0.003510271132  0.002505655226  0.005527964710  0.000000000000  0.000000000000  0.002505655226  0.002505655226  0.017250929440  0.010593229492  0.008059033664  0.004516351893  0.004516351893  0.003511739021  0.006033801572  0.006033801572  0.009068838500  0.009068838500  0.009068838500  0.009068838500  0.010083494970  0.006033801572  0.010087209304  0.006033801572  0.006033801572  0.006033801572  0.006537332973  0.003008416605  
piranga_olivacea_ku2699 0.013658316141  0.013156190597  0.007038968929  0.001000724834  0.000000000000  0.003008416605  0.002505655226  0.002505655226  0.000000000000  0.000000000000  0.014680199289  0.008052761812  0.005527964710  0.002002902239  0.002002902239  0.001001110185  0.003511739021  0.003511739021  0.006534905972  0.006534905972  0.006534905972  0.006534905972  0.007545580537  0.003511739021  0.007548181249  0.003511739021  0.003511739021  0.003511739021  0.004013848974  0.000500277341  
piranga_olivacea_ku4672 0.013658316141  0.013156190597  0.007038968929  0.001000724834  0.000000000000  0.003008416605  0.002505655226  0.002505655226  0.000000000000  0.000000000000  0.014680199289  0.008052761812  0.005527964710  0.002002902239  0.002002902239  0.001001110185  0.003511739021  0.003511739021  0.006534905972  0.006534905972  0.006534905972  0.006534905972  0.007545580537  0.003511739021  0.007548181249  0.003511739021  0.003511739021  0.003511739021  0.004013848974  0.000500277341  
piranga_ludoviciana_sdsu2648 0.028160651953  0.027655316607  0.021370192876  0.015189003469  0.014680199289  0.017767887124  0.017250929440  0.017250929440  0.014680199289  0.014680199289  0.000000000000  0.007551229461  0.011096206061  0.014670238306  0.014670238306  0.015709449961  0.018285437995  0.018285437995  0.021377772633  0.021377772633  0.021377772633  0.021377772633  0.022411650292  0.018285437995  0.022419886307  0.018285437995  0.018285437995  0.017250929440  0.018796255188  0.015194531039  
piranga_leucoptera_fmnh481795 0.021377772633  0.020873504393  0.014670238306  0.008557738701  0.008052761812  0.011103540731  0.010593229492  0.010593229492  0.008052761812  0.008052761812  0.007551229461  0.000000000000  0.004514411308  0.008048282918  0.008048282918  0.009068838500  0.011614429992  0.011614429992  0.014674991435  0.014674991435  0.014674991435  0.014674991435  0.015698209449  0.011614429992  0.015703601944  0.011614429992  0.011614429992  0.011614429992  0.012121374000  0.008560514038  
piranga_leucoptera_lsu7783 0.019322324750  0.018819613344  0.012633106358  0.006537332973  0.005527964710  0.008567410220  0.008059033664  0.008059033664  0.005527964710  0.005527964710  0.011096206061  0.004514411308  0.000000000000  0.005523901936  0.005523901936  0.006540206359  0.009076360423  0.009076360423  0.012125898586  0.012125898586  0.012125898586  0.012125898586  0.013145419964  0.009076360423  0.013150579042  0.009076360423  0.009076360423  0.009076360423  0.009581586509  0.006033801572  
piranga_rubriceps_lsu265 0.015703601944  0.015200513378  0.008560514038  0.003006536584  0.002002902239  0.005020748854  0.004516351893  0.004516351893  0.002002902239  0.002002902239  0.014670238306  0.008048282918  0.005523901936  0.000000000000  0.000000000000  0.003007254896  0.005525710510  0.005525710510  0.008557738701  0.008557738701  0.008557738701  0.008557738701  0.009571384980  0.005525710510  0.009574335862  0.005525710510  0.005525710510  0.005525710510  0.006029120685  0.002504799014  
piranga_rubriceps_lsu34818 0.015703601944  0.015200513378  0.008560514038  0.003006536584  0.002002902239  0.005020748854  0.004516351893  0.004516351893  0.002002902239  0.002002902239  0.014670238306  0.008048282918  0.005523901936  0.000000000000  0.000000000000  0.003007254896  0.005525710510  0.005525710510  0.008557738701  0.008557738701  0.008557738701  0.008557738701  0.009571384980  0.005525710510  0.009574335862  0.005525710510  0.005525710510  0.005525710510  0.006029120685  0.002504799014  
piranga_rubra_ku7046 0.014685861515  0.014183842406  0.008052761812  0.002003453634  0.001001110185  0.004015623727  0.003511739021  0.003511739021  0.001001110185  0.001001110185  0.015709449961  0.009068838500  0.006540206359  0.003007254896  0.003007254896  0.000000000000  0.004520071980  0.004520071980  0.007548181249  0.007548181249  0.007548181249  0.007548181249  0.008560514038  0.004520071980  0.008563737996  0.004520071980  0.004520071980  0.004520071980  0.005022694501  0.001502499767  
piranga_flava_ku90809 0.017257743201  0.016755404475  0.010593229492  0.004517989677  0.003511739021  0.006540206359  0.006033801572  0.006033801572  0.003511739021  0.003511739021  0.018285437995  0.011614429992  0.009076360423  0.005525710510  0.005525710510  0.004520071980  0.000000000000  0.000000000000  0.003006536584  0.003006536584  0.003006536584  0.003006536584  0.004011632257  0.000000000000  0.004012518365  0.000000000000  0.000000000000  0.002004447327  0.002505655226  0.004015623727  
piranga_roseogularis_ku2049 0.017257743201  0.016755404475  0.010593229492  0.004517989677  0.003511739021  0.006540206359  0.006033801572  0.006033801572  0.003511739021  0.003511739021  0.018285437995  0.011614429992  0.009076360423  0.005525710510  0.005525710510  0.004520071980  0.000000000000  0.000000000000  0.003006536584  0.003006536584  0.003006536584  0.003006536584  0.004011632257  0.000000000000  0.004012518365  0.000000000000  0.000000000000  0.002004447327  0.002505655226  0.004015623727  
piranga_bidentata_hgoslp104 0.020345447914  0.019841663375  0.013648721355  0.007545580537  0.006534905972  0.009577736490  0.009068838500  0.009068838500  0.006534905972  0.006534905972  0.021377772633  0.014674991435  0.012125898586  0.008557738701  0.008557738701  0.007548181249  0.003006536584  0.003006536584  0.000000000000  0.000000000000  0.000000000000  0.000000000000  0.001000724834  0.003006536584  0.007037126267  0.003006536584  0.003006536584  0.005020748854  0.005523901936  0.007041259067  
piranga_ludoviciana_sdsu2385 0.020345447914  0.019841663375  0.013648721355  0.007545580537  0.006534905972  0.009577736490  0.009068838500  0.009068838500  0.006534905972  0.006534905972  0.021377772633  0.014674991435  0.012125898586  0.008557738701  0.008557738701  0.007548181249  0.003006536584  0.003006536584  0.000000000000  0.000000000000  0.000000000000  0.000000000000  0.001000724834  0.003006536584  0.007037126267  0.003006536584  0.003006536584  0.005020748854  0.005523901936  0.007041259067  
piranga_bidentata_tepe59 0.020345447914  0.019841663375  0.013648721355  0.007545580537  0.006534905972  0.009577736490  0.009068838500  0.009068838500  0.006534905972  0.006534905972  0.021377772633  0.014674991435  0.012125898586  0.008557738701  0.008557738701  0.007548181249  0.003006536584  0.003006536584  0.000000000000  0.000000000000  0.000000000000  0.000000000000  0.001000724834  0.003006536584  0.007037126267  0.003006536584  0.003006536584  0.005020748854  0.005523901936  0.007041259067  
piranga_bidentata_itm141 0.020345447914  0.019841663375  0.013648721355  0.007545580537  0.006534905972  0.009577736490  0.009068838500  0.009068838500  0.006534905972  0.006534905972  0.021377772633  0.014674991435  0.012125898586  0.008557738701  0.008557738701  0.007548181249  0.003006536584  0.003006536584  0.000000000000  0.000000000000  0.000000000000  0.000000000000  0.001000724834  0.003006536584  0.007037126267  0.003006536584  0.003006536584  0.005020748854  0.005523901936  0.007041259067  
piranga_bidentata_itm160 0.021377772633  0.020873504393  0.014670238306  0.008557738701  0.007545580537  0.010593229492  0.010083494970  0.010083494970  0.007545580537  0.007545580537  0.022411650292  0.015698209449  0.013145419964  0.009571384980  0.009571384980  0.008560514038  0.004011632257  0.004011632257  0.001000724834  0.001000724834  0.001000724834  0.001000724834  0.000000000000  0.004011632257  0.008048282918  0.004011632257  0.004011632257  0.006029120685  0.006532925710  0.008052761812  
piranga_flava_lsu15408 0.017257743201  0.016755404475  0.010593229492  0.004517989677  0.003511739021  0.006540206359  0.006033801572  0.006033801572  0.003511739021  0.003511739021  0.018285437995  0.011614429992  0.009076360423  0.005525710510  0.005525710510  0.004520071980  0.000000000000  0.000000000000  0.003006536584  0.003006536584  0.003006536584  0.003006536584  0.004011632257  0.000000000000  0.004012518365  0.000000000000  0.000000000000  0.002004447327  0.002505655226  0.004015623727  
piranga_lutea_ku89864 0.021385813437  0.020882138004  0.014161564507  0.008560514038  0.007548181249  0.010597258241  0.010087209304  0.010087209304  0.007548181249  0.007548181249  0.022419886307  0.015703601944  0.013150579042  0.009574335862  0.009574335862  0.008563737996  0.004012518365  0.004012518365  0.007037126267  0.007037126267  0.007037126267  0.007037126267  0.008048282918  0.004012518365  0.000000000000  0.004012518365  0.004012518365  0.006031238126  0.006534905972  0.008055673797  
piranga_hepatica_ku9084 0.017257743201  0.016755404475  0.010593229492  0.004517989677  0.003511739021  0.006540206359  0.006033801572  0.006033801572  0.003511739021  0.003511739021  0.018285437995  0.011614429992  0.009076360423  0.005525710510  0.005525710510  0.004520071980  0.000000000000  0.000000000000  0.003006536584  0.003006536584  0.003006536584  0.003006536584  0.004011632257  0.000000000000  0.004012518365  0.000000000000  0.000000000000  0.002004447327  0.002505655226  0.004015623727  
piranga_ludoviciana_sdsu2208 0.017257743201  0.016755404475  0.010593229492  0.004517989677  0.003511739021  0.006540206359  0.006033801572  0.006033801572  0.003511739021  0.003511739021  0.018285437995  0.011614429992  0.009076360423  0.005525710510  0.005525710510  0.004520071980  0.000000000000  0.000000000000  0.003006536584  0.003006536584  0.003006536584  0.003006536584  0.004011632257  0.000000000000  0.004012518365  0.000000000000  0.000000000000  0.002004447327  0.002505655226  0.004015623727  
piranga_hepatica_ku4970 0.017257743201  0.016755404475  0.010593229492  0.004517989677  0.003511739021  0.006540206359  0.006033801572  0.006033801572  0.003511739021  0.003511739021  0.017250929440  0.011614429992  0.009076360423  0.005525710510  0.005525710510  0.004520071980  0.002004447327  0.002004447327  0.005020748854  0.005020748854  0.005020748854  0.005020748854  0.006029120685  0.002004447327  0.006031238126  0.002004447327  0.002004447327  0.000000000000  0.002505655226  0.004015623727  
piranga_lutea_lsu5400 0.017767887124  0.017265013337  0.011099647763  0.005020748854  0.004013848974  0.007043996325  0.006537332973  0.006537332973  0.004013848974  0.004013848974  0.018796255188  0.012121374000  0.009581586509  0.006029120685  0.006029120685  0.005022694501  0.002505655226  0.002505655226  0.005523901936  0.005523901936  0.005523901936  0.005523901936  0.006532925710  0.002505655226  0.006534905972  0.002505655226  0.002505655226  0.002505655226  0.000000000000  0.004517989677  
piranga_rubra_ku26592 0.014171796214  0.013669723827  0.007545580537  0.001501810584  0.000500277341  0.003511739021  0.003008416605  0.003008416605  0.000500277341  0.000500277341  0.015194531039  0.008560514038  0.006033801572  0.002504799014  0.002504799014  0.001502499767  0.004015623727  0.004015623727  0.007041259067  0.007041259067  0.007041259067  0.007041259067  0.008052761812  0.004015623727  0.008055673797  0.004015623727  0.004015623727  0.004015623727  0.004517989677  0.000000000000  

