30
cardinalis_cardinalis_ku21828 0.000000000000  0.000000000000  0.013141372443  0.013141372443  0.016715787038  0.014674627775  0.011607714949  0.012118399036  0.015697046567  0.016720924658  0.011607714949  0.010591386785  0.011607714949  0.013640815690  0.012621749715  0.012621749715  0.012621749715  0.013640815690  0.012118399036  0.013132955937  0.011607714949  0.012625483938  0.013648980855  0.011607714949  0.010082028339  0.012122658158  0.011101277162  0.014669793896  0.013141372443  0.015708222376  
cardinalis_cardinalis_ku25393 0.000000000000  0.000000000000  0.013141372443  0.013141372443  0.016715787038  0.014674627775  0.011607714949  0.012118399036  0.015697046567  0.016720924658  0.011607714949  0.010591386785  0.011607714949  0.013640815690  0.012621749715  0.012621749715  0.012621749715  0.013640815690  0.012118399036  0.013132955937  0.011607714949  0.012625483938  0.013648980855  0.011607714949  0.010082028339  0.012122658158  0.011101277162  0.014669793896  0.013141372443  0.015708222376  
piranga_leucoptera_fmnh481795 0.013141372443  0.013141372443  0.000000000000  0.003006874442  0.009565701635  0.007543176379  0.005522700090  0.006027587675  0.011607714949  0.012625483938  0.007545390536  0.006535070292  0.007545390536  0.009567803530  0.008554776886  0.008554776886  0.008554776886  0.009567803530  0.008052375147  0.010078859757  0.007545390536  0.008557133513  0.009573200715  0.007545390536  0.006029392209  0.008055254498  0.007041272641  0.010587946422  0.009067926409  0.011616084551  
piranga_leucoptera_lsu7783 0.013141372443  0.013141372443  0.003006874442  0.000000000000  0.009058214816  0.007036986353  0.005522700090  0.006027587675  0.011607714949  0.012625483938  0.007545390536  0.006535070292  0.007545390536  0.009567803530  0.008554776886  0.008554776886  0.008554776886  0.009567803530  0.008052375147  0.010078859757  0.007545390536  0.008557133513  0.009573200715  0.007545390536  0.006029392209  0.008055254498  0.007041272641  0.010587946422  0.009067926409  0.011616084551  
piranga_rubriceps_lsu265 0.016715787038  0.016715787038  0.009565701635  0.009058214816  0.000000000000  0.002002711691  0.009058214816  0.009565701635  0.015174134520  0.016196904569  0.011091334651  0.010076089013  0.011091334651  0.013123334627  0.012105356300  0.012105356300  0.012105356300  0.013123334627  0.011600940187  0.013637334424  0.011091334651  0.012108017174  0.013129348000  0.011091334651  0.009567803530  0.011604128027  0.010584904186  0.014149063850  0.012621749715  0.014156976902  
piranga_rubriceps_lsu34818 0.014674627775  0.014674627775  0.007543176379  0.007036986353  0.002002711691  0.000000000000  0.007036986353  0.007543176379  0.013136964210  0.014156976902  0.009064902806  0.008052375147  0.009064902806  0.011091334651  0.010076089013  0.010076089013  0.010076089013  0.011091334651  0.009573200715  0.011604128027  0.009064902806  0.010078859757  0.011097564449  0.009064902806  0.007545390536  0.009576495257  0.008559886739  0.012114538916  0.010591386785  0.013146180266  
piranga_erythrocephala_fmnh343371 0.011607714949  0.011607714949  0.005522700090  0.005522700090  0.009058214816  0.007036986353  0.000000000000  0.001502308859  0.010078859757  0.011094250154  0.006027587675  0.005019604510  0.006027587675  0.008046114225  0.007035436635  0.007035436635  0.007035436635  0.008046114225  0.006532997888  0.008554776886  0.006027587675  0.007036986353  0.008049891735  0.006027587675  0.004515492733  0.006535070292  0.005524237309  0.009062276091  0.007545390536  0.010085594386  
piranga_erythrocephala_fmnh343370 0.012118399036  0.012118399036  0.006027587675  0.006027587675  0.009565701635  0.007543176379  0.001502308859  0.000000000000  0.010587946422  0.011604128027  0.006532997888  0.005524237309  0.006532997888  0.008552817233  0.007541358250  0.007541358250  0.007541358250  0.008552817233  0.007038931813  0.009062276091  0.006532997888  0.007543176379  0.008557133513  0.006532997888  0.005019604510  0.007041272641  0.006029392209  0.009570303348  0.008052375147  0.010595224904  
piranga_roseogularis_ku2049 0.015697046567  0.015697046567  0.011607714949  0.011607714949  0.015174134520  0.013136964210  0.010078859757  0.010587946422  0.000000000000  0.001000695650  0.009067926409  0.008055254498  0.009067926409  0.011094250154  0.010078859757  0.010078859757  0.010078859757  0.011094250154  0.009576495257  0.011607714949  0.009067926409  0.010082028339  0.011101277162  0.009067926409  0.007548000346  0.009580186604  0.008563036193  0.012118399036  0.010595224904  0.013151387311  
piranga_roseogularis_ku2141 0.016720924658  0.016720924658  0.012625483938  0.012625483938  0.016196904569  0.014156976902  0.011094250154  0.011604128027  0.001000695650  0.000000000000  0.010082028339  0.009067926409  0.010082028339  0.012111078171  0.011094250154  0.011094250154  0.011094250154  0.012111078171  0.010591386785  0.012625483938  0.010082028339  0.011097564449  0.012118399036  0.010082028339  0.008559886739  0.010595224904  0.009576495257  0.013136964210  0.011611700581  0.014171852483  
piranga_flava_ku90809 0.011607714949  0.011607714949  0.007545390536  0.007545390536  0.011091334651  0.009064902806  0.006027587675  0.006532997888  0.009067926409  0.010082028339  0.000000000000  0.002003250632  0.005021268829  0.007036986353  0.006027587675  0.006027587675  0.006027587675  0.007036986353  0.005526168674  0.007545390536  0.005021268829  0.006029392209  0.007041272641  0.005021268829  0.003510953569  0.005528493813  0.004518681593  0.008052375147  0.006537537408  0.009075162792  
piranga_flava_lsu15408 0.010591386785  0.010591386785  0.006535070292  0.006535070292  0.010076089013  0.008052375147  0.005019604510  0.005524237309  0.008055254498  0.009067926409  0.002003250632  0.000000000000  0.004014557595  0.006027587675  0.005019604510  0.005019604510  0.005019604510  0.006027587675  0.004518681593  0.006535070292  0.004014557595  0.005021268829  0.006031591173  0.004014557595  0.002506422292  0.004520865468  0.003512604979  0.007041272641  0.005528493813  0.008062199545  
piranga_olivacea_ku4672 0.011607714949  0.011607714949  0.007545390536  0.007545390536  0.011091334651  0.009064902806  0.006027587675  0.006532997888  0.009067926409  0.010082028339  0.005021268829  0.004014557595  0.000000000000  0.007036986353  0.006027587675  0.006027587675  0.006027587675  0.007036986353  0.005526168674  0.007545390536  0.005021268829  0.006029392209  0.007041272641  0.005021268829  0.003510953569  0.005528493813  0.004518681593  0.007545390536  0.006031591173  0.009075162792  
piranga_bidentata_tepe59 0.013640815690  0.013640815690  0.009567803530  0.009567803530  0.013123334627  0.011091334651  0.008046114225  0.008552817233  0.011094250154  0.012111078171  0.007036986353  0.006027587675  0.007036986353  0.000000000000  0.001000695650  0.001000695650  0.001000695650  0.002002785255  0.007543176379  0.009567803530  0.007036986353  0.008047804637  0.009062276091  0.007036986353  0.005522700090  0.007545390536  0.006532997888  0.010076089013  0.008557133513  0.011101277162  
piranga_ludoviciana_sdsu2208 0.012621749715  0.012621749715  0.008554776886  0.008554776886  0.012105356300  0.010076089013  0.007035436635  0.007541358250  0.010078859757  0.011094250154  0.006027587675  0.005019604510  0.006027587675  0.001000695650  0.000000000000  0.000000000000  0.000000000000  0.001000695650  0.006532997888  0.008554776886  0.006027587675  0.007036986353  0.008049891735  0.006027587675  0.004515492733  0.006535070292  0.005524237309  0.009062276091  0.007545390536  0.010085594386  
piranga_ludoviciana_sdsu2650 0.012621749715  0.012621749715  0.008554776886  0.008554776886  0.012105356300  0.010076089013  0.007035436635  0.007541358250  0.010078859757  0.011094250154  0.006027587675  0.005019604510  0.006027587675  0.001000695650  0.000000000000  0.000000000000  0.000000000000  0.001000695650  0.006532997888  0.008554776886  0.006027587675  0.007036986353  0.008049891735  0.006027587675  0.004515492733  0.006535070292  0.005524237309  0.009062276091  0.007545390536  0.010085594386  
piranga_ludoviciana_sdsu2648 0.012621749715  0.012621749715  0.008554776886  0.008554776886  0.012105356300  0.010076089013  0.007035436635  0.007541358250  0.010078859757  0.011094250154  0.006027587675  0.005019604510  0.006027587675  0.001000695650  0.000000000000  0.000000000000  0.000000000000  0.001000695650  0.006532997888  0.008554776886  0.006027587675  0.007036986353  0.008049891735  0.006027587675  0.004515492733  0.006535070292  0.005524237309  0.009062276091  0.007545390536  0.010085594386  
piranga_ludoviciana_sdsu2385 0.013640815690  0.013640815690  0.009567803530  0.009567803530  0.013123334627  0.011091334651  0.008046114225  0.008552817233  0.011094250154  0.012111078171  0.007036986353  0.006027587675  0.007036986353  0.002002785255  0.001000695650  0.001000695650  0.001000695650  0.000000000000  0.007543176379  0.009567803530  0.007036986353  0.008047804637  0.009062276091  0.007036986353  0.005522700090  0.007545390536  0.006532997888  0.010076089013  0.008557133513  0.011101277162  
piranga_lutea_lsu5400 0.012118399036  0.012118399036  0.008052375147  0.008052375147  0.011600940187  0.009573200715  0.006532997888  0.007038931813  0.009576495257  0.010591386785  0.005526168674  0.004518681593  0.005526168674  0.007543176379  0.006532997888  0.006532997888  0.006532997888  0.007543176379  0.000000000000  0.008052375147  0.005526168674  0.006535070292  0.007548000346  0.005526168674  0.004014557595  0.006034184194  0.005023326640  0.008559886739  0.007044008468  0.009584274387  
piranga_rubra_ku7046 0.013132955937  0.013132955937  0.010078859757  0.010078859757  0.013637334424  0.011604128027  0.008554776886  0.009062276091  0.011607714949  0.012625483938  0.007545390536  0.006535070292  0.007545390536  0.009567803530  0.008554776886  0.008554776886  0.008554776886  0.009567803530  0.008052375147  0.000000000000  0.002504571736  0.006531320568  0.007543176379  0.005522700090  0.004011900905  0.006029392209  0.005019604510  0.008554776886  0.007038931813  0.009576495257  
piranga_olivacea_ku2699 0.011607714949  0.011607714949  0.007545390536  0.007545390536  0.011091334651  0.009064902806  0.006027587675  0.006532997888  0.009067926409  0.010082028339  0.005021268829  0.004014557595  0.005021268829  0.007036986353  0.006027587675  0.006027587675  0.006027587675  0.007036986353  0.005526168674  0.002504571736  0.000000000000  0.004011900905  0.005019604510  0.003006874442  0.001501715817  0.003510953569  0.002505301154  0.006027587675  0.004516890558  0.007044008468  
piranga_bidentata_itm160 0.012625483938  0.012625483938  0.008557133513  0.008557133513  0.012108017174  0.010078859757  0.007036986353  0.007543176379  0.010082028339  0.011097564449  0.006029392209  0.005021268829  0.006029392209  0.008047804637  0.007036986353  0.007036986353  0.007036986353  0.008047804637  0.006535070292  0.006531320568  0.004011900905  0.000000000000  0.003006874442  0.001000695650  0.002504571736  0.004516890558  0.003509694437  0.007036986353  0.005524237309  0.008055254498  
piranga_bidentata_hgoslp104 0.013648980855  0.013648980855  0.009573200715  0.009573200715  0.013129348000  0.011097564449  0.008049891735  0.008557133513  0.011101277162  0.012118399036  0.007041272641  0.006031591173  0.007041272641  0.009062276091  0.008049891735  0.008049891735  0.008049891735  0.009062276091  0.007548000346  0.007543176379  0.005019604510  0.003006874442  0.000000000000  0.002003250632  0.003509694437  0.005526168674  0.004516890558  0.008049891735  0.006535070292  0.009071346527  
piranga_bidentata_itm141 0.011607714949  0.011607714949  0.007545390536  0.007545390536  0.011091334651  0.009064902806  0.006027587675  0.006532997888  0.009067926409  0.010082028339  0.005021268829  0.004014557595  0.005021268829  0.007036986353  0.006027587675  0.006027587675  0.006027587675  0.007036986353  0.005526168674  0.005522700090  0.003006874442  0.001000695650  0.002003250632  0.000000000000  0.001501715817  0.003510953569  0.002505301154  0.006027587675  0.004516890558  0.007044008468  
piranga_rubra_sdsu2635 0.010082028339  0.010082028339  0.006029392209  0.006029392209  0.009567803530  0.007545390536  0.004515492733  0.005019604510  0.007548000346  0.008559886739  0.003510953569  0.002506422292  0.003510953569  0.005522700090  0.004515492733  0.004515492733  0.004515492733  0.005522700090  0.004014557595  0.004011900905  0.001501715817  0.002504571736  0.003509694437  0.001501715817  0.000000000000  0.002004107451  0.001001025458  0.004515492733  0.003007868445  0.005528493813  
piranga_lutea_ku89864 0.012122658158  0.012122658158  0.008055254498  0.008055254498  0.011604128027  0.009576495257  0.006535070292  0.007041272641  0.009580186604  0.010595224904  0.005528493813  0.004520865468  0.005528493813  0.007545390536  0.006535070292  0.006535070292  0.006535070292  0.007545390536  0.006034184194  0.006029392209  0.003510953569  0.004516890558  0.005526168674  0.003510953569  0.002004107451  0.000000000000  0.003009254446  0.006029392209  0.004518681593  0.007554405450  
piranga_rubra_sdsu2654 0.011101277162  0.011101277162  0.007041272641  0.007041272641  0.010584904186  0.008559886739  0.005524237309  0.006029392209  0.008563036193  0.009576495257  0.004518681593  0.003512604979  0.004518681593  0.006532997888  0.005524237309  0.005524237309  0.005524237309  0.006532997888  0.005023326640  0.005019604510  0.002505301154  0.003509694437  0.004516890558  0.002505301154  0.001001025458  0.003009254446  0.000000000000  0.005524237309  0.004014557595  0.006540398868  
piranga_hepatica_ku9084 0.014669793896  0.014669793896  0.010587946422  0.010587946422  0.014149063850  0.012114538916  0.009062276091  0.009570303348  0.012118399036  0.013136964210  0.008052375147  0.007041272641  0.007545390536  0.010076089013  0.009062276091  0.009062276091  0.009062276091  0.010076089013  0.008559886739  0.008554776886  0.006027587675  0.007036986353  0.008049891735  0.006027587675  0.004515492733  0.006029392209  0.005524237309  0.000000000000  0.001501513939  0.010085594386  
piranga_hepatica_ku4970 0.013141372443  0.013141372443  0.009067926409  0.009067926409  0.012621749715  0.010591386785  0.007545390536  0.008052375147  0.010595224904  0.011611700581  0.006537537408  0.005528493813  0.006031591173  0.008557133513  0.007545390536  0.007545390536  0.007545390536  0.008557133513  0.007044008468  0.007038931813  0.004516890558  0.005524237309  0.006535070292  0.004516890558  0.003007868445  0.004518681593  0.004014557595  0.001501513939  0.000000000000  0.008566581504  
piranga_rubra_ku26592 0.015708222376  0.015708222376  0.011616084551  0.011616084551  0.014156976902  0.013146180266  0.010085594386  0.010595224904  0.013151387311  0.014171852483  0.009075162792  0.008062199545  0.009075162792  0.011101277162  0.010085594386  0.010085594386  0.010085594386  0.011101277162  0.009584274387  0.009576495257  0.007044008468  0.008055254498  0.009071346527  0.007044008468  0.005528493813  0.007554405450  0.006540398868  0.010085594386  0.008566581504  0.000000000000  

