30
cardinalis_cardinalis_ku21828 0.000000000000  0.005527928461  0.005020903605  0.005020903605  0.003510750385  0.003510750385  0.005525707093  0.005527928461  0.007043188275  0.012631823959  0.008057411728  0.012125002052  0.016734478108  0.010602024192  0.007550042372  0.009582621845  0.008057411728  0.009070055136  0.009582621845  0.012135042380  0.008057411728  0.008057411728  0.007550042372  0.007550042372  0.007550042372  0.007550042372  0.011618563357  0.013143614284  0.013655929957  0.013661163115  
cardinalis_cardinalis_ku25393 0.005527928461  0.000000000000  0.006539583055  0.006539583055  0.005025213919  0.005025213919  0.007046180369  0.007049552823  0.008569064920  0.014174269302  0.009586908970  0.013666781220  0.018290590940  0.012140637818  0.009077727473  0.011117577737  0.009586908970  0.010602024192  0.011117577737  0.013679170788  0.009586908970  0.009586908970  0.009077727473  0.009077727473  0.009077727473  0.009077727473  0.013159676783  0.014687903544  0.015202066928  0.015208479742  
piranga_erythrocephala_fmnh343371 0.005020903605  0.006539583055  0.000000000000  0.000000000000  0.002505210428  0.002505210428  0.004516610180  0.004518320326  0.006031021676  0.011609815051  0.007043188275  0.011103515154  0.014676765661  0.009582621845  0.006536848390  0.008565297390  0.007043188275  0.008054284461  0.008565297390  0.011112507231  0.007043188275  0.007043188275  0.006536848390  0.006536848390  0.006536848390  0.006536848390  0.010597597934  0.012120557905  0.012631823959  0.012636530570  
piranga_erythrocephala_fmnh343370 0.005020903605  0.006539583055  0.000000000000  0.000000000000  0.002505210428  0.002505210428  0.004516610180  0.004518320326  0.006031021676  0.011609815051  0.007043188275  0.011103515154  0.014676765661  0.009582621845  0.006536848390  0.008565297390  0.007043188275  0.008054284461  0.008565297390  0.011112507231  0.007043188275  0.007043188275  0.006536848390  0.006536848390  0.006536848390  0.006536848390  0.010597597934  0.012120557905  0.012631823959  0.012636530570  
piranga_rubriceps_lsu265 0.003510750385  0.005025213919  0.002505210428  0.002505210428  0.000000000000  0.000000000000  0.003007727170  0.003009052631  0.004518320326  0.010084114645  0.005527928461  0.009578716774  0.014168772058  0.008060920253  0.005022869104  0.007046180369  0.005527928461  0.006536848390  0.007046180369  0.009586908970  0.005527928461  0.005527928461  0.005022869104  0.005022869104  0.005022869104  0.005022869104  0.009073700411  0.010593554634  0.011103515154  0.011107819580  
piranga_rubriceps_lsu34818 0.003510750385  0.005025213919  0.002505210428  0.002505210428  0.000000000000  0.000000000000  0.003007727170  0.003009052631  0.004518320326  0.010084114645  0.005527928461  0.009578716774  0.014168772058  0.008060920253  0.005022869104  0.007046180369  0.005527928461  0.006536848390  0.007046180369  0.009586908970  0.005527928461  0.005527928461  0.005022869104  0.005022869104  0.005022869104  0.005022869104  0.009073700411  0.010593554634  0.011103515154  0.011107819580  
piranga_leucoptera_fmnh481795 0.005525707093  0.007046180369  0.004516610180  0.004516610180  0.003007727170  0.003007727170  0.000000000000  0.001000688865  0.005525707093  0.011099594327  0.006536848390  0.010593554634  0.015190398970  0.009073700411  0.006031021676  0.008057411728  0.006536848390  0.007547173320  0.008057411728  0.010602024192  0.006536848390  0.006536848390  0.006031021676  0.006031021676  0.006031021676  0.006031021676  0.010087897353  0.011609815051  0.012120557905  0.012125002052  
piranga_leucoptera_lsu7783 0.005527928461  0.007049552823  0.004518320326  0.004518320326  0.003009052631  0.003009052631  0.001000688865  0.000000000000  0.005527928461  0.011103515154  0.006539583055  0.010597597934  0.015196039880  0.009077727473  0.006033499432  0.008060920253  0.006539583055  0.007550042372  0.008060920253  0.010606833037  0.006539583055  0.006539583055  0.006033499432  0.006033499432  0.006033499432  0.006033499432  0.010092062752  0.011613997271  0.012125002052  0.012129830335  
piranga_olivacea_ku4672 0.007043188275  0.008569064920  0.006031021676  0.006031021676  0.004518320326  0.004518320326  0.005525707093  0.005527928461  0.000000000000  0.005523865676  0.001001003155  0.005020903605  0.009575194127  0.003512329914  0.000500250621  0.002506282333  0.001001003155  0.002003199140  0.002506282333  0.005025213919  0.001001003155  0.001001003155  0.000500250621  0.000500250621  0.000500250621  0.000500250621  0.004518320326  0.006028924131  0.006534494197  0.006536848390  
piranga_roseogularis_ku2049 0.012631823959  0.014174269302  0.011609815051  0.011609815051  0.010084114645  0.010084114645  0.011099594327  0.011103515154  0.005523865676  0.000000000000  0.004515279467  0.010589894665  0.015185144569  0.009070055136  0.006028924131  0.008054284461  0.006534494197  0.007544685638  0.008054284461  0.010597597934  0.006534494197  0.006534494197  0.006028924131  0.006028924131  0.006028924131  0.006028924131  0.010084114645  0.011606017073  0.012116498268  0.012120557905  
piranga_roseogularis_ku2141 0.008057411728  0.009586908970  0.007043188275  0.007043188275  0.005527928461  0.005527928461  0.006536848390  0.006539583055  0.001001003155  0.004515279467  0.000000000000  0.006031021676  0.010593554634  0.004520409530  0.001502258611  0.003512329914  0.002004017999  0.003007727170  0.003512329914  0.006036357025  0.002004017999  0.002004017999  0.001502258611  0.001502258611  0.001502258611  0.001502258611  0.005527928461  0.007040576914  0.007547173320  0.007550042372  
piranga_bidentata_itm160 0.012125002052  0.013666781220  0.011103515154  0.011103515154  0.009578716774  0.009578716774  0.010593554634  0.010597597934  0.005020903605  0.010589894665  0.006031021676  0.000000000000  0.004516610180  0.001501503491  0.004516610180  0.006536848390  0.004012825787  0.006028924131  0.006536848390  0.009073700411  0.005020903605  0.005020903605  0.004516610180  0.004516610180  0.004516610180  0.004516610180  0.008561911383  0.010080715002  0.010589894665  0.010593554634  
piranga_bidentata_hgoslp104 0.016734478108  0.018290590940  0.014676765661  0.014676765661  0.014168772058  0.014168772058  0.015190398970  0.015196039880  0.009575194127  0.015185144569  0.010593554634  0.004516610180  0.000000000000  0.006027207171  0.009066792021  0.011103515154  0.008558907271  0.010589894665  0.011103515154  0.013661163115  0.009575194127  0.009575194127  0.009066792021  0.009066792021  0.009066792021  0.009066792021  0.013143614284  0.014671775889  0.015185144569  0.015190398970  
piranga_bidentata_itm141 0.010602024192  0.012140637818  0.009582621845  0.009582621845  0.008060920253  0.008060920253  0.009073700411  0.009077727473  0.003512329914  0.009070055136  0.004520409530  0.001501503491  0.006027207171  0.000000000000  0.003009052631  0.005025213919  0.002506282333  0.004518320326  0.005025213919  0.007556923089  0.003512329914  0.003512329914  0.003009052631  0.003009052631  0.003009052631  0.003009052631  0.007046180369  0.008561911383  0.009070055136  0.009073700411  
piranga_olivacea_ku2699 0.007550042372  0.009077727473  0.006536848390  0.006536848390  0.005022869104  0.005022869104  0.006031021676  0.006033499432  0.000500250621  0.006028924131  0.001502258611  0.004516610180  0.009066792021  0.003009052631  0.000000000000  0.002004017999  0.000500250621  0.001501692290  0.002004017999  0.004520409530  0.000500250621  0.000500250621  0.000000000000  0.000000000000  0.000000000000  0.000000000000  0.004014281096  0.005523865676  0.006028924131  0.006031021676  
piranga_bidentata_tepe59 0.009582621845  0.011117577737  0.008565297390  0.008565297390  0.007046180369  0.007046180369  0.008057411728  0.008060920253  0.002506282333  0.008054284461  0.003512329914  0.006536848390  0.011103515154  0.005025213919  0.002004017999  0.000000000000  0.002506282333  0.003510750385  0.004016115205  0.006542697817  0.002506282333  0.002506282333  0.002004017999  0.002004017999  0.002004017999  0.002004017999  0.006033499432  0.007547173320  0.008054284461  0.008057411728  
piranga_flava_ku90809 0.008057411728  0.009586908970  0.007043188275  0.007043188275  0.005527928461  0.005527928461  0.006536848390  0.006539583055  0.001001003155  0.006534494197  0.002004017999  0.004012825787  0.008558907271  0.002506282333  0.000500250621  0.002506282333  0.000000000000  0.002003199140  0.002506282333  0.005025213919  0.001001003155  0.001001003155  0.000500250621  0.000500250621  0.000500250621  0.000500250621  0.004518320326  0.006028924131  0.006534494197  0.006536848390  
piranga_hepatica_ku4970 0.009070055136  0.010602024192  0.008054284461  0.008054284461  0.006536848390  0.006536848390  0.007547173320  0.007550042372  0.002003199140  0.007544685638  0.003007727170  0.006028924131  0.010589894665  0.004518320326  0.001501692290  0.003510750385  0.002003199140  0.000000000000  0.002505210428  0.005022869104  0.001000688865  0.001000688865  0.001501692290  0.001501692290  0.001501692290  0.001501692290  0.005525707093  0.007038346660  0.007544685638  0.007547173320  
piranga_lutea_lsu5400 0.009582621845  0.011117577737  0.008565297390  0.008565297390  0.007046180369  0.007046180369  0.008057411728  0.008060920253  0.002506282333  0.008054284461  0.003512329914  0.006536848390  0.011103515154  0.005025213919  0.002004017999  0.004016115205  0.002506282333  0.002505210428  0.000000000000  0.002506282333  0.001502258611  0.001502258611  0.002004017999  0.002004017999  0.002004017999  0.002004017999  0.006033499432  0.007547173320  0.008054284461  0.008057411728  
piranga_hepatica_ku9084 0.012135042380  0.013679170788  0.011112507231  0.011112507231  0.009586908970  0.009586908970  0.010602024192  0.010606833037  0.005025213919  0.010597597934  0.006036357025  0.009073700411  0.013661163115  0.007556923089  0.004520409530  0.006542697817  0.005025213919  0.005022869104  0.002506282333  0.000000000000  0.004016115205  0.004016115205  0.004520409530  0.004520409530  0.004520409530  0.004520409530  0.008569064920  0.010087897353  0.010597597934  0.010602024192  
piranga_flava_lsu15408 0.008057411728  0.009586908970  0.007043188275  0.007043188275  0.005527928461  0.005527928461  0.006536848390  0.006539583055  0.001001003155  0.006534494197  0.002004017999  0.005020903605  0.009575194127  0.003512329914  0.000500250621  0.002506282333  0.001001003155  0.001000688865  0.001502258611  0.004016115205  0.000000000000  0.000000000000  0.000500250621  0.000500250621  0.000500250621  0.000500250621  0.004518320326  0.006028924131  0.006534494197  0.006536848390  
piranga_lutea_ku89864 0.008057411728  0.009586908970  0.007043188275  0.007043188275  0.005527928461  0.005527928461  0.006536848390  0.006539583055  0.001001003155  0.006534494197  0.002004017999  0.005020903605  0.009575194127  0.003512329914  0.000500250621  0.002506282333  0.001001003155  0.001000688865  0.001502258611  0.004016115205  0.000000000000  0.000000000000  0.000500250621  0.000500250621  0.000500250621  0.000500250621  0.004518320326  0.006028924131  0.006534494197  0.006536848390  
piranga_ludoviciana_sdsu2650 0.007550042372  0.009077727473  0.006536848390  0.006536848390  0.005022869104  0.005022869104  0.006031021676  0.006033499432  0.000500250621  0.006028924131  0.001502258611  0.004516610180  0.009066792021  0.003009052631  0.000000000000  0.002004017999  0.000500250621  0.001501692290  0.002004017999  0.004520409530  0.000500250621  0.000500250621  0.000000000000  0.000000000000  0.000000000000  0.000000000000  0.004014281096  0.005523865676  0.006028924131  0.006031021676  
piranga_ludoviciana_sdsu2385 0.007550042372  0.009077727473  0.006536848390  0.006536848390  0.005022869104  0.005022869104  0.006031021676  0.006033499432  0.000500250621  0.006028924131  0.001502258611  0.004516610180  0.009066792021  0.003009052631  0.000000000000  0.002004017999  0.000500250621  0.001501692290  0.002004017999  0.004520409530  0.000500250621  0.000500250621  0.000000000000  0.000000000000  0.000000000000  0.000000000000  0.004014281096  0.005523865676  0.006028924131  0.006031021676  
piranga_ludoviciana_sdsu2648 0.007550042372  0.009077727473  0.006536848390  0.006536848390  0.005022869104  0.005022869104  0.006031021676  0.006033499432  0.000500250621  0.006028924131  0.001502258611  0.004516610180  0.009066792021  0.003009052631  0.000000000000  0.002004017999  0.000500250621  0.001501692290  0.002004017999  0.004520409530  0.000500250621  0.000500250621  0.000000000000  0.000000000000  0.000000000000  0.000000000000  0.004014281096  0.005523865676  0.006028924131  0.006031021676  
piranga_ludoviciana_sdsu2208 0.007550042372  0.009077727473  0.006536848390  0.006536848390  0.005022869104  0.005022869104  0.006031021676  0.006033499432  0.000500250621  0.006028924131  0.001502258611  0.004516610180  0.009066792021  0.003009052631  0.000000000000  0.002004017999  0.000500250621  0.001501692290  0.002004017999  0.004520409530  0.000500250621  0.000500250621  0.000000000000  0.000000000000  0.000000000000  0.000000000000  0.004014281096  0.005523865676  0.006028924131  0.006031021676  
piranga_rubra_ku7046 0.011618563357  0.013159676783  0.010597597934  0.010597597934  0.009073700411  0.009073700411  0.010087897353  0.010092062752  0.004518320326  0.010084114645  0.005527928461  0.008561911383  0.013143614284  0.007046180369  0.004014281096  0.006033499432  0.004518320326  0.005525707093  0.006033499432  0.008569064920  0.004518320326  0.004518320326  0.004014281096  0.004014281096  0.004014281096  0.004014281096  0.000000000000  0.001501503491  0.002002758057  0.003007727170  
piranga_rubra_sdsu2635 0.013143614284  0.014687903544  0.012120557905  0.012120557905  0.010593554634  0.010593554634  0.011609815051  0.011613997271  0.006028924131  0.011606017073  0.007040576914  0.010080715002  0.014671775889  0.008561911383  0.005523865676  0.007547173320  0.006028924131  0.007038346660  0.007547173320  0.010087897353  0.006028924131  0.006028924131  0.005523865676  0.005523865676  0.005523865676  0.005523865676  0.001501503491  0.000000000000  0.001501503491  0.002505210428  
piranga_rubra_sdsu2654 0.013655929957  0.015202066928  0.012631823959  0.012631823959  0.011103515154  0.011103515154  0.012120557905  0.012125002052  0.006534494197  0.012116498268  0.007547173320  0.010589894665  0.015185144569  0.009070055136  0.006028924131  0.008054284461  0.006534494197  0.007544685638  0.008054284461  0.010597597934  0.006534494197  0.006534494197  0.006028924131  0.006028924131  0.006028924131  0.006028924131  0.002002758057  0.001501503491  0.000000000000  0.003007727170  
piranga_rubra_ku26592 0.013661163115  0.015208479742  0.012636530570  0.012636530570  0.011107819580  0.011107819580  0.012125002052  0.012129830335  0.006536848390  0.012120557905  0.007550042372  0.010593554634  0.015190398970  0.009073700411  0.006031021676  0.008057411728  0.006536848390  0.007547173320  0.008057411728  0.010602024192  0.006536848390  0.006536848390  0.006031021676  0.006031021676  0.006031021676  0.006031021676  0.003007727170  0.002505210428  0.003007727170  0.000000000000  

