30
piranga_rubra_ku26592 0.000000000000  0.006275019224  0.005377718498  0.011652945892  0.008991438193  0.015365843209  0.004874419207  0.013545605773  0.001795481163  0.008989473485  0.005572508612  0.011017026946  0.007183814901  0.008534350360  0.001784268479  0.006460557577  0.007177369668  0.005377718498  0.005710402365  0.006279914036  0.008991438193  0.006441730476  0.010803165184  0.009474986301  0.012623544956  0.009671260704  0.005343236828  0.007183814901  0.001783299455  0.005372902787  
piranga_flava_ku90809 0.006275019224  0.000000000000  0.002681945591  0.008719507549  0.006279983920  0.012625357726  0.001944548160  0.010803325154  0.004502104497  0.005378431394  0.002778830520  0.006982315527  0.002679550117  0.005668043560  0.006275019224  0.001071864171  0.002679550117  0.002679550117  0.002847405287  0.003579085823  0.008087997505  0.001832312927  0.008085021159  0.005664774785  0.009893965439  0.007244848610  0.000000000000  0.004477912307  0.006271292379  0.002679550117  
piranga_ludoviciana_sdsu2385 0.005377718498  0.002681945591  0.000000000000  0.007739050350  0.007180045656  0.011707919750  0.000971860679  0.009898296621  0.003600967949  0.005373614411  0.000000000000  0.006988377403  0.003581621899  0.006630897431  0.005377718498  0.003219368585  0.003578417749  0.001787457787  0.000000000000  0.002681299802  0.007180045656  0.002752646475  0.007176692262  0.005668043560  0.008983360652  0.007236111068  0.000000000000  0.003578417749  0.005373614411  0.001785861709  
piranga_rubriceps_lsu265 0.011652945892  0.008719507549  0.007739050350  0.000000000000  0.003858756063  0.005801715176  0.007016479039  0.006778664711  0.009758199166  0.011646692768  0.007739050350  0.009992220075  0.009701396776  0.012951186320  0.011652945892  0.008614035643  0.009691993943  0.005799650584  0.007845303531  0.008714525192  0.003858756063  0.008966305451  0.000000000000  0.008714525192  0.003858756063  0.003607546139  0.005335448330  0.007739050350  0.011646692768  0.007739050350  
piranga_leucoptera_lsu7783 0.008991438193  0.006279983920  0.007180045656  0.003858756063  0.000000000000  0.009908631789  0.006834627691  0.008099436328  0.007225440478  0.010803165184  0.007433573330  0.009998341097  0.007186495677  0.008529291941  0.008991438193  0.006450392818  0.007180045656  0.005380308947  0.007617611175  0.008084884253  0.001787457787  0.006444503061  0.003579085823  0.009471669849  0.005382542849  0.004820376709  0.004266197941  0.008991438193  0.008986491054  0.007180045656  
cardinalis_cardinalis_ku25393 0.015365843209  0.012625357726  0.011707919750  0.005801715176  0.009908631789  0.000000000000  0.009791957516  0.007186495677  0.013619402975  0.015357602403  0.011190513465  0.013042143237  0.013545605773  0.016231511544  0.015365843209  0.011894689578  0.013533383926  0.009898296621  0.010503192133  0.012619780789  0.009908631789  0.012958545525  0.008087997505  0.012347660259  0.009899713992  0.003611889506  0.008572692608  0.011707919750  0.015357602403  0.011707919750  
piranga_olivacea_ku2699 0.004874419207  0.001944548160  0.000971860679  0.007016479039  0.006834627691  0.009791957516  0.000000000000  0.009801555374  0.002930087912  0.004875237171  0.000971860679  0.006161979567  0.002921527553  0.005861013558  0.004874419207  0.002143835767  0.002918685205  0.000971860679  0.000971860679  0.001945700505  0.006834627691  0.001943809466  0.006831589897  0.004884762995  0.008804655783  0.006023170688  0.000000000000  0.002921527553  0.004870488178  0.000970917083  
cardinalis_cardinalis_ku21828 0.013545605773  0.010803325154  0.009898296621  0.006778664711  0.008099436328  0.007186495677  0.009801555374  0.000000000000  0.011792889245  0.012631167201  0.010258310516  0.013047561903  0.011718473912  0.015261941349  0.013545605773  0.011900939096  0.011718473912  0.008085021159  0.010513230818  0.010807519256  0.008099436328  0.011097371457  0.006285623058  0.011398528293  0.008092153748  0.004827406155  0.009659178389  0.009898296621  0.013538983975  0.009898296621  
piranga_rubra_ku7046 0.001795481163  0.004502104497  0.003600967949  0.009758199166  0.007225440478  0.013619402975  0.002930087912  0.011792889245  0.000000000000  0.007223496961  0.003731996902  0.008994960090  0.005411671713  0.006649795211  0.001795481163  0.005377718498  0.005406795027  0.003600967949  0.003813838417  0.004505462811  0.007225440478  0.004609298717  0.009043380115  0.006656944204  0.010868463003  0.008452135832  0.003198772452  0.005411671713  0.001794499920  0.003597729106  
piranga_bidentata_hgoslp104 0.008989473485  0.005378431394  0.005373614411  0.011646692768  0.010803165184  0.015357602403  0.004875237171  0.012631167201  0.007223496961  0.000000000000  0.005568101745  0.010005917183  0.006285553079  0.009501100950  0.008989473485  0.006454633709  0.007178126373  0.004481234590  0.005705774640  0.002679550117  0.010803165184  0.006442504132  0.010797794177  0.008521216210  0.012615388550  0.010885955131  0.004266197941  0.007178126373  0.008983360652  0.003575886210  
piranga_ludoviciana_sdsu2648 0.005572508612  0.002778830520  0.000000000000  0.007739050350  0.007433573330  0.011190513465  0.000971860679  0.010258310516  0.003731996902  0.005568101745  0.000000000000  0.006988377403  0.003711221397  0.006662453687  0.005572508612  0.003219368585  0.003707781281  0.001852010481  0.000000000000  0.002778137313  0.007433573330  0.002854804236  0.007429978245  0.005668043560  0.009309529721  0.007236111068  0.000000000000  0.003707781281  0.005568101745  0.001850297094  
piranga_roseogularis_ku2049 0.011017026946  0.006982315527  0.006988377403  0.009992220075  0.009998341097  0.013042143237  0.006161979567  0.013047561903  0.008994960090  0.010005917183  0.006988377403  0.000000000000  0.007995106406  0.011219295979  0.011017026946  0.008633619503  0.008994960090  0.003980844621  0.007037559405  0.007995106406  0.009998341097  0.008166502124  0.009992220075  0.002979560185  0.012022754621  0.009671260704  0.006419086075  0.009003959273  0.011007022197  0.006981407463  
piranga_hepatica_ku4970 0.007183814901  0.002679550117  0.003581621899  0.009701396776  0.007186495677  0.013545605773  0.002921527553  0.011718473912  0.005411671713  0.006285553079  0.003711221397  0.007995106406  0.000000000000  0.004722489922  0.007183814901  0.001071864171  0.001785861709  0.003578417749  0.003802960452  0.004481234590  0.008999530274  0.000915789418  0.008994574202  0.006619174944  0.010809718204  0.009682966844  0.002132406922  0.003581621899  0.007178126373  0.003578417749  
piranga_hepatica_ku9084 0.008534350360  0.005668043560  0.006630897431  0.012951186320  0.008529291941  0.016231511544  0.005861013558  0.015261941349  0.006649795211  0.009501100950  0.006662453687  0.011219295979  0.004722489922  0.000000000000  0.008534350360  0.004301947592  0.002827893879  0.006624622018  0.006739428311  0.007585719096  0.010444942623  0.003792144364  0.012360100182  0.009704877685  0.014299420682  0.013363611402  0.005360422211  0.006630897431  0.008527131888  0.006624622018  
piranga_rubra_sdsu2654 0.001784268479  0.006275019224  0.005377718498  0.011652945892  0.008991438193  0.015365843209  0.004874419207  0.013545605773  0.001795481163  0.008989473485  0.005572508612  0.011017026946  0.007183814901  0.008534350360  0.000000000000  0.007545854185  0.007177369668  0.005377718498  0.005710402365  0.006279914036  0.008991438193  0.006441730476  0.010803165184  0.009474986301  0.010799989091  0.009671260704  0.005343236828  0.007183814901  0.001783299455  0.005372902787  
piranga_flava_lsu15408 0.006460557577  0.001071864171  0.003219368585  0.008614035643  0.006450392818  0.011894689578  0.002143835767  0.011900939096  0.005377718498  0.006454633709  0.003219368585  0.008633619503  0.001071864171  0.004301947592  0.007545854185  0.000000000000  0.001070716508  0.003222827087  0.003219368585  0.004297325844  0.008618872971  0.000000000000  0.008614035643  0.005377718498  0.010797231184  0.008472596687  0.001113642771  0.003219368585  0.007538786270  0.003219368585  
piranga_lutea_lsu5400 0.007177369668  0.002679550117  0.003578417749  0.009691993943  0.007180045656  0.013533383926  0.002918685205  0.011718473912  0.005406795027  0.007178126373  0.003707781281  0.008994960090  0.001785861709  0.002827893879  0.007177369668  0.001070716508  0.000000000000  0.003578417749  0.003799348241  0.004477221864  0.008991438193  0.000914951515  0.008986491054  0.007565041219  0.010799989091  0.009671260704  0.002130135760  0.003578417749  0.007171691345  0.003575219327  
piranga_olivacea_ku4672 0.005377718498  0.002679550117  0.001787457787  0.005799650584  0.005380308947  0.009898296621  0.000971860679  0.008085021159  0.003600967949  0.004481234590  0.001852010481  0.003980844621  0.003578417749  0.006624622018  0.005377718498  0.003222827087  0.003578417749  0.000000000000  0.001897699819  0.002683698409  0.005380308947  0.002752646475  0.005378534110  0.002825947593  0.007180045656  0.004819098049  0.001065014860  0.003581621899  0.005373614411  0.001785861709  
piranga_ludoviciana_sdsu2208 0.005710402365  0.002847405287  0.000000000000  0.007845303531  0.007617611175  0.010503192133  0.000971860679  0.010513230818  0.003813838417  0.005705774640  0.000000000000  0.007037559405  0.003802960452  0.006739428311  0.005710402365  0.003219368585  0.003799348241  0.001897699819  0.000000000000  0.002846677505  0.007617611175  0.002887780528  0.007613835348  0.005744011429  0.009540461000  0.007236111068  0.000000000000  0.003799348241  0.005705774640  0.001895900891  
piranga_bidentata_itm160 0.006279914036  0.003579085823  0.002681299802  0.008714525192  0.008084884253  0.012619780789  0.001945700505  0.010807519256  0.004505462811  0.002679550117  0.002778137313  0.007995106406  0.004481234590  0.007585719096  0.006279914036  0.004297325844  0.004477221864  0.002683698409  0.002846677505  0.000000000000  0.008084884253  0.003673727665  0.008080735495  0.006619174944  0.009890812235  0.008452135832  0.002130135760  0.004477221864  0.006275019224  0.000892097189  
piranga_leucoptera_fmnh481795 0.008991438193  0.008087997505  0.007180045656  0.003858756063  0.001787457787  0.009908631789  0.006834627691  0.008099436328  0.007225440478  0.010803165184  0.007433573330  0.009998341097  0.008999530274  0.010444942623  0.008991438193  0.008618872971  0.008991438193  0.005380308947  0.007617611175  0.008084884253  0.000000000000  0.008301144305  0.003579085823  0.009471669849  0.005382542849  0.004820376709  0.005338513020  0.008991438193  0.008986491054  0.007180045656  
piranga_lutea_ku89864 0.006441730476  0.001832312927  0.002752646475  0.008966305451  0.006444503061  0.012958545525  0.001943809466  0.011097371457  0.004609298717  0.006442504132  0.002854804236  0.008166502124  0.000915789418  0.003792144364  0.006441730476  0.000000000000  0.000914951515  0.002752646475  0.002887780528  0.003673727665  0.008301144305  0.000000000000  0.008296769983  0.006799198016  0.010155637039  0.008452135832  0.001071864171  0.002752646475  0.006436580092  0.002750123096  
piranga_rubriceps_lsu34818 0.010803165184  0.008085021159  0.007176692262  0.000000000000  0.003579085823  0.008087997505  0.006831589897  0.006285623058  0.009043380115  0.010797794177  0.007429978245  0.009992220075  0.008994574202  0.012360100182  0.010803165184  0.008614035643  0.008986491054  0.005378534110  0.007613835348  0.008080735495  0.003579085823  0.008296769983  0.000000000000  0.009467482293  0.003579085823  0.003607546139  0.005335448330  0.007176692262  0.010797794177  0.007176692262  
piranga_roseogularis_ku2141 0.009474986301  0.005664774785  0.005668043560  0.008714525192  0.009471669849  0.012347660259  0.004884762995  0.011398528293  0.006656944204  0.008521216210  0.005668043560  0.002979560185  0.006619174944  0.009704877685  0.009474986301  0.005377718498  0.007565041219  0.002825947593  0.005744011429  0.006619174944  0.009471669849  0.006799198016  0.009467482293  0.000000000000  0.011387538618  0.007236111068  0.003198772452  0.007572201863  0.009468194167  0.005662694104  
piranga_erythrocephala_fmnh343371 0.012623544956  0.009893965439  0.008983360652  0.003858756063  0.005382542849  0.009899713992  0.008804655783  0.008092153748  0.010868463003  0.012615388550  0.009309529721  0.012022754621  0.010809718204  0.014299420682  0.010799989091  0.010797231184  0.010799989091  0.007180045656  0.009540461000  0.009890812235  0.005382542849  0.010155637039  0.003579085823  0.011387538618  0.000000000000  0.000000000000  0.007490383854  0.008983360652  0.012615388550  0.008983360652  
piranga_erythrocephala_fmnh343370 0.009671260704  0.007244848610  0.007236111068  0.003607546139  0.004820376709  0.003611889506  0.006023170688  0.004827406155  0.008452135832  0.010885955131  0.007236111068  0.009671260704  0.009682966844  0.013363611402  0.009671260704  0.008472596687  0.009671260704  0.004819098049  0.007236111068  0.008452135832  0.004820376709  0.008452135832  0.003607546139  0.007236111068  0.000000000000  0.000000000000  0.005046668623  0.008452135832  0.010885955131  0.007236111068  
piranga_ludoviciana_sdsu2650 0.005343236828  0.000000000000  0.000000000000  0.005335448330  0.004266197941  0.008572692608  0.000000000000  0.009659178389  0.003198772452  0.004266197941  0.000000000000  0.006419086075  0.002132406922  0.005360422211  0.005343236828  0.001113642771  0.002130135760  0.001065014860  0.000000000000  0.002130135760  0.005338513020  0.001071864171  0.005335448330  0.003198772452  0.007490383854  0.005046668623  0.000000000000  0.003198772452  0.004269802560  0.001063881810  
piranga_bidentata_tepe59 0.007183814901  0.004477912307  0.003578417749  0.007739050350  0.008991438193  0.011707919750  0.002921527553  0.009898296621  0.005411671713  0.007178126373  0.003707781281  0.009003959273  0.003581621899  0.006630897431  0.007183814901  0.003219368585  0.003578417749  0.003581621899  0.003799348241  0.004477221864  0.008991438193  0.002752646475  0.007176692262  0.007572201863  0.008983360652  0.008452135832  0.003198772452  0.000000000000  0.007178126373  0.003578417749  
piranga_rubra_sdsu2635 0.001783299455  0.006271292379  0.005373614411  0.011646692768  0.008986491054  0.015357602403  0.004870488178  0.013538983975  0.001794499920  0.008983360652  0.005568101745  0.011007022197  0.007178126373  0.008527131888  0.001783299455  0.007538786270  0.007171691345  0.005373614411  0.005705774640  0.006275019224  0.008986491054  0.006436580092  0.010797794177  0.009468194167  0.012615388550  0.010885955131  0.004269802560  0.007178126373  0.000000000000  0.005368806050  
piranga_bidentata_itm141 0.005372902787  0.002679550117  0.001785861709  0.007739050350  0.007180045656  0.011707919750  0.000970917083  0.009898296621  0.003597729106  0.003575886210  0.001850297094  0.006981407463  0.003578417749  0.006624622018  0.005372902787  0.003219368585  0.003575219327  0.001785861709  0.001895900891  0.000892097189  0.007180045656  0.002750123096  0.007176692262  0.005662694104  0.008983360652  0.007236111068  0.001063881810  0.003578417749  0.005368806050  0.000000000000  

