30
piranga_rubra_ku26592 0.000000000000  0.018330645498  0.016385381396  0.022279390714  0.021289029514  0.021530449136  0.013566337726  0.020339549275  0.014428405492  0.020300790954  0.016404684614  0.023652640096  0.012486359335  0.013548902606  0.015381546818  0.031575258519  0.021740549246  0.018340026664  0.016512993828  0.023362514810  0.021762437872  0.017348720617  0.022279390714  0.017849246762  0.022292368724  0.023976148584  0.021942498123  0.019324940567  0.015391122016  0.023271883694  
piranga_flava_ku90809 0.018330645498  0.000000000000  0.008606254116  0.020262770713  0.020262770713  0.020488911509  0.007863293409  0.019259808863  0.009572214006  0.011510226068  0.010023423536  0.022448043527  0.009566895816  0.011025535987  0.010523104760  0.010863165944  0.010256726569  0.015383040407  0.012335591751  0.016432902023  0.021722508814  0.002855121346  0.020262770713  0.017812293193  0.021257692600  0.021189849449  0.014463479167  0.016360726101  0.008598602524  0.016369602209  
piranga_ludoviciana_sdsu2385 0.016385381396  0.008606254116  0.000000000000  0.017332014247  0.018312975897  0.019513512608  0.004481012698  0.018247370723  0.008606254116  0.006680384224  0.007491908022  0.020178991054  0.008601795330  0.009794345935  0.008598602524  0.015560095114  0.013358922997  0.013447626190  0.008181615513  0.012530423776  0.018719746924  0.007642313664  0.017332014247  0.013811382219  0.019306283646  0.019852040517  0.008999922448  0.011492897653  0.006680384224  0.012482295360  
piranga_rubriceps_lsu265 0.022279390714  0.020262770713  0.017332014247  0.000000000000  0.012458269093  0.017526232009  0.016966046765  0.016185124077  0.016353135179  0.020262770713  0.016349581275  0.022448043527  0.010525468703  0.013509774856  0.020249566410  0.034738842528  0.021699887327  0.021257692600  0.020672384830  0.024311566387  0.011751775385  0.019279403339  0.000000000000  0.016805828307  0.015370906333  0.015807990130  0.027425186779  0.021257692600  0.016341822511  0.024217347981  
piranga_leucoptera_lsu7783 0.021289029514  0.020262770713  0.018312975897  0.012458269093  0.000000000000  0.016535794472  0.015816834342  0.015157449337  0.016353135179  0.020262770713  0.010015057630  0.021301466011  0.010525468703  0.012265982340  0.019267978710  0.034738842528  0.021699887327  0.020271327402  0.020672384830  0.019370793453  0.012743348183  0.019279403339  0.012458269093  0.016805828307  0.012462360700  0.011822120344  0.023704372790  0.017340489298  0.015366773225  0.019296029009  
cardinalis_cardinalis_ku25393 0.021530449136  0.020488911509  0.019513512608  0.017526232009  0.016535794472  0.000000000000  0.017201917100  0.004002375553  0.017526232009  0.021486096182  0.016494977888  0.022741187173  0.011619870850  0.009936274253  0.020472755277  0.037050056410  0.020890608671  0.020498981283  0.021992712557  0.023579275559  0.017918694120  0.019493878796  0.017526232009  0.018017492410  0.016528039043  0.018790676328  0.024224329879  0.020498981283  0.016521600032  0.023486958780  
piranga_olivacea_ku2699 0.013566337726  0.007863293409  0.004481012698  0.016966046765  0.015816834342  0.017201917100  0.000000000000  0.016048008496  0.007857740315  0.007857740315  0.010015057630  0.017563095788  0.008985793604  0.012442756733  0.008985793604  0.012815829983  0.011406618289  0.013541237171  0.012406723825  0.011274388388  0.018410020742  0.006731846640  0.016966046765  0.012391334705  0.018129245545  0.020118334630  0.012649662087  0.015816834342  0.006731846640  0.011274388388  
cardinalis_cardinalis_ku21828 0.020339549275  0.019259808863  0.018247370723  0.016185124077  0.015157449337  0.004002375553  0.016048008496  0.000000000000  0.016185124077  0.020294749477  0.016508857419  0.020430970562  0.010057633974  0.008691491853  0.019243371941  0.033742850127  0.018770250693  0.019270173348  0.021827017090  0.022463010380  0.016561418732  0.018227186060  0.016185124077  0.016656956842  0.014132060014  0.017439091653  0.024263730322  0.019270173348  0.015143121289  0.022371625929  
piranga_rubra_ku7046 0.014428405492  0.009572214006  0.008606254116  0.016353135179  0.016353135179  0.017526232009  0.007857740315  0.016185124077  0.000000000000  0.009544803665  0.007469335467  0.017835352818  0.005723617533  0.011032876563  0.008571467818  0.017144703816  0.012317966655  0.011492897653  0.011251809764  0.012479700498  0.016716567722  0.008606254116  0.016353135179  0.013811382219  0.017340489298  0.018502948361  0.012562810552  0.014422933846  0.008574027193  0.012431960672  
piranga_bidentata_hgoslp104 0.020300790954  0.011510226068  0.006680384224  0.020262770713  0.020262770713  0.021486096182  0.007857740315  0.020294749477  0.009544803665  0.000000000000  0.006204541107  0.022372699238  0.009566895816  0.015996499057  0.012422553107  0.020330352924  0.014402234756  0.015383040407  0.008148281732  0.010539196793  0.021722508814  0.010540201812  0.020262770713  0.016805828307  0.021257692600  0.021177048410  0.010736172097  0.014393597610  0.010498958973  0.010498958973  
piranga_ludoviciana_sdsu2648 0.016404684614  0.010023423536  0.007491908022  0.016349581275  0.010015057630  0.016494977888  0.010015057630  0.016508857419  0.007469335467  0.006204541107  0.000000000000  0.018102792876  0.007497336089  0.011068153698  0.013748702759  0.015112471311  0.012599538259  0.012535946015  0.003715467804  0.003720075096  0.014062480051  0.008758649888  0.016349581275  0.015081030382  0.011291676067  0.013492447214  0.005806450882  0.008747704140  0.009971431238  0.003720075096  
piranga_roseogularis_ku2049 0.023652640096  0.022448043527  0.020178991054  0.022448043527  0.021301466011  0.022741187173  0.017563095788  0.020430970562  0.017835352818  0.022372699238  0.018102792876  0.000000000000  0.011114694982  0.012326463612  0.021213517887  0.029878340453  0.021292261284  0.022460218541  0.024245369973  0.025934198959  0.024223640567  0.021301466011  0.022448043527  0.004564096129  0.021325141358  0.019838483962  0.023546975202  0.023610873624  0.016687571756  0.025817729583  
piranga_hepatica_ku4970 0.012486359335  0.009566895816  0.008601795330  0.010525468703  0.010525468703  0.011619870850  0.008985793604  0.010057633974  0.005723617533  0.009566895816  0.007497336089  0.011114694982  0.000000000000  0.004875638771  0.010522020044  0.017128284043  0.010238431460  0.011497400958  0.011294987549  0.014462993327  0.012739068675  0.008601795330  0.010525468703  0.007848548917  0.011497400958  0.011822120344  0.014463479167  0.010540201812  0.006675924303  0.014407423424  
piranga_hepatica_ku9084 0.013548902606  0.011025535987  0.009794345935  0.013509774856  0.012265982340  0.009936274253  0.012442756733  0.008691491853  0.011032876563  0.015996499057  0.011068153698  0.012326463612  0.004875638771  0.000000000000  0.013491770578  0.016179097127  0.012259307177  0.017261411140  0.016020538211  0.021027012614  0.013756693431  0.009788417843  0.013509774856  0.009794345935  0.014768555600  0.014500245288  0.014485423069  0.014756931637  0.008552162791  0.021027012614  
piranga_rubra_sdsu2654 0.015381546818  0.010523104760  0.008598602524  0.020249566410  0.019267978710  0.020472755277  0.008985793604  0.019243371941  0.008571467818  0.012422553107  0.013748702759  0.021213517887  0.010522020044  0.013491770578  0.000000000000  0.018680049934  0.015418186064  0.014397041106  0.014336564560  0.013453023503  0.020704039368  0.009558559801  0.020249566410  0.016793874983  0.020255515893  0.023863324114  0.016179097127  0.017314343875  0.003795741870  0.013401508942  
piranga_flava_lsu15408 0.031575258519  0.010863165944  0.015560095114  0.034738842528  0.034738842528  0.037050056410  0.012815829983  0.033742850127  0.017144703816  0.020330352924  0.015112471311  0.029878340453  0.017128284043  0.016179097127  0.018680049934  0.000000000000  0.017164469928  0.026686784619  0.019202229099  0.026879569343  0.034352858904  0.009295527365  0.034738842528  0.026207475346  0.034793533224  0.029141766397  0.015775565736  0.028303195611  0.015535232144  0.028329418060  
piranga_lutea_lsu5400 0.021740549246  0.010256726569  0.013358922997  0.021699887327  0.021699887327  0.020890608671  0.011406618289  0.018770250693  0.012317966655  0.014402234756  0.012599538259  0.021292261284  0.010238431460  0.012259307177  0.015418186064  0.017164469928  0.000000000000  0.018565618489  0.017753812006  0.019710013403  0.023302620796  0.009220798281  0.021699887327  0.018028539215  0.021718062210  0.022530694901  0.023704372790  0.021729388846  0.013345132499  0.019628555020  
piranga_olivacea_ku4672 0.018340026664  0.015383040407  0.013447626190  0.021257692600  0.020271327402  0.020498981283  0.013541237171  0.019270173348  0.011492897653  0.015383040407  0.012535946015  0.022460218541  0.011497400958  0.017261411140  0.014397041106  0.026686784619  0.018565618489  0.000000000000  0.013358922997  0.016423956726  0.023754323400  0.014407423424  0.021257692600  0.017821248266  0.021268445431  0.025267873584  0.018127085208  0.016369602209  0.012462360700  0.016360726101  
piranga_ludoviciana_sdsu2208 0.016512993828  0.012335591751  0.008181615513  0.020672384830  0.020672384830  0.021992712557  0.012406723825  0.021827017090  0.011251809764  0.008148281732  0.003715467804  0.024245369973  0.011294987549  0.016020538211  0.014336564560  0.019202229099  0.017753812006  0.013358922997  0.000000000000  0.010207079252  0.023124224809  0.010256726569  0.020672384830  0.019640790695  0.022802671095  0.026657354328  0.003556147747  0.013345208514  0.012273560128  0.010207079252  
piranga_bidentata_itm160 0.023362514810  0.016432902023  0.012530423776  0.024311566387  0.019370793453  0.023579275559  0.011274388388  0.022463010380  0.012479700498  0.010539196793  0.003720075096  0.025934198959  0.014462993327  0.021027012614  0.013453023503  0.026879569343  0.019710013403  0.016423956726  0.010207079252  0.000000000000  0.022752404403  0.014470164566  0.024311566387  0.020844937013  0.020371081927  0.023923163946  0.008939006201  0.015442432542  0.011521277638  0.000000000000  
piranga_leucoptera_fmnh481795 0.021762437872  0.021722508814  0.018719746924  0.011751775385  0.012743348183  0.017918694120  0.018410020742  0.016561418732  0.016716567722  0.021722508814  0.014062480051  0.024223640567  0.012739068675  0.013756693431  0.020704039368  0.034352858904  0.023302620796  0.023754323400  0.023124224809  0.022752404403  0.000000000000  0.020715121637  0.011751775385  0.019085669830  0.012739068675  0.009347814997  0.028182927630  0.019733985820  0.018706926242  0.022752404403  
piranga_lutea_ku89864 0.017348720617  0.002855121346  0.007642313664  0.019279403339  0.019279403339  0.019493878796  0.006731846640  0.018227186060  0.008606254116  0.010540201812  0.008758649888  0.021301466011  0.008601795330  0.009788417843  0.009558559801  0.009295527365  0.009220798281  0.014407423424  0.010256726569  0.014470164566  0.020715121637  0.000000000000  0.019279403339  0.015801555577  0.020271327402  0.019838483962  0.012630819627  0.015383040407  0.007636372185  0.015391034541  
piranga_rubriceps_lsu34818 0.022279390714  0.020262770713  0.017332014247  0.000000000000  0.012458269093  0.017526232009  0.016966046765  0.016185124077  0.016353135179  0.020262770713  0.016349581275  0.022448043527  0.010525468703  0.013509774856  0.020249566410  0.034738842528  0.021699887327  0.021257692600  0.020672384830  0.024311566387  0.011751775385  0.019279403339  0.000000000000  0.016805828307  0.015370906333  0.015807990130  0.027425186779  0.021257692600  0.016341822511  0.024217347981  
piranga_roseogularis_ku2141 0.017849246762  0.017812293193  0.013811382219  0.016805828307  0.016805828307  0.018017492410  0.012391334705  0.016656956842  0.013811382219  0.016805828307  0.015081030382  0.004564096129  0.007848548917  0.009794345935  0.016793874983  0.026207475346  0.018028539215  0.017821248266  0.019640790695  0.020844937013  0.019085669830  0.015801555577  0.016805828307  0.000000000000  0.017821248266  0.017157792029  0.019978695260  0.017821248266  0.012801795348  0.020844937013  
piranga_erythrocephala_fmnh343371 0.022292368724  0.021257692600  0.019306283646  0.015370906333  0.012462360700  0.016528039043  0.018129245545  0.014132060014  0.017340489298  0.021257692600  0.011291676067  0.021325141358  0.011497400958  0.014768555600  0.020255515893  0.034793533224  0.021718062210  0.021268445431  0.022802671095  0.020371081927  0.012739068675  0.020271327402  0.015370906333  0.017821248266  0.000000000000  0.003917767718  0.025615092267  0.018332990185  0.016346832840  0.020292332664  
piranga_erythrocephala_fmnh343370 0.023976148584  0.021189849449  0.019852040517  0.015807990130  0.011822120344  0.018790676328  0.020118334630  0.017439091653  0.018502948361  0.021177048410  0.013492447214  0.019838483962  0.011822120344  0.014500245288  0.023863324114  0.029141766397  0.022530694901  0.025267873584  0.026657354328  0.023923163946  0.009347814997  0.019838483962  0.015807990130  0.017157792029  0.003917767718  0.000000000000  0.023737659436  0.019868025227  0.018481619507  0.023923163946  
piranga_ludoviciana_sdsu2650 0.021942498123  0.014463479167  0.008999922448  0.027425186779  0.023704372790  0.024224329879  0.012649662087  0.024263730322  0.012562810552  0.010736172097  0.005806450882  0.023546975202  0.014463479167  0.014485423069  0.016179097127  0.015775565736  0.023704372790  0.018127085208  0.003556147747  0.008939006201  0.028182927630  0.012630819627  0.027425186779  0.019978695260  0.025615092267  0.023737659436  0.000000000000  0.019956360387  0.010747348300  0.008939006201  
piranga_bidentata_tepe59 0.019324940567  0.016360726101  0.011492897653  0.021257692600  0.017340489298  0.020498981283  0.015816834342  0.019270173348  0.014422933846  0.014393597610  0.008747704140  0.023610873624  0.010540201812  0.014756931637  0.017314343875  0.028303195611  0.021729388846  0.016369602209  0.013345208514  0.015442432542  0.019733985820  0.015383040407  0.021257692600  0.017821248266  0.018332990185  0.019868025227  0.019956360387  0.000000000000  0.013425228470  0.015383040407  
piranga_rubra_sdsu2635 0.015391122016  0.008598602524  0.006680384224  0.016341822511  0.015366773225  0.016521600032  0.006731846640  0.015143121289  0.008574027193  0.010498958973  0.009971431238  0.016687571756  0.006675924303  0.008552162791  0.003795741870  0.015535232144  0.013345132499  0.012462360700  0.012273560128  0.011521277638  0.018706926242  0.007636372185  0.016341822511  0.012801795348  0.016346832840  0.018481619507  0.010747348300  0.013425228470  0.000000000000  0.011477198214  
piranga_bidentata_itm141 0.023271883694  0.016369602209  0.012482295360  0.024217347981  0.019296029009  0.023486958780  0.011274388388  0.022371625929  0.012431960672  0.010498958973  0.003720075096  0.025817729583  0.014407423424  0.021027012614  0.013401508942  0.028329418060  0.019628555020  0.016360726101  0.010207079252  0.000000000000  0.022752404403  0.015391034541  0.024217347981  0.020844937013  0.020292332664  0.023923163946  0.008939006201  0.015383040407  0.011477198214  0.000000000000  

