30
piranga_rubra_ku26592 0.000000000000  0.009696854826  0.004833277331  0.016292223570  0.016292223570  0.029650488978  0.006455848955  0.029650488978  0.000000000000  0.006455848955  0.006693521076  0.006925298562  0.004833277331  0.004741606488  0.003208362057  0.009209525975  0.004928562686  0.006455848955  0.004848901535  0.006455848955  0.019597558249  0.009914371370  0.016292223570  0.008841941338  0.024556911720  0.018817631968  0.000000000000  0.006508371170  0.003218688801  0.006455848955  
piranga_flava_ku90809 0.009696854826  0.000000000000  0.004826151906  0.016258042592  0.016258042592  0.033000347303  0.006443932039  0.033000347303  0.008415136194  0.006443932039  0.006680709676  0.006925298562  0.004826151906  0.002364625525  0.009691426813  0.002287654377  0.004921153315  0.006443932039  0.004841729932  0.006443932039  0.019560574139  0.006586135499  0.016258042592  0.010605284488  0.024526757562  0.016426720274  0.000000000000  0.006496259377  0.009722836904  0.006443932039  
piranga_ludoviciana_sdsu2385 0.004833277331  0.004826151906  0.000000000000  0.011343540731  0.011343540731  0.027953218706  0.001605393483  0.027953218706  0.004194644840  0.001605393483  0.001664169788  0.006925298562  0.000000000000  0.000000000000  0.004827939732  0.004583262404  0.000000000000  0.001605393483  0.000000000000  0.001605393483  0.014620272428  0.004931104464  0.011343540731  0.005284515664  0.019547573498  0.014048308884  0.000000000000  0.001618384214  0.004843529353  0.001605393483  
piranga_rubriceps_lsu265 0.016292223570  0.016258042592  0.011343540731  0.000000000000  0.006455848955  0.029622025390  0.012987127486  0.029622025390  0.010542705791  0.012987127486  0.010064044912  0.006925298562  0.011343540731  0.007119447787  0.016273324293  0.006901400971  0.011568514017  0.012987127486  0.011380426626  0.012987127486  0.009705870799  0.014935711394  0.003216472455  0.008829794189  0.014598316338  0.006983046885  0.006761408761  0.013093413052  0.016326466524  0.012987127486  
piranga_leucoptera_lsu7783 0.016292223570  0.016258042592  0.011343540731  0.006455848955  0.000000000000  0.029622025390  0.012987127486  0.029622025390  0.014827930627  0.012987127486  0.010064044912  0.013957654586  0.011343540731  0.011925800237  0.016273324293  0.011561196203  0.011568514017  0.012987127486  0.011380426626  0.012987127486  0.006448112068  0.014935711394  0.006455848955  0.010616076880  0.014598316338  0.011688611196  0.010180175951  0.013093413052  0.016326466524  0.012987127486  
cardinalis_cardinalis_ku25393 0.029650488978  0.033000347303  0.027953218706  0.029622025390  0.029622025390  0.000000000000  0.029650488978  0.003211307892  0.030020617500  0.029650488978  0.029002676675  0.024530742237  0.027953218706  0.029024447216  0.029622025390  0.032877699891  0.028516042891  0.029650488978  0.028045474374  0.029650488978  0.033000347303  0.033755365697  0.029622025390  0.028765298085  0.038061605443  0.033293930143  0.023943318908  0.029896802861  0.029719871643  0.029650488978  
piranga_olivacea_ku2699 0.006455848955  0.006443932039  0.001605393483  0.012987127486  0.012987127486  0.029650488978  0.000000000000  0.029650488978  0.006306561086  0.003216472455  0.003334449790  0.006925298562  0.001605393483  0.000000000000  0.006448112068  0.006890513369  0.001636928488  0.000000000000  0.001610564668  0.003216472455  0.016273324293  0.006586135499  0.012987127486  0.007059751141  0.021211231458  0.014048308884  0.000000000000  0.003242546468  0.006468968679  0.003216472455  
cardinalis_cardinalis_ku21828 0.029650488978  0.033000347303  0.027953218706  0.029622025390  0.029622025390  0.003211307892  0.029650488978  0.000000000000  0.030020617500  0.029650488978  0.029002676675  0.020963911152  0.027953218706  0.029024447216  0.029622025390  0.032877699891  0.028516042891  0.029650488978  0.028045474374  0.029650488978  0.033000347303  0.033755365697  0.029622025390  0.028765298085  0.038061605443  0.033293930143  0.020463374865  0.029896802861  0.029719871643  0.029650488978  
piranga_rubra_ku7046 0.000000000000  0.008415136194  0.004194644840  0.010542705791  0.014827930627  0.030020617500  0.006306561086  0.030020617500  0.000000000000  0.004194644840  0.006306561086  0.006925298562  0.004194644840  0.004810028909  0.004180859110  0.009209525975  0.004248103074  0.006306561086  0.004194644840  0.004194644840  0.019125763917  0.006306561086  0.012680272471  0.008428327511  0.021253649292  0.019087039144  0.000000000000  0.004194644840  0.004180859110  0.004194644840  
piranga_bidentata_hgoslp104 0.006455848955  0.006443932039  0.001605393483  0.012987127486  0.012987127486  0.029650488978  0.003216472455  0.029650488978  0.004194644840  0.000000000000  0.003334449790  0.006925298562  0.001605393483  0.000000000000  0.006448112068  0.004583262404  0.001636928488  0.003216472455  0.001610564668  0.000000000000  0.016273324293  0.006586135499  0.012987127486  0.005284515664  0.021211231458  0.014048308884  0.000000000000  0.000000000000  0.006468968679  0.000000000000  
piranga_ludoviciana_sdsu2648 0.006693521076  0.006680709676  0.001664169788  0.010064044912  0.010064044912  0.029002676675  0.003334449790  0.029002676675  0.006306561086  0.003334449790  0.000000000000  0.010427887919  0.001664169788  0.002364625525  0.006685203699  0.006890513369  0.001698080558  0.003334449790  0.001669727213  0.003334449790  0.013453194301  0.006685203699  0.010064044912  0.007059751141  0.016840040210  0.016426720274  0.003368142650  0.003334449790  0.006707624958  0.003334449790  
piranga_roseogularis_ku2049 0.006925298562  0.006925298562  0.006925298562  0.006925298562  0.013957654586  0.024530742237  0.006925298562  0.020963911152  0.006925298562  0.006925298562  0.010427887919  0.000000000000  0.006925298562  0.006925298562  0.006925298562  0.006925298562  0.006925298562  0.006925298562  0.006925298562  0.006925298562  0.021041012283  0.010427887919  0.006925298562  0.000000000000  0.010427887919  0.010427887919  0.007173703732  0.006925298562  0.006925298562  0.006925298562  
piranga_hepatica_ku4970 0.004833277331  0.004826151906  0.000000000000  0.011343540731  0.011343540731  0.027953218706  0.001605393483  0.027953218706  0.004194644840  0.001605393483  0.001664169788  0.006925298562  0.000000000000  0.000000000000  0.004827939732  0.004583262404  0.000000000000  0.001605393483  0.000000000000  0.001605393483  0.014620272428  0.004931104464  0.011343540731  0.005284515664  0.019547573498  0.014048308884  0.000000000000  0.001618384214  0.004843529353  0.001605393483  
piranga_hepatica_ku9084 0.004741606488  0.002364625525  0.000000000000  0.007119447787  0.011925800237  0.029024447216  0.000000000000  0.029024447216  0.004810028909  0.000000000000  0.002364625525  0.006925298562  0.000000000000  0.000000000000  0.004735181234  0.004885552920  0.000000000000  0.000000000000  0.000000000000  0.000000000000  0.016758315307  0.002364625525  0.009516276430  0.004741606488  0.014316484915  0.014316484915  0.000000000000  0.000000000000  0.004757709973  0.000000000000  
piranga_rubra_sdsu2654 0.003208362057  0.009691426813  0.004827939732  0.016273324293  0.016273324293  0.029622025390  0.006448112068  0.029622025390  0.004180859110  0.006448112068  0.006685203699  0.006925298562  0.004827939732  0.004735181234  0.000000000000  0.009200978087  0.004923012442  0.006448112068  0.004843529353  0.006448112068  0.019577241385  0.009904962655  0.016273324293  0.008829794189  0.024539972392  0.018803420344  0.000000000000  0.006500507812  0.000000000000  0.006448112068  
piranga_flava_lsu15408 0.009209525975  0.002287654377  0.004583262404  0.006901400971  0.011561196203  0.032877699891  0.006890513369  0.032877699891  0.009209525975  0.004583262404  0.006890513369  0.006925298562  0.004583262404  0.004885552920  0.009200978087  0.000000000000  0.004583262404  0.006890513369  0.004583262404  0.004583262404  0.016238348289  0.006890513369  0.009225332207  0.009209525975  0.016214802115  0.014501558541  0.000000000000  0.004583262404  0.009200978087  0.004583262404  
piranga_lutea_lsu5400 0.004928562686  0.004921153315  0.000000000000  0.011568514017  0.011568514017  0.028516042891  0.001636928488  0.028516042891  0.004248103074  0.001636928488  0.001698080558  0.006925298562  0.000000000000  0.000000000000  0.004923012442  0.004583262404  0.000000000000  0.001636928488  0.000000000000  0.001636928488  0.014910964373  0.005030325446  0.011568514017  0.005398633631  0.019937340755  0.014454449646  0.000000000000  0.001650436738  0.004923012442  0.001636928488  
piranga_olivacea_ku4672 0.006455848955  0.006443932039  0.001605393483  0.012987127486  0.012987127486  0.029650488978  0.000000000000  0.029650488978  0.006306561086  0.003216472455  0.003334449790  0.006925298562  0.001605393483  0.000000000000  0.006448112068  0.006890513369  0.001636928488  0.000000000000  0.001610564668  0.003216472455  0.016273324293  0.006586135499  0.012987127486  0.007059751141  0.021211231458  0.014048308884  0.000000000000  0.003242546468  0.006468968679  0.003216472455  
piranga_ludoviciana_sdsu2208 0.004848901535  0.004841729932  0.000000000000  0.011380426626  0.011380426626  0.028045474374  0.001610564668  0.028045474374  0.004194644840  0.001610564668  0.001669727213  0.006925298562  0.000000000000  0.000000000000  0.004843529353  0.004583262404  0.000000000000  0.001610564668  0.000000000000  0.001610564668  0.014667931364  0.004947368578  0.011380426626  0.005303199101  0.019611472834  0.014114406516  0.000000000000  0.001623639565  0.004843529353  0.001610564668  
piranga_bidentata_itm160 0.006455848955  0.006443932039  0.001605393483  0.012987127486  0.012987127486  0.029650488978  0.003216472455  0.029650488978  0.004194644840  0.000000000000  0.003334449790  0.006925298562  0.001605393483  0.000000000000  0.006448112068  0.004583262404  0.001636928488  0.003216472455  0.001610564668  0.000000000000  0.016273324293  0.006586135499  0.012987127486  0.005284515664  0.021211231458  0.014048308884  0.000000000000  0.000000000000  0.006468968679  0.000000000000  
piranga_leucoptera_fmnh481795 0.019597558249  0.019560574139  0.014620272428  0.009705870799  0.006448112068  0.033000347303  0.016273324293  0.033000347303  0.019125763917  0.016273324293  0.013453194301  0.021041012283  0.014620272428  0.016758315307  0.019577241385  0.016238348289  0.014910964373  0.016273324293  0.014667931364  0.016273324293  0.000000000000  0.018302146187  0.009705870799  0.014193146771  0.017889977488  0.016426720274  0.017050303823  0.016406833919  0.019641336917  0.016273324293  
piranga_lutea_ku89864 0.009914371370  0.006586135499  0.004931104464  0.014935711394  0.014935711394  0.033755365697  0.006586135499  0.033755365697  0.006306561086  0.006586135499  0.006685203699  0.010427887919  0.004931104464  0.002364625525  0.009904962655  0.006890513369  0.005030325446  0.006586135499  0.004947368578  0.006586135499  0.018302146187  0.000000000000  0.014935711394  0.010616076880  0.021658594327  0.016426720274  0.003368142650  0.006586135499  0.009937774725  0.006586135499  
piranga_rubriceps_lsu34818 0.016292223570  0.016258042592  0.011343540731  0.003216472455  0.006455848955  0.029622025390  0.012987127486  0.029622025390  0.012680272471  0.012987127486  0.010064044912  0.006925298562  0.011343540731  0.009516276430  0.016273324293  0.009225332207  0.011568514017  0.012987127486  0.011380426626  0.012987127486  0.009705870799  0.014935711394  0.000000000000  0.008829794189  0.014598316338  0.009329744881  0.006761408761  0.013093413052  0.016326466524  0.012987127486  
piranga_roseogularis_ku2141 0.008841941338  0.010605284488  0.005284515664  0.008829794189  0.010616076880  0.028765298085  0.007059751141  0.028765298085  0.008428327511  0.005284515664  0.007059751141  0.000000000000  0.005284515664  0.004741606488  0.008829794189  0.009209525975  0.005398633631  0.007059751141  0.005303199101  0.005284515664  0.014193146771  0.010616076880  0.008829794189  0.000000000000  0.017767650911  0.014048308884  0.006761408761  0.005284515664  0.008861091711  0.005284515664  
piranga_erythrocephala_fmnh343371 0.024556911720  0.024526757562  0.019547573498  0.014598316338  0.014598316338  0.038061605443  0.021211231458  0.038061605443  0.021253649292  0.021211231458  0.016840040210  0.010427887919  0.019547573498  0.014316484915  0.024539972392  0.016214802115  0.019937340755  0.021211231458  0.019611472834  0.021211231458  0.017889977488  0.021658594327  0.014598316338  0.017767650911  0.000000000000  0.000000000000  0.017020725128  0.019708109083  0.024620544077  0.021211231458  
piranga_erythrocephala_fmnh343370 0.018817631968  0.016426720274  0.014048308884  0.006983046885  0.011688611196  0.033293930143  0.014048308884  0.033293930143  0.019087039144  0.014048308884  0.016426720274  0.010427887919  0.014048308884  0.014316484915  0.018803420344  0.014501558541  0.014454449646  0.014048308884  0.014114406516  0.014048308884  0.016426720274  0.016426720274  0.009329744881  0.014048308884  0.000000000000  0.000000000000  0.017020725128  0.014048308884  0.018892237524  0.014048308884  
piranga_ludoviciana_sdsu2650 0.000000000000  0.000000000000  0.000000000000  0.006761408761  0.010180175951  0.023943318908  0.000000000000  0.020463374865  0.000000000000  0.000000000000  0.003368142650  0.007173703732  0.000000000000  0.000000000000  0.000000000000  0.000000000000  0.000000000000  0.000000000000  0.000000000000  0.000000000000  0.017050303823  0.003368142650  0.006761408761  0.006761408761  0.017020725128  0.017020725128  0.000000000000  0.000000000000  0.000000000000  0.000000000000  
piranga_bidentata_tepe59 0.006508371170  0.006496259377  0.001618384214  0.013093413052  0.013093413052  0.029896802861  0.003242546468  0.029896802861  0.004194644840  0.000000000000  0.003334449790  0.006925298562  0.001618384214  0.000000000000  0.006500507812  0.004583262404  0.001650436738  0.003242546468  0.001623639565  0.000000000000  0.016406833919  0.006586135499  0.013093413052  0.005284515664  0.019708109083  0.014048308884  0.000000000000  0.000000000000  0.006521705313  0.000000000000  
piranga_rubra_sdsu2635 0.003218688801  0.009722836904  0.004843529353  0.016326466524  0.016326466524  0.029719871643  0.006468968679  0.029719871643  0.004180859110  0.006468968679  0.006707624958  0.006925298562  0.004843529353  0.004757709973  0.000000000000  0.009200978087  0.004923012442  0.006468968679  0.004843529353  0.006468968679  0.019641336917  0.009937774725  0.016326466524  0.008861091711  0.024620544077  0.018892237524  0.000000000000  0.006521705313  0.000000000000  0.006468968679  
piranga_bidentata_itm141 0.006455848955  0.006443932039  0.001605393483  0.012987127486  0.012987127486  0.029650488978  0.003216472455  0.029650488978  0.004194644840  0.000000000000  0.003334449790  0.006925298562  0.001605393483  0.000000000000  0.006448112068  0.004583262404  0.001636928488  0.003216472455  0.001610564668  0.000000000000  0.016273324293  0.006586135499  0.012987127486  0.005284515664  0.021211231458  0.014048308884  0.000000000000  0.000000000000  0.006468968679  0.000000000000  

