30
cardinalis_cardinalis_ku21828 0.000000000000  0.000000000000  0.014679086869  0.013657699020  0.014160705422  0.016715683585  0.015707735646  0.013150188256  0.015182584123  0.016720781220  0.011108312360  0.014673896285  0.014679086869  0.013652673786  0.014679086869  0.013140302597  0.013140302597  0.013140302597  0.013140302597  0.012121371256  0.013140302597  0.013140302597  0.012632925385  0.012121371256  0.013145034238  0.015701954071  0.012121371256  0.012121371256  0.012121371256  0.010597833357  
cardinalis_cardinalis_ku25393 0.000000000000  0.000000000000  0.014679086869  0.013657699020  0.014160705422  0.016715683585  0.015707735646  0.013150188256  0.015182584123  0.016720781220  0.011108312360  0.014673896285  0.014679086869  0.013652673786  0.014679086869  0.013140302597  0.013140302597  0.013140302597  0.013140302597  0.012121371256  0.013140302597  0.013140302597  0.012632925385  0.012121371256  0.013145034238  0.015701954071  0.012121371256  0.012121371256  0.012121371256  0.010597833357  
piranga_roseogularis_ku2049 0.014679086869  0.014679086869  0.000000000000  0.001000706469  0.012620876902  0.015169950563  0.014160705422  0.011610370650  0.013640137989  0.015173736323  0.008558461354  0.012110198735  0.012113500596  0.011093216542  0.012113500596  0.011603083035  0.011603083035  0.010583899928  0.010583899928  0.009569185384  0.010583899928  0.010583899928  0.010077694644  0.009569185384  0.010586752039  0.013132107892  0.009569185384  0.009569185384  0.009569185384  0.008051014475  
piranga_roseogularis_ku2141 0.013657699020  0.013657699020  0.001000706469  0.000000000000  0.011603083035  0.014148561377  0.013140302597  0.010593719118  0.012620876902  0.014152185007  0.007546493063  0.011093216542  0.011096358754  0.010077694644  0.011096358754  0.010586752039  0.010586752039  0.009569185384  0.009569185384  0.008555924260  0.009569185384  0.009569185384  0.009063628721  0.008555924260  0.009571879583  0.012113500596  0.008555924260  0.008555924260  0.008555924260  0.007039847626  
piranga_rubriceps_lsu265 0.014160705422  0.014160705422  0.012620876902  0.011603083035  0.000000000000  0.002504288634  0.011606515974  0.009066454081  0.011090496102  0.012617706522  0.009063628721  0.012617706522  0.012620876902  0.011600072199  0.012620876902  0.012110198735  0.012110198735  0.011090496102  0.011090496102  0.010075132008  0.011090496102  0.011090496102  0.010583899928  0.010075132008  0.011093216542  0.013640137989  0.010075132008  0.010075132008  0.010075132008  0.008555924260  
piranga_rubriceps_lsu34818 0.016715683585  0.016715683585  0.015169950563  0.014148561377  0.002504288634  0.000000000000  0.014152185007  0.011603083035  0.013633901040  0.015166590722  0.011600072199  0.015166590722  0.015169950563  0.014145362624  0.015169950563  0.014657378730  0.014657378730  0.013633901040  0.013633901040  0.012614959647  0.013633901040  0.013633901040  0.013125607066  0.012614959647  0.013636807244  0.016192817515  0.012614959647  0.012614959647  0.012614959647  0.011090496102  
piranga_erythrocephala_fmnh343371 0.015707735646  0.015707735646  0.014160705422  0.013140302597  0.011606515974  0.014152185007  0.000000000000  0.002504658678  0.010590025224  0.011096358754  0.010593719118  0.013140302597  0.013145034238  0.012121371256  0.013145034238  0.012632925385  0.012632925385  0.011610370650  0.011610370650  0.010593719118  0.011610370650  0.011610370650  0.011103907026  0.010593719118  0.011614646697  0.014165601474  0.010593719118  0.010593719118  0.010593719118  0.009073362508  
piranga_erythrocephala_fmnh343370 0.013150188256  0.013150188256  0.011610370650  0.010593719118  0.009066454081  0.011603083035  0.002504658678  0.000000000000  0.008053682624  0.008558461354  0.008056769111  0.011606515974  0.011610370650  0.010590025224  0.011610370650  0.011099922370  0.011099922370  0.010080678023  0.010080678023  0.009066454081  0.010080678023  0.010080678023  0.009574993830  0.009066454081  0.010084081782  0.012628486699  0.009066454081  0.009066454081  0.009066454081  0.007549291868  
piranga_leucoptera_fmnh481795 0.015182584123  0.015182584123  0.013640137989  0.012620876902  0.011090496102  0.013633901040  0.010590025224  0.008053682624  0.000000000000  0.001501752711  0.010077694644  0.013636807244  0.013640137989  0.012617706522  0.013640137989  0.013128645561  0.013128645561  0.012107319677  0.011597483833  0.011090496102  0.012107319677  0.012107319677  0.011600072199  0.011090496102  0.012110198735  0.014660870668  0.011090496102  0.011090496102  0.011090496102  0.009569185384  
piranga_leucoptera_lsu7783 0.016720781220  0.016720781220  0.015173736323  0.014152185007  0.012617706522  0.015166590722  0.011096358754  0.008558461354  0.001501752711  0.000000000000  0.011603083035  0.015169950563  0.015173736323  0.014148561377  0.015173736323  0.014660870668  0.014660870668  0.013636807244  0.013125607066  0.012617706522  0.013636807244  0.013636807244  0.013128645561  0.012617706522  0.013640137989  0.016196766243  0.012617706522  0.012617706522  0.012617706522  0.011093216542  
piranga_olivacea_ku4672 0.011108312360  0.011108312360  0.008558461354  0.007546493063  0.009063628721  0.011600072199  0.010593719118  0.008056769111  0.010077694644  0.011603083035  0.000000000000  0.006530547020  0.006531937218  0.005521926899  0.006531937218  0.006026662045  0.006026662045  0.005017730624  0.005017730624  0.004011336540  0.005017730624  0.005017730624  0.004514741599  0.004011336540  0.005018683839  0.007542149854  0.004011336540  0.004011336540  0.004011336540  0.002504658678  
piranga_ludoviciana_sdsu2650 0.014673896285  0.014673896285  0.012110198735  0.011093216542  0.012617706522  0.015166590722  0.013140302597  0.011606515974  0.013636807244  0.015169950563  0.006530547020  0.000000000000  0.003008088906  0.002003331109  0.003008088906  0.002505442796  0.002505442796  0.001501752711  0.003508986919  0.002504658678  0.003508986919  0.003508986919  0.003007022556  0.002504658678  0.003509921394  0.006028184459  0.002504658678  0.002504658678  0.002504658678  0.005018683839  
piranga_bidentata_tepe59 0.014679086869  0.014679086869  0.012113500596  0.011096358754  0.012620876902  0.015169950563  0.013145034238  0.011610370650  0.013640137989  0.015173736323  0.006531937218  0.003008088906  0.000000000000  0.001001060245  0.002004246988  0.001502387240  0.001502387240  0.001502387240  0.003509921394  0.002505442796  0.003509921394  0.003509921394  0.003008088906  0.002505442796  0.003511270578  0.006030123914  0.002505442796  0.002505442796  0.002505442796  0.005020053452  
piranga_bidentata_hgoslp104 0.013652673786  0.013652673786  0.011093216542  0.010077694644  0.011600072199  0.014145362624  0.012121371256  0.010590025224  0.012617706522  0.014148561377  0.005521926899  0.002003331109  0.001001060245  0.000000000000  0.001001060245  0.000500264874  0.000500264874  0.000500264874  0.002504658678  0.001501752711  0.002504658678  0.002504658678  0.002003331109  0.001501752711  0.002505442796  0.005020053452  0.001501752711  0.001501752711  0.001501752711  0.004012138741  
piranga_ludoviciana_sdsu2648 0.014679086869  0.014679086869  0.012113500596  0.011096358754  0.012620876902  0.015169950563  0.013145034238  0.011610370650  0.013640137989  0.015173736323  0.006531937218  0.003008088906  0.002004246988  0.001001060245  0.000000000000  0.001502387240  0.001502387240  0.001502387240  0.003509921394  0.002505442796  0.003509921394  0.003509921394  0.003008088906  0.002505442796  0.003511270578  0.006030123914  0.002505442796  0.002505442796  0.002505442796  0.005020053452  
piranga_bidentata_itm160 0.013140302597  0.013140302597  0.011603083035  0.010586752039  0.012110198735  0.014657378730  0.012632925385  0.011099922370  0.013128645561  0.014660870668  0.006026662045  0.002505442796  0.001502387240  0.000500264874  0.001502387240  0.000000000000  0.000000000000  0.001001060245  0.003007022556  0.002003331109  0.003007022556  0.003007022556  0.002505442796  0.002003331109  0.003008088906  0.005524818638  0.002003331109  0.002003331109  0.002003331109  0.004515827203  
piranga_bidentata_itm141 0.013140302597  0.013140302597  0.011603083035  0.010586752039  0.012110198735  0.014657378730  0.012632925385  0.011099922370  0.013128645561  0.014660870668  0.006026662045  0.002505442796  0.001502387240  0.000500264874  0.001502387240  0.000000000000  0.000000000000  0.001001060245  0.003007022556  0.002003331109  0.003007022556  0.003007022556  0.002505442796  0.002003331109  0.003008088906  0.005524818638  0.002003331109  0.002003331109  0.002003331109  0.004515827203  
piranga_ludoviciana_sdsu2385 0.013140302597  0.013140302597  0.010583899928  0.009569185384  0.011090496102  0.013633901040  0.011610370650  0.010080678023  0.012107319677  0.013636807244  0.005017730624  0.001501752711  0.001502387240  0.000500264874  0.001502387240  0.001001060245  0.001001060245  0.000000000000  0.002002828624  0.001000706469  0.002002828624  0.002002828624  0.001501752711  0.001000706469  0.002003331109  0.004515827203  0.001000706469  0.001000706469  0.001000706469  0.003508986919  
piranga_olivacea_ku2699 0.013140302597  0.013140302597  0.010583899928  0.009569185384  0.011090496102  0.013633901040  0.011610370650  0.010080678023  0.011597483833  0.013125607066  0.005017730624  0.003508986919  0.003509921394  0.002504658678  0.003509921394  0.003007022556  0.003007022556  0.002002828624  0.000000000000  0.001000706469  0.002002828624  0.002002828624  0.001501752711  0.001000706469  0.002003331109  0.004515827203  0.001000706469  0.001000706469  0.001000706469  0.003508986919  
piranga_ludoviciana_sdsu2208 0.012121371256  0.012121371256  0.009569185384  0.008555924260  0.010075132008  0.012614959647  0.010593719118  0.009066454081  0.011090496102  0.012617706522  0.004011336540  0.002504658678  0.002505442796  0.001501752711  0.002505442796  0.002003331109  0.002003331109  0.001000706469  0.001000706469  0.000000000000  0.001000706469  0.001000706469  0.000500264874  0.000000000000  0.001001060245  0.003509921394  0.000000000000  0.000000000000  0.000000000000  0.002504658678  
piranga_flava_ku90809 0.013140302597  0.013140302597  0.010583899928  0.009569185384  0.011090496102  0.013633901040  0.011610370650  0.010080678023  0.012107319677  0.013636807244  0.005017730624  0.003508986919  0.003509921394  0.002504658678  0.003509921394  0.003007022556  0.003007022556  0.002002828624  0.002002828624  0.001000706469  0.000000000000  0.000000000000  0.001501752711  0.001000706469  0.002003331109  0.004515827203  0.001000706469  0.001000706469  0.001000706469  0.003508986919  
piranga_flava_lsu15408 0.013140302597  0.013140302597  0.010583899928  0.009569185384  0.011090496102  0.013633901040  0.011610370650  0.010080678023  0.012107319677  0.013636807244  0.005017730624  0.003508986919  0.003509921394  0.002504658678  0.003509921394  0.003007022556  0.003007022556  0.002002828624  0.002002828624  0.001000706469  0.000000000000  0.000000000000  0.001501752711  0.001000706469  0.002003331109  0.004515827203  0.001000706469  0.001000706469  0.001000706469  0.003508986919  
piranga_rubra_sdsu2635 0.012632925385  0.012632925385  0.010077694644  0.009063628721  0.010583899928  0.013125607066  0.011103907026  0.009574993830  0.011600072199  0.013128645561  0.004514741599  0.003007022556  0.003008088906  0.002003331109  0.003008088906  0.002505442796  0.002505442796  0.001501752711  0.001501752711  0.000500264874  0.001501752711  0.001501752711  0.000000000000  0.000500264874  0.001502387240  0.004013356334  0.000500264874  0.000500264874  0.000500264874  0.003007022556  
piranga_rubra_sdsu2654 0.012121371256  0.012121371256  0.009569185384  0.008555924260  0.010075132008  0.012614959647  0.010593719118  0.009066454081  0.011090496102  0.012617706522  0.004011336540  0.002504658678  0.002505442796  0.001501752711  0.002505442796  0.002003331109  0.002003331109  0.001000706469  0.001000706469  0.000000000000  0.001000706469  0.001000706469  0.000500264874  0.000000000000  0.001001060245  0.003509921394  0.000000000000  0.000000000000  0.000000000000  0.002504658678  
piranga_lutea_ku89864 0.013145034238  0.013145034238  0.010586752039  0.009571879583  0.011093216542  0.013636807244  0.011614646697  0.010084081782  0.012110198735  0.013640137989  0.005018683839  0.003509921394  0.003511270578  0.002505442796  0.003511270578  0.003008088906  0.003008088906  0.002003331109  0.002003331109  0.001001060245  0.002003331109  0.002003331109  0.001502387240  0.001001060245  0.000000000000  0.004517328519  0.001001060245  0.001001060245  0.001001060245  0.003509921394  
piranga_lutea_lsu5400 0.015701954071  0.015701954071  0.013132107892  0.012113500596  0.013640137989  0.016192817515  0.014165601474  0.012628486699  0.014660870668  0.016196766243  0.007542149854  0.006028184459  0.006030123914  0.005020053452  0.006030123914  0.005524818638  0.005524818638  0.004515827203  0.004515827203  0.003509921394  0.004515827203  0.004515827203  0.004013356334  0.003509921394  0.004517328519  0.000000000000  0.003509921394  0.003509921394  0.003509921394  0.006028184459  
piranga_hepatica_ku4970 0.012121371256  0.012121371256  0.009569185384  0.008555924260  0.010075132008  0.012614959647  0.010593719118  0.009066454081  0.011090496102  0.012617706522  0.004011336540  0.002504658678  0.002505442796  0.001501752711  0.002505442796  0.002003331109  0.002003331109  0.001000706469  0.001000706469  0.000000000000  0.001000706469  0.001000706469  0.000500264874  0.000000000000  0.001001060245  0.003509921394  0.000000000000  0.000000000000  0.000000000000  0.002504658678  
piranga_rubra_ku7046 0.012121371256  0.012121371256  0.009569185384  0.008555924260  0.010075132008  0.012614959647  0.010593719118  0.009066454081  0.011090496102  0.012617706522  0.004011336540  0.002504658678  0.002505442796  0.001501752711  0.002505442796  0.002003331109  0.002003331109  0.001000706469  0.001000706469  0.000000000000  0.001000706469  0.001000706469  0.000500264874  0.000000000000  0.001001060245  0.003509921394  0.000000000000  0.000000000000  0.000000000000  0.002504658678  
piranga_hepatica_ku9084 0.012121371256  0.012121371256  0.009569185384  0.008555924260  0.010075132008  0.012614959647  0.010593719118  0.009066454081  0.011090496102  0.012617706522  0.004011336540  0.002504658678  0.002505442796  0.001501752711  0.002505442796  0.002003331109  0.002003331109  0.001000706469  0.001000706469  0.000000000000  0.001000706469  0.001000706469  0.000500264874  0.000000000000  0.001001060245  0.003509921394  0.000000000000  0.000000000000  0.000000000000  0.002504658678  
piranga_rubra_ku26592 0.010597833357  0.010597833357  0.008051014475  0.007039847626  0.008555924260  0.011090496102  0.009073362508  0.007549291868  0.009569185384  0.011093216542  0.002504658678  0.005018683839  0.005020053452  0.004012138741  0.005020053452  0.004515827203  0.004515827203  0.003508986919  0.003508986919  0.002504658678  0.003508986919  0.003508986919  0.003007022556  0.002504658678  0.003509921394  0.006028184459  0.002504658678  0.002504658678  0.002504658678  0.000000000000  

