30
cardinalis_cardinalis_ku21828 0.000000000000  0.000000000000  0.004514871018  0.012118575662  0.012114725434  0.017238911560  0.012118575662  0.012118575662  0.011101105114  0.016219493831  0.016219493831  0.016219493831  0.018285549996  0.021384545994  0.018782698155  0.015189898867  0.016225766491  0.017244924837  0.016225766491  0.015710378821  0.011101105114  0.011101105114  0.012122857633  0.015698878401  0.016208253741  0.017749215635  0.014671029884  0.014671029884  0.016208253741  0.016208253741  
piranga_erythrocephala_fmnh343370 0.000000000000  0.000000000000  0.004514871018  0.012118575662  0.012114725434  0.017238911560  0.012118575662  0.012118575662  0.011101105114  0.016219493831  0.016219493831  0.016219493831  0.018285549996  0.021384545994  0.018782698155  0.015189898867  0.016225766491  0.017244924837  0.016225766491  0.015710378821  0.011101105114  0.011101105114  0.012122857633  0.015698878401  0.016208253741  0.017749215635  0.014671029884  0.014671029884  0.016208253741  0.016208253741  
cardinalis_cardinalis_ku25393 0.004514871018  0.004514871018  0.000000000000  0.016203287025  0.016198756342  0.021874575315  0.016718025565  0.016718025565  0.015693780443  0.020849286849  0.020849286849  0.020849286849  0.022931217106  0.026052167027  0.023429247522  0.019811807717  0.020856581477  0.021881610525  0.020856581477  0.020337242645  0.015693780443  0.015693780443  0.016723297025  0.020323712390  0.020836016980  0.022387820954  0.019288006532  0.019288006532  0.020836016980  0.020836016980  
piranga_leucoptera_fmnh481795 0.012118575662  0.012118575662  0.016203287025  0.000000000000  0.004012259560  0.011105218096  0.006032919481  0.006032919481  0.005024390237  0.010093427587  0.010093427587  0.010093427587  0.012138290436  0.015208189251  0.012634577260  0.009074359311  0.011120137567  0.011109761401  0.010098230628  0.009588118313  0.005024390237  0.005024390237  0.006035775012  0.009579538672  0.010085108599  0.011611700663  0.008562181344  0.008562181344  0.010085108599  0.010085108599  
piranga_leucoptera_lsu7783 0.012114725434  0.012114725434  0.016198756342  0.004012259560  0.000000000000  0.011101105114  0.006030489737  0.006030489737  0.005022122271  0.010089053460  0.010089053460  0.010089053460  0.012132715374  0.015201658811  0.012629994465  0.009070581707  0.011114734676  0.011105218096  0.010093427587  0.009583614211  0.005022122271  0.005022122271  0.006032919481  0.009575892050  0.010081593360  0.011607718856  0.008559129245  0.008559129245  0.010081593360  0.010081593360  
piranga_erythrocephala_fmnh343371 0.017238911560  0.017238911560  0.021874575315  0.011105218096  0.011101105114  0.000000000000  0.008051580556  0.008051580556  0.010089053460  0.015201658811  0.015201658811  0.015201658811  0.017265579480  0.020360829269  0.017761418354  0.014173124511  0.016239615270  0.016225766491  0.015208189251  0.014693333128  0.010089053460  0.010089053460  0.011109761401  0.014681314461  0.015189898867  0.015698878401  0.013654523016  0.013654523016  0.015189898867  0.015189898867  
piranga_rubriceps_lsu265 0.012118575662  0.012118575662  0.016718025565  0.006032919481  0.006030489737  0.008051580556  0.000000000000  0.000000000000  0.005024390237  0.010093427587  0.010093427587  0.010093427587  0.012138290436  0.015208189251  0.012634577260  0.009074359311  0.011120137567  0.011109761401  0.010098230628  0.009588118313  0.005024390237  0.005024390237  0.006035775012  0.009579538672  0.010085108599  0.010591069756  0.008562181344  0.008562181344  0.010085108599  0.010085108599  
piranga_rubriceps_lsu34818 0.012118575662  0.012118575662  0.016718025565  0.006032919481  0.006030489737  0.008051580556  0.000000000000  0.000000000000  0.005024390237  0.010093427587  0.010093427587  0.010093427587  0.012138290436  0.015208189251  0.012634577260  0.009074359311  0.011120137567  0.011109761401  0.010098230628  0.009588118313  0.005024390237  0.005024390237  0.006035775012  0.009579538672  0.010085108599  0.010591069756  0.008562181344  0.008562181344  0.010085108599  0.010085108599  
piranga_ludoviciana_sdsu2650 0.011101105114  0.011101105114  0.015693780443  0.005024390237  0.005022122271  0.010089053460  0.005024390237  0.005024390237  0.000000000000  0.005022122271  0.005022122271  0.005022122271  0.007045919271  0.010089053460  0.007544585395  0.004013518082  0.006035775012  0.006030489737  0.005024390237  0.004519521783  0.000000000000  0.000000000000  0.001001077088  0.004515996269  0.005018862011  0.006532250836  0.003509068100  0.003509068100  0.005018862011  0.005018862011  
piranga_flava_ku90809 0.016219493831  0.016219493831  0.020849286849  0.010093427587  0.010089053460  0.015201658811  0.010093427587  0.010093427587  0.005022122271  0.000000000000  0.000000000000  0.000000000000  0.002004314552  0.005022122271  0.002504316215  0.004013518082  0.006035775012  0.006030489737  0.005024390237  0.004519521783  0.005022122271  0.005022122271  0.006032919481  0.009575892050  0.010081593360  0.011607718856  0.008559129245  0.008559129245  0.010081593360  0.010081593360  
piranga_lutea_ku89864 0.016219493831  0.016219493831  0.020849286849  0.010093427587  0.010089053460  0.015201658811  0.010093427587  0.010093427587  0.005022122271  0.000000000000  0.000000000000  0.000000000000  0.002004314552  0.005022122271  0.002504316215  0.004013518082  0.006035775012  0.006030489737  0.005024390237  0.004519521783  0.005022122271  0.005022122271  0.006032919481  0.009575892050  0.010081593360  0.011607718856  0.008559129245  0.008559129245  0.010081593360  0.010081593360  
piranga_roseogularis_ku2049 0.016219493831  0.016219493831  0.020849286849  0.010093427587  0.010089053460  0.015201658811  0.010093427587  0.010093427587  0.005022122271  0.000000000000  0.000000000000  0.000000000000  0.002004314552  0.005022122271  0.002504316215  0.004013518082  0.006035775012  0.006030489737  0.005024390237  0.004519521783  0.005022122271  0.005022122271  0.006032919481  0.009575892050  0.010081593360  0.011607718856  0.008559129245  0.008559129245  0.010081593360  0.010081593360  
piranga_hepatica_ku4970 0.018285549996  0.018285549996  0.022931217106  0.012138290436  0.012132715374  0.017265579480  0.012138290436  0.012138290436  0.007045919271  0.002004314552  0.002004314552  0.002004314552  0.000000000000  0.003007097419  0.004515996269  0.006032919481  0.008065169629  0.008057520053  0.007049364930  0.006542293727  0.007045919271  0.007045919271  0.008061131259  0.011616113501  0.012122857633  0.013654523016  0.010594883538  0.010594883538  0.012122857633  0.012122857633  
piranga_lutea_lsu5400 0.021384545994  0.021384545994  0.026052167027  0.015208189251  0.015201658811  0.020360829269  0.015208189251  0.015208189251  0.010089053460  0.005022122271  0.005022122271  0.005022122271  0.003007097419  0.000000000000  0.007544585395  0.009070581707  0.011114734676  0.011105218096  0.010093427587  0.009583614211  0.010089053460  0.010089053460  0.011109761401  0.014681314461  0.015189898867  0.016729004519  0.013654523016  0.013654523016  0.015189898867  0.015189898867  
piranga_flava_lsu15408 0.018782698155  0.018782698155  0.023429247522  0.012634577260  0.012629994465  0.017761418354  0.012634577260  0.012634577260  0.007544585395  0.002504316215  0.002504316215  0.002504316215  0.004515996269  0.007544585395  0.000000000000  0.006532250836  0.008562181344  0.008556505725  0.007547045564  0.007040307727  0.007544585395  0.007544585395  0.008559129245  0.012114725434  0.012622125520  0.014153767887  0.011094171552  0.011094171552  0.012622125520  0.012622125520  
piranga_ludoviciana_sdsu2208 0.015189898867  0.015189898867  0.019811807717  0.009074359311  0.009070581707  0.014173124511  0.009074359311  0.009074359311  0.004013518082  0.004013518082  0.004013518082  0.004013518082  0.006032919481  0.009070581707  0.006532250836  0.000000000000  0.005024390237  0.005020279410  0.004015201030  0.003511426790  0.004013518082  0.004013518082  0.005022122271  0.008559129245  0.009064312562  0.010587686304  0.007544585395  0.007544585395  0.009064312562  0.009064312562  
piranga_bidentata_hgoslp104 0.016225766491  0.016225766491  0.020856581477  0.011120137567  0.011114734676  0.016239615270  0.011120137567  0.011120137567  0.006035775012  0.006035775012  0.006035775012  0.006035775012  0.008065169629  0.011114734676  0.008562181344  0.005024390237  0.000000000000  0.003007097419  0.002004314552  0.001502425191  0.006035775012  0.006035775012  0.007049364930  0.010599127293  0.011105218096  0.012634577260  0.009579538672  0.009579538672  0.011105218096  0.011105218096  
piranga_bidentata_tepe59 0.017244924837  0.017244924837  0.021881610525  0.011109761401  0.011105218096  0.016225766491  0.011109761401  0.011109761401  0.006030489737  0.006030489737  0.006030489737  0.006030489737  0.008057520053  0.011105218096  0.008556505725  0.005020279410  0.003007097419  0.000000000000  0.002002850848  0.001501539916  0.006030489737  0.006030489737  0.007042900084  0.010591069756  0.011097422813  0.012625843765  0.009572674702  0.009572674702  0.011097422813  0.011097422813  
piranga_bidentata_itm160 0.016225766491  0.016225766491  0.020856581477  0.010098230628  0.010093427587  0.015208189251  0.010098230628  0.010098230628  0.005024390237  0.005024390237  0.005024390237  0.005024390237  0.007049364930  0.010093427587  0.007547045564  0.004015201030  0.002004314552  0.002002850848  0.000000000000  0.000500269079  0.005024390237  0.005024390237  0.006035775012  0.009579538672  0.010085108599  0.011611700663  0.008562181344  0.008562181344  0.010085108599  0.010085108599  
piranga_bidentata_itm141 0.015710378821  0.015710378821  0.020337242645  0.009588118313  0.009583614211  0.014693333128  0.009588118313  0.009588118313  0.004519521783  0.004519521783  0.004519521783  0.004519521783  0.006542293727  0.009583614211  0.007040307727  0.003511426790  0.001502425191  0.001501539916  0.000500269079  0.000000000000  0.004519521783  0.004519521783  0.005529807581  0.009070581707  0.009575892050  0.011101105114  0.008054336367  0.008054336367  0.009575892050  0.009575892050  
piranga_rubra_sdsu2654 0.011101105114  0.011101105114  0.015693780443  0.005024390237  0.005022122271  0.010089053460  0.005024390237  0.005024390237  0.000000000000  0.005022122271  0.005022122271  0.005022122271  0.007045919271  0.010089053460  0.007544585395  0.004013518082  0.006035775012  0.006030489737  0.005024390237  0.004519521783  0.000000000000  0.000000000000  0.001001077088  0.004515996269  0.005018862011  0.006532250836  0.003509068100  0.003509068100  0.005018862011  0.005018862011  
piranga_roseogularis_ku2141 0.011101105114  0.011101105114  0.015693780443  0.005024390237  0.005022122271  0.010089053460  0.005024390237  0.005024390237  0.000000000000  0.005022122271  0.005022122271  0.005022122271  0.007045919271  0.010089053460  0.007544585395  0.004013518082  0.006035775012  0.006030489737  0.005024390237  0.004519521783  0.000000000000  0.000000000000  0.001001077088  0.004515996269  0.005018862011  0.006532250836  0.003509068100  0.003509068100  0.005018862011  0.005018862011  
piranga_olivacea_ku2699 0.012122857633  0.012122857633  0.016723297025  0.006035775012  0.006032919481  0.011109761401  0.006035775012  0.006035775012  0.001001077088  0.006032919481  0.006032919481  0.006032919481  0.008061131259  0.011109761401  0.008559129245  0.005022122271  0.007049364930  0.007042900084  0.006035775012  0.005529807581  0.001001077088  0.001001077088  0.000000000000  0.003509068100  0.004011425824  0.005522115967  0.002504316215  0.002504316215  0.004011425824  0.004011425824  
piranga_olivacea_ku4672 0.015698878401  0.015698878401  0.020323712390  0.009579538672  0.009575892050  0.014681314461  0.009579538672  0.009579538672  0.004515996269  0.009575892050  0.009575892050  0.009575892050  0.011616113501  0.014681314461  0.012114725434  0.008559129245  0.010599127293  0.010591069756  0.009579538672  0.009070581707  0.004515996269  0.004515996269  0.003509068100  0.000000000000  0.002505513122  0.004013518082  0.001001077088  0.001001077088  0.002505513122  0.002505513122  
piranga_rubra_sdsu2635 0.016208253741  0.016208253741  0.020836016980  0.010085108599  0.010081593360  0.015189898867  0.010085108599  0.010085108599  0.005018862011  0.010081593360  0.010081593360  0.010081593360  0.012122857633  0.015189898867  0.012622125520  0.009064312562  0.011105218096  0.011097422813  0.010085108599  0.009575892050  0.005018862011  0.005018862011  0.004011425824  0.002505513122  0.000000000000  0.004515996269  0.001501771358  0.001501771358  0.003007097419  0.003007097419  
piranga_ludoviciana_sdsu2385 0.017749215635  0.017749215635  0.022387820954  0.011611700663  0.011607718856  0.015698878401  0.010591069756  0.010591069756  0.006532250836  0.011607718856  0.011607718856  0.011607718856  0.013654523016  0.016729004519  0.014153767887  0.010587686304  0.012634577260  0.012625843765  0.011611700663  0.011101105114  0.006532250836  0.006532250836  0.005522115967  0.004013518082  0.004515996269  0.000000000000  0.003007097419  0.003007097419  0.004515996269  0.004515996269  
piranga_ludoviciana_sdsu2648 0.014671029884  0.014671029884  0.019288006532  0.008562181344  0.008559129245  0.013654523016  0.008562181344  0.008562181344  0.003509068100  0.008559129245  0.008559129245  0.008559129245  0.010594883538  0.013654523016  0.011094171552  0.007544585395  0.009579538672  0.009572674702  0.008562181344  0.008054336367  0.003509068100  0.003509068100  0.002504316215  0.001001077088  0.001501771358  0.003007097419  0.000000000000  0.000000000000  0.001501771358  0.001501771358  
piranga_hepatica_ku9084 0.014671029884  0.014671029884  0.019288006532  0.008562181344  0.008559129245  0.013654523016  0.008562181344  0.008562181344  0.003509068100  0.008559129245  0.008559129245  0.008559129245  0.010594883538  0.013654523016  0.011094171552  0.007544585395  0.009579538672  0.009572674702  0.008562181344  0.008054336367  0.003509068100  0.003509068100  0.002504316215  0.001001077088  0.001501771358  0.003007097419  0.000000000000  0.000000000000  0.001501771358  0.001501771358  
piranga_rubra_ku7046 0.016208253741  0.016208253741  0.020836016980  0.010085108599  0.010081593360  0.015189898867  0.010085108599  0.010085108599  0.005018862011  0.010081593360  0.010081593360  0.010081593360  0.012122857633  0.015189898867  0.012622125520  0.009064312562  0.011105218096  0.011097422813  0.010085108599  0.009575892050  0.005018862011  0.005018862011  0.004011425824  0.002505513122  0.003007097419  0.004515996269  0.001501771358  0.001501771358  0.000000000000  0.000000000000  
piranga_rubra_ku26592 0.016208253741  0.016208253741  0.020836016980  0.010085108599  0.010081593360  0.015189898867  0.010085108599  0.010085108599  0.005018862011  0.010081593360  0.010081593360  0.010081593360  0.012122857633  0.015189898867  0.012622125520  0.009064312562  0.011105218096  0.011097422813  0.010085108599  0.009575892050  0.005018862011  0.005018862011  0.004011425824  0.002505513122  0.003007097419  0.004515996269  0.001501771358  0.001501771358  0.000000000000  0.000000000000  

