30
cardinalis_cardinalis_ku21828 0.000000000000  0.000000000000  0.016714864473  0.016714864473  0.023921163703  0.024969849212  0.024469238921  0.024469238921  0.022904703871  0.024469238921  0.022904703871  0.023425622783  0.022904703871  0.027079600673  0.027054996613  0.029682981117  0.028629979658  0.028112778608  0.024431090797  0.020816856789  0.026001365160  0.021330113573  0.021325894657  0.021839693084  0.020304003903  0.024431090797  0.022881293162  0.027540612596  0.023395898189  0.023412369594  
cardinalis_cardinalis_ku25393 0.000000000000  0.000000000000  0.016714864473  0.016714864473  0.023921163703  0.024969849212  0.024469238921  0.024469238921  0.022904703871  0.024469238921  0.022904703871  0.023425622783  0.022904703871  0.027079600673  0.027054996613  0.029682981117  0.028629979658  0.028112778608  0.024431090797  0.020816856789  0.026001365160  0.021330113573  0.021325894657  0.021839693084  0.020304003903  0.024431090797  0.022881293162  0.027540612596  0.023395898189  0.023412369594  
piranga_erythrocephala_fmnh343371 0.016714864473  0.016714864473  0.000000000000  0.000000000000  0.018750970493  0.019786926717  0.019284720020  0.019284720020  0.022892090642  0.024454701441  0.022892090642  0.023412369594  0.022892090642  0.027062740613  0.027040882461  0.029665609464  0.028613915485  0.028096448301  0.024422023441  0.021843774956  0.027034513033  0.022357841642  0.022353897241  0.022868507833  0.021330113573  0.025462878096  0.023910909782  0.028576768852  0.024426328650  0.024441984438  
piranga_erythrocephala_fmnh343370 0.016714864473  0.016714864473  0.000000000000  0.000000000000  0.018750970493  0.019786926717  0.019284720020  0.019284720020  0.022892090642  0.024454701441  0.022892090642  0.023412369594  0.022892090642  0.027062740613  0.027040882461  0.029665609464  0.028613915485  0.028096448301  0.024422023441  0.021843774956  0.027034513033  0.022357841642  0.022353897241  0.022868507833  0.021330113573  0.025462878096  0.023910909782  0.028576768852  0.024426328650  0.024441984438  
piranga_leucoptera_fmnh481795 0.023921163703  0.023921163703  0.018750970493  0.018750970493  0.000000000000  0.008554689757  0.014147684228  0.014147684228  0.030687889784  0.032269664489  0.030687889784  0.031214542115  0.030687889784  0.034908698298  0.034353584249  0.037007680670  0.036475631260  0.035952903559  0.032756426761  0.029624559801  0.034875603604  0.030143805254  0.030138719762  0.030658517958  0.029105727342  0.033283533674  0.031714758305  0.036431256829  0.032235384656  0.032254557793  
piranga_leucoptera_lsu7783 0.024969849212  0.024969849212  0.019786926717  0.019786926717  0.008554689757  0.000000000000  0.014663711472  0.014663711472  0.031749720331  0.033336130060  0.031749720331  0.032277914114  0.031749720331  0.035981826137  0.034891216495  0.037550056488  0.037550056488  0.037026896150  0.033817691494  0.030681088266  0.035944198337  0.031200748167  0.031194546980  0.031714758305  0.030161841505  0.034346342525  0.032775186942  0.037498858268  0.033296231266  0.033318774419  
piranga_rubriceps_lsu265 0.024469238921  0.024469238921  0.019284720020  0.019284720020  0.014147684228  0.014663711472  0.000000000000  0.000000000000  0.031247686029  0.032835238803  0.031247686029  0.031776259949  0.031247686029  0.035481794704  0.034387219281  0.037047985783  0.037047985783  0.036525506776  0.033839826121  0.030176178444  0.035439900085  0.030695154139  0.030687889784  0.031207413335  0.029657614312  0.033839826121  0.032269664489  0.036990342261  0.032790022235  0.031758104065  
piranga_rubriceps_lsu34818 0.024469238921  0.024469238921  0.019284720020  0.019284720020  0.014147684228  0.014663711472  0.000000000000  0.000000000000  0.031247686029  0.032835238803  0.031247686029  0.031776259949  0.031247686029  0.035481794704  0.034387219281  0.037047985783  0.037047985783  0.036525506776  0.033839826121  0.030176178444  0.035439900085  0.030695154139  0.030687889784  0.031207413335  0.029657614312  0.033839826121  0.032269664489  0.036990342261  0.032790022235  0.031758104065  
piranga_bidentata_itm160 0.022904703871  0.022904703871  0.022892090642  0.022892090642  0.030687889784  0.031749720331  0.031247686029  0.031247686029  0.000000000000  0.001502458242  0.000000000000  0.000500272741  0.000000000000  0.006036220533  0.006028721098  0.008562801159  0.016200277590  0.015690629018  0.015166070690  0.011089525981  0.016196050635  0.011596682961  0.011594793372  0.012102483614  0.010582764402  0.015678883738  0.012614245171  0.017207639634  0.013122455164  0.013130889094  
piranga_bidentata_itm141 0.024469238921  0.024469238921  0.024454701441  0.024454701441  0.032269664489  0.033336130060  0.032835238803  0.032835238803  0.001502458242  0.000000000000  0.001502458242  0.002004373396  0.001502458242  0.007557716026  0.007547488376  0.010089997107  0.017745773544  0.017235329432  0.016706233185  0.012619695887  0.017740607152  0.013127633507  0.013124822077  0.013633292814  0.012112154465  0.017220772160  0.014147684228  0.018750970493  0.014656678200  0.014667896206  
piranga_bidentata_tepe59 0.022904703871  0.022904703871  0.022892090642  0.022892090642  0.030687889784  0.031749720331  0.031247686029  0.031247686029  0.000000000000  0.001502458242  0.000000000000  0.000500272741  0.000000000000  0.006036220533  0.006028721098  0.008562801159  0.016200277590  0.015690629018  0.015166070690  0.011089525981  0.016196050635  0.011596682961  0.011594793372  0.012102483614  0.010582764402  0.015678883738  0.012614245171  0.017207639634  0.013122455164  0.013130889094  
piranga_bidentata_hgoslp104 0.023425622783  0.023425622783  0.023412369594  0.023412369594  0.031214542115  0.032277914114  0.031776259949  0.031776259949  0.000500272741  0.002004373396  0.000500272741  0.000000000000  0.000500272741  0.006542825085  0.006534418254  0.009071301655  0.016714864473  0.016204951316  0.015678883738  0.011599015595  0.016710325075  0.012106432209  0.012104236023  0.012612185852  0.011091994645  0.016192270807  0.013124822077  0.017721506438  0.013633292814  0.013642652699  
piranga_ludoviciana_sdsu2650 0.022904703871  0.022904703871  0.022892090642  0.022892090642  0.030687889784  0.031749720331  0.031247686029  0.031247686029  0.000000000000  0.001502458242  0.000000000000  0.000500272741  0.000000000000  0.006036220533  0.006028721098  0.008562801159  0.016200277590  0.015690629018  0.015166070690  0.011089525981  0.016196050635  0.011596682961  0.011594793372  0.012102483614  0.010582764402  0.015678883738  0.012614245171  0.017207639634  0.013122455164  0.013130889094  
piranga_ludoviciana_sdsu2648 0.027079600673  0.027079600673  0.027062740613  0.027062740613  0.034908698298  0.035981826137  0.035481794704  0.035481794704  0.006036220533  0.007557716026  0.006036220533  0.006542825085  0.006036220533  0.000000000000  0.007038442233  0.009576613062  0.020326483514  0.019814569455  0.019279507032  0.015176882832  0.020320187424  0.015686267413  0.015682352200  0.016192270807  0.014667896206  0.018762963872  0.016710325075  0.021330113573  0.017220772160  0.017235329432  
piranga_ludoviciana_sdsu2385 0.027054996613  0.027054996613  0.027040882461  0.027040882461  0.034353584249  0.034891216495  0.034387219281  0.034387219281  0.006028721098  0.007547488376  0.006028721098  0.006534418254  0.006028721098  0.007038442233  0.000000000000  0.002506838420  0.020308947261  0.019796632599  0.018750970493  0.014653830381  0.019786926717  0.015163359632  0.015161095673  0.015671162475  0.014656678200  0.019782750462  0.016699393367  0.021318817686  0.017210249125  0.017220772160  
piranga_ludoviciana_sdsu2208 0.029682981117  0.029682981117  0.029665609464  0.029665609464  0.037007680670  0.037550056488  0.037047985783  0.037047985783  0.008562801159  0.010089997107  0.008562801159  0.009071301655  0.008562801159  0.009576613062  0.002506838420  0.000000000000  0.022904703871  0.022391042716  0.021334785619  0.017220772160  0.022378161985  0.017731619536  0.017727799031  0.018239183712  0.017225176815  0.022372401218  0.019274744182  0.023910909782  0.019786926717  0.019802161504  
piranga_roseogularis_ku2049 0.028629979658  0.028629979658  0.028613915485  0.028613915485  0.036475631260  0.037550056488  0.037047985783  0.037047985783  0.016200277590  0.017745773544  0.016200277590  0.016714864473  0.016200277590  0.020326483514  0.020308947261  0.022904703871  0.000000000000  0.000500192926  0.021325894657  0.017213307953  0.022367093996  0.017724427877  0.017721506438  0.018233166003  0.016702589161  0.021843774956  0.019266570338  0.023902480575  0.019779025816  0.019791554217  
piranga_roseogularis_ku2141 0.028112778608  0.028112778608  0.028096448301  0.028096448301  0.035952903559  0.037026896150  0.036525506776  0.036525506776  0.015690629018  0.017235329432  0.015690629018  0.016204951316  0.015690629018  0.019814569455  0.019796632599  0.022391042716  0.000500192926  0.000000000000  0.020812501255  0.016702589161  0.021853299987  0.017213307953  0.017210249125  0.017721506438  0.016192270807  0.021330113573  0.018754517930  0.023387193743  0.019266570338  0.019279507032  
piranga_lutea_ku89864 0.024431090797  0.024431090797  0.024422023441  0.024422023441  0.032756426761  0.033817691494  0.033839826121  0.033839826121  0.015166070690  0.016706233185  0.015166070690  0.015678883738  0.015166070690  0.019279507032  0.018750970493  0.021334785619  0.021325894657  0.020812501255  0.000000000000  0.004011489873  0.009062276058  0.004514240553  0.006530997585  0.007035292681  0.009565996968  0.014653830381  0.012104236023  0.016694347924  0.012612185852  0.012619695887  
piranga_flava_ku90809 0.020816856789  0.020816856789  0.021843774956  0.021843774956  0.029624559801  0.030681088266  0.030176178444  0.030176178444  0.011089525981  0.012619695887  0.011089525981  0.011599015595  0.011089525981  0.015176882832  0.014653830381  0.017220772160  0.017213307953  0.016702589161  0.004011489873  0.000000000000  0.005020457985  0.000500192926  0.002504736366  0.003006456658  0.005522254771  0.010580601710  0.008046142463  0.012610571042  0.008551478618  0.008556954621  
piranga_lutea_lsu5400 0.026001365160  0.026001365160  0.027034513033  0.027034513033  0.034875603604  0.035944198337  0.035439900085  0.035439900085  0.016196050635  0.017740607152  0.016196050635  0.016710325075  0.016196050635  0.020320187424  0.019786926717  0.022378161985  0.022367093996  0.021853299987  0.009062276058  0.005020457985  0.000000000000  0.005523580906  0.007544953929  0.008049625757  0.010585368682  0.015682352200  0.013127633507  0.017724427877  0.013635968006  0.013646661482  
piranga_flava_lsu15408 0.021330113573  0.021330113573  0.022357841642  0.022357841642  0.030143805254  0.031200748167  0.030695154139  0.030695154139  0.011596682961  0.013127633507  0.011596682961  0.012106432209  0.011596682961  0.015686267413  0.015163359632  0.017731619536  0.017724427877  0.017213307953  0.004514240553  0.000500192926  0.005523580906  0.000000000000  0.003006456658  0.003508565319  0.006025903557  0.011087499632  0.008551478618  0.013119056342  0.009057208449  0.009062276058  
piranga_hepatica_ku4970 0.021325894657  0.021325894657  0.022353897241  0.022353897241  0.030138719762  0.031194546980  0.030687889784  0.030687889784  0.011594793372  0.013124822077  0.011594793372  0.012104236023  0.011594793372  0.015682352200  0.015161095673  0.017727799031  0.017721506438  0.017210249125  0.006530997585  0.002504736366  0.007544953929  0.003006456658  0.000000000000  0.001000715990  0.006025150477  0.011085915961  0.008550533062  0.013118025164  0.009056400472  0.009060146603  
piranga_hepatica_ku9084 0.021839693084  0.021839693084  0.022868507833  0.022868507833  0.030658517958  0.031714758305  0.031207413335  0.031207413335  0.012102483614  0.013633292814  0.012102483614  0.012612185852  0.012102483614  0.016192270807  0.015671162475  0.018239183712  0.018233166003  0.017721506438  0.007035292681  0.003006456658  0.008049625757  0.003508565319  0.001000715990  0.000000000000  0.006529327340  0.011593347191  0.009056400472  0.013627048208  0.009562662654  0.009565996968  
piranga_olivacea_ku2699 0.020304003903  0.020304003903  0.021330113573  0.021330113573  0.029105727342  0.030161841505  0.029657614312  0.029657614312  0.010582764402  0.012112154465  0.010582764402  0.011091994645  0.010582764402  0.014667896206  0.014656678200  0.017225176815  0.016702589161  0.016192270807  0.009565996968  0.005522254771  0.010585368682  0.006025903557  0.006025150477  0.006529327340  0.000000000000  0.010074098926  0.007541199306  0.012102483614  0.008046142463  0.008052025618  
piranga_olivacea_ku4672 0.024431090797  0.024431090797  0.025462878096  0.025462878096  0.033283533674  0.034346342525  0.033839826121  0.033839826121  0.015678883738  0.017220772160  0.015678883738  0.016192270807  0.015678883738  0.018762963872  0.019782750462  0.022372401218  0.021843774956  0.021330113573  0.014653830381  0.010580601710  0.015682352200  0.011087499632  0.011085915961  0.011593347191  0.010074098926  0.000000000000  0.010577602535  0.015157910521  0.011084775330  0.011089525981  
piranga_rubra_sdsu2635 0.022881293162  0.022881293162  0.023910909782  0.023910909782  0.031714758305  0.032775186942  0.032269664489  0.032269664489  0.012614245171  0.014147684228  0.012614245171  0.013124822077  0.012614245171  0.016710325075  0.016699393367  0.019274744182  0.019266570338  0.018754517930  0.012104236023  0.008046142463  0.013127633507  0.008551478618  0.008550533062  0.009056400472  0.007541199306  0.010577602535  0.000000000000  0.006529327340  0.002504335157  0.006530997585  
piranga_rubra_ku7046 0.027540612596  0.027540612596  0.028576768852  0.028576768852  0.036431256829  0.037498858268  0.036990342261  0.036990342261  0.017207639634  0.018750970493  0.017207639634  0.017721506438  0.017207639634  0.021330113573  0.021318817686  0.023910909782  0.023902480575  0.023387193743  0.016694347924  0.012610571042  0.017724427877  0.013119056342  0.013118025164  0.013627048208  0.012102483614  0.015157910521  0.006529327340  0.000000000000  0.004011063014  0.011085915961  
piranga_rubra_sdsu2654 0.023395898189  0.023395898189  0.024426328650  0.024426328650  0.032235384656  0.033296231266  0.032790022235  0.032790022235  0.013122455164  0.014656678200  0.013122455164  0.013633292814  0.013122455164  0.017220772160  0.017210249125  0.019786926717  0.019779025816  0.019266570338  0.012612185852  0.008551478618  0.013635968006  0.009057208449  0.009056400472  0.009562662654  0.008046142463  0.011084775330  0.002504335157  0.004011063014  0.000000000000  0.007035292681  
piranga_rubra_ku26592 0.023412369594  0.023412369594  0.024441984438  0.024441984438  0.032254557793  0.033318774419  0.031758104065  0.031758104065  0.013130889094  0.014667896206  0.013130889094  0.013642652699  0.013130889094  0.017235329432  0.017220772160  0.019802161504  0.019791554217  0.019279507032  0.012619695887  0.008556954621  0.013646661482  0.009062276058  0.009060146603  0.009565996968  0.008052025618  0.011089525981  0.006530997585  0.011085915961  0.007035292681  0.000000000000  

