30
piranga_rubra_ku26592 0.000000000000  0.010123558747  0.013884871064  0.026243356208  0.030090451918  0.022323933037  0.009611386199  0.021592257989  0.008294745135  0.012002171098  0.014455966556  0.012150935667  0.011051758946  0.013966270455  0.007348377171  0.011661498755  0.019436204145  0.008279483443  0.009968086600  0.012008016885  0.029119620333  0.015730928892  0.026243356208  0.013864343196  0.025475097187  0.015876767948  0.005811802374  0.011082977808  0.007352271445  0.012938616112  
piranga_flava_ku90809 0.010123558747  0.000000000000  0.011072750775  0.023358556411  0.027184717338  0.017599150692  0.006706540398  0.015159874369  0.009220595442  0.009205398583  0.010278014588  0.012150935667  0.002744251540  0.005787131945  0.008269691705  0.001156337542  0.003836807129  0.009203622515  0.007097429922  0.009208493385  0.026220625062  0.005506047767  0.023358556411  0.012926668770  0.022465429000  0.012949420290  0.003867240114  0.008287107262  0.008271873639  0.010135571699  
piranga_ludoviciana_sdsu2385 0.013884871064  0.011072750775  0.000000000000  0.025329549329  0.029175710657  0.021406467171  0.010600069718  0.017733477966  0.012981400011  0.005511105235  0.005123016828  0.011052745315  0.012002171098  0.010453855074  0.012015183457  0.008141862348  0.013546396409  0.012945387152  0.001412829948  0.005515802056  0.028204211299  0.016705586447  0.025329549329  0.012953480806  0.024515071819  0.012969850034  0.000000000000  0.004595636006  0.012023667492  0.006436643041  
piranga_rubriceps_lsu265 0.026243356208  0.023358556411  0.025329549329  0.000000000000  0.014840231159  0.022365545990  0.022454050948  0.020374271895  0.023424751146  0.023390928043  0.025084209915  0.022375779675  0.024307835856  0.022367462691  0.022413118102  0.021252002817  0.027590287445  0.023402818568  0.015821328798  0.023402818568  0.012034799165  0.028163688048  0.000000000000  0.025291984641  0.020563501932  0.013014244308  0.005845777286  0.022463794163  0.024319479761  0.024352204688  
piranga_leucoptera_lsu7783 0.030090451918  0.027184717338  0.029175710657  0.014840231159  0.000000000000  0.024263120558  0.026446285119  0.022972212032  0.026292654148  0.027221909625  0.026144543413  0.024661506757  0.028139789022  0.024772550167  0.026232180591  0.024876951038  0.029601350506  0.027234971925  0.021699297622  0.027234971925  0.012019119461  0.032023692207  0.014840231159  0.029133252618  0.021545388352  0.018906974977  0.009775628198  0.026292654148  0.028151264025  0.028190159797  
cardinalis_cardinalis_ku25393 0.022323933037  0.017599150692  0.021406467171  0.022365545990  0.024263120558  0.000000000000  0.018394293605  0.000000000000  0.018577230763  0.019501375149  0.019662720046  0.016624810681  0.018538450872  0.016327039496  0.017587595419  0.012841965377  0.015502630962  0.019506656264  0.009968086600  0.019506656264  0.022356092487  0.023284171413  0.022365545990  0.020430257446  0.017497129136  0.007158398389  0.005808584660  0.018577230763  0.019470480549  0.020449249781  
piranga_olivacea_ku2699 0.009611386199  0.006706540398  0.010600069718  0.022454050948  0.026446285119  0.018394293605  0.000000000000  0.017937992670  0.007698985082  0.008646088369  0.010299417483  0.011052745315  0.007669751102  0.008108927980  0.006714483136  0.008141862348  0.013546396409  0.005745023699  0.008549748368  0.008652746898  0.025438046867  0.012528821458  0.022454050948  0.011567494520  0.021271821124  0.014435467323  0.001931251252  0.007689872774  0.006714483136  0.009617616193  
cardinalis_cardinalis_ku21828 0.021592257989  0.015159874369  0.017733477966  0.020374271895  0.022972212032  0.000000000000  0.017937992670  0.000000000000  0.017787976657  0.017725692853  0.015015823894  0.017426612240  0.016438652336  0.017298147597  0.017725692853  0.010129693798  0.015502630962  0.019016721414  0.011414832005  0.017733477966  0.025581905032  0.022913984435  0.020374271895  0.017720426208  0.014850576314  0.004882195960  0.005808584660  0.016444689048  0.017725692853  0.017733477966  
piranga_rubra_ku7046 0.008294745135  0.009220595442  0.012981400011  0.023424751146  0.026292654148  0.018577230763  0.007698985082  0.017787976657  0.000000000000  0.011098536436  0.010311875022  0.008842986231  0.010150219390  0.010482692558  0.002749281367  0.008167636213  0.013617841050  0.007379399708  0.007133841841  0.011103488658  0.024363522281  0.014832017706  0.023424751146  0.012962577176  0.020553138028  0.011549601955  0.001931251252  0.010177104912  0.004589326975  0.012035507806  
piranga_bidentata_hgoslp104 0.012002171098  0.009205398583  0.005511105235  0.023390928043  0.027221909625  0.019501375149  0.008646088369  0.017725692853  0.011098536436  0.000000000000  0.005118289335  0.011044509017  0.010132884526  0.010446189740  0.010139579396  0.006969027761  0.011584225553  0.011067826093  0.004248132577  0.001829377854  0.026255904362  0.014810539625  0.023390928043  0.011072750775  0.022495338375  0.012958027960  0.001930192358  0.000914843222  0.010144904253  0.002746047966  
piranga_ludoviciana_sdsu2648 0.014455966556  0.010278014588  0.005123016828  0.025084209915  0.026144543413  0.019662720046  0.010299417483  0.015015823894  0.010311875022  0.005118289335  0.000000000000  0.008967665396  0.012355607441  0.010715236767  0.011321839728  0.008141862348  0.013546396409  0.012369545110  0.005680294269  0.005123016828  0.027206920913  0.016549971336  0.025084209915  0.010290650885  0.022878056476  0.011509370201  0.001931251252  0.004097554963  0.011321839728  0.006149373476  
piranga_roseogularis_ku2049 0.012150935667  0.012150935667  0.011052745315  0.022375779675  0.024661506757  0.016624810681  0.011052745315  0.017426612240  0.008842986231  0.011044509017  0.008967665396  0.000000000000  0.013265978690  0.015265482579  0.009927640563  0.013013481003  0.019444245298  0.007702845390  0.011423419693  0.008819368560  0.023502243314  0.018906077943  0.022375779675  0.001093992083  0.019036114788  0.012958027960  0.003871495979  0.009945539212  0.009927640563  0.009927640563  
piranga_hepatica_ku4970 0.011051758946  0.002744251540  0.012002171098  0.024307835856  0.028139789022  0.018538450872  0.007669751102  0.016438652336  0.010150219390  0.010132884526  0.012355607441  0.013265978690  0.000000000000  0.004618650071  0.009195159462  0.003475466509  0.007699277350  0.010131521267  0.008530285950  0.010135571699  0.027174444003  0.008280167663  0.024307835856  0.013857982386  0.023458761935  0.014410523196  0.005808584660  0.009213880524  0.009196932244  0.011064223734  
piranga_hepatica_ku9084 0.013966270455  0.005787131945  0.010453855074  0.022367462691  0.024772550167  0.016327039496  0.008108927980  0.017298147597  0.010482692558  0.010446189740  0.010715236767  0.015265482579  0.004618650071  0.000000000000  0.011622161490  0.006265784438  0.009654759968  0.011622161490  0.011410866117  0.010453855074  0.027187728477  0.012824733901  0.022367462691  0.013984109487  0.021403646886  0.017348190866  0.005808584660  0.009279741847  0.011622161490  0.011622161490  
piranga_rubra_sdsu2654 0.007348377171  0.008269691705  0.012015183457  0.022413118102  0.026232180591  0.017587595419  0.006714483136  0.017725692853  0.002749281367  0.010139579396  0.011321839728  0.009927640563  0.009195159462  0.011622161490  0.000000000000  0.009312558365  0.015502630962  0.006436643041  0.007103436312  0.010144904253  0.023347230813  0.013857982386  0.022413118102  0.011996934804  0.020492958990  0.011499792990  0.001931251252  0.009221399410  0.001826037339  0.011072750775  
piranga_flava_lsu15408 0.011661498755  0.001156337542  0.008141862348  0.021252002817  0.024876951038  0.012841965377  0.008141862348  0.010129693798  0.008167636213  0.006969027761  0.008141862348  0.013013481003  0.003475466509  0.006265784438  0.009312558365  0.000000000000  0.003836807129  0.009312558365  0.008530285950  0.006970299781  0.024866091031  0.008153585481  0.021252002817  0.011669345306  0.019984696781  0.014410523196  0.003867240114  0.005808762844  0.009312558365  0.008139145348  
piranga_lutea_lsu5400 0.019436204145  0.003836807129  0.013546396409  0.027590287445  0.029601350506  0.015502630962  0.013546396409  0.015502630962  0.013617841050  0.011584225553  0.013546396409  0.019444245298  0.007699277350  0.009654759968  0.015502630962  0.003836807129  0.000000000000  0.015502630962  0.015427386064  0.011587764759  0.033665504017  0.015531780577  0.027590287445  0.017475740027  0.019444245298  0.020031853494  0.008276428455  0.009638297444  0.015502630962  0.011587764759  
piranga_olivacea_ku4672 0.008279483443  0.009203622515  0.012945387152  0.023402818568  0.027234971925  0.019506656264  0.005745023699  0.019016721414  0.007379399708  0.011067826093  0.012369545110  0.007702845390  0.010131521267  0.011622161490  0.006436643041  0.009312558365  0.015502630962  0.000000000000  0.009978442681  0.009208493385  0.026267982043  0.014804568186  0.023402818568  0.011067826093  0.022504783076  0.015889898940  0.003871495979  0.010148934807  0.008287792803  0.010135571699  
piranga_ludoviciana_sdsu2208 0.009968086600  0.007097429922  0.001412829948  0.015821328798  0.021699297622  0.009968086600  0.008549748368  0.011414832005  0.007133841841  0.004248132577  0.005680294269  0.011423419693  0.008530285950  0.011410866117  0.007103436312  0.008530285950  0.015427386064  0.009978442681  0.000000000000  0.004252944089  0.023163892764  0.015753347975  0.015821328798  0.011423419693  0.014311500521  0.014435467323  0.001931251252  0.002830467036  0.007103436312  0.005673338508  
piranga_bidentata_itm160 0.012008016885  0.009208493385  0.005515802056  0.023402818568  0.027234971925  0.019506656264  0.008652746898  0.017733477966  0.011103488658  0.001829377854  0.005123016828  0.008819368560  0.010135571699  0.010453855074  0.010144904253  0.006970299781  0.011587764759  0.009208493385  0.004252944089  0.000000000000  0.026267982043  0.014817844076  0.023402818568  0.009212903554  0.022504783076  0.012969850034  0.000000000000  0.000915080942  0.010151542939  0.000914007049  
piranga_leucoptera_fmnh481795 0.029119620333  0.026220625062  0.028204211299  0.012034799165  0.012019119461  0.022356092487  0.025438046867  0.025581905032  0.024363522281  0.026255904362  0.027206920913  0.023502243314  0.027174444003  0.027187728477  0.023347230813  0.024866091031  0.033665504017  0.026267982043  0.023163892764  0.026267982043  0.000000000000  0.031049316924  0.012034799165  0.026231301481  0.019545552944  0.018892384026  0.013746216904  0.025326971699  0.025255883612  0.027221909625  
piranga_lutea_ku89864 0.015730928892  0.005506047767  0.016705586447  0.028163688048  0.032023692207  0.023284171413  0.012528821458  0.022913984435  0.014832017706  0.014810539625  0.016549971336  0.018906077943  0.008280167663  0.012824733901  0.013857982386  0.008153585481  0.015531780577  0.014804568186  0.015753347975  0.014817844076  0.031049316924  0.000000000000  0.028163688048  0.018573579509  0.026472499851  0.018810365379  0.009713194076  0.013890021757  0.013864343196  0.015752405689  
piranga_rubriceps_lsu34818 0.026243356208  0.023358556411  0.025329549329  0.000000000000  0.014840231159  0.022365545990  0.022454050948  0.020374271895  0.023424751146  0.023390928043  0.025084209915  0.022375779675  0.024307835856  0.022367462691  0.022413118102  0.021252002817  0.027590287445  0.023402818568  0.015821328798  0.023402818568  0.012034799165  0.028163688048  0.000000000000  0.025291984641  0.020563501932  0.013014244308  0.005845777286  0.022463794163  0.024319479761  0.024352204688  
piranga_roseogularis_ku2141 0.013864343196  0.012926668770  0.012953480806  0.025291984641  0.029133252618  0.020430257446  0.011567494520  0.017720426208  0.012962577176  0.011072750775  0.010290650885  0.001093992083  0.013857982386  0.013984109487  0.011996934804  0.011669345306  0.017475740027  0.011067826093  0.011423419693  0.009212903554  0.026231301481  0.018573579509  0.025291984641  0.000000000000  0.022482780754  0.012958027960  0.003871495979  0.010154269544  0.012004088084  0.010139579396  
piranga_erythrocephala_fmnh343371 0.025475097187  0.022465429000  0.024515071819  0.020563501932  0.021545388352  0.017497129136  0.021271821124  0.014850576314  0.020553138028  0.022495338375  0.022878056476  0.019036114788  0.023458761935  0.021403646886  0.020492958990  0.019984696781  0.019444245298  0.022504783076  0.014311500521  0.022504783076  0.019545552944  0.026472499851  0.020563501932  0.022482780754  0.000000000000  0.000000000000  0.003866477103  0.021524305737  0.022482780754  0.023498209067  
piranga_erythrocephala_fmnh343370 0.015876767948  0.012949420290  0.012969850034  0.013014244308  0.018906974977  0.007158398389  0.014435467323  0.004882195960  0.011549601955  0.012958027960  0.011509370201  0.012958027960  0.014410523196  0.017348190866  0.011499792990  0.014410523196  0.020031853494  0.015889898940  0.014435467323  0.012969850034  0.018892384026  0.018810365379  0.013014244308  0.012958027960  0.000000000000  0.000000000000  0.003866477103  0.011509370201  0.011499792990  0.014421384575  
piranga_ludoviciana_sdsu2650 0.005811802374  0.003867240114  0.000000000000  0.005845777286  0.009775628198  0.005808584660  0.001931251252  0.005808584660  0.001931251252  0.001930192358  0.001931251252  0.003871495979  0.005808584660  0.005808584660  0.001931251252  0.003867240114  0.008276428455  0.003871495979  0.001931251252  0.000000000000  0.013746216904  0.009713194076  0.005845777286  0.003871495979  0.003866477103  0.003866477103  0.000000000000  0.000000000000  0.001931251252  0.000000000000  
piranga_bidentata_tepe59 0.011082977808  0.008287107262  0.004595636006  0.022463794163  0.026292654148  0.018577230763  0.007689872774  0.016444689048  0.010177104912  0.000914843222  0.004097554963  0.009945539212  0.009213880524  0.009279741847  0.009221399410  0.005808762844  0.009638297444  0.010148934807  0.002830467036  0.000915080942  0.025326971699  0.013890021757  0.022463794163  0.010154269544  0.021524305737  0.011509370201  0.000000000000  0.000000000000  0.009227132209  0.001831052699  
piranga_rubra_sdsu2635 0.007352271445  0.008271873639  0.012023667492  0.024319479761  0.028151264025  0.019470480549  0.006714483136  0.017725692853  0.004589326975  0.010144904253  0.011321839728  0.009927640563  0.009196932244  0.011622161490  0.001826037339  0.009312558365  0.015502630962  0.008287792803  0.007103436312  0.010151542939  0.025255883612  0.013864343196  0.024319479761  0.012004088084  0.022482780754  0.011499792990  0.001931251252  0.009227132209  0.000000000000  0.011078994424  
piranga_bidentata_itm141 0.012938616112  0.010135571699  0.006436643041  0.024352204688  0.028190159797  0.020449249781  0.009617616193  0.017733477966  0.012035507806  0.002746047966  0.006149373476  0.009927640563  0.011064223734  0.011622161490  0.011072750775  0.008139145348  0.011587764759  0.010135571699  0.005673338508  0.000914007049  0.027221909625  0.015752405689  0.024352204688  0.010139579396  0.023498209067  0.014421384575  0.000000000000  0.001831052699  0.011078994424  0.000000000000  

