30
cardinalis_cardinalis_ku21828 0.000000000000  0.001000716270  0.008554717863  0.013153926589  0.009075242424  0.010605078714  0.012128999073  0.012128999073  0.015203956332  0.008562843956  0.006027107593  0.007544980864  0.009064884227  0.009064884227  0.009064884227  0.008058181311  0.008058181311  0.008049653359  0.006030805431  0.009580422700  0.009576663794  0.009067898055  0.011102117917  0.009067898055  0.010595892801  0.009067898055  0.013667251185  0.015726318597  0.013153926589  0.010600265867  
cardinalis_cardinalis_ku25393 0.001000716270  0.000000000000  0.009568024816  0.014175049807  0.010090060601  0.011622383558  0.013148448086  0.013148448086  0.016228266495  0.009576663794  0.007036666502  0.008556987671  0.010079183292  0.010079183292  0.010079183292  0.009071350904  0.009071350904  0.009062309773  0.007040699705  0.010595892801  0.010591959863  0.010082369069  0.012119724256  0.010082369069  0.011612844495  0.010082369069  0.014689214322  0.016751660338  0.014175049807  0.011617393591  
piranga_bidentata_tepe59 0.008554717863  0.009568024816  0.000000000000  0.012636008305  0.008562843956  0.010090060601  0.011612844495  0.011612844495  0.014683243630  0.008052057838  0.005521372101  0.007036666502  0.008554717863  0.008554717863  0.008554717863  0.007547519603  0.007547519603  0.007541217515  0.005523594264  0.009067898055  0.010082369069  0.008556987671  0.010588467403  0.008556987671  0.010082369069  0.008556987671  0.013148448086  0.015203956332  0.012636008305  0.010085994956  
piranga_leucoptera_fmnh481795 0.013153926589  0.014175049807  0.012636008305  0.000000000000  0.004013657646  0.006539615254  0.008054900605  0.008054900605  0.011106358590  0.012652836848  0.010090060601  0.011622383558  0.013153926589  0.013153926589  0.013153926589  0.012146219788  0.012146219788  0.012128999073  0.010099509771  0.013680157356  0.014702485802  0.013159847090  0.015210683797  0.013159847090  0.014702485802  0.013159847090  0.016767448171  0.017803428954  0.016250334652  0.013680157356  
piranga_leucoptera_lsu7783 0.009075242424  0.010090060601  0.008562843956  0.004013657646  0.000000000000  0.002506843670  0.004013657646  0.004013657646  0.007043372297  0.008574914797  0.006033308727  0.007553909450  0.009075242424  0.009075242424  0.009075242424  0.008070647570  0.008070647570  0.008058181311  0.006039622324  0.009594332269  0.010610330994  0.009079572267  0.011116161089  0.009079572267  0.010610330994  0.009079572267  0.012659328686  0.014717528454  0.013173012710  0.010616022365  
piranga_erythrocephala_fmnh343371 0.010605078714  0.011622383558  0.010090060601  0.006539615254  0.002506843670  0.000000000000  0.002504738845  0.002504738845  0.005525359712  0.010104892606  0.007553909450  0.009079572267  0.010605078714  0.010605078714  0.010605078714  0.009599845257  0.009599845257  0.009584620646  0.007562046800  0.011127722817  0.012146219788  0.010610330994  0.012652836848  0.010610330994  0.012146219788  0.010610330994  0.013173012710  0.016267267045  0.014717528454  0.012152840911  
piranga_rubriceps_lsu265 0.012128999073  0.013148448086  0.011612844495  0.008054900605  0.004013657646  0.002504738845  0.000000000000  0.000000000000  0.003008294391  0.011627814052  0.009071350904  0.010600265867  0.012128999073  0.012128999073  0.012128999073  0.011121722221  0.011121722221  0.011106358590  0.009079572267  0.012652836848  0.013673483255  0.012134298526  0.014181151389  0.012134298526  0.013673483255  0.012134298526  0.014702485802  0.017803428954  0.016250334652  0.013680157356  
piranga_rubriceps_lsu34818 0.012128999073  0.013148448086  0.011612844495  0.008054900605  0.004013657646  0.002504738845  0.000000000000  0.000000000000  0.003008294391  0.011627814052  0.009071350904  0.010600265867  0.012128999073  0.012128999073  0.012128999073  0.011121722221  0.011121722221  0.011106358590  0.009079572267  0.012652836848  0.013673483255  0.012134298526  0.014181151389  0.012134298526  0.013673483255  0.012134298526  0.014702485802  0.017803428954  0.016250334652  0.013680157356  
piranga_erythrocephala_fmnh343370 0.015203956332  0.016228266495  0.014683243630  0.011106358590  0.007043372297  0.005525359712  0.003008294391  0.003008294391  0.000000000000  0.014702485802  0.012128999073  0.013667251185  0.015203956332  0.015203956332  0.015203956332  0.014194682477  0.014194682477  0.014175049807  0.012140038878  0.015733803959  0.016759331920  0.015210683797  0.017268725357  0.015210683797  0.016759331920  0.015210683797  0.017794678959  0.020914828418  0.019352098374  0.016767448171  
piranga_roseogularis_ku2049 0.008562843956  0.009576663794  0.008052057838  0.012652836848  0.008574914797  0.010104892606  0.011627814052  0.011627814052  0.014702485802  0.000000000000  0.005525359712  0.007043372297  0.008562843956  0.008562843956  0.008562843956  0.007557759861  0.007557759861  0.007547519603  0.005530197577  0.009079572267  0.010094565655  0.008566429730  0.010600265867  0.008566429730  0.010094565655  0.008566429730  0.013166209244  0.015225468934  0.012652836848  0.010099509771  
piranga_roseogularis_ku2141 0.006027107593  0.007036666502  0.005521372101  0.010090060601  0.006033308727  0.007553909450  0.009071350904  0.009071350904  0.012128999073  0.005525359712  0.000000000000  0.004514973543  0.006027107593  0.006027107593  0.006027107593  0.005022370640  0.005022370640  0.005017977799  0.003007159973  0.006536809215  0.007547519603  0.006028738269  0.008052057838  0.006028738269  0.007547519603  0.006028738269  0.010600265867  0.012646785942  0.010090060601  0.007550495915  
piranga_ludoviciana_sdsu2385 0.007544980864  0.008556987671  0.007036666502  0.011622383558  0.007553909450  0.009079572267  0.010600265867  0.010600265867  0.013667251185  0.007043372297  0.004514973543  0.000000000000  0.001501786937  0.001501786937  0.001501786937  0.003510132503  0.003510132503  0.006532506977  0.004517736618  0.008058181311  0.009071350904  0.007547519603  0.009576663794  0.007547519603  0.008054900605  0.007547519603  0.012134298526  0.014187695727  0.011622383558  0.009075242424  
piranga_ludoviciana_sdsu2650 0.009064884227  0.010079183292  0.008554717863  0.013153926589  0.009075242424  0.010605078714  0.012128999073  0.012128999073  0.015203956332  0.008562843956  0.006027107593  0.001501786937  0.000000000000  0.000000000000  0.000000000000  0.005020470828  0.005020470828  0.008049653359  0.006030805431  0.009580422700  0.010595892801  0.009067898055  0.011102117917  0.009067898055  0.009576663794  0.009067898055  0.013667251185  0.015726318597  0.013153926589  0.010600265867  
piranga_ludoviciana_sdsu2208 0.009064884227  0.010079183292  0.008554717863  0.013153926589  0.009075242424  0.010605078714  0.012128999073  0.012128999073  0.015203956332  0.008562843956  0.006027107593  0.001501786937  0.000000000000  0.000000000000  0.000000000000  0.005020470828  0.005020470828  0.008049653359  0.006030805431  0.009580422700  0.010595892801  0.009067898055  0.011102117917  0.009067898055  0.009576663794  0.009067898055  0.013667251185  0.015726318597  0.013153926589  0.010600265867  
piranga_ludoviciana_sdsu2648 0.009064884227  0.010079183292  0.008554717863  0.013153926589  0.009075242424  0.010605078714  0.012128999073  0.012128999073  0.015203956332  0.008562843956  0.006027107593  0.001501786937  0.000000000000  0.000000000000  0.000000000000  0.005020470828  0.005020470828  0.008049653359  0.006030805431  0.009580422700  0.010595892801  0.009067898055  0.011102117917  0.009067898055  0.009576663794  0.009067898055  0.013667251185  0.015726318597  0.013153926589  0.010600265867  
piranga_bidentata_itm160 0.008058181311  0.009071350904  0.007547519603  0.012146219788  0.008070647570  0.009599845257  0.011121722221  0.011121722221  0.014194682477  0.007557759861  0.005022370640  0.003510132503  0.005020470828  0.005020470828  0.005020470828  0.000000000000  0.000000000000  0.007043372297  0.005027475101  0.007557759861  0.009589257284  0.008061899605  0.010094565655  0.008061899605  0.008570453459  0.008061899605  0.012659328686  0.014717528454  0.012146219788  0.009594332269  
piranga_bidentata_itm141 0.008058181311  0.009071350904  0.007547519603  0.012146219788  0.008070647570  0.009599845257  0.011121722221  0.011121722221  0.014194682477  0.007557759861  0.005022370640  0.003510132503  0.005020470828  0.005020470828  0.005020470828  0.000000000000  0.000000000000  0.007043372297  0.005027475101  0.007557759861  0.009589257284  0.008061899605  0.010094565655  0.008061899605  0.008570453459  0.008061899605  0.012659328686  0.014717528454  0.012146219788  0.009594332269  
piranga_olivacea_ku4672 0.008049653359  0.009062309773  0.007541217515  0.012128999073  0.008058181311  0.009584620646  0.011106358590  0.011106358590  0.014175049807  0.007547519603  0.005017977799  0.006532506977  0.008049653359  0.008049653359  0.008049653359  0.007043372297  0.007043372297  0.000000000000  0.002002762705  0.005523594264  0.006532506977  0.005017977799  0.007036666502  0.005017977799  0.006532506977  0.005017977799  0.009576663794  0.011617393591  0.009067898055  0.006534439672  
piranga_olivacea_ku2699 0.006030805431  0.007040699705  0.005523594264  0.010099509771  0.006039622324  0.007562046800  0.009079572267  0.009079572267  0.012140038878  0.005530197577  0.003007159973  0.004517736618  0.006030805431  0.006030805431  0.006030805431  0.005027475101  0.005027475101  0.002002762705  0.000000000000  0.003511566046  0.004517736618  0.003007159973  0.005020470828  0.003007159973  0.004517736618  0.003007159973  0.007553909450  0.009589257284  0.007046481748  0.004519770387  
piranga_bidentata_hgoslp104 0.009580422700  0.010595892801  0.009067898055  0.013680157356  0.009594332269  0.011127722817  0.012652836848  0.012652836848  0.015733803959  0.009079572267  0.006536809215  0.008058181311  0.009580422700  0.009580422700  0.009580422700  0.007557759861  0.007557759861  0.005523594264  0.003511566046  0.000000000000  0.008058181311  0.006536809215  0.008562843956  0.006536809215  0.008058181311  0.006536809215  0.011116161089  0.013166209244  0.010605078714  0.008061899605  
piranga_lutea_lsu5400 0.009576663794  0.010591959863  0.010082369069  0.014702485802  0.010610330994  0.012146219788  0.013673483255  0.013673483255  0.016759331920  0.010094565655  0.007547519603  0.009071350904  0.010595892801  0.010595892801  0.010595892801  0.009589257284  0.009589257284  0.006532506977  0.004517736618  0.008058181311  0.000000000000  0.001502460127  0.003511566046  0.001502460127  0.003009862092  0.001502460127  0.009079572267  0.011121722221  0.008570453459  0.006036247808  
piranga_lutea_ku89864 0.009067898055  0.010082369069  0.008556987671  0.013159847090  0.009079572267  0.010610330994  0.012134298526  0.012134298526  0.015210683797  0.008566429730  0.006028738269  0.007547519603  0.009067898055  0.009067898055  0.009067898055  0.008061899605  0.008061899605  0.005017977799  0.003007159973  0.006536809215  0.001502460127  0.000000000000  0.002003406045  0.000000000000  0.001502460127  0.000000000000  0.007553909450  0.009589257284  0.007046481748  0.004519770387  
piranga_flava_lsu15408 0.011102117917  0.012119724256  0.010588467403  0.015210683797  0.011116161089  0.012652836848  0.014181151389  0.014181151389  0.017268725357  0.010600265867  0.008052057838  0.009576663794  0.011102117917  0.011102117917  0.011102117917  0.010094565655  0.010094565655  0.007036666502  0.005020470828  0.008562843956  0.003511566046  0.002003406045  0.000000000000  0.002003406045  0.003511566046  0.002003406045  0.009584620646  0.011627814052  0.009075242424  0.006539615254  
piranga_hepatica_ku4970 0.009067898055  0.010082369069  0.008556987671  0.013159847090  0.009079572267  0.010610330994  0.012134298526  0.012134298526  0.015210683797  0.008566429730  0.006028738269  0.007547519603  0.009067898055  0.009067898055  0.009067898055  0.008061899605  0.008061899605  0.005017977799  0.003007159973  0.006536809215  0.001502460127  0.000000000000  0.002003406045  0.000000000000  0.001502460127  0.000000000000  0.007553909450  0.009589257284  0.007046481748  0.004519770387  
piranga_flava_ku90809 0.010595892801  0.011612844495  0.010082369069  0.014702485802  0.010610330994  0.012146219788  0.013673483255  0.013673483255  0.016759331920  0.010094565655  0.007547519603  0.008054900605  0.009576663794  0.009576663794  0.009576663794  0.008570453459  0.008570453459  0.006532506977  0.004517736618  0.008058181311  0.003009862092  0.001502460127  0.003511566046  0.001502460127  0.000000000000  0.001502460127  0.009079572267  0.011121722221  0.008570453459  0.006036247808  
piranga_hepatica_ku9084 0.009067898055  0.010082369069  0.008556987671  0.013159847090  0.009079572267  0.010610330994  0.012134298526  0.012134298526  0.015210683797  0.008566429730  0.006028738269  0.007547519603  0.009067898055  0.009067898055  0.009067898055  0.008061899605  0.008061899605  0.005017977799  0.003007159973  0.006536809215  0.001502460127  0.000000000000  0.002003406045  0.000000000000  0.001502460127  0.000000000000  0.007553909450  0.009589257284  0.007046481748  0.004519770387  
piranga_rubra_sdsu2635 0.013667251185  0.014689214322  0.013148448086  0.016767448171  0.012659328686  0.013173012710  0.014702485802  0.014702485802  0.017794678959  0.013166209244  0.010600265867  0.012134298526  0.013667251185  0.013667251185  0.013667251185  0.012659328686  0.012659328686  0.009576663794  0.007553909450  0.011116161089  0.009079572267  0.007553909450  0.009584620646  0.007553909450  0.009079572267  0.007553909450  0.000000000000  0.011121722221  0.008570453459  0.006036247808  
piranga_rubra_sdsu2654 0.015726318597  0.016751660338  0.015203956332  0.017803428954  0.014717528454  0.016267267045  0.017803428954  0.017803428954  0.020914828418  0.015225468934  0.012646785942  0.014187695727  0.015726318597  0.015726318597  0.015726318597  0.014717528454  0.014717528454  0.011617393591  0.009589257284  0.013166209244  0.011121722221  0.009589257284  0.011627814052  0.009589257284  0.011121722221  0.009589257284  0.011121722221  0.000000000000  0.007553909450  0.005024705514  
piranga_rubra_ku7046 0.013153926589  0.014175049807  0.012636008305  0.016250334652  0.013173012710  0.014717528454  0.016250334652  0.016250334652  0.019352098374  0.012652836848  0.010090060601  0.011622383558  0.013153926589  0.013153926589  0.013153926589  0.012146219788  0.012146219788  0.009067898055  0.007046481748  0.010605078714  0.008570453459  0.007046481748  0.009075242424  0.007046481748  0.008570453459  0.007046481748  0.008570453459  0.007553909450  0.000000000000  0.002505574794  
piranga_rubra_ku26592 0.010600265867  0.011617393591  0.010085994956  0.013680157356  0.010616022365  0.012152840911  0.013680157356  0.013680157356  0.016767448171  0.010099509771  0.007550495915  0.009075242424  0.010600265867  0.010600265867  0.010600265867  0.009594332269  0.009594332269  0.006534439672  0.004519770387  0.008061899605  0.006036247808  0.004519770387  0.006539615254  0.004519770387  0.006036247808  0.004519770387  0.006036247808  0.005024705514  0.002505574794  0.000000000000  

