30
piranga_rubra_ku26592 0.000000000000  0.002079831992  0.004170018686  0.007460191431  0.006270663701  0.006261273625  0.004240755394  0.006363777376  0.000000000000  0.006270663701  0.006544247511  0.004170018686  0.000000000000  0.002826393999  0.000000000000  0.002079831992  0.004170018686  0.004688082334  0.006270663701  0.004170018686  0.002079831992  0.002079831992  0.008368260542  0.004170018686  0.004666206547  0.002741169802  0.009550119327  0.006270663701  0.000000000000  0.004170018686  
piranga_flava_ku90809 0.002079831992  0.000000000000  0.001916413170  0.009049865901  0.007718705597  0.007707164040  0.000000000000  0.007824398515  0.002763898831  0.003841614326  0.004351477674  0.005775684438  0.000000000000  0.000000000000  0.000000000000  0.000000000000  0.001916413170  0.002337497494  0.003841614326  0.001916413170  0.004059971777  0.000000000000  0.009655609837  0.005775684438  0.006404535198  0.005500354912  0.006344916899  0.003841614326  0.001916413170  0.001916413170  
piranga_ludoviciana_sdsu2385 0.004170018686  0.001916413170  0.000000000000  0.009049865901  0.005775684438  0.005767719226  0.000000000000  0.005854585590  0.002763898831  0.001916413170  0.002170101098  0.003841614326  0.000000000000  0.000000000000  0.000000000000  0.001916413170  0.003841614326  0.000000000000  0.001916413170  0.000000000000  0.002025078192  0.001916413170  0.007707164040  0.003841614326  0.004258816146  0.005500354912  0.003163999205  0.001916413170  0.003841614326  0.000000000000  
piranga_rubriceps_lsu265 0.007460191431  0.009049865901  0.009049865901  0.000000000000  0.006769942950  0.011328520333  0.008502977658  0.011342237715  0.005678376709  0.011342237715  0.010498875549  0.006769942950  0.009774747865  0.007684106336  0.006587357689  0.009049865901  0.011342237715  0.008592708228  0.011342237715  0.009049865901  0.007226569994  0.009049865901  0.002248161067  0.006769942950  0.009049865901  0.011049958796  0.011793311424  0.011342237715  0.006769942950  0.009049865901  
piranga_leucoptera_lsu7783 0.006270663701  0.007718705597  0.005775684438  0.006769942950  0.000000000000  0.007707164040  0.004240755394  0.007824398515  0.000000000000  0.007718705597  0.008748530248  0.005775684438  0.009774747865  0.007684106336  0.006587357689  0.007718705597  0.009670761042  0.002337497494  0.007718705597  0.005775684438  0.004059971777  0.007718705597  0.005767719226  0.005775684438  0.006404535198  0.008277793695  0.006344916899  0.007718705597  0.005775684438  0.005775684438  
cardinalis_cardinalis_ku25393 0.006261273625  0.007707164040  0.005767719226  0.011328520333  0.007707164040  0.000000000000  0.004240755394  0.007812538479  0.002762004688  0.007707164040  0.006534019526  0.005767719226  0.004853072556  0.007670001227  0.006574344829  0.007707164040  0.009655609837  0.004681495558  0.007707164040  0.005767719226  0.004055032768  0.007707164040  0.009645682022  0.005767719226  0.006394739591  0.005491285515  0.006344916899  0.007707164040  0.005767719226  0.005767719226  
piranga_olivacea_ku2699 0.004240755394  0.000000000000  0.000000000000  0.008502977658  0.004240755394  0.004240755394  0.000000000000  0.008524784357  0.004240755394  0.000000000000  0.000000000000  0.004240755394  0.000000000000  0.000000000000  0.000000000000  0.000000000000  0.004240755394  0.000000000000  0.000000000000  0.000000000000  0.004240755394  0.000000000000  0.008502977658  0.004240755394  0.004240755394  0.004240755394  0.000000000000  0.000000000000  0.004240755394  0.000000000000  
cardinalis_cardinalis_ku21828 0.006363777376  0.007824398515  0.005854585590  0.011342237715  0.007824398515  0.007812538479  0.008524784357  0.000000000000  0.002763898831  0.007824398515  0.008884557176  0.005854585590  0.004858927049  0.007684106336  0.006587357689  0.007824398515  0.009803497182  0.004766289817  0.007824398515  0.005854585590  0.004118495656  0.007824398515  0.009787926885  0.005854585590  0.006404535198  0.008277793695  0.009550119327  0.007824398515  0.005854585590  0.005854585590  
piranga_rubra_ku7046 0.000000000000  0.002763898831  0.002763898831  0.005678376709  0.000000000000  0.002762004688  0.004240755394  0.002763898831  0.000000000000  0.005546113965  0.002763898831  0.000000000000  0.000000000000  0.003302428229  0.000000000000  0.002763898831  0.005546113965  0.002779262086  0.002763898831  0.002763898831  0.000000000000  0.002763898831  0.002762004688  0.000000000000  0.002763898831  0.000000000000  0.007569671622  0.005546113965  0.000000000000  0.002763898831  
piranga_bidentata_hgoslp104 0.006270663701  0.003841614326  0.001916413170  0.011342237715  0.007718705597  0.007707164040  0.000000000000  0.007824398515  0.005546113965  0.000000000000  0.004351477674  0.005775684438  0.000000000000  0.000000000000  0.000000000000  0.003841614326  0.005775684438  0.002337497494  0.003841614326  0.001916413170  0.004059971777  0.003841614326  0.009655609837  0.005775684438  0.006404535198  0.008277793695  0.006344916899  0.003841614326  0.005775684438  0.001916413170  
piranga_ludoviciana_sdsu2648 0.006544247511  0.004351477674  0.002170101098  0.010498875549  0.008748530248  0.006534019526  0.000000000000  0.008884557176  0.002763898831  0.004351477674  0.000000000000  0.002170101098  0.000000000000  0.000000000000  0.000000000000  0.004351477674  0.006544247511  0.002337497494  0.004351477674  0.002170101098  0.004351477674  0.004351477674  0.006534019526  0.002170101098  0.004894601215  0.005500354912  0.003163999205  0.004351477674  0.006544247511  0.002170101098  
piranga_roseogularis_ku2049 0.004170018686  0.005775684438  0.003841614326  0.006769942950  0.005775684438  0.005767719226  0.004240755394  0.005854585590  0.000000000000  0.005775684438  0.002170101098  0.000000000000  0.000000000000  0.002545773991  0.000000000000  0.005775684438  0.007718705597  0.004688082334  0.005775684438  0.003841614326  0.002025078192  0.005775684438  0.003837192615  0.000000000000  0.002124007880  0.002741169802  0.006344916899  0.005775684438  0.003841614326  0.003841614326  
piranga_hepatica_ku4970 0.000000000000  0.000000000000  0.000000000000  0.009774747865  0.009774747865  0.004853072556  0.000000000000  0.004858927049  0.000000000000  0.000000000000  0.000000000000  0.000000000000  0.000000000000  0.000000000000  0.000000000000  0.000000000000  0.000000000000  0.000000000000  0.000000000000  0.000000000000  0.000000000000  0.000000000000  0.004858927049  0.000000000000  0.004858927049  0.004858927049  0.000000000000  0.000000000000  0.000000000000  0.000000000000  
piranga_hepatica_ku9084 0.002826393999  0.000000000000  0.000000000000  0.007684106336  0.007684106336  0.007670001227  0.000000000000  0.007684106336  0.003302428229  0.000000000000  0.000000000000  0.002545773991  0.000000000000  0.000000000000  0.000000000000  0.000000000000  0.002545773991  0.000000000000  0.002545773991  0.000000000000  0.002726223665  0.000000000000  0.005107079214  0.002545773991  0.005107079214  0.006180235626  0.000000000000  0.000000000000  0.002545773991  0.000000000000  
piranga_rubra_sdsu2654 0.000000000000  0.000000000000  0.000000000000  0.006587357689  0.006587357689  0.006574344829  0.000000000000  0.006587357689  0.000000000000  0.000000000000  0.000000000000  0.000000000000  0.000000000000  0.000000000000  0.000000000000  0.000000000000  0.003280759175  0.000000000000  0.003280759175  0.000000000000  0.000000000000  0.000000000000  0.003280759175  0.000000000000  0.003280759175  0.004258816146  0.000000000000  0.000000000000  0.000000000000  0.000000000000  
piranga_flava_lsu15408 0.002079831992  0.000000000000  0.001916413170  0.009049865901  0.007718705597  0.007707164040  0.000000000000  0.007824398515  0.002763898831  0.003841614326  0.004351477674  0.005775684438  0.000000000000  0.000000000000  0.000000000000  0.000000000000  0.001916413170  0.002337497494  0.003841614326  0.001916413170  0.004059971777  0.000000000000  0.009655609837  0.005775684438  0.006404535198  0.005500354912  0.006344916899  0.003841614326  0.001916413170  0.001916413170  
piranga_lutea_lsu5400 0.004170018686  0.001916413170  0.003841614326  0.011342237715  0.009670761042  0.009655609837  0.004240755394  0.009803497182  0.005546113965  0.005775684438  0.006544247511  0.007718705597  0.000000000000  0.002545773991  0.003280759175  0.001916413170  0.000000000000  0.004688082334  0.005775684438  0.003841614326  0.006104776368  0.001916413170  0.011613140552  0.007718705597  0.008561277137  0.008277793695  0.009550119327  0.005775684438  0.003841614326  0.003841614326  
piranga_olivacea_ku4672 0.004688082334  0.002337497494  0.000000000000  0.008592708228  0.002337497494  0.004681495558  0.000000000000  0.004766289817  0.002779262086  0.002337497494  0.002337497494  0.004688082334  0.000000000000  0.000000000000  0.000000000000  0.002337497494  0.004688082334  0.000000000000  0.000000000000  0.000000000000  0.002337497494  0.002337497494  0.007040024087  0.004688082334  0.005324628403  0.002934206322  0.003163999205  0.002337497494  0.004688082334  0.000000000000  
piranga_ludoviciana_sdsu2208 0.006270663701  0.003841614326  0.001916413170  0.011342237715  0.007718705597  0.007707164040  0.000000000000  0.007824398515  0.002763898831  0.003841614326  0.004351477674  0.005775684438  0.000000000000  0.002545773991  0.003280759175  0.003841614326  0.005775684438  0.000000000000  0.000000000000  0.001916413170  0.004059971777  0.003841614326  0.009655609837  0.005775684438  0.006404535198  0.008277793695  0.003163999205  0.003841614326  0.005775684438  0.001916413170  
piranga_bidentata_itm160 0.004170018686  0.001916413170  0.000000000000  0.009049865901  0.005775684438  0.005767719226  0.000000000000  0.005854585590  0.002763898831  0.001916413170  0.002170101098  0.003841614326  0.000000000000  0.000000000000  0.000000000000  0.001916413170  0.003841614326  0.000000000000  0.001916413170  0.000000000000  0.002025078192  0.001916413170  0.007707164040  0.003841614326  0.004258816146  0.005500354912  0.003163999205  0.001916413170  0.003841614326  0.000000000000  
piranga_leucoptera_fmnh481795 0.002079831992  0.004059971777  0.002025078192  0.007226569994  0.004059971777  0.004055032768  0.004240755394  0.004118495656  0.000000000000  0.004059971777  0.004351477674  0.002025078192  0.000000000000  0.002726223665  0.000000000000  0.004059971777  0.006104776368  0.002337497494  0.004059971777  0.002025078192  0.000000000000  0.004059971777  0.006095876894  0.002025078192  0.002258315204  0.002741169802  0.006344916899  0.004059971777  0.002025078192  0.002025078192  
piranga_lutea_ku89864 0.002079831992  0.000000000000  0.001916413170  0.009049865901  0.007718705597  0.007707164040  0.000000000000  0.007824398515  0.002763898831  0.003841614326  0.004351477674  0.005775684438  0.000000000000  0.000000000000  0.000000000000  0.000000000000  0.001916413170  0.002337497494  0.003841614326  0.001916413170  0.004059971777  0.000000000000  0.009655609837  0.005775684438  0.006404535198  0.005500354912  0.006344916899  0.003841614326  0.001916413170  0.001916413170  
piranga_rubriceps_lsu34818 0.008368260542  0.009655609837  0.007707164040  0.002248161067  0.005767719226  0.009645682022  0.008502977658  0.009787926885  0.002762004688  0.009655609837  0.006534019526  0.003837192615  0.004858927049  0.005107079214  0.003280759175  0.009655609837  0.011613140552  0.007040024087  0.009655609837  0.007707164040  0.006095876894  0.009655609837  0.000000000000  0.003837192615  0.006394739591  0.008261422480  0.009542495169  0.009655609837  0.007707164040  0.007707164040  
piranga_roseogularis_ku2141 0.004170018686  0.005775684438  0.003841614326  0.006769942950  0.005775684438  0.005767719226  0.004240755394  0.005854585590  0.000000000000  0.005775684438  0.002170101098  0.000000000000  0.000000000000  0.002545773991  0.000000000000  0.005775684438  0.007718705597  0.004688082334  0.005775684438  0.003841614326  0.002025078192  0.005775684438  0.003837192615  0.000000000000  0.002124007880  0.002741169802  0.006344916899  0.005775684438  0.003841614326  0.003841614326  
piranga_erythrocephala_fmnh343371 0.004666206547  0.006404535198  0.004258816146  0.009049865901  0.006404535198  0.006394739591  0.004240755394  0.006404535198  0.002763898831  0.006404535198  0.004894601215  0.002124007880  0.004858927049  0.005107079214  0.003280759175  0.006404535198  0.008561277137  0.005324628403  0.006404535198  0.004258816146  0.002258315204  0.006404535198  0.006394739591  0.002124007880  0.000000000000  0.005500354912  0.007112058993  0.006404535198  0.004258816146  0.004258816146  
piranga_erythrocephala_fmnh343370 0.002741169802  0.005500354912  0.005500354912  0.011049958796  0.008277793695  0.005491285515  0.004240755394  0.008277793695  0.000000000000  0.008277793695  0.005500354912  0.002741169802  0.004858927049  0.006180235626  0.004258816146  0.005500354912  0.008277793695  0.002934206322  0.008277793695  0.005500354912  0.002741169802  0.005500354912  0.008261422480  0.002741169802  0.005500354912  0.000000000000  0.008156210406  0.008277793695  0.002741169802  0.005500354912  
piranga_ludoviciana_sdsu2650 0.009550119327  0.006344916899  0.003163999205  0.011793311424  0.006344916899  0.006344916899  0.000000000000  0.009550119327  0.007569671622  0.006344916899  0.003163999205  0.006344916899  0.000000000000  0.000000000000  0.000000000000  0.006344916899  0.009550119327  0.003163999205  0.003163999205  0.003163999205  0.006344916899  0.006344916899  0.009542495169  0.006344916899  0.007112058993  0.008156210406  0.000000000000  0.006344916899  0.009550119327  0.003163999205  
piranga_bidentata_tepe59 0.006270663701  0.003841614326  0.001916413170  0.011342237715  0.007718705597  0.007707164040  0.000000000000  0.007824398515  0.005546113965  0.003841614326  0.004351477674  0.005775684438  0.000000000000  0.000000000000  0.000000000000  0.003841614326  0.005775684438  0.002337497494  0.003841614326  0.001916413170  0.004059971777  0.003841614326  0.009655609837  0.005775684438  0.006404535198  0.008277793695  0.006344916899  0.000000000000  0.005775684438  0.001916413170  
piranga_rubra_sdsu2635 0.000000000000  0.001916413170  0.003841614326  0.006769942950  0.005775684438  0.005767719226  0.004240755394  0.005854585590  0.000000000000  0.005775684438  0.006544247511  0.003841614326  0.000000000000  0.002545773991  0.000000000000  0.001916413170  0.003841614326  0.004688082334  0.005775684438  0.003841614326  0.002025078192  0.001916413170  0.007707164040  0.003841614326  0.004258816146  0.002741169802  0.009550119327  0.005775684438  0.000000000000  0.003841614326  
piranga_bidentata_itm141 0.004170018686  0.001916413170  0.000000000000  0.009049865901  0.005775684438  0.005767719226  0.000000000000  0.005854585590  0.002763898831  0.001916413170  0.002170101098  0.003841614326  0.000000000000  0.000000000000  0.000000000000  0.001916413170  0.003841614326  0.000000000000  0.001916413170  0.000000000000  0.002025078192  0.001916413170  0.007707164040  0.003841614326  0.004258816146  0.005500354912  0.003163999205  0.001916413170  0.003841614326  0.000000000000  

