30
cardinalis_cardinalis_ku21828 0.000000000000  0.000000000000  0.003007271742  0.006033958399  0.006033958399  0.013658855947  0.008063168600  0.008059291703  0.005528088605  0.005528088605  0.006540399999  0.008567715279  0.008567715279  0.008567715279  0.008567715279  0.008567715279  0.008567715279  0.006540399999  0.006540399999  0.006540399999  0.008563974712  0.008563974712  0.008052900757  0.007551444416  0.007551444416  0.010597616898  0.014658844273  0.013129465170  0.012110650696  0.012110650696  
cardinalis_cardinalis_ku25393 0.000000000000  0.000000000000  0.003007271742  0.006033958399  0.006033958399  0.013658855947  0.008063168600  0.008059291703  0.005528088605  0.005528088605  0.006540399999  0.008567715279  0.008567715279  0.008567715279  0.008567715279  0.008567715279  0.008567715279  0.006540399999  0.006540399999  0.006540399999  0.008563974712  0.008563974712  0.008052900757  0.007551444416  0.007551444416  0.010597616898  0.014658844273  0.013129465170  0.012110650696  0.012110650696  
piranga_erythrocephala_fmnh343370 0.003007271742  0.003007271742  0.000000000000  0.004013897186  0.004013897186  0.011610526330  0.006033958399  0.006031347255  0.003510301764  0.003510301764  0.004518059282  0.006537473490  0.006537473490  0.006537473490  0.006537473490  0.006537473490  0.006537473490  0.004518059282  0.004518059282  0.004518059282  0.006534999964  0.006534999964  0.007039047411  0.005525792115  0.005525792115  0.008560689055  0.012613571015  0.011088611369  0.010073158327  0.010073158327  
piranga_rubriceps_lsu265 0.006033958399  0.006033958399  0.004013897186  0.000000000000  0.000000000000  0.007545687310  0.002004477191  0.002003465615  0.003513742192  0.003513742192  0.004522750766  0.006543779144  0.006543779144  0.006543779144  0.006543779144  0.006543779144  0.006543779144  0.004522750766  0.004522750766  0.004522750766  0.006540399999  0.006540399999  0.007044172112  0.005530836947  0.005530836947  0.008567715279  0.013129465170  0.011603322037  0.010586671463  0.010586671463  
piranga_rubriceps_lsu34818 0.006033958399  0.006033958399  0.004013897186  0.000000000000  0.000000000000  0.007545687310  0.002004477191  0.002003465615  0.003513742192  0.003513742192  0.004522750766  0.006543779144  0.006543779144  0.006543779144  0.006543779144  0.006543779144  0.006543779144  0.004522750766  0.004522750766  0.004522750766  0.006540399999  0.006540399999  0.007044172112  0.005530836947  0.005530836947  0.008567715279  0.013129465170  0.011603322037  0.010586671463  0.010586671463  
piranga_erythrocephala_fmnh343371 0.013658855947  0.013658855947  0.011610526330  0.007545687310  0.007545687310  0.000000000000  0.007545687310  0.007543490281  0.011108299100  0.011108299100  0.012131413068  0.014178310769  0.014178310769  0.014178310769  0.014178310769  0.014178310769  0.014178310769  0.012131413068  0.012131413068  0.012131413068  0.014172404892  0.014172404892  0.014680772640  0.013151152208  0.013151152208  0.016225757262  0.020831909282  0.019289198968  0.018260693402  0.018260693402  
piranga_leucoptera_fmnh481795 0.008063168600  0.008063168600  0.006033958399  0.002004477191  0.002004477191  0.007545687310  0.000000000000  0.001000724982  0.005534036795  0.005534036795  0.006547610583  0.008576559767  0.008576559767  0.008576559767  0.008576559767  0.008576559767  0.008576559767  0.006547610583  0.006547610583  0.006547610583  0.008571910411  0.008571910411  0.009076716451  0.007559016609  0.007559016609  0.010607198716  0.015179657707  0.013649073855  0.012629045708  0.012629045708  
piranga_leucoptera_lsu7783 0.008059291703  0.008059291703  0.006031347255  0.002003465615  0.002003465615  0.007543490281  0.001000724982  0.000000000000  0.005530836947  0.005530836947  0.006543779144  0.008571910411  0.008571910411  0.008571910411  0.008571910411  0.008571910411  0.008571910411  0.006543779144  0.006543779144  0.006543779144  0.008567715279  0.008567715279  0.009072657325  0.007555003799  0.007555003799  0.010602179551  0.015175409752  0.013644873647  0.012625030340  0.012625030340  
piranga_bidentata_itm160 0.005528088605  0.005528088605  0.003510301764  0.003513742192  0.003513742192  0.011108299100  0.005534036795  0.005530836947  0.000000000000  0.000000000000  0.001001117629  0.003008455465  0.003008455465  0.003008455465  0.003008455465  0.003008455465  0.003008455465  0.001001117629  0.001001117629  0.001001117629  0.003007271742  0.003007271742  0.003509256821  0.002003465615  0.002003465615  0.005020806783  0.009564048574  0.008045580008  0.007034766784  0.007034766784  
piranga_bidentata_itm141 0.005528088605  0.005528088605  0.003510301764  0.003513742192  0.003513742192  0.011108299100  0.005534036795  0.005530836947  0.000000000000  0.000000000000  0.001001117629  0.003008455465  0.003008455465  0.003008455465  0.003008455465  0.003008455465  0.003008455465  0.001001117629  0.001001117629  0.001001117629  0.003007271742  0.003007271742  0.003509256821  0.002003465615  0.002003465615  0.005020806783  0.009564048574  0.008045580008  0.007034766784  0.007034766784  
piranga_ludoviciana_sdsu2385 0.006540399999  0.006540399999  0.004518059282  0.004522750766  0.004522750766  0.012131413068  0.006547610583  0.006543779144  0.001001117629  0.001001117629  0.000000000000  0.002003465615  0.002003465615  0.002003465615  0.002003465615  0.002003465615  0.002003465615  0.000000000000  0.000000000000  0.000000000000  0.002002902834  0.002002902834  0.004516389974  0.003008455465  0.003008455465  0.006031347255  0.010579847147  0.009059198276  0.008046726674  0.008046726674  
piranga_bidentata_hgoslp104 0.008567715279  0.008567715279  0.006537473490  0.006543779144  0.006543779144  0.014178310769  0.008576559767  0.008571910411  0.003008455465  0.003008455465  0.002003465615  0.000000000000  0.000000000000  0.000000000000  0.000000000000  0.000000000000  0.000000000000  0.002003465615  0.002003465615  0.002003465615  0.004012540412  0.004012540412  0.006534999964  0.005022789328  0.005022789328  0.008055868974  0.012615744817  0.010073158327  0.010075114880  0.010075114880  
piranga_ludoviciana_sdsu2208 0.008567715279  0.008567715279  0.006537473490  0.006543779144  0.006543779144  0.014178310769  0.008576559767  0.008571910411  0.003008455465  0.003008455465  0.002003465615  0.000000000000  0.000000000000  0.000000000000  0.000000000000  0.000000000000  0.000000000000  0.002003465615  0.002003465615  0.002003465615  0.004012540412  0.004012540412  0.006534999964  0.005022789328  0.005022789328  0.008055868974  0.012615744817  0.010073158327  0.010075114880  0.010075114880  
piranga_ludoviciana_sdsu2648 0.008567715279  0.008567715279  0.006537473490  0.006543779144  0.006543779144  0.014178310769  0.008576559767  0.008571910411  0.003008455465  0.003008455465  0.002003465615  0.000000000000  0.000000000000  0.000000000000  0.000000000000  0.000000000000  0.000000000000  0.002003465615  0.002003465615  0.002003465615  0.004012540412  0.004012540412  0.006534999964  0.005022789328  0.005022789328  0.008055868974  0.012615744817  0.010073158327  0.010075114880  0.010075114880  
piranga_bidentata_tepe59 0.008567715279  0.008567715279  0.006537473490  0.006543779144  0.006543779144  0.014178310769  0.008576559767  0.008571910411  0.003008455465  0.003008455465  0.002003465615  0.000000000000  0.000000000000  0.000000000000  0.000000000000  0.000000000000  0.000000000000  0.002003465615  0.002003465615  0.002003465615  0.004012540412  0.004012540412  0.006534999964  0.005022789328  0.005022789328  0.008055868974  0.012615744817  0.010073158327  0.010075114880  0.010075114880  
piranga_roseogularis_ku2141 0.008567715279  0.008567715279  0.006537473490  0.006543779144  0.006543779144  0.014178310769  0.008576559767  0.008571910411  0.003008455465  0.003008455465  0.002003465615  0.000000000000  0.000000000000  0.000000000000  0.000000000000  0.000000000000  0.000000000000  0.002003465615  0.002003465615  0.002003465615  0.004012540412  0.004012540412  0.006534999964  0.005022789328  0.005022789328  0.008055868974  0.012615744817  0.010073158327  0.010075114880  0.010075114880  
piranga_roseogularis_ku2049 0.008567715279  0.008567715279  0.006537473490  0.006543779144  0.006543779144  0.014178310769  0.008576559767  0.008571910411  0.003008455465  0.003008455465  0.002003465615  0.000000000000  0.000000000000  0.000000000000  0.000000000000  0.000000000000  0.000000000000  0.002003465615  0.002003465615  0.002003465615  0.004012540412  0.004012540412  0.006534999964  0.005022789328  0.005022789328  0.008055868974  0.012615744817  0.010073158327  0.010075114880  0.010075114880  
piranga_hepatica_ku9084 0.006540399999  0.006540399999  0.004518059282  0.004522750766  0.004522750766  0.012131413068  0.006547610583  0.006543779144  0.001001117629  0.001001117629  0.000000000000  0.002003465615  0.002003465615  0.002003465615  0.002003465615  0.002003465615  0.002003465615  0.000000000000  0.000000000000  0.000000000000  0.002002902834  0.002002902834  0.004516389974  0.003008455465  0.003008455465  0.006031347255  0.010579847147  0.009059198276  0.008046726674  0.008046726674  
piranga_ludoviciana_sdsu2650 0.006540399999  0.006540399999  0.004518059282  0.004522750766  0.004522750766  0.012131413068  0.006547610583  0.006543779144  0.001001117629  0.001001117629  0.000000000000  0.002003465615  0.002003465615  0.002003465615  0.002003465615  0.002003465615  0.002003465615  0.000000000000  0.000000000000  0.000000000000  0.002002902834  0.002002902834  0.004516389974  0.003008455465  0.003008455465  0.006031347255  0.010579847147  0.009059198276  0.008046726674  0.008046726674  
piranga_olivacea_ku2699 0.006540399999  0.006540399999  0.004518059282  0.004522750766  0.004522750766  0.012131413068  0.006547610583  0.006543779144  0.001001117629  0.001001117629  0.000000000000  0.002003465615  0.002003465615  0.002003465615  0.002003465615  0.002003465615  0.002003465615  0.000000000000  0.000000000000  0.000000000000  0.002002902834  0.002002902834  0.004516389974  0.003008455465  0.003008455465  0.006031347255  0.010579847147  0.009059198276  0.008046726674  0.008046726674  
piranga_flava_lsu15408 0.008563974712  0.008563974712  0.006534999964  0.006540399999  0.006540399999  0.014172404892  0.008571910411  0.008567715279  0.003007271742  0.003007271742  0.002002902834  0.004012540412  0.004012540412  0.004012540412  0.004012540412  0.004012540412  0.004012540412  0.002002902834  0.002002902834  0.002002902834  0.000000000000  0.000000000000  0.006532979767  0.005020806783  0.005020806783  0.008052900757  0.012613571015  0.011088611369  0.010073158327  0.010073158327  
piranga_olivacea_ku4672 0.008563974712  0.008563974712  0.006534999964  0.006540399999  0.006540399999  0.014172404892  0.008571910411  0.008567715279  0.003007271742  0.003007271742  0.002002902834  0.004012540412  0.004012540412  0.004012540412  0.004012540412  0.004012540412  0.004012540412  0.002002902834  0.002002902834  0.002002902834  0.000000000000  0.000000000000  0.006532979767  0.005020806783  0.005020806783  0.008052900757  0.012613571015  0.011088611369  0.010073158327  0.010073158327  
piranga_hepatica_ku4970 0.008052900757  0.008052900757  0.007039047411  0.007044172112  0.007044172112  0.014680772640  0.009076716451  0.009072657325  0.003509256821  0.003509256821  0.004516389974  0.006534999964  0.006534999964  0.006534999964  0.006534999964  0.006534999964  0.006534999964  0.004516389974  0.004516389974  0.004516389974  0.006532979767  0.006532979767  0.000000000000  0.001501561423  0.001501561423  0.004515172087  0.009056604767  0.007539253864  0.006529439307  0.006529439307  
piranga_flava_ku90809 0.007551444416  0.007551444416  0.005525792115  0.005530836947  0.005530836947  0.013151152208  0.007559016609  0.007555003799  0.002003465615  0.002003465615  0.003008455465  0.005022789328  0.005022789328  0.005022789328  0.005022789328  0.005022789328  0.005022789328  0.003008455465  0.003008455465  0.003008455465  0.005020806783  0.005020806783  0.001501561423  0.000000000000  0.000000000000  0.003007271742  0.007539253864  0.006025087383  0.005017398196  0.005017398196  
piranga_lutea_lsu5400 0.007551444416  0.007551444416  0.005525792115  0.005530836947  0.005530836947  0.013151152208  0.007559016609  0.007555003799  0.002003465615  0.002003465615  0.003008455465  0.005022789328  0.005022789328  0.005022789328  0.005022789328  0.005022789328  0.005022789328  0.003008455465  0.003008455465  0.003008455465  0.005020806783  0.005020806783  0.001501561423  0.000000000000  0.000000000000  0.003007271742  0.007539253864  0.006025087383  0.005017398196  0.005017398196  
piranga_lutea_ku89864 0.010597616898  0.010597616898  0.008560689055  0.008567715279  0.008567715279  0.016225757262  0.010607198716  0.010602179551  0.005020806783  0.005020806783  0.006031347255  0.008055868974  0.008055868974  0.008055868974  0.008055868974  0.008055868974  0.008055868974  0.006031347255  0.006031347255  0.006031347255  0.008052900757  0.008052900757  0.004515172087  0.003007271742  0.003007271742  0.000000000000  0.010578489828  0.009057876236  0.008045580008  0.008045580008  
piranga_rubra_ku7046 0.014658844273  0.014658844273  0.012613571015  0.013129465170  0.013129465170  0.020831909282  0.015179657707  0.015175409752  0.009564048574  0.009564048574  0.010579847147  0.012615744817  0.012615744817  0.012615744817  0.012615744817  0.012615744817  0.012615744817  0.010579847147  0.010579847147  0.010579847147  0.012613571015  0.012613571015  0.009056604767  0.007539253864  0.007539253864  0.010578489828  0.000000000000  0.005521617235  0.004514405970  0.004514405970  
piranga_rubra_sdsu2635 0.013129465170  0.013129465170  0.011088611369  0.011603322037  0.011603322037  0.019289198968  0.013649073855  0.013644873647  0.008045580008  0.008045580008  0.009059198276  0.010073158327  0.010073158327  0.010073158327  0.010073158327  0.010073158327  0.010073158327  0.009059198276  0.009059198276  0.009059198276  0.011088611369  0.011088611369  0.007539253864  0.006025087383  0.006025087383  0.009057876236  0.005521617235  0.000000000000  0.001000724982  0.003006537932  
piranga_rubra_sdsu2654 0.012110650696  0.012110650696  0.010073158327  0.010586671463  0.010586671463  0.018260693402  0.012629045708  0.012625030340  0.007034766784  0.007034766784  0.008046726674  0.010075114880  0.010075114880  0.010075114880  0.010075114880  0.010075114880  0.010075114880  0.008046726674  0.008046726674  0.008046726674  0.010073158327  0.010073158327  0.006529439307  0.005017398196  0.005017398196  0.008045580008  0.004514405970  0.001000724982  0.000000000000  0.002002902834  
piranga_rubra_ku26592 0.012110650696  0.012110650696  0.010073158327  0.010586671463  0.010586671463  0.018260693402  0.012629045708  0.012625030340  0.007034766784  0.007034766784  0.008046726674  0.010075114880  0.010075114880  0.010075114880  0.010075114880  0.010075114880  0.010075114880  0.008046726674  0.008046726674  0.008046726674  0.010073158327  0.010073158327  0.006529439307  0.005017398196  0.005017398196  0.008045580008  0.004514405970  0.003006537932  0.002002902834  0.000000000000  

