30
cardinalis_cardinalis_ku21828 0.000000000000  0.000000000000  0.015698265577  0.015698265577  0.012622436769  0.016202515988  0.015673974641  0.014652353711  0.015673974641  0.017210722503  0.013632189712  0.012616058587  0.011089254846  0.012108577786  0.013632189712  0.010580396707  0.013634918177  0.014649884626  0.020299465905  0.013119434441  0.012619044844  0.014146447018  0.016186832794  0.016186832794  0.016186832794  0.013634918177  0.013634918177  0.010580396707  0.013123929008  0.011087098031  
cardinalis_cardinalis_ku25393 0.000000000000  0.000000000000  0.015698265577  0.015698265577  0.012622436769  0.016202515988  0.015673974641  0.014652353711  0.015673974641  0.017210722503  0.013632189712  0.012616058587  0.011089254846  0.012108577786  0.013632189712  0.010580396707  0.013634918177  0.014649884626  0.020299465905  0.013119434441  0.012619044844  0.014146447018  0.016186832794  0.016186832794  0.016186832794  0.013634918177  0.013634918177  0.010580396707  0.013123929008  0.011087098031  
piranga_roseogularis_ku2049 0.015698265577  0.015698265577  0.000000000000  0.000000000000  0.012128196791  0.015709623529  0.015175101106  0.014153681991  0.015175101106  0.016712226381  0.013133720347  0.012119136073  0.010591963628  0.011612425944  0.013133720347  0.010082537597  0.013137795819  0.014149861029  0.019803105326  0.012619044844  0.012123464493  0.013649898532  0.015688536120  0.015688536120  0.015688536120  0.013137795819  0.013137795819  0.010082537597  0.012626233988  0.010588466506  
piranga_roseogularis_ku2141 0.015698265577  0.015698265577  0.000000000000  0.000000000000  0.012128196791  0.015709623529  0.015175101106  0.014153681991  0.015175101106  0.016712226381  0.013133720347  0.012119136073  0.010591963628  0.011612425944  0.013133720347  0.010082537597  0.013137795819  0.014149861029  0.019803105326  0.012619044844  0.012123464493  0.013649898532  0.015688536120  0.015688536120  0.015688536120  0.013137795819  0.013137795819  0.010082537597  0.012626233988  0.010588466506  
piranga_erythrocephala_fmnh343371 0.012622436769  0.012622436769  0.012128196791  0.012128196791  0.000000000000  0.003509751241  0.012105868592  0.011089254846  0.012105868592  0.013634918177  0.010074083548  0.009062619098  0.007543413729  0.008557466496  0.010074083548  0.007037182397  0.010076498269  0.011087098031  0.016707819753  0.009564281474  0.009065290153  0.010585372730  0.012616058587  0.012616058587  0.012616058587  0.010076498269  0.010076498269  0.007037182397  0.009568157897  0.007541563559  
piranga_erythrocephala_fmnh343370 0.016202515988  0.016202515988  0.015709623529  0.015709623529  0.003509751241  0.000000000000  0.015680438138  0.014658516673  0.015680438138  0.017218050085  0.013638053668  0.012622436769  0.011094782404  0.012115211900  0.013638053668  0.010585372730  0.013641595807  0.014655231187  0.020309366070  0.013123929008  0.012626233988  0.014153681991  0.016193856536  0.016193856536  0.016193856536  0.013641595807  0.013641595807  0.010585372730  0.013130050472  0.011091816429  
piranga_leucoptera_fmnh481795 0.015673974641  0.015673974641  0.015175101106  0.015175101106  0.012105868592  0.015680438138  0.000000000000  0.001000698578  0.007033653542  0.008550293520  0.008045011008  0.007035604713  0.005521655344  0.006531479623  0.008045011008  0.005017531643  0.007543413729  0.009055963151  0.014655231187  0.007538423957  0.007037182397  0.008553074945  0.010578515212  0.010578515212  0.010578515212  0.008046330136  0.008046330136  0.005017531643  0.007540114957  0.005520891711  
piranga_leucoptera_lsu7783 0.014652353711  0.014652353711  0.014153681991  0.014153681991  0.011089254846  0.014658516673  0.001000698578  0.000000000000  0.006024636160  0.007539068297  0.007034428302  0.006026304305  0.004514555307  0.005522819001  0.007034428302  0.004011209466  0.006533185998  0.008044094493  0.013634918177  0.006528765642  0.006027739038  0.007541563559  0.009564281474  0.009564281474  0.009564281474  0.007035604713  0.007035604713  0.004011209466  0.006530173856  0.004513932112  
piranga_rubriceps_lsu265 0.015673974641  0.015673974641  0.015175101106  0.015175101106  0.012105868592  0.015680438138  0.007033653542  0.006024636160  0.000000000000  0.001501725177  0.008045011008  0.007035604713  0.005521655344  0.006531479623  0.008045011008  0.005017531643  0.008046330136  0.009055963151  0.014655231187  0.007538423957  0.007037182397  0.008553074945  0.010578515212  0.010578515212  0.010578515212  0.008046330136  0.008046330136  0.005017531643  0.007034428302  0.005520891711  
piranga_rubriceps_lsu34818 0.017210722503  0.017210722503  0.016712226381  0.016712226381  0.013634918177  0.017218050085  0.008550293520  0.007539068297  0.001501725177  0.000000000000  0.009564281474  0.008553074945  0.007035604713  0.008048051500  0.009564281474  0.006530173856  0.009566017937  0.010577038564  0.016190140013  0.009055963151  0.008555069642  0.010074083548  0.012103565141  0.012103565141  0.012103565141  0.009566017937  0.009566017937  0.006530173856  0.008551482779  0.007034428302  
piranga_olivacea_ku2699 0.013632189712  0.013632189712  0.013133720347  0.013133720347  0.010074083548  0.013638053668  0.008045011008  0.007034428302  0.008045011008  0.009564281474  0.000000000000  0.005018424789  0.003508869650  0.004515577573  0.006025269888  0.003006299271  0.006026304305  0.007033653542  0.012616058587  0.005520528479  0.005019717294  0.006531479623  0.008551482779  0.008551482779  0.008551482779  0.006026304305  0.006026304305  0.003006299271  0.005521655344  0.003508386178  
piranga_bidentata_hgoslp104 0.012616058587  0.012616058587  0.012119136073  0.012119136073  0.009062619098  0.012622436769  0.007035604713  0.006026304305  0.007035604713  0.008553074945  0.005018424789  0.000000000000  0.002505335921  0.003511030580  0.005018424789  0.002003270599  0.005019717294  0.006025269888  0.011601485944  0.004513932112  0.004014662085  0.005524382308  0.007541563559  0.007541563559  0.007541563559  0.005019717294  0.005019717294  0.002003270599  0.004515577573  0.002504594293  
piranga_flava_ku90809 0.011089254846  0.011089254846  0.010591963628  0.010591963628  0.007543413729  0.011094782404  0.005521655344  0.004514555307  0.005521655344  0.007035604713  0.003508869650  0.002505335921  0.000000000000  0.001001033753  0.002504249838  0.000500258260  0.003509751241  0.004513932112  0.010076498269  0.003006084360  0.002506474350  0.004013113052  0.006026304305  0.006026304305  0.006026304305  0.003509751241  0.003509751241  0.000500258260  0.003006912016  0.001000698578  
piranga_flava_lsu15408 0.012108577786  0.012108577786  0.011612425944  0.011612425944  0.008557466496  0.012115211900  0.006531479623  0.005522819001  0.006531479623  0.008048051500  0.004515577573  0.003511030580  0.001001033753  0.000000000000  0.003508869650  0.001502327549  0.004516998537  0.005521655344  0.011094782404  0.004011209466  0.003512707296  0.005021408786  0.007037182397  0.007037182397  0.007037182397  0.004516998537  0.004516998537  0.001502327549  0.004013113052  0.002003270599  
piranga_lutea_ku89864 0.013632189712  0.013632189712  0.013133720347  0.013133720347  0.010074083548  0.013638053668  0.008045011008  0.007034428302  0.008045011008  0.009564281474  0.006025269888  0.005018424789  0.002504249838  0.003508869650  0.000000000000  0.003006299271  0.006026304305  0.007033653542  0.012616058587  0.005520528479  0.005019717294  0.006531479623  0.008551482779  0.008551482779  0.008551482779  0.006026304305  0.006026304305  0.003006299271  0.005521655344  0.003508386178  
piranga_hepatica_ku4970 0.010580396707  0.010580396707  0.010082537597  0.010082537597  0.007037182397  0.010585372730  0.005017531643  0.004011209466  0.005017531643  0.006530173856  0.003006299271  0.002003270599  0.000500258260  0.001502327549  0.003006299271  0.000000000000  0.003006912016  0.004010855659  0.009568157897  0.002504302930  0.002004140722  0.003509751241  0.005521655344  0.005521655344  0.005521655344  0.003006912016  0.003006912016  0.000000000000  0.002504594293  0.000500189731  
piranga_lutea_lsu5400 0.013634918177  0.013634918177  0.013137795819  0.013137795819  0.010076498269  0.013641595807  0.007543413729  0.006533185998  0.008046330136  0.009566017937  0.006026304305  0.005019717294  0.003509751241  0.004516998537  0.006026304305  0.003006912016  0.000000000000  0.007034428302  0.012619044844  0.005520891711  0.005021408786  0.006533185998  0.008553074945  0.008553074945  0.008553074945  0.006027739038  0.006027739038  0.003006912016  0.005522819001  0.003508869650  
piranga_rubra_sdsu2635 0.014649884626  0.014649884626  0.014149861029  0.014149861029  0.011087098031  0.014655231187  0.009055963151  0.008044094493  0.009055963151  0.010577038564  0.007033653542  0.006025269888  0.004513932112  0.005521655344  0.007033653542  0.004010855659  0.007034428302  0.000000000000  0.005526344894  0.001501725177  0.006026304305  0.007540114957  0.009562948888  0.009562948888  0.009562948888  0.007034428302  0.007034428302  0.004010855659  0.006529269070  0.004513708361  
piranga_rubra_ku7046 0.020299465905  0.020299465905  0.019803105326  0.019803105326  0.016707819753  0.020309366070  0.014655231187  0.013634918177  0.014655231187  0.016190140013  0.012616058587  0.011601485944  0.010076498269  0.011094782404  0.012616058587  0.009568157897  0.012619044844  0.005526344894  0.000000000000  0.007041540093  0.011604728417  0.013130050472  0.015167563405  0.015167563405  0.015167563405  0.012619044844  0.012619044844  0.009568157897  0.012108577786  0.010074083548  
piranga_rubra_sdsu2654 0.013119434441  0.013119434441  0.012619044844  0.012619044844  0.009564281474  0.013123929008  0.007538423957  0.006528765642  0.007538423957  0.009055963151  0.005520528479  0.004513932112  0.003006084360  0.004011209466  0.005520528479  0.002504302930  0.005520891711  0.001501725177  0.007041540093  0.000000000000  0.004514555307  0.006025269888  0.008044094493  0.008044094493  0.008044094493  0.005520891711  0.005520891711  0.002504302930  0.005017038233  0.003006267655  
piranga_ludoviciana_sdsu2385 0.012619044844  0.012619044844  0.012123464493  0.012123464493  0.009065290153  0.012626233988  0.007037182397  0.006027739038  0.007037182397  0.008555069642  0.005019717294  0.004014662085  0.002506474350  0.003512707296  0.005019717294  0.002004140722  0.005021408786  0.006026304305  0.011604728417  0.004514555307  0.000000000000  0.001501519035  0.006531479623  0.006531479623  0.006531479623  0.004013113052  0.004013113052  0.002004140722  0.004516998537  0.002505335921  
piranga_ludoviciana_sdsu2648 0.014146447018  0.014146447018  0.013649898532  0.013649898532  0.010585372730  0.014153681991  0.008553074945  0.007541563559  0.008553074945  0.010074083548  0.006531479623  0.005524382308  0.004013113052  0.005021408786  0.006531479623  0.003509751241  0.006533185998  0.007540114957  0.013130050472  0.006025269888  0.001501519035  0.000000000000  0.008046330136  0.008046330136  0.008046330136  0.005522819001  0.005522819001  0.003509751241  0.006027739038  0.004011962055  
piranga_ludoviciana_sdsu2208 0.016186832794  0.016186832794  0.015688536120  0.015688536120  0.012616058587  0.016193856536  0.010578515212  0.009564281474  0.010578515212  0.012103565141  0.008551482779  0.007541563559  0.006026304305  0.007037182397  0.008551482779  0.005521655344  0.008553074945  0.009562948888  0.015167563405  0.008044094493  0.006531479623  0.008046330136  0.000000000000  0.000000000000  0.000000000000  0.006531479623  0.006531479623  0.005521655344  0.008046330136  0.006025269888  
piranga_bidentata_tepe59 0.016186832794  0.016186832794  0.015688536120  0.015688536120  0.012616058587  0.016193856536  0.010578515212  0.009564281474  0.010578515212  0.012103565141  0.008551482779  0.007541563559  0.006026304305  0.007037182397  0.008551482779  0.005521655344  0.008553074945  0.009562948888  0.015167563405  0.008044094493  0.006531479623  0.008046330136  0.000000000000  0.000000000000  0.000000000000  0.006531479623  0.006531479623  0.005521655344  0.008046330136  0.006025269888  
piranga_ludoviciana_sdsu2650 0.016186832794  0.016186832794  0.015688536120  0.015688536120  0.012616058587  0.016193856536  0.010578515212  0.009564281474  0.010578515212  0.012103565141  0.008551482779  0.007541563559  0.006026304305  0.007037182397  0.008551482779  0.005521655344  0.008553074945  0.009562948888  0.015167563405  0.008044094493  0.006531479623  0.008046330136  0.000000000000  0.000000000000  0.000000000000  0.006531479623  0.006531479623  0.005521655344  0.008046330136  0.006025269888  
piranga_bidentata_itm160 0.013634918177  0.013634918177  0.013137795819  0.013137795819  0.010076498269  0.013641595807  0.008046330136  0.007035604713  0.008046330136  0.009566017937  0.006026304305  0.005019717294  0.003509751241  0.004516998537  0.006026304305  0.003006912016  0.006027739038  0.007034428302  0.012619044844  0.005520891711  0.004013113052  0.005522819001  0.006531479623  0.006531479623  0.006531479623  0.000000000000  0.000000000000  0.003006912016  0.005522819001  0.003508869650  
piranga_bidentata_itm141 0.013634918177  0.013634918177  0.013137795819  0.013137795819  0.010076498269  0.013641595807  0.008046330136  0.007035604713  0.008046330136  0.009566017937  0.006026304305  0.005019717294  0.003509751241  0.004516998537  0.006026304305  0.003006912016  0.006027739038  0.007034428302  0.012619044844  0.005520891711  0.004013113052  0.005522819001  0.006531479623  0.006531479623  0.006531479623  0.000000000000  0.000000000000  0.003006912016  0.005522819001  0.003508869650  
piranga_hepatica_ku9084 0.010580396707  0.010580396707  0.010082537597  0.010082537597  0.007037182397  0.010585372730  0.005017531643  0.004011209466  0.005017531643  0.006530173856  0.003006299271  0.002003270599  0.000500258260  0.001502327549  0.003006299271  0.000000000000  0.003006912016  0.004010855659  0.009568157897  0.002504302930  0.002004140722  0.003509751241  0.005521655344  0.005521655344  0.005521655344  0.003006912016  0.003006912016  0.000000000000  0.002504594293  0.000500189731  
piranga_olivacea_ku4672 0.013123929008  0.013123929008  0.012626233988  0.012626233988  0.009568157897  0.013130050472  0.007540114957  0.006530173856  0.007034428302  0.008551482779  0.005521655344  0.004515577573  0.003006912016  0.004013113052  0.005521655344  0.002504594293  0.005522819001  0.006529269070  0.012108577786  0.005017038233  0.004516998537  0.006027739038  0.008046330136  0.008046330136  0.008046330136  0.005522819001  0.005522819001  0.002504594293  0.000000000000  0.003006299271  
piranga_rubra_ku26592 0.011087098031  0.011087098031  0.010588466506  0.010588466506  0.007541563559  0.011091816429  0.005520891711  0.004513932112  0.005520891711  0.007034428302  0.003508386178  0.002504594293  0.001000698578  0.002003270599  0.003508386178  0.000500189731  0.003508869650  0.004513708361  0.010074083548  0.003006267655  0.002505335921  0.004011962055  0.006025269888  0.006025269888  0.006025269888  0.003508869650  0.003508869650  0.000500189731  0.003006299271  0.000000000000  

