30
cardinalis_cardinalis_ku21828 0.000000000000  0.001502273643  0.017233557089  0.012628134445  0.014164507406  0.017233557089  0.012628134445  0.014164507406  0.010598155015  0.007547420617  0.015700055712  0.010598155015  0.011100097364  0.010594054092  0.014667955666  0.014159711743  0.007547420617  0.009067131143  0.009067131143  0.009067131143  0.009572396812  0.009572396812  0.010084557100  0.015705656038  0.014155306601  0.013144381545  0.010590340637  0.014667955666  0.017233557089  0.013647325367  
cardinalis_cardinalis_ku25393 0.001502273643  0.000000000000  0.015690029523  0.011096507646  0.012628134445  0.015690029523  0.011096507646  0.012628134445  0.009070441368  0.006029064018  0.014159711743  0.009070441368  0.009572396812  0.009067131143  0.013131595947  0.013135467971  0.006029064018  0.007544896240  0.007544896240  0.007544896240  0.008049389075  0.008049389075  0.008559200038  0.014164507406  0.012620532175  0.011610378735  0.009064207567  0.013131595947  0.015690029523  0.012113335759  
piranga_leucoptera_lsu7783 0.017233557089  0.015690029523  0.000000000000  0.005521393377  0.007036643498  0.010073085524  0.009567186416  0.011093306418  0.012628134445  0.009569597778  0.017743633545  0.012628134445  0.014155306601  0.012624138465  0.016708981539  0.016713551139  0.009569597778  0.011093306418  0.011093306418  0.011093306418  0.011599982311  0.011599982311  0.012113335759  0.017749135974  0.015681571788  0.014667955666  0.012620532175  0.016708981539  0.019281332175  0.015685604410  
piranga_leucoptera_fmnh481795 0.012628134445  0.011096507646  0.005521393377  0.000000000000  0.002504532975  0.005521393377  0.005018178120  0.006532663258  0.008054574548  0.005019403405  0.013135467971  0.008054574548  0.009572396812  0.008051788757  0.012109994657  0.012113335759  0.005019403405  0.006532663258  0.006532663258  0.006532663258  0.007036643498  0.007036643498  0.007544896240  0.013139729962  0.011090494057  0.010081107478  0.008049389075  0.012109994657  0.014663674315  0.011093306418  
piranga_erythrocephala_fmnh343370 0.014164507406  0.012628134445  0.007036643498  0.002504532975  0.000000000000  0.007036643498  0.006532663258  0.008051788757  0.009579156391  0.006534666409  0.014672628193  0.009579156391  0.011100097364  0.009575583141  0.013643187060  0.013647325367  0.006534666409  0.008051788757  0.008051788757  0.008051788757  0.008556538676  0.008556538676  0.009067131143  0.014677691522  0.012620532175  0.011610378735  0.009572396812  0.013643187060  0.016204004973  0.012624138465  
piranga_erythrocephala_fmnh343371 0.017233557089  0.015690029523  0.010073085524  0.005521393377  0.007036643498  0.000000000000  0.009567186416  0.009059521863  0.012628134445  0.009569597778  0.017743633545  0.012628134445  0.014155306601  0.012624138465  0.016708981539  0.016713551139  0.009569597778  0.011093306418  0.011093306418  0.011093306418  0.011599982311  0.011599982311  0.012113335759  0.017749135974  0.015681571788  0.014667955666  0.012620532175  0.016708981539  0.018249114167  0.015685604410  
piranga_rubriceps_lsu265 0.012628134445  0.011096507646  0.009567186416  0.005018178120  0.006532663258  0.009567186416  0.000000000000  0.001502273643  0.008054574548  0.005019403405  0.013135467971  0.008054574548  0.009572396812  0.008051788757  0.012109994657  0.012113335759  0.005019403405  0.006532663258  0.006532663258  0.006532663258  0.007036643498  0.007036643498  0.007544896240  0.013139729962  0.011599982311  0.010590340637  0.008049389075  0.012109994657  0.014663674315  0.011093306418  
piranga_rubriceps_lsu34818 0.014164507406  0.012628134445  0.011093306418  0.006532663258  0.008051788757  0.009059521863  0.001502273643  0.000000000000  0.009579156391  0.006534666409  0.014672628193  0.009579156391  0.011100097364  0.009575583141  0.013643187060  0.013647325367  0.006534666409  0.008051788757  0.008051788757  0.008051788757  0.008556538676  0.008556538676  0.009067131143  0.014677691522  0.013131595947  0.012121185832  0.009572396812  0.013643187060  0.016204004973  0.012624138465  
piranga_ludoviciana_sdsu2650 0.010598155015  0.009070441368  0.012628134445  0.008054574548  0.009579156391  0.012628134445  0.008054574548  0.009579156391  0.000000000000  0.003009113004  0.011104075195  0.006036600483  0.007550330458  0.006033704290  0.010081107478  0.010084557100  0.003009113004  0.004518428405  0.004518428405  0.004518428405  0.005021012818  0.005021012818  0.005528097597  0.011108440769  0.009572396812  0.008565681520  0.006031192011  0.010081107478  0.012628134445  0.009067131143  
piranga_ludoviciana_sdsu2648 0.007547420617  0.006029064018  0.009569597778  0.005019403405  0.006534666409  0.009569597778  0.005019403405  0.006534666409  0.003009113004  0.000000000000  0.008051788757  0.003009113004  0.004516694004  0.003007769427  0.007036643498  0.007038521426  0.000000000000  0.001501699309  0.001501699309  0.001501699309  0.002002766098  0.002002766098  0.002505237559  0.008054574548  0.006531045410  0.005525845138  0.003006808172  0.007036643498  0.009569597778  0.006027320684  
piranga_olivacea_ku4672 0.015700055712  0.014159711743  0.017743633545  0.013135467971  0.014672628193  0.017743633545  0.013135467971  0.014672628193  0.011104075195  0.008051788757  0.000000000000  0.009067131143  0.010587015023  0.009064207567  0.013128114267  0.013131595947  0.008051788757  0.009572396812  0.009572396812  0.009572396812  0.010078045424  0.010078045424  0.010590340637  0.015197129622  0.014663674315  0.013651853919  0.011096507646  0.015176586337  0.017743633545  0.014155306601  
piranga_ludoviciana_sdsu2385 0.010598155015  0.009070441368  0.012628134445  0.008054574548  0.009579156391  0.012628134445  0.008054574548  0.009579156391  0.006036600483  0.003009113004  0.009067131143  0.000000000000  0.003509592719  0.002003214529  0.006025962386  0.006027320684  0.003009113004  0.004518428405  0.004518428405  0.004518428405  0.005021012818  0.005021012818  0.005528097597  0.011108440769  0.009572396812  0.008565681520  0.006031192011  0.010081107478  0.012628134445  0.009067131143  
piranga_bidentata_hgoslp104 0.011100097364  0.009572396812  0.014155306601  0.009572396812  0.011100097364  0.014155306601  0.009572396812  0.011100097364  0.007550330458  0.004516694004  0.010587015023  0.003509592719  0.000000000000  0.003508757232  0.007539639646  0.007541005378  0.004516694004  0.006029064018  0.006029064018  0.006029064018  0.006532663258  0.006532663258  0.007040784923  0.012632519740  0.011093306418  0.010084557100  0.007544896240  0.011603058771  0.014155306601  0.010587015023  
piranga_bidentata_tepe59 0.010594054092  0.009067131143  0.012624138465  0.008051788757  0.009575583141  0.012624138465  0.008051788757  0.009575583141  0.006033704290  0.003007769427  0.009064207567  0.002003214529  0.003508757232  0.000000000000  0.004011085372  0.004011794712  0.003007769427  0.004516694004  0.004516694004  0.004516694004  0.005019403405  0.005019403405  0.005525845138  0.011104075195  0.009569597778  0.008562247777  0.006029064018  0.010078045424  0.012624138465  0.009064207567  
piranga_bidentata_itm160 0.014667955666  0.013131595947  0.016708981539  0.012109994657  0.013643187060  0.016708981539  0.012109994657  0.013643187060  0.010081107478  0.007036643498  0.013128114267  0.006025962386  0.007539639646  0.004011085372  0.000000000000  0.006025962386  0.007036643498  0.008554264068  0.008554264068  0.008554264068  0.009059521863  0.009059521863  0.009569597778  0.015181135348  0.013636082685  0.012624138465  0.010075371314  0.014147669392  0.016708981539  0.013128114267  
piranga_bidentata_itm141 0.014159711743  0.013135467971  0.016713551139  0.012113335759  0.013647325367  0.016713551139  0.012113335759  0.013647325367  0.010084557100  0.007038521426  0.013131595947  0.006027320684  0.007541005378  0.004011794712  0.006025962386  0.000000000000  0.007038521426  0.008556538676  0.008556538676  0.008556538676  0.009061671015  0.009061671015  0.009572396812  0.015186075816  0.013639439373  0.012628134445  0.010078045424  0.014151292359  0.016713551139  0.013131595947  
piranga_ludoviciana_sdsu2208 0.007547420617  0.006029064018  0.009569597778  0.005019403405  0.006534666409  0.009569597778  0.005019403405  0.006534666409  0.003009113004  0.000000000000  0.008051788757  0.003009113004  0.004516694004  0.003007769427  0.007036643498  0.007038521426  0.000000000000  0.001501699309  0.001501699309  0.001501699309  0.002002766098  0.002002766098  0.002505237559  0.008054574548  0.006531045410  0.005525845138  0.003006808172  0.007036643498  0.009569597778  0.006027320684  
piranga_roseogularis_ku2049 0.009067131143  0.007544896240  0.011093306418  0.006532663258  0.008051788757  0.011093306418  0.006532663258  0.008051788757  0.004518428405  0.001501699309  0.009572396812  0.004518428405  0.006029064018  0.004516694004  0.008554264068  0.008556538676  0.001501699309  0.000000000000  0.002002766098  0.003006808172  0.003508757232  0.003508757232  0.004012887651  0.009575583141  0.008047375876  0.007040784923  0.004515343090  0.008554264068  0.011093306418  0.007542757702  
piranga_roseogularis_ku2141 0.009067131143  0.007544896240  0.011093306418  0.006532663258  0.008051788757  0.011093306418  0.006532663258  0.008051788757  0.004518428405  0.001501699309  0.009572396812  0.004518428405  0.006029064018  0.004516694004  0.008554264068  0.008556538676  0.001501699309  0.002002766098  0.000000000000  0.003006808172  0.003508757232  0.003508757232  0.004012887651  0.009575583141  0.008047375876  0.007040784923  0.004515343090  0.008554264068  0.011093306418  0.007542757702  
piranga_hepatica_ku4970 0.009067131143  0.007544896240  0.011093306418  0.006532663258  0.008051788757  0.011093306418  0.006532663258  0.008051788757  0.004518428405  0.001501699309  0.009572396812  0.004518428405  0.006029064018  0.004516694004  0.008554264068  0.008556538676  0.001501699309  0.003006808172  0.003006808172  0.000000000000  0.000500188193  0.000500188193  0.001001009828  0.006537054486  0.008047375876  0.007040784923  0.004515343090  0.008554264068  0.011093306418  0.007542757702  
piranga_hepatica_ku9084 0.009572396812  0.008049389075  0.011599982311  0.007036643498  0.008556538676  0.011599982311  0.007036643498  0.008556538676  0.005021012818  0.002002766098  0.010078045424  0.005021012818  0.006532663258  0.005019403405  0.009059521863  0.009061671015  0.002002766098  0.003508757232  0.003508757232  0.000500188193  0.000000000000  0.000000000000  0.001501699309  0.007040784923  0.008552376591  0.007544896240  0.005018178120  0.009059521863  0.011599982311  0.008047375876  
piranga_lutea_ku89864 0.009572396812  0.008049389075  0.011599982311  0.007036643498  0.008556538676  0.011599982311  0.007036643498  0.008556538676  0.005021012818  0.002002766098  0.010078045424  0.005021012818  0.006532663258  0.005019403405  0.009059521863  0.009061671015  0.002002766098  0.003508757232  0.003508757232  0.000500188193  0.000000000000  0.000000000000  0.001501699309  0.007040784923  0.008552376591  0.007544896240  0.005018178120  0.009059521863  0.011599982311  0.008047375876  
piranga_flava_ku90809 0.010084557100  0.008559200038  0.012113335759  0.007544896240  0.009067131143  0.012113335759  0.007544896240  0.009067131143  0.005528097597  0.002505237559  0.010590340637  0.005528097597  0.007040784923  0.005525845138  0.009569597778  0.009572396812  0.002505237559  0.004012887651  0.004012887651  0.001001009828  0.001501699309  0.001501699309  0.000000000000  0.005525845138  0.009061671015  0.008054574548  0.005523976699  0.009569597778  0.012113335759  0.008556538676  
piranga_flava_lsu15408 0.015705656038  0.014164507406  0.017749135974  0.013139729962  0.014677691522  0.017749135974  0.013139729962  0.014677691522  0.011108440769  0.008054574548  0.015197129622  0.011108440769  0.012632519740  0.011104075195  0.015181135348  0.015186075816  0.008054574548  0.009575583141  0.009575583141  0.006537054486  0.007040784923  0.007040784923  0.005525845138  0.000000000000  0.014667955666  0.013656772340  0.011100097364  0.015181135348  0.017749135974  0.014159711743  
piranga_rubra_sdsu2635 0.014155306601  0.012620532175  0.015681571788  0.011090494057  0.012620532175  0.015681571788  0.011599982311  0.013131595947  0.009572396812  0.006531045410  0.014663674315  0.009572396812  0.011093306418  0.009569597778  0.013636082685  0.013639439373  0.006531045410  0.008047375876  0.008047375876  0.008047375876  0.008552376591  0.008552376591  0.009061671015  0.014667955666  0.000000000000  0.004010760007  0.009567186416  0.013636082685  0.016195010536  0.012617315953  
piranga_olivacea_ku2699 0.013144381545  0.011610378735  0.014667955666  0.010081107478  0.011610378735  0.014667955666  0.010590340637  0.012121185832  0.008565681520  0.005525845138  0.013651853919  0.008565681520  0.010084557100  0.008562247777  0.012624138465  0.012628134445  0.005525845138  0.007040784923  0.007040784923  0.007040784923  0.007544896240  0.007544896240  0.008054574548  0.013656772340  0.004010760007  0.000000000000  0.008559200038  0.012624138465  0.014667955666  0.011606524371  
piranga_lutea_lsu5400 0.010590340637  0.009064207567  0.012620532175  0.008049389075  0.009572396812  0.012620532175  0.008049389075  0.009572396812  0.006031192011  0.003006808172  0.011096507646  0.006031192011  0.007544896240  0.006029064018  0.010075371314  0.010078045424  0.003006808172  0.004515343090  0.004515343090  0.004515343090  0.005018178120  0.005018178120  0.005523976699  0.011100097364  0.009567186416  0.008559200038  0.000000000000  0.007036643498  0.009569597778  0.006027320684  
piranga_rubra_sdsu2654 0.014667955666  0.013131595947  0.016708981539  0.012109994657  0.013643187060  0.016708981539  0.012109994657  0.013643187060  0.010081107478  0.007036643498  0.015176586337  0.010081107478  0.011603058771  0.010078045424  0.014147669392  0.014151292359  0.007036643498  0.008554264068  0.008554264068  0.008554264068  0.009059521863  0.009059521863  0.009569597778  0.015181135348  0.013636082685  0.012624138465  0.007036643498  0.000000000000  0.009567186416  0.006025962386  
piranga_rubra_ku7046 0.017233557089  0.015690029523  0.019281332175  0.014663674315  0.016204004973  0.018249114167  0.014663674315  0.016204004973  0.012628134445  0.009569597778  0.017743633545  0.012628134445  0.014155306601  0.012624138465  0.016708981539  0.016713551139  0.009569597778  0.011093306418  0.011093306418  0.011093306418  0.011599982311  0.011599982311  0.012113335759  0.017749135974  0.016195010536  0.014667955666  0.009569597778  0.009567186416  0.000000000000  0.004514376039  
piranga_rubra_ku26592 0.013647325367  0.012113335759  0.015685604410  0.011093306418  0.012624138465  0.015685604410  0.011093306418  0.012624138465  0.009067131143  0.006027320684  0.014155306601  0.009067131143  0.010587015023  0.009064207567  0.013128114267  0.013131595947  0.006027320684  0.007542757702  0.007542757702  0.007542757702  0.008047375876  0.008047375876  0.008556538676  0.014159711743  0.012617315953  0.011606524371  0.006027320684  0.006025962386  0.004514376039  0.000000000000  

