30
piranga_rubra_ku26592 0.000000000000  0.005164543918  0.004302024812  0.010381042164  0.014767639514  0.011424869587  0.001789286606  0.010939413073  0.000862711420  0.003784804209  0.002792292532  0.004272015430  0.003687435025  0.003874041956  0.000000000000  0.004521650727  0.005306131134  0.003440785986  0.002555050882  0.005171150881  0.013005804718  0.006028347478  0.010381042164  0.006895506078  0.012159760031  0.007769234955  0.002674643605  0.006038848843  0.001717086075  0.005189039953  
piranga_flava_ku90809 0.005164543918  0.000000000000  0.004299055067  0.008634880625  0.013005804718  0.009648883237  0.003581774217  0.010017969098  0.006064909211  0.003781265915  0.003724962076  0.004270017435  0.002763345420  0.001288855505  0.005164543918  0.000000000000  0.003531182472  0.005164543918  0.002553029697  0.005164543918  0.011250879057  0.004299055067  0.008634880625  0.005162865966  0.010405145699  0.007760554461  0.002672428712  0.006030762988  0.006898662007  0.005182387175  
piranga_ludoviciana_sdsu2385 0.004302024812  0.004299055067  0.000000000000  0.009502808553  0.013878873024  0.009648883237  0.002684837415  0.010017969098  0.005195850741  0.001257646457  0.000000000000  0.003199521052  0.002763941428  0.001288433968  0.004302024812  0.004520607460  0.004416781047  0.004302024812  0.000000000000  0.002576464758  0.012122019176  0.005162275039  0.009502808553  0.006027020248  0.011279072806  0.005164474238  0.000000000000  0.003438413081  0.006034264272  0.002585346180  
piranga_rubriceps_lsu265 0.010381042164  0.008634880625  0.009502808553  0.000000000000  0.006034264272  0.011418888480  0.007194688159  0.011856307816  0.011319456986  0.005048432552  0.009358315665  0.009655211550  0.010195180672  0.005172469778  0.010381042164  0.009081891918  0.010657608510  0.010381042164  0.003838067759  0.010381042164  0.004302024812  0.011242565814  0.000000000000  0.010375990259  0.005180697577  0.003867757372  0.002674643605  0.011256684647  0.012134043866  0.010417090262  
piranga_leucoptera_lsu7783 0.014767639514  0.013005804718  0.013878873024  0.006034264272  0.000000000000  0.015877234789  0.009922576567  0.015556860875  0.014850152944  0.007593581248  0.013146541479  0.015096142701  0.013949160639  0.007780682393  0.014767639514  0.012757426646  0.012456383538  0.014767639514  0.006415189854  0.014767639514  0.001717086075  0.015628949179  0.006034264272  0.014759893172  0.009535760885  0.006464959443  0.005365369053  0.015651164881  0.016536438063  0.014819136112  
cardinalis_cardinalis_ku25393 0.011424869587  0.009648883237  0.009648883237  0.011418888480  0.015877234789  0.000000000000  0.009139999413  0.000000000000  0.012384977659  0.010360440435  0.008553977510  0.006542052089  0.009411160516  0.003872767096  0.011424869587  0.010156723476  0.010820991928  0.011424869587  0.002553029697  0.011424869587  0.014086611317  0.012298631896  0.011418888480  0.010535995387  0.013231095218  0.005159126941  0.002672428712  0.012315512850  0.013207932232  0.011465175498  
piranga_olivacea_ku2699 0.001789286606  0.003581774217  0.002684837415  0.007194688159  0.009922576567  0.009139999413  0.000000000000  0.008545854989  0.002684837415  0.002519642801  0.000971688760  0.002233680690  0.001924424794  0.001288433968  0.001789286606  0.002828479405  0.003581774217  0.000893749033  0.000000000000  0.003585756108  0.009011431573  0.004480101723  0.007194688159  0.005380466651  0.009028780679  0.005164474238  0.000000000000  0.004486702511  0.003585756108  0.003585756108  
cardinalis_cardinalis_ku21828 0.010939413073  0.010017969098  0.010017969098  0.011856307816  0.015556860875  0.000000000000  0.008545854989  0.000000000000  0.011932490247  0.010956404018  0.008553977510  0.006542052089  0.009411160516  0.003872767096  0.010939413073  0.010156723476  0.011246967578  0.010939413073  0.002553029697  0.011862758269  0.013700133295  0.011851077528  0.011856307816  0.010939413073  0.013727575338  0.005159126941  0.002672428712  0.012788012546  0.012788012546  0.011906219089  
piranga_rubra_ku7046 0.000862711420  0.006064909211  0.005195850741  0.011319456986  0.014850152944  0.012384977659  0.002684837415  0.011932490247  0.000000000000  0.005048432552  0.003749654969  0.005360265056  0.004642327618  0.005169538417  0.000862711420  0.005463760376  0.006193702171  0.004328092376  0.003834429137  0.006070898198  0.013963665703  0.005195850741  0.011319456986  0.007808679666  0.013115402793  0.009066961211  0.004013996126  0.006944852973  0.002592047534  0.006070898198  
piranga_bidentata_hgoslp104 0.003784804209  0.003781265915  0.001257646457  0.005048432552  0.007593581248  0.010360440435  0.002519642801  0.010956404018  0.005048432552  0.000000000000  0.001418166210  0.001747836631  0.001396382862  0.000000000000  0.003784804209  0.004073956866  0.003781265915  0.003784804209  0.000000000000  0.000000000000  0.007593581248  0.005045640400  0.005048432552  0.006312779439  0.007621223056  0.001869571500  0.000000000000  0.000000000000  0.005053552530  0.000000000000  
piranga_ludoviciana_sdsu2648 0.002792292532  0.003724962076  0.000000000000  0.009358315665  0.013146541479  0.008553977510  0.000971688760  0.008553977510  0.003749654969  0.001418166210  0.000000000000  0.003199521052  0.002792239318  0.001288433968  0.002792292532  0.003724962076  0.003835692946  0.002792292532  0.000000000000  0.002792292532  0.011246967578  0.003724962076  0.009358315665  0.005595565324  0.010326719336  0.005164474238  0.000000000000  0.003726730208  0.004663123159  0.002802727270  
piranga_roseogularis_ku2049 0.004272015430  0.004270017435  0.003199521052  0.009655211550  0.015096142701  0.006542052089  0.002233680690  0.006542052089  0.005360265056  0.001747836631  0.003199521052  0.000000000000  0.004269690873  0.002579370577  0.004272015430  0.004270017435  0.005500277723  0.003200390452  0.001275701933  0.004272015430  0.012910072377  0.004269690873  0.009655211550  0.000000000000  0.009686387149  0.006464959443  0.001335323596  0.005346212736  0.006422994749  0.004272015430  
piranga_hepatica_ku4970 0.003687435025  0.002763345420  0.002763941428  0.010195180672  0.013949160639  0.009411160516  0.001924424794  0.009411160516  0.004642327618  0.001396382862  0.002792239318  0.004269690873  0.000000000000  0.000000000000  0.003687435025  0.002763345420  0.002844571053  0.003687435025  0.001275288956  0.003687435025  0.012067014819  0.002763345420  0.010195180672  0.006466624972  0.011157920060  0.006457950395  0.001334871115  0.004613436794  0.005541358657  0.003701082570  
piranga_hepatica_ku9084 0.003874041956  0.001288855505  0.001288433968  0.005172469778  0.007780682393  0.003872767096  0.001288433968  0.003872767096  0.005169538417  0.000000000000  0.001288433968  0.002579370577  0.000000000000  0.000000000000  0.003874041956  0.001288855505  0.002579370577  0.001288433968  0.001305251279  0.003874041956  0.007780682393  0.001288433968  0.005172469778  0.002579370577  0.005192613944  0.006499927250  0.001334871115  0.005172469778  0.006474675906  0.003874041956  
piranga_rubra_sdsu2654 0.000000000000  0.005164543918  0.004302024812  0.010381042164  0.014767639514  0.011424869587  0.001789286606  0.010939413073  0.000862711420  0.003784804209  0.002792292532  0.004272015430  0.003687435025  0.003874041956  0.000000000000  0.004521650727  0.005306131134  0.003440785986  0.002555050882  0.005171150881  0.013005804718  0.006028347478  0.010381042164  0.006895506078  0.012159760031  0.007769234955  0.002674643605  0.006038848843  0.001717086075  0.005189039953  
piranga_flava_lsu15408 0.004521650727  0.000000000000  0.004520607460  0.009081891918  0.012757426646  0.010156723476  0.002828479405  0.010156723476  0.005463760376  0.004073956866  0.003724962076  0.004270017435  0.002763345420  0.001288855505  0.004521650727  0.000000000000  0.003718284725  0.004521650727  0.002553029697  0.005431008694  0.010913911471  0.003614136872  0.009081891918  0.005429152612  0.010018747392  0.007760554461  0.002672428712  0.006342218285  0.006342218285  0.005450744233  
piranga_lutea_lsu5400 0.005306131134  0.003531182472  0.004416781047  0.010657608510  0.012456383538  0.010820991928  0.003581774217  0.011246967578  0.006193702171  0.003781265915  0.003835692946  0.005500277723  0.002844571053  0.002579370577  0.005306131134  0.003718284725  0.000000000000  0.004417776807  0.003833180269  0.005306131134  0.011556092244  0.004416781047  0.010657608510  0.007081604943  0.012490488177  0.009059043401  0.004012627281  0.006196252453  0.007088147808  0.005306131134  
piranga_olivacea_ku4672 0.003440785986  0.005164543918  0.004302024812  0.010381042164  0.014767639514  0.011424869587  0.000893749033  0.010939413073  0.004328092376  0.003784804209  0.002792292532  0.003200390452  0.003687435025  0.001288433968  0.003440785986  0.004521650727  0.004417776807  0.000000000000  0.000000000000  0.005171150881  0.013005804718  0.006028347478  0.010381042164  0.006895506078  0.012159760031  0.005164474238  0.000000000000  0.006038848843  0.005171150881  0.005189039953  
piranga_ludoviciana_sdsu2208 0.002555050882  0.002553029697  0.000000000000  0.003838067759  0.006415189854  0.002553029697  0.000000000000  0.002553029697  0.003834429137  0.000000000000  0.000000000000  0.001275701933  0.001275288956  0.001305251279  0.002555050882  0.002553029697  0.003833180269  0.000000000000  0.000000000000  0.002555050882  0.006415189854  0.002553394193  0.003838067759  0.001275701933  0.003852855370  0.005232026665  0.000000000000  0.003838067759  0.005124773658  0.002555050882  
piranga_bidentata_itm160 0.005171150881  0.005164543918  0.002576464758  0.010381042164  0.014767639514  0.011424869587  0.003585756108  0.011862758269  0.006070898198  0.000000000000  0.002792292532  0.004272015430  0.003687435025  0.003874041956  0.005171150881  0.005431008694  0.005306131134  0.005171150881  0.002555050882  0.000000000000  0.013005804718  0.006028347478  0.010381042164  0.006895506078  0.012159760031  0.007769234955  0.002674643605  0.000857719481  0.006908232502  0.000000000000  
piranga_leucoptera_fmnh481795 0.013005804718  0.011250879057  0.012122019176  0.004302024812  0.001717086075  0.014086611317  0.009011431573  0.013700133295  0.013963665703  0.007593581248  0.011246967578  0.012910072377  0.012067014819  0.007780682393  0.013005804718  0.010913911471  0.011556092244  0.013005804718  0.006415189854  0.013005804718  0.000000000000  0.013868226219  0.004302024812  0.012999583956  0.007788406958  0.006464959443  0.005365369053  0.013885855076  0.014767639514  0.013051071231  
piranga_lutea_ku89864 0.006028347478  0.004299055067  0.005162275039  0.011242565814  0.015628949179  0.012298631896  0.004480101723  0.011851077528  0.005195850741  0.005045640400  0.003724962076  0.004269690873  0.002763345420  0.001288433968  0.006028347478  0.003614136872  0.004416781047  0.006028347478  0.002553394193  0.006028347478  0.013868226219  0.000000000000  0.011242565814  0.007759205554  0.013030888338  0.007754313560  0.002672828195  0.006895506078  0.007764348277  0.006049185732  
piranga_rubriceps_lsu34818 0.010381042164  0.008634880625  0.009502808553  0.000000000000  0.006034264272  0.011418888480  0.007194688159  0.011856307816  0.011319456986  0.005048432552  0.009358315665  0.009655211550  0.010195180672  0.005172469778  0.010381042164  0.009081891918  0.010657608510  0.010381042164  0.003838067759  0.010381042164  0.004302024812  0.011242565814  0.000000000000  0.010375990259  0.005180697577  0.003867757372  0.002674643605  0.011256684647  0.012134043866  0.010417090262  
piranga_roseogularis_ku2141 0.006895506078  0.005162865966  0.006027020248  0.010375990259  0.014759893172  0.010535995387  0.005380466651  0.010939413073  0.007808679666  0.006312779439  0.005595565324  0.000000000000  0.006466624972  0.002579370577  0.006895506078  0.005429152612  0.007081604943  0.006895506078  0.001275701933  0.006895506078  0.012999583956  0.007759205554  0.010375990259  0.000000000000  0.012156481884  0.006464959443  0.001335323596  0.007764348277  0.008634880625  0.006919362658  
piranga_erythrocephala_fmnh343371 0.012159760031  0.010405145699  0.011279072806  0.005180697577  0.009535760885  0.013231095218  0.009028780679  0.013727575338  0.013115402793  0.007621223056  0.010326719336  0.009686387149  0.011157920060  0.005192613944  0.012159760031  0.010018747392  0.012490488177  0.012159760031  0.003852855370  0.012159760031  0.007788406958  0.013030888338  0.005180697577  0.012156481884  0.000000000000  0.001285541748  0.002685417439  0.013039653806  0.013921281043  0.012202154627  
piranga_erythrocephala_fmnh343370 0.007769234955  0.007760554461  0.005164474238  0.003867757372  0.006464959443  0.005159126941  0.005164474238  0.005159126941  0.009066961211  0.001869571500  0.005164474238  0.006464959443  0.006457950395  0.006499927250  0.007769234955  0.007760554461  0.009059043401  0.005164474238  0.005232026665  0.007769234955  0.006464959443  0.007754313560  0.003867757372  0.006464959443  0.001285541748  0.000000000000  0.004034193455  0.009077322930  0.010389245724  0.007769234955  
piranga_ludoviciana_sdsu2650 0.002674643605  0.002672428712  0.000000000000  0.002674643605  0.005365369053  0.002672428712  0.000000000000  0.002672428712  0.004013996126  0.000000000000  0.000000000000  0.001335323596  0.001334871115  0.001334871115  0.002674643605  0.002672428712  0.004012627281  0.000000000000  0.000000000000  0.002674643605  0.005365369053  0.002672828195  0.002674643605  0.001335323596  0.002685417439  0.004034193455  0.000000000000  0.004017984021  0.005365369053  0.002674643605  
piranga_bidentata_tepe59 0.006038848843  0.006030762988  0.003438413081  0.011256684647  0.015651164881  0.012315512850  0.004486702511  0.012788012546  0.006944852973  0.000000000000  0.003726730208  0.005346212736  0.004613436794  0.005172469778  0.006038848843  0.006342218285  0.006196252453  0.006038848843  0.003838067759  0.000857719481  0.013885855076  0.006895506078  0.011256684647  0.007764348277  0.013039653806  0.009077322930  0.004017984021  0.000000000000  0.007779308420  0.000860672344  
piranga_rubra_sdsu2635 0.001717086075  0.006898662007  0.006034264272  0.012134043866  0.016536438063  0.013207932232  0.003585756108  0.012788012546  0.002592047534  0.005053552530  0.004663123159  0.006422994749  0.005541358657  0.006474675906  0.001717086075  0.006342218285  0.007088147808  0.005171150881  0.005124773658  0.006908232502  0.014767639514  0.007764348277  0.012134043866  0.008634880625  0.013921281043  0.010389245724  0.005365369053  0.007779308420  0.000000000000  0.006932177527  
piranga_bidentata_itm141 0.005189039953  0.005182387175  0.002585346180  0.010417090262  0.014819136112  0.011465175498  0.003585756108  0.011906219089  0.006070898198  0.000000000000  0.002802727270  0.004272015430  0.003701082570  0.003874041956  0.005189039953  0.005450744233  0.005306131134  0.005189039953  0.002555050882  0.000000000000  0.013051071231  0.006049185732  0.010417090262  0.006919362658  0.012202154627  0.007769234955  0.002674643605  0.000860672344  0.006932177527  0.000000000000  

