30
cardinalis_cardinalis_ku21828 0.000000000000  0.008549806290  0.022853202855  0.020281660237  0.020281660237  0.022344661003  0.021827476313  0.021310831454  0.030141020606  0.028042558343  0.021313878303  0.036420992649  0.033798375083  0.043831997860  0.043312926333  0.039074700434  0.035912307286  0.048097457872  0.049176819047  0.042251030605  0.042251030605  0.041182693874  0.046490799490  0.025980164412  0.029092984859  0.028593398753  0.035964148945  0.033284083103  0.025980164412  0.027540498500  
cardinalis_cardinalis_ku25393 0.008549806290  0.000000000000  0.024410649086  0.021834516252  0.021834516252  0.023903880549  0.023384794762  0.022866252781  0.030686331233  0.030129982815  0.022870520684  0.036957540272  0.034332766496  0.044376389453  0.043857871704  0.039615537703  0.036450101246  0.048646011530  0.049727146894  0.041724868668  0.041724868668  0.041724868668  0.047037425750  0.026507506646  0.030147151510  0.029124900680  0.036506138184  0.033819017970  0.026507506646  0.028069646979  
piranga_hepatica_ku4970 0.022853202855  0.024410649086  0.000000000000  0.003508311796  0.003508311796  0.005521412792  0.005017352255  0.004513804513  0.012617438367  0.012607187196  0.006025011022  0.020287867865  0.017722244521  0.028564914226  0.028052175338  0.023903880549  0.020808227043  0.033265524694  0.034319670073  0.027534953375  0.027534953375  0.026491325866  0.031693432721  0.010075450895  0.013633247202  0.012624284532  0.019299475843  0.017215207824  0.010075450895  0.011600088415  
piranga_hepatica_ku9084 0.020281660237  0.021834516252  0.003508311796  0.000000000000  0.000000000000  0.002003218431  0.001501701129  0.001000691463  0.009572483829  0.009055448123  0.002504537386  0.016697823801  0.014144581980  0.024934158361  0.024423511282  0.020295673705  0.017215207824  0.029611282673  0.030659867829  0.023908698085  0.023908698085  0.022870520684  0.028047163501  0.006534709942  0.010075450895  0.009070538584  0.016742632300  0.013639590974  0.006534709942  0.008051852107  
piranga_ludoviciana_sdsu2208 0.020281660237  0.021834516252  0.003508311796  0.000000000000  0.000000000000  0.002003218431  0.001501701129  0.001000691463  0.009572483829  0.009055448123  0.002504537386  0.016697823801  0.014144581980  0.024934158361  0.024423511282  0.020295673705  0.017215207824  0.029611282673  0.030659867829  0.023908698085  0.023908698085  0.022870520684  0.028047163501  0.006534709942  0.010075450895  0.009070538584  0.016742632300  0.013639590974  0.006534709942  0.008051852107  
piranga_lutea_lsu5400 0.022344661003  0.023903880549  0.005521412792  0.002003218431  0.002003218431  0.000000000000  0.002504537386  0.003006815479  0.011606653180  0.011084467017  0.004515359587  0.018236757613  0.016191298721  0.027012864564  0.026501708706  0.022361438208  0.019271746217  0.031704520607  0.032757001991  0.025985684635  0.025985684635  0.024943688107  0.030135297575  0.008559274085  0.012110114022  0.011104216219  0.018802825128  0.015685810013  0.008559274085  0.010081206952  
piranga_flava_ku90809 0.021827476313  0.023384794762  0.005017352255  0.001501701129  0.001501701129  0.002504537386  0.000000000000  0.002504537386  0.011096622222  0.010576282151  0.004011806629  0.018236757613  0.015678111105  0.026491325866  0.025980164412  0.021843159414  0.018755889838  0.031179117956  0.032230481556  0.025464412174  0.025464412174  0.024423511282  0.029611282673  0.008051852107  0.011600088415  0.010594179910  0.018285328788  0.015172616980  0.008051852107  0.009572483829  
piranga_flava_lsu15408 0.021310831454  0.022866252781  0.004513804513  0.001000691463  0.001000691463  0.003006815479  0.002504537386  0.000000000000  0.010587116273  0.010068618502  0.003508765434  0.017722244521  0.015165455012  0.025970336122  0.025459169085  0.021325422737  0.018240570522  0.030654272419  0.031704520607  0.024943688107  0.024943688107  0.023903880549  0.029087821946  0.007544949783  0.011090587805  0.010084668621  0.017768372930  0.014659955481  0.007544949783  0.009064283027  
piranga_lutea_ku89864 0.030141020606  0.030686331233  0.012617438367  0.009572483829  0.009572483829  0.011606653180  0.011096622222  0.010587116273  0.000000000000  0.017722244521  0.011093409878  0.025470058500  0.022885731146  0.033811726087  0.033298508453  0.029117705320  0.025997935286  0.038550625304  0.039615537703  0.032251032419  0.032251032419  0.031724223232  0.036964897540  0.015181353489  0.018765248393  0.017755357673  0.025538957583  0.022378225818  0.015181353489  0.016718775084  
piranga_rubra_ku7046 0.028042558343  0.030129982815  0.012607187196  0.009055448123  0.009055448123  0.011084467017  0.010576282151  0.010068618502  0.017722244521  0.000000000000  0.009562334592  0.023376916488  0.021317326060  0.032213619570  0.030649085976  0.027529813842  0.024418820712  0.036937955445  0.037997720329  0.031179117956  0.031179117956  0.030129982815  0.035357808382  0.013633247202  0.017208265701  0.015681763411  0.023946031093  0.019775454092  0.013633247202  0.015165455012  
piranga_olivacea_ku2699 0.021313878303  0.022870520684  0.006025011022  0.002504537386  0.002504537386  0.004515359587  0.004011806629  0.003508765434  0.011093409878  0.009562334592  0.000000000000  0.017211538615  0.014656445544  0.024934158361  0.024423511282  0.020295673705  0.017215207824  0.029611282673  0.030659867829  0.023908698085  0.023908698085  0.022870520684  0.028047163501  0.007040837414  0.010584168694  0.009579267031  0.017258782290  0.014151459927  0.007040837414  0.008559274085  
piranga_bidentata_itm160 0.036420992649  0.036957540272  0.020287867865  0.016697823801  0.016697823801  0.018236757613  0.018236757613  0.017722244521  0.025470058500  0.023376916488  0.017211538615  0.000000000000  0.002504214180  0.026472463232  0.025439015906  0.021819929328  0.017712047513  0.030109547043  0.031155881709  0.024404092776  0.024404092776  0.023368121459  0.028546614138  0.010068618502  0.013625280878  0.012612159641  0.020310372324  0.017202910300  0.010068618502  0.011591653055  
piranga_bidentata_itm141 0.033798375083  0.034332766496  0.017722244521  0.014144581980  0.014144581980  0.016191298721  0.015678111105  0.015165455012  0.022885731146  0.021317326060  0.014656445544  0.002504214180  0.000000000000  0.023885836082  0.022855861294  0.019249627869  0.015155866948  0.027510213935  0.028552708844  0.021824558533  0.021824558533  0.020792351425  0.025952854714  0.007538693175  0.011083209839  0.010073157261  0.017743919614  0.014648279681  0.007538693175  0.009056435987  
piranga_roseogularis_ku2049 0.043831997860  0.044376389453  0.028564914226  0.024934158361  0.024934158361  0.027012864564  0.026491325866  0.025970336122  0.033811726087  0.032213619570  0.024934158361  0.026472463232  0.023885836082  0.000000000000  0.008047423970  0.020804251457  0.016701223569  0.030125076722  0.031173650569  0.024418820712  0.024418820712  0.023380654396  0.028560437859  0.019253952479  0.022855861294  0.021834516252  0.029642567857  0.026482563032  0.019253952479  0.020797500195  
piranga_roseogularis_ku2141 0.043312926333  0.043857871704  0.028052175338  0.024423511282  0.024423511282  0.026501708706  0.025980164412  0.025459169085  0.033298508453  0.030649085976  0.024423511282  0.025439015906  0.022855861294  0.008047423970  0.000000000000  0.019779284627  0.015681763411  0.029087821946  0.030135297575  0.023389337194  0.023389337194  0.022352247416  0.027525080297  0.018230323922  0.021827476313  0.020808227043  0.028607633157  0.025449894177  0.018230323922  0.019772022433  
piranga_rubra_sdsu2635 0.039074700434  0.039615537703  0.023903880549  0.020295673705  0.020295673705  0.022361438208  0.021843159414  0.021325422737  0.029117705320  0.027529813842  0.020295673705  0.021819929328  0.019249627869  0.020804251457  0.019779284627  0.000000000000  0.006024422054  0.025445863145  0.026486741751  0.019775454092  0.019775454092  0.018744831568  0.023891843649  0.014646346993  0.018225482325  0.017208265701  0.024961003825  0.021827476313  0.014646346993  0.016179567403  
piranga_rubra_sdsu2654 0.035912307286  0.036450101246  0.020808227043  0.017215207824  0.017215207824  0.019271746217  0.018755889838  0.018240570522  0.025997935286  0.024418820712  0.017215207824  0.017712047513  0.015155866948  0.016701223569  0.015681763411  0.006024422054  0.000000000000  0.021317326060  0.022352247416  0.015678111105  0.015678111105  0.014653329342  0.019772022433  0.010577667459  0.014137216945  0.013125149209  0.020834089015  0.017719098853  0.010577667459  0.012102404685  
piranga_erythrocephala_fmnh343371 0.048097457872  0.048646011530  0.033265524694  0.029611282673  0.029611282673  0.031704520607  0.031179117956  0.030654272419  0.038550625304  0.036937955445  0.029611282673  0.030109547043  0.027510213935  0.030125076722  0.029087821946  0.025445863145  0.021317326060  0.000000000000  0.001501507699  0.015669523800  0.015669523800  0.017716350535  0.022855861294  0.022855861294  0.026475423373  0.025449894177  0.033298508453  0.030120579696  0.022855861294  0.024407168818  
piranga_erythrocephala_fmnh343370 0.049176819047  0.049727146894  0.034319670073  0.030659867829  0.030659867829  0.032757001991  0.032230481556  0.031704520607  0.039615537703  0.037997720329  0.030659867829  0.031155881709  0.028552708844  0.031173650569  0.030135297575  0.026486741751  0.022352247416  0.001501507699  0.000000000000  0.016694820043  0.016694820043  0.018744831568  0.023891843649  0.023891843649  0.027516832753  0.026491325866  0.034355496330  0.031168592850  0.023891843649  0.025445863145  
piranga_rubriceps_lsu265 0.042251030605  0.041724868668  0.027534953375  0.023908698085  0.023908698085  0.025985684635  0.025464412174  0.024943688107  0.032251032419  0.031179117956  0.023908698085  0.024404092776  0.021824558533  0.024418820712  0.023389337194  0.019775454092  0.015678111105  0.015669523800  0.016694820043  0.000000000000  0.000000000000  0.013125149209  0.018233341950  0.017205389466  0.020797500195  0.019779284627  0.027566727112  0.024414533182  0.017205389466  0.018744831568  
piranga_rubriceps_lsu34818 0.042251030605  0.041724868668  0.027534953375  0.023908698085  0.023908698085  0.025985684635  0.025464412174  0.024943688107  0.032251032419  0.031179117956  0.023908698085  0.024404092776  0.021824558533  0.024418820712  0.023389337194  0.019775454092  0.015678111105  0.015669523800  0.016694820043  0.000000000000  0.000000000000  0.013125149209  0.018233341950  0.017205389466  0.020797500195  0.019779284627  0.027566727112  0.024414533182  0.017205389466  0.018744831568  
piranga_leucoptera_fmnh481795 0.041182693874  0.041724868668  0.026491325866  0.022870520684  0.022870520684  0.024943688107  0.024423511282  0.023903880549  0.031724223232  0.030129982815  0.022870520684  0.023368121459  0.020792351425  0.023380654396  0.022352247416  0.018744831568  0.014653329342  0.017716350535  0.018744831568  0.013125149209  0.013125149209  0.000000000000  0.015155866948  0.016179567403  0.019766357308  0.018748119869  0.026520313620  0.022858922692  0.016179567403  0.017716350535  
piranga_leucoptera_lsu7783 0.046490799490  0.047037425750  0.031693432721  0.028047163501  0.028047163501  0.030135297575  0.029611282673  0.029087821946  0.036964897540  0.035357808382  0.028047163501  0.028546614138  0.025952854714  0.028560437859  0.027525080297  0.023891843649  0.019772022433  0.022855861294  0.023891843649  0.018233341950  0.018233341950  0.015155866948  0.000000000000  0.021308185910  0.024919946747  0.023895452938  0.030672283965  0.028556369265  0.021308185910  0.022855861294  
piranga_ludoviciana_sdsu2385 0.025980164412  0.026507506646  0.010075450895  0.006534709942  0.006534709942  0.008559274085  0.008051852107  0.007544949783  0.015181353489  0.013633247202  0.007040837414  0.010068618502  0.007538693175  0.019253952479  0.018230323922  0.014646346993  0.010577667459  0.022855861294  0.023891843649  0.017205389466  0.017205389466  0.016179567403  0.021308185910  0.000000000000  0.003508311796  0.002506334839  0.010092757366  0.007035184569  0.000000000000  0.001501701129  
piranga_ludoviciana_sdsu2648 0.029092984859  0.030147151510  0.013633247202  0.010075450895  0.010075450895  0.012110114022  0.011600088415  0.011090587805  0.018765248393  0.017208265701  0.010584168694  0.013625280878  0.011083209839  0.022855861294  0.021827476313  0.018225482325  0.014137216945  0.026475423373  0.027516832753  0.020797500195  0.020797500195  0.019766357308  0.024919946747  0.003508311796  0.000000000000  0.006027350113  0.013652048804  0.010577667459  0.003508311796  0.005017352255  
piranga_olivacea_ku4672 0.028593398753  0.029124900680  0.012624284532  0.009070538584  0.009070538584  0.011104216219  0.010594179910  0.010084668621  0.017755357673  0.015681763411  0.009579267031  0.012612159641  0.010073157261  0.021834516252  0.020808227043  0.017208265701  0.013125149209  0.025449894177  0.026491325866  0.019779284627  0.019779284627  0.018748119869  0.023895452938  0.002506334839  0.006027350113  0.000000000000  0.012648237679  0.009569675082  0.002506334839  0.004014384637  
piranga_bidentata_hgoslp104 0.035964148945  0.036506138184  0.019299475843  0.016742632300  0.016742632300  0.018802825128  0.018285328788  0.017768372930  0.025538957583  0.023946031093  0.017258782290  0.020310372324  0.017743919614  0.029642567857  0.028607633157  0.024961003825  0.020834089015  0.033298508453  0.034355496330  0.027566727112  0.027566727112  0.026520313620  0.030672283965  0.010092757366  0.013652048804  0.012648237679  0.000000000000  0.017239484873  0.010092757366  0.011619425675  
piranga_bidentata_tepe59 0.033284083103  0.033819017970  0.017215207824  0.013639590974  0.013639590974  0.015685810013  0.015172616980  0.014659955481  0.022378225818  0.019775454092  0.014151459927  0.017202910300  0.014648279681  0.026482563032  0.025449894177  0.021827476313  0.017719098853  0.030120579696  0.031168592850  0.024414533182  0.024414533182  0.022858922692  0.028556369265  0.007035184569  0.010577667459  0.009569675082  0.017239484873  0.000000000000  0.007035184569  0.008552427071  
piranga_ludoviciana_sdsu2650 0.025980164412  0.026507506646  0.010075450895  0.006534709942  0.006534709942  0.008559274085  0.008051852107  0.007544949783  0.015181353489  0.013633247202  0.007040837414  0.010068618502  0.007538693175  0.019253952479  0.018230323922  0.014646346993  0.010577667459  0.022855861294  0.023891843649  0.017205389466  0.017205389466  0.016179567403  0.021308185910  0.000000000000  0.003508311796  0.002506334839  0.010092757366  0.007035184569  0.000000000000  0.001501701129  
piranga_rubra_ku26592 0.027540498500  0.028069646979  0.011600088415  0.008051852107  0.008051852107  0.010081206952  0.009572483829  0.009064283027  0.016718775084  0.015165455012  0.008559274085  0.011591653055  0.009056435987  0.020797500195  0.019772022433  0.016179567403  0.012102404685  0.024407168818  0.025445863145  0.018744831568  0.018744831568  0.017716350535  0.022855861294  0.001501701129  0.005017352255  0.004014384637  0.011619425675  0.008552427071  0.001501701129  0.000000000000  

