30
piranga_rubra_ku26592 0.000000000000  0.003998369174  0.007217479814  0.010489228932  0.016218389019  0.019628599149  0.007575939836  0.021502937094  0.003648379633  0.008021734915  0.005299247887  0.004466244069  0.004799089148  0.005078680563  0.001594390150  0.003473401990  0.008445932680  0.009648764073  0.007635455669  0.008021734915  0.013757004171  0.005607584759  0.012944043913  0.004116887990  0.013417681813  0.013000087884  0.006684807353  0.007217479814  0.002394812200  0.008021734915  
piranga_flava_ku90809 0.003998369174  0.000000000000  0.009648764073  0.012944043913  0.017044274973  0.022139721107  0.009276600204  0.024046941877  0.005483279133  0.010455482956  0.007079253000  0.006265061773  0.005603795190  0.005078680563  0.003995800595  0.001725914794  0.008445932680  0.012093080146  0.009563816747  0.010455482956  0.014579064460  0.005585213366  0.015412144870  0.006604979519  0.015976542509  0.015402447228  0.008612705318  0.009648764073  0.004802267145  0.010455482956  
piranga_ludoviciana_sdsu2385 0.007217479814  0.009648764073  0.000000000000  0.014579064460  0.020351288491  0.022129515004  0.012688409023  0.024036143419  0.008244166107  0.005598920790  0.000879582346  0.009876306653  0.010455482956  0.010205440688  0.007213363388  0.008726953696  0.012728291994  0.012085227617  0.002850580486  0.005598920790  0.017871659363  0.011276851519  0.017054174287  0.009936396706  0.017680791423  0.017804359869  0.001901492032  0.001595143283  0.008026468499  0.005598920790  
piranga_rubriceps_lsu265 0.010489228932  0.012944043913  0.014579064460  0.000000000000  0.010370024207  0.023586433166  0.015320593297  0.025494717337  0.010133294874  0.015393996084  0.013402702656  0.010823710681  0.013757004171  0.011284705901  0.010483502328  0.009642544914  0.015675057255  0.018711742388  0.014466400995  0.015393996084  0.009568556234  0.014587959454  0.002377729514  0.012496080448  0.010766714470  0.010592826887  0.015472775329  0.014579064460  0.011306033202  0.015393996084  
piranga_leucoptera_lsu7783 0.016218389019  0.017044274973  0.020351288491  0.010370024207  0.000000000000  0.029430639388  0.022254032554  0.031414614525  0.017621430058  0.021172775508  0.020672852608  0.018157876415  0.019520028605  0.018583126465  0.016210059207  0.016761536061  0.012784937349  0.024530469737  0.021359814072  0.021172775508  0.005563708869  0.020362857772  0.012795294550  0.019264501870  0.014964081794  0.015365407828  0.022376160359  0.020351288491  0.017044274973  0.021172775508  
cardinalis_cardinalis_ku25393 0.019628599149  0.022139721107  0.022129515004  0.023586433166  0.029430639388  0.000000000000  0.023931067133  0.003222226400  0.020393402588  0.022959054638  0.020614096925  0.021784725861  0.022968972327  0.020611376253  0.019620375098  0.020286772534  0.017289154443  0.028038428402  0.023251482446  0.022959054638  0.026920193746  0.023821517455  0.026093519337  0.022813272933  0.026195486165  0.024976735275  0.021312936644  0.022129515004  0.020464104344  0.022959054638  
piranga_olivacea_ku2699 0.007575939836  0.009276600204  0.012688409023  0.015320593297  0.022254032554  0.023931067133  0.000000000000  0.025053838735  0.007321016268  0.013538504151  0.009755821223  0.009876306653  0.010129314673  0.009174630964  0.007571403685  0.009608851414  0.015456577220  0.007581470537  0.012463630212  0.013538504151  0.018771457169  0.011839542000  0.017924480694  0.010137872492  0.019509604744  0.016596598213  0.011511399425  0.012688409023  0.008425477235  0.013538504151  
cardinalis_cardinalis_ku21828 0.021502937094  0.024046941877  0.024036143419  0.025494717337  0.031414614525  0.003222226400  0.025053838735  0.000000000000  0.022446731003  0.024876121280  0.022682631639  0.023806937816  0.024886625458  0.022898456020  0.021494172917  0.022238663946  0.020469973353  0.029162991684  0.025425378942  0.024876121280  0.028871623596  0.025750863933  0.028034580032  0.024787010989  0.027238038884  0.027407396803  0.023467830671  0.024036143419  0.022349362768  0.024876121280  
piranga_rubra_ku7046 0.003648379633  0.005483279133  0.008244166107  0.010133294874  0.017621430058  0.020393402588  0.007321016268  0.022446731003  0.000000000000  0.009164183393  0.007429805700  0.005564646741  0.006403504971  0.007119975482  0.003646991857  0.005483279133  0.011526567753  0.010096091073  0.009613505361  0.009164183393  0.013864643690  0.008249546295  0.012935793468  0.004569078017  0.015697716083  0.015392026808  0.008861066083  0.008244166107  0.002733691117  0.009164183393  
piranga_bidentata_hgoslp104 0.008021734915  0.010455482956  0.005598920790  0.015393996084  0.021172775508  0.022959054638  0.013538504151  0.024876121280  0.009164183393  0.000000000000  0.005294790961  0.010777331501  0.011263312476  0.011229920559  0.008017907034  0.009602520708  0.014147188637  0.012894717730  0.006671501817  0.000000000000  0.018690281212  0.012085227617  0.017871659363  0.010767247046  0.018530110898  0.017804359869  0.005720663771  0.005598920790  0.008831541942  0.000000000000  
piranga_ludoviciana_sdsu2648 0.005299247887  0.007079253000  0.000879582346  0.013402702656  0.020672852608  0.020614096925  0.009755821223  0.022682631639  0.007429805700  0.005294790961  0.000000000000  0.007546733306  0.007971867816  0.009288256454  0.005296469464  0.007345771470  0.011838486798  0.009755821223  0.001898617662  0.005294790961  0.017021481255  0.009762356163  0.016130714472  0.007085523146  0.017726367595  0.016596598213  0.000949754934  0.000879582346  0.006188381957  0.005294790961  
piranga_roseogularis_ku2049 0.004466244069  0.006265061773  0.009876306653  0.010823710681  0.018157876415  0.021784725861  0.009876306653  0.023806937816  0.005564646741  0.010777331501  0.007546733306  0.000000000000  0.007167138466  0.007126096245  0.004463038990  0.006265061773  0.012361150730  0.011695103636  0.009769375085  0.010777331501  0.014478584528  0.008976662833  0.013570116323  0.000890548703  0.016270271995  0.014199685593  0.009009311493  0.009876306653  0.005364765980  0.010777331501  
piranga_hepatica_ku4970 0.004799089148  0.005603795190  0.010455482956  0.013757004171  0.019520028605  0.022968972327  0.010129314673  0.024886625458  0.006403504971  0.011263312476  0.007971867816  0.007167138466  0.000000000000  0.004058409537  0.004796811144  0.004345902006  0.008436098614  0.012902289308  0.010531063799  0.011263312476  0.017044274973  0.007217479814  0.016227644132  0.006604979519  0.016823720539  0.015402447228  0.009579719339  0.010455482956  0.005603795190  0.011263312476  
piranga_hepatica_ku9084 0.005078680563  0.005078680563  0.010205440688  0.011284705901  0.018583126465  0.020611376253  0.009174630964  0.022898456020  0.007119975482  0.011229920559  0.009288256454  0.007126096245  0.004058409537  0.000000000000  0.005074535887  0.004058409537  0.006594090870  0.012274076771  0.011795945294  0.011229920559  0.015445356555  0.008153261537  0.014411239138  0.006101239371  0.016436551227  0.014199685593  0.009901389078  0.010205440688  0.005078680563  0.011229920559  
piranga_rubra_sdsu2654 0.001594390150  0.003995800595  0.007213363388  0.010483502328  0.016210059207  0.019620375098  0.007571403685  0.021494172917  0.003646991857  0.008017907034  0.005296469464  0.004463038990  0.004796811144  0.005074535887  0.000000000000  0.003471085174  0.008445932680  0.009642789578  0.007631762091  0.008017907034  0.013749667745  0.005603795190  0.012936423113  0.004114164837  0.013411454846  0.012992387644  0.006680694367  0.007213363388  0.002393456042  0.008017907034  
piranga_flava_lsu15408 0.003473401990  0.001725914794  0.008726953696  0.009642544914  0.016761536061  0.020286772534  0.009608851414  0.022238663946  0.005483279133  0.009602520708  0.007345771470  0.006265061773  0.004345902006  0.004058409537  0.003471085174  0.000000000000  0.007662805902  0.010492457919  0.009563816747  0.009602520708  0.013190541778  0.005197465009  0.012307956409  0.006101239371  0.015012546013  0.014199685593  0.008755141980  0.008726953696  0.004345902006  0.009602520708  
piranga_lutea_lsu5400 0.008445932680  0.008445932680  0.012728291994  0.015675057255  0.012784937349  0.017289154443  0.015456577220  0.020469973353  0.011526567753  0.014147188637  0.011838486798  0.012361150730  0.008436098614  0.006594090870  0.008445932680  0.007662805902  0.000000000000  0.018501386612  0.014387441765  0.014147188637  0.014227707743  0.009868922238  0.017127015043  0.010381199523  0.014204973563  0.010341322968  0.009372087490  0.014164728400  0.008445932680  0.014147188637  
piranga_olivacea_ku4672 0.009648764073  0.012093080146  0.012085227617  0.018711742388  0.024530469737  0.028038428402  0.007581470537  0.029162991684  0.010096091073  0.012894717730  0.009755821223  0.011695103636  0.012902289308  0.012274076771  0.009642789578  0.010492457919  0.018501386612  0.000000000000  0.012463630212  0.012894717730  0.022031249556  0.013729933359  0.021209446365  0.010774245595  0.021990475795  0.019015328718  0.011511399425  0.012085227617  0.010462081228  0.012894717730  
piranga_ludoviciana_sdsu2208 0.007635455669  0.009563816747  0.002850580486  0.014466400995  0.021359814072  0.023251482446  0.012463630212  0.025425378942  0.009613505361  0.006671501817  0.001898617662  0.009769375085  0.010531063799  0.011795945294  0.007631762091  0.009563816747  0.014387441765  0.012463630212  0.000000000000  0.006671501817  0.017414382573  0.012471734446  0.017414382573  0.008606840121  0.020303690609  0.017793181975  0.001944772443  0.002850580486  0.008598616919  0.006671501817  
piranga_bidentata_itm160 0.008021734915  0.010455482956  0.005598920790  0.015393996084  0.021172775508  0.022959054638  0.013538504151  0.024876121280  0.009164183393  0.000000000000  0.005294790961  0.010777331501  0.011263312476  0.011229920559  0.008017907034  0.009602520708  0.014147188637  0.012894717730  0.006671501817  0.000000000000  0.018690281212  0.012085227617  0.017871659363  0.010767247046  0.018530110898  0.017804359869  0.005720663771  0.005598920790  0.008831541942  0.000000000000  
piranga_leucoptera_fmnh481795 0.013757004171  0.014579064460  0.017871659363  0.009568556234  0.005563708869  0.026920193746  0.018771457169  0.028871623596  0.013864643690  0.018690281212  0.017021481255  0.014478584528  0.017044274973  0.015445356555  0.013749667745  0.013190541778  0.014227707743  0.022031249556  0.017414382573  0.018690281212  0.000000000000  0.017882205219  0.011991379921  0.015865673319  0.012443215292  0.011783384947  0.018419134279  0.017871659363  0.014579064460  0.018690281212  
piranga_lutea_ku89864 0.005607584759  0.005585213366  0.011276851519  0.014587959454  0.020362857772  0.023821517455  0.011839542000  0.025750863933  0.008249546295  0.012085227617  0.009762356163  0.008976662833  0.007217479814  0.008153261537  0.005603795190  0.005197465009  0.009868922238  0.013729933359  0.012471734446  0.012085227617  0.017882205219  0.000000000000  0.017064997914  0.008271281083  0.017690461467  0.019029883686  0.011519920943  0.011276851519  0.006414327038  0.012085227617  
piranga_rubriceps_lsu34818 0.012944043913  0.015412144870  0.017054174287  0.002377729514  0.012795294550  0.026093519337  0.017924480694  0.028034580032  0.012935793468  0.017871659363  0.016130714472  0.013570116323  0.016227644132  0.014411239138  0.012936423113  0.012307956409  0.017127015043  0.021209446365  0.017414382573  0.017871659363  0.011991379921  0.017064997914  0.000000000000  0.015036820176  0.013283782647  0.014173866502  0.018432788968  0.017054174287  0.013765260920  0.017871659363  
piranga_roseogularis_ku2141 0.004116887990  0.006604979519  0.009936396706  0.012496080448  0.019264501870  0.022813272933  0.010137872492  0.024787010989  0.004569078017  0.010767247046  0.007085523146  0.000890548703  0.006604979519  0.006101239371  0.004114164837  0.006101239371  0.010381199523  0.010774245595  0.008606840121  0.010767247046  0.015865673319  0.008271281083  0.015036820176  0.000000000000  0.015593645019  0.014199685593  0.008620955526  0.009936396706  0.004944744403  0.010767247046  
piranga_erythrocephala_fmnh343371 0.013417681813  0.015976542509  0.017680791423  0.010766714470  0.014964081794  0.026195486165  0.019509604744  0.027238038884  0.015697716083  0.018530110898  0.017726367595  0.016270271995  0.016823720539  0.016436551227  0.013411454846  0.015012546013  0.014204973563  0.021990475795  0.020303690609  0.018530110898  0.012443215292  0.017690461467  0.013283782647  0.015593645019  0.000000000000  0.003502967889  0.019786741138  0.017680791423  0.014269041004  0.018530110898  
piranga_erythrocephala_fmnh343370 0.013000087884  0.015402447228  0.017804359869  0.010592826887  0.015365407828  0.024976735275  0.016596598213  0.027407396803  0.015392026808  0.017804359869  0.016596598213  0.014199685593  0.015402447228  0.014199685593  0.012992387644  0.014199685593  0.010341322968  0.019015328718  0.017793181975  0.017804359869  0.011783384947  0.019029883686  0.014173866502  0.014199685593  0.003502967889  0.000000000000  0.017804359869  0.017804359869  0.013000087884  0.017804359869  
piranga_ludoviciana_sdsu2650 0.006684807353  0.008612705318  0.001901492032  0.015472775329  0.022376160359  0.021312936644  0.011511399425  0.023467830671  0.008861066083  0.005720663771  0.000949754934  0.009009311493  0.009579719339  0.009901389078  0.006680694367  0.008755141980  0.009372087490  0.011511399425  0.001944772443  0.005720663771  0.018419134279  0.011519920943  0.018432788968  0.008620955526  0.019786741138  0.017804359869  0.000000000000  0.001901492032  0.007647737537  0.005720663771  
piranga_bidentata_tepe59 0.007217479814  0.009648764073  0.001595143283  0.014579064460  0.020351288491  0.022129515004  0.012688409023  0.024036143419  0.008244166107  0.005598920790  0.000879582346  0.009876306653  0.010455482956  0.010205440688  0.007213363388  0.008726953696  0.014164728400  0.012085227617  0.002850580486  0.005598920790  0.017871659363  0.011276851519  0.017054174287  0.009936396706  0.017680791423  0.017804359869  0.001901492032  0.000000000000  0.008026468499  0.005598920790  
piranga_rubra_sdsu2635 0.002394812200  0.004802267145  0.008026468499  0.011306033202  0.017044274973  0.020464104344  0.008425477235  0.022349362768  0.002733691117  0.008831541942  0.006188381957  0.005364765980  0.005603795190  0.005078680563  0.002393456042  0.004345902006  0.008445932680  0.010462081228  0.008598616919  0.008831541942  0.014579064460  0.006414327038  0.013765260920  0.004944744403  0.014269041004  0.013000087884  0.007647737537  0.008026468499  0.000000000000  0.008831541942  
piranga_bidentata_itm141 0.008021734915  0.010455482956  0.005598920790  0.015393996084  0.021172775508  0.022959054638  0.013538504151  0.024876121280  0.009164183393  0.000000000000  0.005294790961  0.010777331501  0.011263312476  0.011229920559  0.008017907034  0.009602520708  0.014147188637  0.012894717730  0.006671501817  0.000000000000  0.018690281212  0.012085227617  0.017871659363  0.010767247046  0.018530110898  0.017804359869  0.005720663771  0.005598920790  0.008831541942  0.000000000000  

