30
piranga_rubra_ku26592 0.000000000000  0.009993932398  0.008147429411  0.016419863205  0.019208632125  0.024770180806  0.008427847244  0.024071768835  0.003605668581  0.006357284081  0.006999318203  0.015489153036  0.010885640724  0.007204405951  0.001800541272  0.012171374297  0.008235053709  0.007233298283  0.008381977082  0.009968585366  0.017345654873  0.009069817424  0.016404896994  0.014492385140  0.024726431212  0.016031433396  0.001773400057  0.008140060286  0.007231591799  0.009968585366  
piranga_flava_ku90809 0.009993932398  0.000000000000  0.014588988700  0.021072646555  0.024806553188  0.029513491475  0.015080918688  0.028216836351  0.008159761734  0.012806866329  0.009021289155  0.019430430566  0.009984860398  0.007218539337  0.009984860398  0.006514574830  0.009175531373  0.013660499751  0.012636530273  0.012728407848  0.022923701554  0.002701690393  0.021072646555  0.019411569549  0.027892753970  0.017374080357  0.003566488727  0.014575697369  0.011815297471  0.012728407848  
piranga_ludoviciana_sdsu2385 0.008147429411  0.014588988700  0.000000000000  0.020149284996  0.022957877002  0.025712790618  0.011256384358  0.025076922211  0.008143079309  0.005443672538  0.003982620691  0.018450346262  0.013630535856  0.010821825241  0.008147429411  0.015011039832  0.010978326083  0.009975804855  0.004157002672  0.007228575481  0.021079351297  0.013655354700  0.020130844858  0.017444192309  0.030045022911  0.018734407753  0.005315251521  0.007222049723  0.008143079309  0.005411123967  
piranga_rubriceps_lsu265 0.016419863205  0.021072646555  0.020149284996  0.000000000000  0.009061598475  0.023856220066  0.016972912713  0.023075484548  0.019184389063  0.018377230110  0.016133773709  0.023391262973  0.021040778074  0.018181606049  0.017333496760  0.022648624219  0.020341145408  0.017345072887  0.019798452424  0.022005447731  0.009061598475  0.020124591571  0.000898562277  0.023354667019  0.018416012612  0.010610282071  0.014389166729  0.020130844858  0.017323151178  0.022005447731  
piranga_leucoptera_lsu7783 0.019208632125  0.024806553188  0.022957877002  0.009061598475  0.000000000000  0.024792930658  0.017928007456  0.024095941617  0.021985220742  0.021189146279  0.019215480397  0.026392799519  0.023851404851  0.021901416762  0.020124591571  0.026503396034  0.023178790881  0.018269483550  0.021233456521  0.024821430042  0.005416008459  0.023851404851  0.009061598475  0.026353015333  0.020527425516  0.015999097648  0.014382254913  0.022936809949  0.020114108342  0.024821430042  
cardinalis_cardinalis_ku25393 0.024770180806  0.029513491475  0.025712790618  0.023856220066  0.024792930658  0.000000000000  0.022713575429  0.003931730005  0.026643262609  0.025846042069  0.023286701072  0.028363532109  0.030393501643  0.030596781516  0.024770180806  0.030423664175  0.028844844858  0.024761044792  0.019749830129  0.027578569920  0.022911844165  0.028548250083  0.023834346584  0.028321249346  0.032114775630  0.022801258387  0.012527561005  0.025689194810  0.026643262609  0.027578569920  
piranga_olivacea_ku2699 0.008427847244  0.015080918688  0.011256384358  0.016972912713  0.017928007456  0.022713575429  0.000000000000  0.021007841016  0.010304786229  0.009358415297  0.008002267504  0.019088476551  0.014100266206  0.012060107250  0.008419962339  0.015526792219  0.011381231783  0.008414029740  0.008381977082  0.011245834950  0.016008615166  0.014113534136  0.016013325610  0.017588176821  0.023660233623  0.016010042532  0.003560140094  0.010298365897  0.012188389103  0.012195302378  
cardinalis_cardinalis_ku21828 0.024071768835  0.028216836351  0.025076922211  0.023075484548  0.024095941617  0.003931730005  0.021007841016  0.000000000000  0.026118022122  0.025094107770  0.021443120827  0.026314127231  0.030218336371  0.026838632725  0.024071768835  0.029267682966  0.029168392496  0.024063773025  0.016853013973  0.025076922211  0.022040202252  0.027179370952  0.023052351945  0.027120839067  0.028957847931  0.018713279791  0.010698669758  0.024023568509  0.026118022122  0.026108558708  
piranga_rubra_ku7046 0.003605668581  0.008159761734  0.008143079309  0.019184389063  0.021985220742  0.026643262609  0.010304786229  0.026118022122  0.000000000000  0.006353344123  0.006994540637  0.017434839119  0.009059778286  0.004794078254  0.003602421282  0.010274015866  0.006397329394  0.009053394408  0.009786819113  0.009962578357  0.020114108342  0.007239844411  0.018252808186  0.016433816336  0.026802509540  0.018713279791  0.000000000000  0.009962578357  0.005411123967  0.009962578357  
piranga_bidentata_hgoslp104 0.006357284081  0.012806866329  0.005443672538  0.018377230110  0.021189146279  0.025846042069  0.009358415297  0.025094107770  0.006353344123  0.000000000000  0.003985847884  0.018552237733  0.011850654847  0.007192452355  0.006357284081  0.013176679340  0.009194915509  0.008189462132  0.005568226119  0.007266147840  0.019307874828  0.011872301224  0.018360357311  0.017438028526  0.027900046598  0.014672226715  0.000000000000  0.007266147840  0.006353344123  0.007266147840  
piranga_ludoviciana_sdsu2648 0.006999318203  0.009021289155  0.003982620691  0.016133773709  0.019215480397  0.023286701072  0.008002267504  0.021443120827  0.006994540637  0.003985847884  0.000000000000  0.017271477884  0.005980804604  0.007192452355  0.005992833483  0.009316652784  0.004024921744  0.008007303039  0.002772369156  0.001987271501  0.017155740440  0.008005961343  0.016117519879  0.015715694344  0.025524903036  0.014672226715  0.000000000000  0.002980875716  0.005989064619  0.002983840543  
piranga_roseogularis_ku2049 0.015489153036  0.019430430566  0.018450346262  0.023391262973  0.026392799519  0.028363532109  0.019088476551  0.026314127231  0.017434839119  0.018552237733  0.017271477884  0.000000000000  0.021385155357  0.019406657673  0.015474171804  0.022402282447  0.020403199374  0.017454940330  0.019759968569  0.018432445014  0.024387214426  0.018440000352  0.022393036367  0.004911282846  0.028895944319  0.021428265963  0.018033434420  0.018432445014  0.017434839119  0.018432445014  
piranga_hepatica_ku4970 0.010885640724  0.009984860398  0.013630535856  0.021040778074  0.023851404851  0.030393501643  0.014100266206  0.030218336371  0.009059778286  0.011850654847  0.005980804604  0.021385155357  0.000000000000  0.001193108340  0.010885640724  0.010270210365  0.002726241987  0.014549187233  0.008365795031  0.011779731470  0.021974240413  0.009061598475  0.021021544361  0.020372534309  0.031044360244  0.014638414383  0.001773400057  0.011779731470  0.009048221488  0.011779731470  
piranga_hepatica_ku9084 0.007204405951  0.007218539337  0.010821825241  0.018181606049  0.021901416762  0.030596781516  0.012060107250  0.026838632725  0.004794078254  0.007192452355  0.007192452355  0.019406657673  0.001193108340  0.000000000000  0.005996348424  0.007217229244  0.002388331109  0.010827383809  0.009769592593  0.008398210247  0.019420676392  0.006007560706  0.018159592485  0.018171400248  0.028095204724  0.015977793270  0.003549848721  0.009608386689  0.003590930189  0.009608386689  
piranga_rubra_sdsu2654 0.001800541272  0.009984860398  0.008147429411  0.017333496760  0.020124591571  0.024770180806  0.008419962339  0.024071768835  0.003602421282  0.006357284081  0.005992833483  0.015474171804  0.010885640724  0.005996348424  0.000000000000  0.012159988923  0.008235053709  0.005414199086  0.006975062228  0.009968585366  0.018259492310  0.009061598475  0.016404896994  0.014478395822  0.024700977581  0.014654018001  0.000000000000  0.008140060286  0.005409253805  0.009968585366  
piranga_flava_lsu15408 0.012171374297  0.006514574830  0.015011039832  0.022648624219  0.026503396034  0.030423664175  0.015526792219  0.029267682966  0.010274015866  0.013176679340  0.009316652784  0.022402282447  0.010270210365  0.007217229244  0.012159988923  0.000000000000  0.009331208109  0.015002636430  0.009814262769  0.012159988923  0.024563501894  0.003714427175  0.022648624219  0.022371857067  0.031075315529  0.018715613533  0.001782065335  0.014057734235  0.012155705321  0.012159988923  
piranga_lutea_lsu5400 0.008235053709  0.009175531373  0.010978326083  0.020341145408  0.023178790881  0.028844844858  0.011381231783  0.029168392496  0.006397329394  0.009194915509  0.004024921744  0.020403199374  0.002726241987  0.002388331109  0.008235053709  0.009331208109  0.000000000000  0.011923673857  0.006943482799  0.010988379330  0.021282447705  0.008242595935  0.020322352684  0.019392745117  0.029994403654  0.015992608569  0.000000000000  0.010978326083  0.008229379254  0.010988379330  
piranga_olivacea_ku4672 0.007233298283  0.013660499751  0.009975804855  0.017345072887  0.018269483550  0.024761044792  0.008414029740  0.024063773025  0.009053394408  0.008189462132  0.008007303039  0.017454940330  0.014549187233  0.010827383809  0.005414199086  0.015002636430  0.011923673857  0.000000000000  0.006970751154  0.011802742966  0.016410358903  0.012728407848  0.017329251236  0.016451943775  0.026836343820  0.014672226715  0.001773400057  0.009966765722  0.007228575481  0.011802742966  
piranga_ludoviciana_sdsu2208 0.008381977082  0.012636530273  0.004157002672  0.019798452424  0.021233456521  0.019749830129  0.008381977082  0.016853013973  0.009786819113  0.005568226119  0.002772369156  0.019759968569  0.008365795031  0.009769592593  0.006975062228  0.009814262769  0.006943482799  0.006970751154  0.000000000000  0.001387176657  0.019787901276  0.011216292653  0.019770489282  0.016900489277  0.028463586537  0.014069449255  0.001767132383  0.001385255062  0.006975062228  0.000000000000  
piranga_bidentata_itm160 0.009968585366  0.012728407848  0.007228575481  0.022005447731  0.024821430042  0.027578569920  0.011245834950  0.025076922211  0.009962578357  0.007266147840  0.001987271501  0.018432445014  0.011779731470  0.008398210247  0.009968585366  0.012159988923  0.010988379330  0.011802742966  0.001387176657  0.000000000000  0.022936809949  0.011801119173  0.021985285894  0.016442184944  0.030013917743  0.016010042532  0.000000000000  0.003601814952  0.009962578357  0.001797305146  
piranga_leucoptera_fmnh481795 0.017345654873  0.022923701554  0.021079351297  0.009061598475  0.005416008459  0.022911844165  0.016008615166  0.022040202252  0.020114108342  0.019307874828  0.017155740440  0.024387214426  0.021974240413  0.019420676392  0.018259492310  0.024563501894  0.021282447705  0.016410358903  0.019787901276  0.022936809949  0.000000000000  0.021974240413  0.009061598475  0.024351438047  0.018434875484  0.013294758904  0.012572564319  0.021060047020  0.018250741109  0.022936809949  
piranga_lutea_ku89864 0.009069817424  0.002701690393  0.013655354700  0.020124591571  0.023851404851  0.028548250083  0.014113534136  0.027179370952  0.007239844411  0.011872301224  0.008005961343  0.018440000352  0.009061598475  0.006007560706  0.009061598475  0.003714427175  0.008242595935  0.012728407848  0.011216292653  0.011801119173  0.021974240413  0.000000000000  0.020124591571  0.018413193770  0.026830174104  0.016013952696  0.001779712349  0.013642933990  0.010888667926  0.011801119173  
piranga_rubriceps_lsu34818 0.016404896994  0.021072646555  0.020130844858  0.000898562277  0.009061598475  0.023834346584  0.016013325610  0.023052351945  0.018252808186  0.018360357311  0.016117519879  0.022393036367  0.021021544361  0.018159592485  0.016404896994  0.022648624219  0.020322352684  0.017329251236  0.019770489282  0.021985285894  0.009061598475  0.020124591571  0.000000000000  0.022358426125  0.019459980732  0.011954162050  0.014363330102  0.020112438446  0.016395410109  0.021985285894  
piranga_roseogularis_ku2141 0.014492385140  0.019411569549  0.017444192309  0.023354667019  0.026353015333  0.028321249346  0.017588176821  0.027120839067  0.016433816336  0.017438028526  0.015715694344  0.004911282846  0.020372534309  0.018171400248  0.014478395822  0.022371857067  0.019392745117  0.016451943775  0.016900489277  0.016442184944  0.024351438047  0.018413193770  0.022358426125  0.000000000000  0.027834235457  0.020059448437  0.016198198880  0.017427301447  0.016433816336  0.017427301447  
piranga_erythrocephala_fmnh343371 0.024726431212  0.027892753970  0.030045022911  0.018416012612  0.020527425516  0.032114775630  0.023660233623  0.028957847931  0.026802509540  0.027900046598  0.025524903036  0.028895944319  0.031044360244  0.028095204724  0.024700977581  0.031075315529  0.029994403654  0.026836343820  0.028463586537  0.030013917743  0.018434875484  0.026830174104  0.019459980732  0.027834235457  0.000000000000  0.014615057076  0.018033434420  0.028946301472  0.026802509540  0.031084072026  
piranga_erythrocephala_fmnh343370 0.016031433396  0.017374080357  0.018734407753  0.010610282071  0.015999097648  0.022801258387  0.016010042532  0.018713279791  0.018713279791  0.014672226715  0.014672226715  0.021428265963  0.014638414383  0.015977793270  0.014654018001  0.018715613533  0.015992608569  0.014672226715  0.014069449255  0.016010042532  0.013294758904  0.016013952696  0.011954162050  0.020059448437  0.014615057076  0.000000000000  0.008953705367  0.014654018001  0.013302065970  0.017370164171  
piranga_ludoviciana_sdsu2650 0.001773400057  0.003566488727  0.005315251521  0.014389166729  0.014382254913  0.012527561005  0.003560140094  0.010698669758  0.000000000000  0.000000000000  0.000000000000  0.018033434420  0.001773400057  0.003549848721  0.000000000000  0.001782065335  0.000000000000  0.001773400057  0.001767132383  0.000000000000  0.012572564319  0.001779712349  0.014363330102  0.016198198880  0.018033434420  0.008953705367  0.000000000000  0.000000000000  0.001776550596  0.001773400057  
piranga_bidentata_tepe59 0.008140060286  0.014575697369  0.007222049723  0.020130844858  0.022936809949  0.025689194810  0.010298365897  0.024023568509  0.009962578357  0.007266147840  0.002980875716  0.018432445014  0.011779731470  0.009608386689  0.008140060286  0.014057734235  0.010978326083  0.009966765722  0.001385255062  0.003601814952  0.021060047020  0.013642933990  0.020112438446  0.017427301447  0.028946301472  0.014654018001  0.000000000000  0.000000000000  0.009962578357  0.003601814952  
piranga_rubra_sdsu2635 0.007231591799  0.011815297471  0.008143079309  0.017323151178  0.020114108342  0.026643262609  0.012188389103  0.026118022122  0.005411123967  0.006353344123  0.005989064619  0.017434839119  0.009048221488  0.003590930189  0.005409253805  0.012155705321  0.008229379254  0.007228575481  0.006975062228  0.009962578357  0.018250741109  0.010888667926  0.016395410109  0.016433816336  0.026802509540  0.013302065970  0.001776550596  0.009962578357  0.000000000000  0.009962578357  
piranga_bidentata_itm141 0.009968585366  0.012728407848  0.005411123967  0.022005447731  0.024821430042  0.027578569920  0.012195302378  0.026108558708  0.009962578357  0.007266147840  0.002983840543  0.018432445014  0.011779731470  0.009608386689  0.009968585366  0.012159988923  0.010988379330  0.011802742966  0.000000000000  0.001797305146  0.022936809949  0.011801119173  0.021985285894  0.017427301447  0.031084072026  0.017370164171  0.001773400057  0.003601814952  0.009962578357  0.000000000000  

