30
cardinalis_cardinalis_ku21828 0.000000000000  0.003006801156  0.018769882430  0.018769882430  0.017244818507  0.017244818507  0.029691680684  0.029174743339  0.026042845647  0.026042845647  0.018259143246  0.020833287204  0.018259143246  0.019281012535  0.019281012535  0.019286501615  0.021858330722  0.021339829680  0.022405067612  0.023455441727  0.020846288796  0.019305335293  0.019305335293  0.021372705230  0.021372705230  0.022390427018  0.019803658565  0.018271010709  0.021372705230  0.017754654801  
cardinalis_cardinalis_ku25393 0.003006801156  0.000000000000  0.018769882430  0.018769882430  0.017244818507  0.017244818507  0.029691680684  0.029174743339  0.026042845647  0.026042845647  0.018259143246  0.020833287204  0.018259143246  0.019281012535  0.019281012535  0.019286501615  0.021858330722  0.021339829680  0.022405067612  0.023455441727  0.020846288796  0.019305335293  0.019305335293  0.021372705230  0.021372705230  0.022390427018  0.019803658565  0.018271010709  0.021372705230  0.017754654801  
piranga_roseogularis_ku2049 0.018769882430  0.018769882430  0.000000000000  0.003006801156  0.010586906739  0.010586906739  0.022896959013  0.022383701667  0.019286501615  0.019286501615  0.011597219499  0.014144325969  0.011597219499  0.012611994628  0.012611994628  0.012614405521  0.015162218633  0.014650392865  0.015689794676  0.016723550175  0.014151125584  0.012623980635  0.012623980635  0.014667738668  0.014667738668  0.015681398054  0.013124921538  0.011602938192  0.014667738668  0.011093202791  
piranga_roseogularis_ku2141 0.018769882430  0.018769882430  0.003006801156  0.000000000000  0.010586906739  0.010586906739  0.022896959013  0.022383701667  0.019286501615  0.019286501615  0.011597219499  0.014144325969  0.011597219499  0.012611994628  0.012611994628  0.012614405521  0.015162218633  0.014650392865  0.015689794676  0.016723550175  0.014151125584  0.012623980635  0.012623980635  0.014667738668  0.014667738668  0.015681398054  0.013124921538  0.011602938192  0.014667738668  0.011093202791  
piranga_leucoptera_fmnh481795 0.017244818507  0.017244818507  0.010586906739  0.010586906739  0.000000000000  0.006031140290  0.019292385356  0.018781502957  0.015699759021  0.015699759021  0.010080995365  0.012623980635  0.010080995365  0.011093202791  0.011093202791  0.011096382464  0.013639293022  0.013127987213  0.014169414964  0.014688655540  0.012632312241  0.011108249839  0.011108249839  0.013149166210  0.013149166210  0.014159489599  0.011606381178  0.010088242024  0.013149166210  0.009579022347  
piranga_leucoptera_lsu7783 0.017244818507  0.017244818507  0.010586906739  0.010586906739  0.006031140290  0.000000000000  0.019292385356  0.018781502957  0.015699759021  0.015699759021  0.010080995365  0.011602938192  0.010080995365  0.011093202791  0.011093202791  0.011096382464  0.013639293022  0.013127987213  0.014169414964  0.015202880561  0.012632312241  0.011108249839  0.011108249839  0.013149166210  0.013149166210  0.014159489599  0.011606381178  0.010088242024  0.013149166210  0.009579022347  
piranga_erythrocephala_fmnh343371 0.029691680684  0.029691680684  0.022896959013  0.022896959013  0.019292385356  0.019292385356  0.000000000000  0.004518394968  0.011602938192  0.011602938192  0.022383701667  0.024973449331  0.022383701667  0.023410610666  0.023410610666  0.023417088532  0.026003568113  0.025481531029  0.026557886018  0.026042845647  0.024988454190  0.023438909200  0.023438909200  0.024491076369  0.024491076369  0.026541219691  0.023937763152  0.022397549127  0.024474234357  0.021877686474  
piranga_erythrocephala_fmnh343370 0.029174743339  0.029174743339  0.022383701667  0.022383701667  0.018781502957  0.018781502957  0.004518394968  0.000000000000  0.011096382464  0.011096382464  0.021870837959  0.024458984017  0.021870837959  0.022896959013  0.022896959013  0.022903560815  0.025488310472  0.024966545745  0.026042845647  0.025528200516  0.024474234357  0.022925749263  0.022925749263  0.023977492947  0.023977492947  0.026025935573  0.023423964498  0.021884931077  0.023960408908  0.021365338517  
piranga_rubriceps_lsu265 0.026042845647  0.026042845647  0.019286501615  0.019286501615  0.015699759021  0.015699759021  0.011602938192  0.011096382464  0.000000000000  0.000000000000  0.018775495696  0.021351791732  0.018775495696  0.019797898730  0.019797898730  0.019803658565  0.022377373455  0.021858330722  0.022925749263  0.022412982095  0.021365338517  0.019823306210  0.019823306210  0.020868753746  0.020868753746  0.022910560045  0.020321354399  0.018787903833  0.021892571388  0.018271010709  
piranga_rubriceps_lsu34818 0.026042845647  0.026042845647  0.019286501615  0.019286501615  0.015699759021  0.015699759021  0.011602938192  0.011096382464  0.000000000000  0.000000000000  0.018775495696  0.021351791732  0.018775495696  0.019797898730  0.019797898730  0.019803658565  0.022377373455  0.021858330722  0.022925749263  0.022412982095  0.021365338517  0.019823306210  0.019823306210  0.020868753746  0.020868753746  0.022910560045  0.020321354399  0.018787903833  0.021892571388  0.018271010709  
piranga_ludoviciana_sdsu2208 0.018259143246  0.018259143246  0.011597219499  0.011597219499  0.010080995365  0.010080995365  0.022383701667  0.021870837959  0.018775495696  0.018775495696  0.000000000000  0.002504529690  0.000000000000  0.001000754810  0.001000754810  0.001000690720  0.005520679714  0.005016886855  0.008051717392  0.009070324062  0.006532625813  0.005020980278  0.005020980278  0.007040723563  0.007040723563  0.008047335545  0.005521383571  0.004012870000  0.007040723563  0.003509580916  
piranga_bidentata_tepe59 0.020833287204  0.020833287204  0.014144325969  0.014144325969  0.012623980635  0.011602938192  0.024973449331  0.024458984017  0.021351791732  0.021351791732  0.002504529690  0.000000000000  0.002504529690  0.003508306447  0.003508306447  0.003508752093  0.008044500486  0.007538659176  0.010586906739  0.011610212748  0.009061606792  0.007544837268  0.007544837268  0.009572300435  0.009572300435  0.010073031754  0.007539623861  0.006532625813  0.009572300435  0.006027292381  
piranga_ludoviciana_sdsu2650 0.018259143246  0.018259143246  0.011597219499  0.011597219499  0.010080995365  0.010080995365  0.022383701667  0.021870837959  0.018775495696  0.018775495696  0.000000000000  0.002504529690  0.000000000000  0.001000754810  0.001000754810  0.001000690720  0.005520679714  0.005016886855  0.008051717392  0.009070324062  0.006532625813  0.005020980278  0.005020980278  0.007040723563  0.007040723563  0.008047335545  0.005521383571  0.004012870000  0.007040723563  0.003509580916  
piranga_ludoviciana_sdsu2385 0.019281012535  0.019281012535  0.012611994628  0.012611994628  0.011093202791  0.011093202791  0.023410610666  0.022896959013  0.019797898730  0.019797898730  0.001000754810  0.003508306447  0.001000754810  0.000000000000  0.000000000000  0.002002702860  0.006528519013  0.006024218071  0.009061606792  0.010080995365  0.007540975361  0.006027292381  0.006027292381  0.008049333311  0.008049333311  0.009057730805  0.006528966670  0.005018164880  0.008049333311  0.004514368729  
piranga_ludoviciana_sdsu2648 0.019281012535  0.019281012535  0.012611994628  0.012611994628  0.011093202791  0.011093202791  0.023410610666  0.022896959013  0.019797898730  0.019797898730  0.001000754810  0.003508306447  0.001000754810  0.000000000000  0.000000000000  0.002002702860  0.006528519013  0.006024218071  0.009061606792  0.010080995365  0.007540975361  0.006027292381  0.006027292381  0.008049333311  0.008049333311  0.009057730805  0.006528966670  0.005018164880  0.008049333311  0.004514368729  
piranga_bidentata_hgoslp104 0.019286501615  0.019286501615  0.012614405521  0.012614405521  0.011096382464  0.011096382464  0.023417088532  0.022903560815  0.019803658565  0.019803658565  0.001000690720  0.003508752093  0.001000690720  0.002002702860  0.002002702860  0.000000000000  0.006528966670  0.006024408002  0.009064125825  0.010084425189  0.007542713291  0.006029024090  0.006029024090  0.008051717392  0.008051717392  0.009059474991  0.006529800612  0.005019380598  0.008051717392  0.004515327236  
piranga_bidentata_itm141 0.021858330722  0.021858330722  0.015162218633  0.015162218633  0.013639293022  0.013639293022  0.026003568113  0.025488310472  0.022377373455  0.022377373455  0.005520679714  0.008044500486  0.005520679714  0.006528519013  0.006528519013  0.006528966670  0.000000000000  0.003512386568  0.011599884171  0.012623980635  0.010073031754  0.008554212337  0.008554212337  0.010583989839  0.010583989839  0.011594944559  0.009056374619  0.007540975361  0.010583989839  0.007035130733  
piranga_bidentata_itm160 0.021339829680  0.021339829680  0.014650392865  0.014650392865  0.013127987213  0.013127987213  0.025481531029  0.024966545745  0.021858330722  0.021858330722  0.005016886855  0.007538659176  0.005016886855  0.006024218071  0.006024218071  0.006024408002  0.003512386568  0.000000000000  0.011090411812  0.012113197114  0.009565121922  0.008047335545  0.008047335545  0.010075298266  0.010075298266  0.011085997469  0.008549761255  0.007035130733  0.010075298266  0.006529800612  
piranga_olivacea_ku2699 0.022405067612  0.022405067612  0.015689794676  0.015689794676  0.014169414964  0.014169414964  0.026557886018  0.026042845647  0.022925749263  0.022925749263  0.008051717392  0.010586906739  0.008051717392  0.009061606792  0.009061606792  0.009064125825  0.011599884171  0.011090411812  0.000000000000  0.009078066674  0.010593904280  0.009074002509  0.009074002509  0.011108249839  0.011108249839  0.012116903954  0.009572300435  0.008057642976  0.011108249839  0.007550241844  
piranga_olivacea_ku4672 0.023455441727  0.023455441727  0.016723550175  0.016723550175  0.014688655540  0.015202880561  0.026042845647  0.025528200516  0.022412982095  0.022412982095  0.009070324062  0.011610212748  0.009070324062  0.010080995365  0.010080995365  0.010084425189  0.012623980635  0.012113197114  0.009078066674  0.000000000000  0.011619040126  0.010097035223  0.010097035223  0.012135616109  0.012135616109  0.013144151597  0.010593904280  0.009078066674  0.012135616109  0.008569365033  
piranga_lutea_lsu5400 0.020846288796  0.020846288796  0.014151125584  0.014151125584  0.012632312241  0.012632312241  0.024988454190  0.024474234357  0.021365338517  0.021365338517  0.006532625813  0.009061606792  0.006532625813  0.007540975361  0.007540975361  0.007542713291  0.010073031754  0.009565121922  0.010593904280  0.011619040126  0.000000000000  0.003509580916  0.003509580916  0.005523945869  0.005523945869  0.006529800612  0.004010764931  0.002504529690  0.006534616306  0.003006801156  
piranga_hepatica_ku4970 0.019305335293  0.019305335293  0.012623980635  0.012623980635  0.011108249839  0.011108249839  0.023438909200  0.022925749263  0.019823306210  0.019823306210  0.005020980278  0.007544837268  0.005020980278  0.006027292381  0.006027292381  0.006029024090  0.008554212337  0.008047335545  0.009074002509  0.010097035223  0.003509580916  0.000000000000  0.001001007749  0.004014338311  0.004014338311  0.005018164880  0.002504212177  0.001001007749  0.005022963540  0.001502268961  
piranga_hepatica_ku9084 0.019305335293  0.019305335293  0.012623980635  0.012623980635  0.011108249839  0.011108249839  0.023438909200  0.022925749263  0.019823306210  0.019823306210  0.005020980278  0.007544837268  0.005020980278  0.006027292381  0.006027292381  0.006029024090  0.008554212337  0.008047335545  0.009074002509  0.010097035223  0.003509580916  0.001001007749  0.000000000000  0.004014338311  0.004014338311  0.005018164880  0.002504212177  0.001001007749  0.005022963540  0.001502268961  
piranga_flava_ku90809 0.021372705230  0.021372705230  0.014667738668  0.014667738668  0.013149166210  0.013149166210  0.024491076369  0.023977492947  0.020868753746  0.020868753746  0.007040723563  0.009572300435  0.007040723563  0.008049333311  0.008049333311  0.008051717392  0.010583989839  0.010075298266  0.011108249839  0.012135616109  0.005523945869  0.004014338311  0.004014338311  0.000000000000  0.000000000000  0.007036609355  0.004514368729  0.003007756599  0.007043358388  0.003510792533  
piranga_flava_lsu15408 0.021372705230  0.021372705230  0.014667738668  0.014667738668  0.013149166210  0.013149166210  0.024491076369  0.023977492947  0.020868753746  0.020868753746  0.007040723563  0.009572300435  0.007040723563  0.008049333311  0.008049333311  0.008051717392  0.010583989839  0.010075298266  0.011108249839  0.012135616109  0.005523945869  0.004014338311  0.004014338311  0.000000000000  0.000000000000  0.007036609355  0.004514368729  0.003007756599  0.007043358388  0.003510792533  
piranga_rubra_sdsu2654 0.022390427018  0.022390427018  0.015681398054  0.015681398054  0.014159489599  0.014159489599  0.026541219691  0.026025935573  0.022910560045  0.022910560045  0.008047335545  0.010073031754  0.008047335545  0.009057730805  0.009057730805  0.009059474991  0.011594944559  0.011085997469  0.012116903954  0.013144151597  0.006529800612  0.005018164880  0.005018164880  0.007036609355  0.007036609355  0.000000000000  0.002505229478  0.004011082929  0.007542713291  0.004514368729  
piranga_rubra_sdsu2635 0.019803658565  0.019803658565  0.013124921538  0.013124921538  0.011606381178  0.011606381178  0.023937763152  0.023423964498  0.020321354399  0.020321354399  0.005521383571  0.007539623861  0.005521383571  0.006528966670  0.006528966670  0.006529800612  0.009056374619  0.008549761255  0.009572300435  0.010593904280  0.004010764931  0.002504212177  0.002504212177  0.004514368729  0.004514368729  0.002505229478  0.000000000000  0.001501699274  0.005018164880  0.002002702860  
piranga_lutea_ku89864 0.018271010709  0.018271010709  0.011602938192  0.011602938192  0.010088242024  0.010088242024  0.022397549127  0.021884931077  0.018787903833  0.018787903833  0.004012870000  0.006532625813  0.004012870000  0.005018164880  0.005018164880  0.005019380598  0.007540975361  0.007035130733  0.008057642976  0.009078066674  0.002504529690  0.001001007749  0.001001007749  0.003007756599  0.003007756599  0.004011082929  0.001501699274  0.000000000000  0.004014338311  0.000500251768  
piranga_rubra_ku7046 0.021372705230  0.021372705230  0.014667738668  0.014667738668  0.013149166210  0.013149166210  0.024474234357  0.023960408908  0.021892571388  0.021892571388  0.007040723563  0.009572300435  0.007040723563  0.008049333311  0.008049333311  0.008051717392  0.010583989839  0.010075298266  0.011108249839  0.012135616109  0.006534616306  0.005022963540  0.005022963540  0.007043358388  0.007043358388  0.007542713291  0.005018164880  0.004014338311  0.000000000000  0.003510792533  
piranga_rubra_ku26592 0.017754654801  0.017754654801  0.011093202791  0.011093202791  0.009579022347  0.009579022347  0.021877686474  0.021365338517  0.018271010709  0.018271010709  0.003509580916  0.006027292381  0.003509580916  0.004514368729  0.004514368729  0.004515327236  0.007035130733  0.006529800612  0.007550241844  0.008569365033  0.003006801156  0.001502268961  0.001502268961  0.003510792533  0.003510792533  0.004514368729  0.002002702860  0.000500251768  0.003510792533  0.000000000000  

