30
cardinalis_cardinalis_ku21828 0.000000000000  0.001001063532  0.032794110329  0.028585011795  0.030684857230  0.025993911782  0.027549853203  0.025993911782  0.021843459506  0.021843459506  0.021325615592  0.021325615592  0.022361873639  0.021325615592  0.021843459506  0.021839208089  0.023390535380  0.022353202343  0.022871583161  0.022353202343  0.022353202343  0.022876003352  0.022876003352  0.022361873639  0.022357320316  0.023905470416  0.023910060261  0.023910060261  0.024430159070  0.020812424159  
cardinalis_cardinalis_ku25393 0.001001063532  0.000000000000  0.031738302556  0.027538590800  0.029633763802  0.024950833077  0.026504526105  0.024950833077  0.020808340642  0.020808340642  0.020291633408  0.020291633408  0.021325615592  0.020291633408  0.020808340642  0.020804691048  0.022353202343  0.021318149890  0.021835391671  0.021318149890  0.021318149890  0.021839208089  0.021839208089  0.021325615592  0.021321665417  0.022867599049  0.022871583161  0.022871583161  0.023390535380  0.019778976281  
piranga_erythrocephala_fmnh343371 0.032794110329  0.031738302556  0.000000000000  0.012107494246  0.014152471803  0.009572026484  0.011093388911  0.009572026484  0.012624723741  0.012624723741  0.012113725167  0.012113725167  0.013136277548  0.012113725167  0.012624723741  0.012621102752  0.014152471803  0.013128872695  0.013640394063  0.013128872695  0.013128872695  0.013644178228  0.013644178228  0.013136277548  0.013132362589  0.014661158943  0.014665107125  0.014665107125  0.015178301247  0.011606739273  
piranga_leucoptera_fmnh481795 0.028585011795  0.027538590800  0.012107494246  0.000000000000  0.003009599032  0.005521129197  0.007034014358  0.005521129197  0.008552181066  0.008552181066  0.008045581349  0.008045581349  0.009059326494  0.008045581349  0.008552181066  0.008550889059  0.010071360930  0.009056587021  0.009563700566  0.009056587021  0.009056587021  0.009565148326  0.009565148326  0.009059326494  0.009057745560  0.010577964976  0.010579569294  0.010579569294  0.010579569294  0.007540663225  
piranga_leucoptera_lsu7783 0.030684857230  0.029633763802  0.014152471803  0.003009599032  0.000000000000  0.007542220954  0.009059326494  0.007542220954  0.010584048832  0.010584048832  0.010075259194  0.010075259194  0.011093388911  0.010075259194  0.010584048832  0.010581597369  0.012107494246  0.011088326842  0.011597634762  0.011088326842  0.011088326842  0.011600245665  0.011600245665  0.011093388911  0.011090646016  0.012615135324  0.012617906491  0.012617906491  0.012617906491  0.009569311651  
piranga_erythrocephala_fmnh343370 0.025993911782  0.024950833077  0.009572026484  0.005521129197  0.007542220954  0.000000000000  0.001501532218  0.000000000000  0.006028239748  0.006028239748  0.005523206908  0.005523206908  0.006533814926  0.005523206908  0.006028239748  0.006026705048  0.007542220954  0.006530590532  0.007036134025  0.006530590532  0.006530590532  0.007037824010  0.007037824010  0.006533814926  0.006531993085  0.008047006419  0.008048852489  0.008048852489  0.008556029804  0.005020095454  
piranga_rubriceps_lsu265 0.027549853203  0.026504526105  0.011093388911  0.007034014358  0.009059326494  0.001501532218  0.000000000000  0.001501532218  0.007542220954  0.007542220954  0.007036134025  0.007036134025  0.008048852489  0.007036134025  0.007542220954  0.007540663225  0.009059326494  0.008045581349  0.008552181066  0.008045581349  0.008045581349  0.008553894770  0.008553894770  0.008048852489  0.008047006419  0.009565148326  0.009567018810  0.009567018810  0.010075259194  0.006531993085  
piranga_rubriceps_lsu34818 0.025993911782  0.024950833077  0.009572026484  0.005521129197  0.007542220954  0.000000000000  0.001501532218  0.000000000000  0.006028239748  0.006028239748  0.005523206908  0.005523206908  0.006533814926  0.005523206908  0.006028239748  0.006026705048  0.007542220954  0.006530590532  0.007036134025  0.006530590532  0.006530590532  0.007037824010  0.007037824010  0.006533814926  0.006531993085  0.008047006419  0.008048852489  0.008048852489  0.008556029804  0.005020095454  
piranga_lutea_lsu5400 0.021843459506  0.020808340642  0.012624723741  0.008552181066  0.010584048832  0.006028239748  0.007542220954  0.006028239748  0.000000000000  0.002002832176  0.001501532218  0.001501532218  0.002504666481  0.001501532218  0.002002832176  0.002002740933  0.003508475745  0.002504334152  0.003006137239  0.002504334152  0.002504334152  0.003006378609  0.003006378609  0.002504666481  0.002504292330  0.004010958546  0.004011350817  0.004011350817  0.004514763599  0.001000707355  
piranga_olivacea_ku4672 0.021843459506  0.020808340642  0.012624723741  0.008552181066  0.010584048832  0.006028239748  0.007542220954  0.006028239748  0.002002832176  0.000000000000  0.000500265695  0.000500265695  0.001502394646  0.000500265695  0.001001063532  0.001000707355  0.002504666481  0.001501532218  0.002002832176  0.001501532218  0.001501532218  0.002003338711  0.002003338711  0.001502394646  0.001501756127  0.003006378609  0.003007036273  0.003007036273  0.003509942696  0.001000707355  
piranga_flava_lsu15408 0.021325615592  0.020291633408  0.012113725167  0.008045581349  0.010075259194  0.005523206908  0.007036134025  0.005523206908  0.001501532218  0.000500265695  0.000000000000  0.000000000000  0.001001063532  0.000000000000  0.000500265695  0.000500191260  0.002002832176  0.001000765470  0.001501532218  0.001000765470  0.001000765470  0.001501756127  0.001501756127  0.001001063532  0.001000707355  0.002504292330  0.002504666481  0.002504666481  0.003007036273  0.000500191260  
piranga_ludoviciana_sdsu2648 0.021325615592  0.020291633408  0.012113725167  0.008045581349  0.010075259194  0.005523206908  0.007036134025  0.005523206908  0.001501532218  0.000500265695  0.000000000000  0.000000000000  0.001001063532  0.000000000000  0.000500265695  0.000500191260  0.002002832176  0.001000765470  0.001501532218  0.001000765470  0.001000765470  0.001501756127  0.001501756127  0.001001063532  0.001000707355  0.002504292330  0.002504666481  0.002504666481  0.003007036273  0.000500191260  
piranga_rubra_ku7046 0.022361873639  0.021325615592  0.013136277548  0.009059326494  0.011093388911  0.006533814926  0.008048852489  0.006533814926  0.002504666481  0.001502394646  0.001001063532  0.001001063532  0.000000000000  0.001001063532  0.001502394646  0.001501756127  0.003007036273  0.002002832176  0.002504666481  0.002002832176  0.002002832176  0.002505456243  0.002505456243  0.002004260173  0.002003338711  0.003509000913  0.003509942696  0.003509942696  0.004013386898  0.001501756127  
piranga_hepatica_ku9084 0.021325615592  0.020291633408  0.012113725167  0.008045581349  0.010075259194  0.005523206908  0.007036134025  0.005523206908  0.001501532218  0.000500265695  0.000000000000  0.000000000000  0.001001063532  0.000000000000  0.000500265695  0.000500191260  0.002002832176  0.001000765470  0.001501532218  0.001000765470  0.001000765470  0.001501756127  0.001501756127  0.001001063532  0.001000707355  0.002504292330  0.002504666481  0.002504666481  0.003007036273  0.000500191260  
piranga_ludoviciana_sdsu2385 0.021843459506  0.020808340642  0.012624723741  0.008552181066  0.010584048832  0.006028239748  0.007542220954  0.006028239748  0.002002832176  0.001001063532  0.000500265695  0.000500265695  0.001502394646  0.000500265695  0.000000000000  0.001000707355  0.002504666481  0.001501532218  0.002002832176  0.001501532218  0.001501532218  0.002003338711  0.002003338711  0.001502394646  0.001501756127  0.003006378609  0.003007036273  0.003007036273  0.003509942696  0.001000707355  
piranga_bidentata_itm160 0.021839208089  0.020804691048  0.012621102752  0.008550889059  0.010581597369  0.006026705048  0.007540663225  0.006026705048  0.002002740933  0.001000707355  0.000500191260  0.000500191260  0.001501756127  0.000500191260  0.001000707355  0.000000000000  0.001501756127  0.001501723282  0.002002740933  0.001501723282  0.001501723282  0.002002832176  0.002002832176  0.001501756127  0.001501532218  0.003006137239  0.003006378609  0.003006378609  0.003509000913  0.001000765470  
piranga_bidentata_hgoslp104 0.023390535380  0.022353202343  0.014152471803  0.010071360930  0.012107494246  0.007542220954  0.009059326494  0.007542220954  0.003508475745  0.002504666481  0.002002832176  0.002002832176  0.003007036273  0.002002832176  0.002504666481  0.001501756127  0.000000000000  0.003006137239  0.003508475745  0.003006137239  0.003006137239  0.003509000913  0.003509000913  0.003007036273  0.003006378609  0.004514086638  0.004514763599  0.004514763599  0.005018715245  0.002504292330  
piranga_ludoviciana_sdsu2208 0.022353202343  0.021318149890  0.013128872695  0.009056587021  0.011088326842  0.006530590532  0.008045581349  0.006530590532  0.002504334152  0.001501532218  0.001000765470  0.001000765470  0.002002832176  0.001000765470  0.001501532218  0.001501723282  0.003006137239  0.000000000000  0.000500265695  0.000000000000  0.000000000000  0.002504292330  0.002504292330  0.002002832176  0.002002740933  0.003508367558  0.003508475745  0.003508475745  0.004011350817  0.001501723282  
piranga_ludoviciana_sdsu2650 0.022871583161  0.021835391671  0.013640394063  0.009563700566  0.011597634762  0.007036134025  0.008552181066  0.007036134025  0.003006137239  0.002002832176  0.001501532218  0.001501532218  0.002504666481  0.001501532218  0.002002832176  0.002002740933  0.003508475745  0.000500265695  0.000000000000  0.000500265695  0.000500265695  0.003006378609  0.003006378609  0.002504666481  0.002504292330  0.004010958546  0.004011350817  0.004011350817  0.004514763599  0.002002740933  
piranga_bidentata_tepe59 0.022353202343  0.021318149890  0.013128872695  0.009056587021  0.011088326842  0.006530590532  0.008045581349  0.006530590532  0.002504334152  0.001501532218  0.001000765470  0.001000765470  0.002002832176  0.001000765470  0.001501532218  0.001501723282  0.003006137239  0.000000000000  0.000500265695  0.000000000000  0.000000000000  0.002504292330  0.002504292330  0.002002832176  0.002002740933  0.003508367558  0.003508475745  0.003508475745  0.004011350817  0.001501723282  
piranga_bidentata_itm141 0.022353202343  0.021318149890  0.013128872695  0.009056587021  0.011088326842  0.006530590532  0.008045581349  0.006530590532  0.002504334152  0.001501532218  0.001000765470  0.001000765470  0.002002832176  0.001000765470  0.001501532218  0.001501723282  0.003006137239  0.000000000000  0.000500265695  0.000000000000  0.000000000000  0.002504292330  0.002504292330  0.002002832176  0.002002740933  0.003508367558  0.003508475745  0.003508475745  0.004011350817  0.001501723282  
piranga_roseogularis_ku2049 0.022876003352  0.021839208089  0.013644178228  0.009565148326  0.011600245665  0.007037824010  0.008553894770  0.007037824010  0.003006378609  0.002003338711  0.001501756127  0.001501756127  0.002505456243  0.001501756127  0.002003338711  0.002002832176  0.003509000913  0.002504292330  0.003006378609  0.002504292330  0.002504292330  0.000000000000  0.000000000000  0.002505456243  0.002504666481  0.004011350817  0.004012160389  0.004012160389  0.004515858184  0.002002832176  
piranga_roseogularis_ku2141 0.022876003352  0.021839208089  0.013644178228  0.009565148326  0.011600245665  0.007037824010  0.008553894770  0.007037824010  0.003006378609  0.002003338711  0.001501756127  0.001501756127  0.002505456243  0.001501756127  0.002003338711  0.002002832176  0.003509000913  0.002504292330  0.003006378609  0.002504292330  0.002504292330  0.000000000000  0.000000000000  0.002505456243  0.002504666481  0.004011350817  0.004012160389  0.004012160389  0.004515858184  0.002002832176  
piranga_flava_ku90809 0.022361873639  0.021325615592  0.013136277548  0.009059326494  0.011093388911  0.006533814926  0.008048852489  0.006533814926  0.002504666481  0.001502394646  0.001001063532  0.001001063532  0.002004260173  0.001001063532  0.001502394646  0.001501756127  0.003007036273  0.002002832176  0.002504666481  0.002002832176  0.002002832176  0.002505456243  0.002505456243  0.000000000000  0.002003338711  0.003509000913  0.003509942696  0.003509942696  0.004013386898  0.001501756127  
piranga_hepatica_ku4970 0.022357320316  0.021321665417  0.013132362589  0.009057745560  0.011090646016  0.006531993085  0.008047006419  0.006531993085  0.002504292330  0.001501756127  0.001000707355  0.001000707355  0.002003338711  0.001000707355  0.001501756127  0.001501532218  0.003006378609  0.002002740933  0.002504292330  0.002002740933  0.002002740933  0.002504666481  0.002504666481  0.002003338711  0.000000000000  0.003508475745  0.003509000913  0.003509000913  0.004012160389  0.001501532218  
piranga_lutea_ku89864 0.023905470416  0.022867599049  0.014661158943  0.010577964976  0.012615135324  0.008047006419  0.009565148326  0.008047006419  0.004010958546  0.003006378609  0.002504292330  0.002504292330  0.003509000913  0.002504292330  0.003006378609  0.003006137239  0.004514086638  0.003508367558  0.004010958546  0.003508367558  0.003508367558  0.004011350817  0.004011350817  0.003509000913  0.003508475745  0.000000000000  0.005017752983  0.005017752983  0.005521958734  0.003006137239  
piranga_rubra_sdsu2635 0.023910060261  0.022871583161  0.014665107125  0.010579569294  0.012617906491  0.008048852489  0.009567018810  0.008048852489  0.004011350817  0.003007036273  0.002504666481  0.002504666481  0.003509942696  0.002504666481  0.003007036273  0.003006378609  0.004514763599  0.003508475745  0.004011350817  0.003508475745  0.003508475745  0.004012160389  0.004012160389  0.003509942696  0.003509000913  0.005017752983  0.000000000000  0.000000000000  0.002504666481  0.003006378609  
piranga_rubra_sdsu2654 0.023910060261  0.022871583161  0.014665107125  0.010579569294  0.012617906491  0.008048852489  0.009567018810  0.008048852489  0.004011350817  0.003007036273  0.002504666481  0.002504666481  0.003509942696  0.002504666481  0.003007036273  0.003006378609  0.004514763599  0.003508475745  0.004011350817  0.003508475745  0.003508475745  0.004012160389  0.004012160389  0.003509942696  0.003509000913  0.005017752983  0.000000000000  0.000000000000  0.002504666481  0.003006378609  
piranga_olivacea_ku2699 0.024430159070  0.023390535380  0.015178301247  0.010579569294  0.012617906491  0.008556029804  0.010075259194  0.008556029804  0.004514763599  0.003509942696  0.003007036273  0.003007036273  0.004013386898  0.003007036273  0.003509942696  0.003509000913  0.005018715245  0.004011350817  0.004514763599  0.004011350817  0.004011350817  0.004515858184  0.004515858184  0.004013386898  0.004012160389  0.005521958734  0.002504666481  0.002504666481  0.000000000000  0.003509000913  
piranga_rubra_ku26592 0.020812424159  0.019778976281  0.011606739273  0.007540663225  0.009569311651  0.005020095454  0.006531993085  0.005020095454  0.001000707355  0.001000707355  0.000500191260  0.000500191260  0.001501756127  0.000500191260  0.001000707355  0.001000765470  0.002504292330  0.001501723282  0.002002740933  0.001501723282  0.001501723282  0.002002832176  0.002002832176  0.001501756127  0.001501532218  0.003006137239  0.003006378609  0.003006378609  0.003509000913  0.000000000000  

