30
piranga_rubra_ku26592 0.000000000000  0.001494994011  0.001492762338  0.001552456436  0.004488279722  0.002987782701  0.000000000000  0.001492762338  0.000000000000  0.000000000000  0.001506253219  0.002101287275  0.001526953040  0.003604926723  0.000000000000  0.001988471631  0.001494994011  0.001494994011  0.000000000000  0.000000000000  0.001497232367  0.001492762338  0.001492224439  0.001543450490  0.001492762338  0.000000000000  0.000000000000  0.000000000000  0.000000000000  0.000000000000  
piranga_flava_ku90809 0.001494994011  0.000000000000  0.002994923050  0.003108521594  0.006002743071  0.004495004709  0.001585039851  0.002994923050  0.001494994011  0.001494994011  0.003017516204  0.004212337110  0.000000000000  0.001798888323  0.001647720791  0.000000000000  0.000000000000  0.002994923050  0.002618496477  0.001494994011  0.002999414574  0.000000000000  0.002992252811  0.003096949822  0.002994923050  0.002494396356  0.002451589597  0.001494994011  0.001494994011  0.001494994011  
piranga_ludoviciana_sdsu2385 0.001492762338  0.002994923050  0.000000000000  0.003108521594  0.005993748230  0.004488279722  0.001582531473  0.002990444957  0.001492762338  0.001492762338  0.000000000000  0.002101287275  0.003059054721  0.005418172266  0.001645010271  0.001988471631  0.002994923050  0.000000000000  0.000000000000  0.001492762338  0.002999414574  0.002990444957  0.002987782701  0.003092161669  0.002990444957  0.000000000000  0.000000000000  0.001492762338  0.001492762338  0.001492762338  
piranga_rubriceps_lsu265 0.001552456436  0.003108521594  0.003108521594  0.000000000000  0.006222945399  0.004668170235  0.001649782722  0.003103697627  0.001552456436  0.001552456436  0.003108521594  0.004401485305  0.003182723500  0.005666723212  0.001717798657  0.004198221899  0.003103697627  0.003103697627  0.002800022153  0.001552456436  0.003103697627  0.003108521594  0.000000000000  0.003213405718  0.003108521594  0.002576389245  0.002596457749  0.001552456436  0.001552456436  0.001552456436  
piranga_leucoptera_lsu7783 0.004488279722  0.006002743071  0.005993748230  0.006222945399  0.000000000000  0.007498285189  0.004758828174  0.005984780305  0.004488279722  0.004488279722  0.006048125302  0.004203483801  0.006131566427  0.007238682705  0.004947171408  0.003985683500  0.005993748230  0.005993748230  0.002611657841  0.004488279722  0.006002743071  0.005993748230  0.005981016307  0.006188484811  0.005993748230  0.002494396356  0.002451589597  0.004488279722  0.004488279722  0.004488279722  
cardinalis_cardinalis_ku25393 0.002987782701  0.004495004709  0.004488279722  0.004668170235  0.007498285189  0.000000000000  0.003167601067  0.001492224439  0.002987782701  0.002987782701  0.004528934216  0.004207053006  0.004591315907  0.005411189908  0.003292763297  0.003980953039  0.004495004709  0.004495004709  0.002610011348  0.002987782701  0.004501749879  0.004488279722  0.004486650892  0.004641035969  0.004488279722  0.002492894400  0.002450138750  0.002987782701  0.002987782701  0.002987782701  
piranga_olivacea_ku2699 0.000000000000  0.001585039851  0.001582531473  0.001649782722  0.004758828174  0.003167601067  0.000000000000  0.001582531473  0.000000000000  0.000000000000  0.001597701970  0.002101287275  0.001585039851  0.003604926723  0.000000000000  0.001988471631  0.001585039851  0.001585039851  0.000000000000  0.000000000000  0.001587556193  0.001582531473  0.001581926933  0.001582531473  0.001582531473  0.000000000000  0.000000000000  0.000000000000  0.000000000000  0.000000000000  
cardinalis_cardinalis_ku21828 0.001492762338  0.002994923050  0.002990444957  0.003103697627  0.005984780305  0.001492224439  0.001582531473  0.000000000000  0.001492762338  0.001492762338  0.003017516204  0.002096881118  0.003059054721  0.003604926723  0.001645010271  0.001988471631  0.002990444957  0.002990444957  0.000000000000  0.001492762338  0.002994923050  0.002990444957  0.002983325927  0.003087388299  0.002990444957  0.000000000000  0.000000000000  0.001492762338  0.001492762338  0.001492762338  
piranga_rubra_ku7046 0.000000000000  0.001494994011  0.001492762338  0.001552456436  0.004488279722  0.002987782701  0.000000000000  0.001492762338  0.000000000000  0.000000000000  0.001506253219  0.002101287275  0.001526953040  0.003604926723  0.000000000000  0.001988471631  0.001494994011  0.001494994011  0.000000000000  0.000000000000  0.001497232367  0.001492762338  0.001492224439  0.001543450490  0.001492762338  0.000000000000  0.000000000000  0.000000000000  0.000000000000  0.000000000000  
piranga_bidentata_hgoslp104 0.000000000000  0.001494994011  0.001492762338  0.001552456436  0.004488279722  0.002987782701  0.000000000000  0.001492762338  0.000000000000  0.000000000000  0.001506253219  0.002101287275  0.001526953040  0.003604926723  0.000000000000  0.001988471631  0.001494994011  0.001494994011  0.000000000000  0.000000000000  0.001497232367  0.001492762338  0.001492224439  0.001543450490  0.001492762338  0.000000000000  0.000000000000  0.000000000000  0.000000000000  0.000000000000  
piranga_ludoviciana_sdsu2648 0.001506253219  0.003017516204  0.000000000000  0.003108521594  0.006048125302  0.004528934216  0.001597701970  0.003017516204  0.001506253219  0.001506253219  0.000000000000  0.002110155376  0.003087388299  0.005467546370  0.001661408493  0.002012482253  0.003017516204  0.000000000000  0.000000000000  0.001506253219  0.003017516204  0.003017516204  0.003014805509  0.003121114756  0.003017516204  0.000000000000  0.000000000000  0.001506253219  0.001506253219  0.001506253219  
piranga_roseogularis_ku2049 0.002101287275  0.004212337110  0.002101287275  0.004401485305  0.004203483801  0.004207053006  0.002101287275  0.002096881118  0.002101287275  0.002101287275  0.002110155376  0.000000000000  0.004221227791  0.006346639123  0.002101287275  0.004212337110  0.004203483801  0.002096881118  0.002639228970  0.002101287275  0.002096881118  0.004212337110  0.004198221899  0.000000000000  0.004212337110  0.002494396356  0.002457614675  0.002101287275  0.002101287275  0.002101287275  
piranga_hepatica_ku4970 0.001526953040  0.000000000000  0.003059054721  0.003182723500  0.006131566427  0.004591315907  0.001585039851  0.003059054721  0.001526953040  0.001526953040  0.003087388299  0.004221227791  0.000000000000  0.001798888323  0.001647720791  0.000000000000  0.000000000000  0.003063740815  0.002618496477  0.001526953040  0.003068441287  0.000000000000  0.003056268851  0.003096949822  0.003059054721  0.002500633944  0.002457614675  0.001526953040  0.001526953040  0.001526953040  
piranga_hepatica_ku9084 0.003604926723  0.001798888323  0.005418172266  0.005666723212  0.007238682705  0.005411189908  0.003604926723  0.003604926723  0.003604926723  0.003604926723  0.005467546370  0.006346639123  0.001798888323  0.000000000000  0.003604926723  0.001996411258  0.001798888323  0.005418172266  0.002625371020  0.003604926723  0.003611436238  0.001798888323  0.005411189908  0.005418172266  0.005418172266  0.002500633944  0.002457614675  0.003604926723  0.003604926723  0.003604926723  
piranga_rubra_sdsu2654 0.000000000000  0.001647720791  0.001645010271  0.001717798657  0.004947171408  0.003292763297  0.000000000000  0.001645010271  0.000000000000  0.000000000000  0.001661408493  0.002101287275  0.001647720791  0.003604926723  0.000000000000  0.001988471631  0.001647720791  0.001647720791  0.000000000000  0.000000000000  0.000000000000  0.001645010271  0.001644357053  0.001645010271  0.001645010271  0.000000000000  0.000000000000  0.000000000000  0.000000000000  0.000000000000  
piranga_flava_lsu15408 0.001988471631  0.000000000000  0.001988471631  0.004198221899  0.003985683500  0.003980953039  0.001988471631  0.001988471631  0.001988471631  0.001988471631  0.002012482253  0.004212337110  0.000000000000  0.001996411258  0.001988471631  0.000000000000  0.000000000000  0.001992433535  0.002611657841  0.001988471631  0.001996411258  0.000000000000  0.003980953039  0.003985683500  0.003985683500  0.002494396356  0.002451589597  0.001988471631  0.001988471631  0.001988471631  
piranga_lutea_lsu5400 0.001494994011  0.000000000000  0.002994923050  0.003103697627  0.005993748230  0.004495004709  0.001585039851  0.002990444957  0.001494994011  0.001494994011  0.003017516204  0.004203483801  0.000000000000  0.001798888323  0.001647720791  0.000000000000  0.000000000000  0.002990444957  0.002618496477  0.001494994011  0.002994923050  0.000000000000  0.002987782701  0.003092161669  0.002994923050  0.002494396356  0.002451589597  0.001494994011  0.001494994011  0.001494994011  
piranga_olivacea_ku4672 0.001494994011  0.002994923050  0.000000000000  0.003103697627  0.005993748230  0.004495004709  0.001585039851  0.002990444957  0.001494994011  0.001494994011  0.000000000000  0.002096881118  0.003063740815  0.005418172266  0.001647720791  0.001992433535  0.002990444957  0.000000000000  0.000000000000  0.001494994011  0.002994923050  0.002994923050  0.002987782701  0.003092161669  0.002994923050  0.000000000000  0.000000000000  0.001494994011  0.001494994011  0.001494994011  
piranga_ludoviciana_sdsu2208 0.000000000000  0.002618496477  0.000000000000  0.002800022153  0.002611657841  0.002610011348  0.000000000000  0.000000000000  0.000000000000  0.000000000000  0.000000000000  0.002639228970  0.002618496477  0.002625371020  0.000000000000  0.002611657841  0.002618496477  0.000000000000  0.000000000000  0.000000000000  0.000000000000  0.002611657841  0.002610011348  0.002611657841  0.000000000000  0.000000000000  0.000000000000  0.000000000000  0.000000000000  0.000000000000  
piranga_bidentata_itm160 0.000000000000  0.001494994011  0.001492762338  0.001552456436  0.004488279722  0.002987782701  0.000000000000  0.001492762338  0.000000000000  0.000000000000  0.001506253219  0.002101287275  0.001526953040  0.003604926723  0.000000000000  0.001988471631  0.001494994011  0.001494994011  0.000000000000  0.000000000000  0.001497232367  0.001492762338  0.001492224439  0.001543450490  0.001492762338  0.000000000000  0.000000000000  0.000000000000  0.000000000000  0.000000000000  
piranga_leucoptera_fmnh481795 0.001497232367  0.002999414574  0.002999414574  0.003103697627  0.006002743071  0.004501749879  0.001587556193  0.002994923050  0.001497232367  0.001497232367  0.003017516204  0.002096881118  0.003068441287  0.003611436238  0.000000000000  0.001996411258  0.002994923050  0.002994923050  0.000000000000  0.001497232367  0.000000000000  0.002999414574  0.002992252811  0.003096949822  0.002999414574  0.000000000000  0.000000000000  0.001497232367  0.001497232367  0.001497232367  
piranga_lutea_ku89864 0.001492762338  0.000000000000  0.002990444957  0.003108521594  0.005993748230  0.004488279722  0.001582531473  0.002990444957  0.001492762338  0.001492762338  0.003017516204  0.004212337110  0.000000000000  0.001798888323  0.001645010271  0.000000000000  0.000000000000  0.002994923050  0.002611657841  0.001492762338  0.002999414574  0.000000000000  0.002987782701  0.003092161669  0.002990444957  0.002494396356  0.002451589597  0.001492762338  0.001492762338  0.001492762338  
piranga_rubriceps_lsu34818 0.001492224439  0.002992252811  0.002987782701  0.000000000000  0.005981016307  0.004486650892  0.001581926933  0.002983325927  0.001492224439  0.001492224439  0.003014805509  0.004198221899  0.003056268851  0.005411189908  0.001644357053  0.003980953039  0.002987782701  0.002987782701  0.002610011348  0.001492224439  0.002992252811  0.002987782701  0.000000000000  0.003084550560  0.002987782701  0.002492894400  0.002450138750  0.001492224439  0.001492224439  0.001492224439  
piranga_roseogularis_ku2141 0.001543450490  0.003096949822  0.003092161669  0.003213405718  0.006188484811  0.004641035969  0.001582531473  0.003087388299  0.001543450490  0.001543450490  0.003121114756  0.000000000000  0.003096949822  0.005418172266  0.001645010271  0.003985683500  0.003092161669  0.003092161669  0.002611657841  0.001543450490  0.003096949822  0.003092161669  0.003084550560  0.000000000000  0.003092161669  0.002494396356  0.002451589597  0.001543450490  0.001543450490  0.001543450490  
piranga_erythrocephala_fmnh343371 0.001492762338  0.002994923050  0.002990444957  0.003108521594  0.005993748230  0.004488279722  0.001582531473  0.002990444957  0.001492762338  0.001492762338  0.003017516204  0.004212337110  0.003059054721  0.005418172266  0.001645010271  0.003985683500  0.002994923050  0.002994923050  0.000000000000  0.001492762338  0.002999414574  0.002990444957  0.002987782701  0.003092161669  0.000000000000  0.000000000000  0.000000000000  0.001492762338  0.001492762338  0.001492762338  
piranga_erythrocephala_fmnh343370 0.000000000000  0.002494396356  0.000000000000  0.002576389245  0.002494396356  0.002492894400  0.000000000000  0.000000000000  0.000000000000  0.000000000000  0.000000000000  0.002494396356  0.002500633944  0.002500633944  0.000000000000  0.002494396356  0.002494396356  0.000000000000  0.000000000000  0.000000000000  0.000000000000  0.002494396356  0.002492894400  0.002494396356  0.000000000000  0.000000000000  0.000000000000  0.000000000000  0.000000000000  0.000000000000  
piranga_ludoviciana_sdsu2650 0.000000000000  0.002451589597  0.000000000000  0.002596457749  0.002451589597  0.002450138750  0.000000000000  0.000000000000  0.000000000000  0.000000000000  0.000000000000  0.002457614675  0.002457614675  0.002457614675  0.000000000000  0.002451589597  0.002451589597  0.000000000000  0.000000000000  0.000000000000  0.000000000000  0.002451589597  0.002450138750  0.002451589597  0.000000000000  0.000000000000  0.000000000000  0.000000000000  0.000000000000  0.000000000000  
piranga_bidentata_tepe59 0.000000000000  0.001494994011  0.001492762338  0.001552456436  0.004488279722  0.002987782701  0.000000000000  0.001492762338  0.000000000000  0.000000000000  0.001506253219  0.002101287275  0.001526953040  0.003604926723  0.000000000000  0.001988471631  0.001494994011  0.001494994011  0.000000000000  0.000000000000  0.001497232367  0.001492762338  0.001492224439  0.001543450490  0.001492762338  0.000000000000  0.000000000000  0.000000000000  0.000000000000  0.000000000000  
piranga_rubra_sdsu2635 0.000000000000  0.001494994011  0.001492762338  0.001552456436  0.004488279722  0.002987782701  0.000000000000  0.001492762338  0.000000000000  0.000000000000  0.001506253219  0.002101287275  0.001526953040  0.003604926723  0.000000000000  0.001988471631  0.001494994011  0.001494994011  0.000000000000  0.000000000000  0.001497232367  0.001492762338  0.001492224439  0.001543450490  0.001492762338  0.000000000000  0.000000000000  0.000000000000  0.000000000000  0.000000000000  
piranga_bidentata_itm141 0.000000000000  0.001494994011  0.001492762338  0.001552456436  0.004488279722  0.002987782701  0.000000000000  0.001492762338  0.000000000000  0.000000000000  0.001506253219  0.002101287275  0.001526953040  0.003604926723  0.000000000000  0.001988471631  0.001494994011  0.001494994011  0.000000000000  0.000000000000  0.001497232367  0.001492762338  0.001492224439  0.001543450490  0.001492762338  0.000000000000  0.000000000000  0.000000000000  0.000000000000  0.000000000000  

