30
piranga_rubra_ku26592 0.000000000000  0.004703728715  0.003743645221  0.006568072700  0.009403141183  0.013221409094  0.004024161497  0.011583274751  0.001870097804  0.003743645221  0.003046425406  0.000000000000  0.002015189045  0.002549516422  0.004684159399  0.004092168449  0.003072192366  0.005623251329  0.003016587007  0.003743645221  0.009407682686  0.006625929915  0.007504632801  0.001875358463  0.010420230929  0.005251474367  0.001141325773  0.003743645221  0.003743645221  0.003743645221  
piranga_flava_ku90809 0.004703728715  0.000000000000  0.005653102034  0.008489129646  0.010402442999  0.016145198213  0.005040393475  0.014564603593  0.003761246265  0.005653102034  0.004067202797  0.001124966293  0.001008150322  0.000000000000  0.006601947820  0.003068286922  0.002046113869  0.007547562529  0.004033650597  0.005653102034  0.011353129923  0.001885969076  0.008489129646  0.003775446715  0.010469822007  0.005249378619  0.001141662617  0.005653102034  0.005653102034  0.005653102034  
piranga_ludoviciana_sdsu2385 0.003743645221  0.005653102034  0.000000000000  0.006568353522  0.009408766809  0.014184940383  0.005035317446  0.011589705250  0.001871204156  0.001869455088  0.002029503473  0.001124966293  0.003028026409  0.001274022548  0.004687922053  0.005125210017  0.003074576066  0.005626595303  0.002010393025  0.001869455088  0.009411991646  0.007583335499  0.007505807005  0.001876471054  0.010422815434  0.003934326097  0.000000000000  0.003746518140  0.003746518140  0.001869455088  
piranga_rubriceps_lsu265 0.006568072700  0.008489129646  0.006568353522  0.000000000000  0.007512125484  0.017043740740  0.006045230092  0.015483701523  0.004685131463  0.006568353522  0.007130045519  0.004511150306  0.006063558018  0.006392193003  0.007512855846  0.008206473116  0.007188960150  0.006569959495  0.007058476576  0.006568353522  0.008462700504  0.010440010878  0.000000000000  0.004698338923  0.008513219936  0.003934326097  0.004578273916  0.006562195924  0.006568353522  0.006568353522  
piranga_leucoptera_lsu7783 0.009403141183  0.010402442999  0.009408766809  0.007512125484  0.000000000000  0.017054980033  0.009091879092  0.014514376545  0.006572887616  0.009408766809  0.009188469662  0.005643434598  0.007085164815  0.007682508866  0.010360020174  0.010289807106  0.008230934620  0.009415714286  0.010112899154  0.009408766809  0.006577134912  0.011407092826  0.007505077970  0.007533347665  0.006607167447  0.002619644195  0.005727474113  0.009399922373  0.009408766809  0.009408766809  
cardinalis_cardinalis_ku25393 0.013221409094  0.016145198213  0.014184940383  0.017043740740  0.017054980033  0.000000000000  0.016271049033  0.003835371025  0.012270460082  0.014184940383  0.014345955018  0.010205342490  0.014249935164  0.011569804938  0.013226706921  0.015488604286  0.013438807644  0.015138023443  0.015252350811  0.014184940383  0.018012137512  0.018157142602  0.017043740740  0.012316964937  0.018139256737  0.011870637403  0.010350949006  0.014184940383  0.012270460082  0.014184940383  
piranga_olivacea_ku2699 0.004024161497  0.005040393475  0.005035317446  0.006045230092  0.009091879092  0.016271049033  0.000000000000  0.014576358503  0.003018835388  0.004024453751  0.005085197401  0.003379289760  0.004065355988  0.005109060724  0.006048401444  0.006147556867  0.004197608462  0.005038155089  0.005030251631  0.005035317446  0.009104808422  0.007103320081  0.007051366234  0.003024923229  0.009153986904  0.005249378619  0.003429510205  0.005030251631  0.003015800648  0.005035317446  
cardinalis_cardinalis_ku21828 0.011583274751  0.014564603593  0.011589705250  0.015483701523  0.014514376545  0.003835371025  0.014576358503  0.000000000000  0.010613220418  0.012568261777  0.011530697843  0.009060628569  0.012391592203  0.010270395966  0.011589705250  0.013751573252  0.012400543837  0.013540541593  0.013536769404  0.012568261777  0.016473776372  0.016530318605  0.015483701523  0.010613220418  0.016461109475  0.011870637403  0.008036944181  0.012568261777  0.010613220418  0.012568261777  
piranga_rubra_ku7046 0.001870097804  0.003761246265  0.001871204156  0.004685131463  0.006572887616  0.012270460082  0.003018835388  0.010613220418  0.000000000000  0.001871204156  0.002029503473  0.000000000000  0.001007134979  0.001274022548  0.002809660694  0.003068286922  0.002047438489  0.003747152239  0.002012415902  0.001871204156  0.007515359118  0.005676452004  0.004685131463  0.000000000000  0.007568532422  0.003934326097  0.000000000000  0.001871204156  0.001871204156  0.001871204156  
piranga_bidentata_hgoslp104 0.003743645221  0.005653102034  0.001869455088  0.006568353522  0.009408766809  0.014184940383  0.004024453751  0.012568261777  0.001871204156  0.000000000000  0.003047227847  0.001124966293  0.002016473892  0.001274022548  0.004687922053  0.004095601849  0.003074576066  0.005626595303  0.001004101181  0.001869455088  0.009411991646  0.007583335499  0.007505807005  0.001876471054  0.010422815434  0.003934326097  0.000000000000  0.003746518140  0.003746518140  0.001869455088  
piranga_ludoviciana_sdsu2648 0.003046425406  0.004067202797  0.002029503473  0.007130045519  0.009188469662  0.014345955018  0.005085197401  0.011530697843  0.002029503473  0.003047227847  0.000000000000  0.001124639229  0.003075341722  0.002549516422  0.004067202797  0.005120712439  0.002115366423  0.006109994926  0.004067202797  0.004067202797  0.009184453636  0.006141264505  0.007130045519  0.002037774823  0.009256671593  0.005251474367  0.001141325773  0.004067202797  0.003047227847  0.004067202797  
piranga_roseogularis_ku2049 0.000000000000  0.001124966293  0.001124966293  0.004511150306  0.005643434598  0.010205342490  0.003379289760  0.009060628569  0.000000000000  0.001124966293  0.001124639229  0.000000000000  0.001124966293  0.001275647753  0.002252683099  0.003383163901  0.001124966293  0.004512246828  0.002252683099  0.002252683099  0.006776735859  0.003380277537  0.004511150306  0.000000000000  0.006775700945  0.003939492539  0.000000000000  0.002252683099  0.001124966293  0.002252683099  
piranga_hepatica_ku4970 0.002015189045  0.001008150322  0.003028026409  0.006063558018  0.007085164815  0.014249935164  0.004065355988  0.012391592203  0.001007134979  0.002016473892  0.003075341722  0.001124966293  0.000000000000  0.000000000000  0.004041802258  0.002062216428  0.000000000000  0.005053431205  0.003049572924  0.003028026409  0.009123267880  0.003028769099  0.006063558018  0.001007134979  0.008097106204  0.005249378619  0.001141662617  0.003028026409  0.003028026409  0.003028026409  
piranga_hepatica_ku9084 0.002549516422  0.000000000000  0.001274022548  0.006392193003  0.007682508866  0.011569804938  0.005109060724  0.010270395966  0.001274022548  0.001274022548  0.002549516422  0.001275647753  0.000000000000  0.000000000000  0.002551573919  0.002551573919  0.000000000000  0.006398571315  0.002551573919  0.002551573919  0.007682508866  0.001274022548  0.006392193003  0.001274022548  0.007677383679  0.005487007833  0.001275647753  0.002551573919  0.002551573919  0.002551573919  
piranga_rubra_sdsu2654 0.004684159399  0.006601947820  0.004687922053  0.007512855846  0.010360020174  0.013226706921  0.006048401444  0.011589705250  0.002809660694  0.004687922053  0.004067202797  0.002252683099  0.004041802258  0.002551573919  0.000000000000  0.005125210017  0.005135738822  0.006570960801  0.005042508649  0.004687922053  0.010363240584  0.008539741753  0.008451352500  0.002817577154  0.011380586138  0.003934326097  0.001141662617  0.004687922053  0.002807031750  0.004687922053  
piranga_flava_lsu15408 0.004092168449  0.003068286922  0.005125210017  0.008206473116  0.010289807106  0.015488604286  0.006147556867  0.013751573252  0.003068286922  0.004095601849  0.005120712439  0.003383163901  0.002062216428  0.002551573919  0.005125210017  0.000000000000  0.002130310547  0.007184706932  0.005125210017  0.005125210017  0.010283074781  0.005147069339  0.008206473116  0.003080891046  0.010359520672  0.007890785554  0.003433500543  0.005125210017  0.004095601849  0.005125210017  
piranga_lutea_lsu5400 0.003072192366  0.002046113869  0.003074576066  0.007188960150  0.008230934620  0.013438807644  0.004197608462  0.012400543837  0.002047438489  0.003074576066  0.002115366423  0.001124966293  0.000000000000  0.000000000000  0.005135738822  0.002130310547  0.000000000000  0.006164195134  0.003148799051  0.004104006092  0.010304267363  0.004098681305  0.007188960150  0.002047438489  0.009257564196  0.005249378619  0.001141662617  0.004104006092  0.004104006092  0.004104006092  
piranga_olivacea_ku4672 0.005623251329  0.007547562529  0.005626595303  0.006569959495  0.009415714286  0.015138023443  0.005038155089  0.013540541593  0.003747152239  0.005626595303  0.006109994926  0.004512246828  0.005053431205  0.006398571315  0.006570960801  0.007184706932  0.006164195134  0.000000000000  0.006052271498  0.005626595303  0.009417627906  0.009492401961  0.007508305561  0.003757712828  0.010426752816  0.006570439442  0.004579403318  0.005626595303  0.005626595303  0.005626595303  
piranga_ludoviciana_sdsu2208 0.003016587007  0.004033650597  0.002010393025  0.007058476576  0.010112899154  0.015252350811  0.005030251631  0.013536769404  0.002012415902  0.001004101181  0.004067202797  0.002252683099  0.003049572924  0.002551573919  0.005042508649  0.005125210017  0.003148799051  0.006052271498  0.000000000000  0.002010393025  0.010126866922  0.006089125020  0.008065813364  0.002016473892  0.010180230669  0.005249378619  0.001141662617  0.004025531751  0.004029587085  0.002010393025  
piranga_bidentata_itm160 0.003743645221  0.005653102034  0.001869455088  0.006568353522  0.009408766809  0.014184940383  0.005035317446  0.012568261777  0.001871204156  0.001869455088  0.004067202797  0.002252683099  0.003028026409  0.002551573919  0.004687922053  0.005125210017  0.004104006092  0.005626595303  0.002010393025  0.000000000000  0.009411991646  0.007583335499  0.007505807005  0.001876471054  0.010422815434  0.005249378619  0.001141662617  0.001869455088  0.003746518140  0.000000000000  
piranga_leucoptera_fmnh481795 0.009407682686  0.011353129923  0.009411991646  0.008462700504  0.006577134912  0.018012137512  0.009104808422  0.016473776372  0.007515359118  0.009411991646  0.009184453636  0.006776735859  0.009123267880  0.007682508866  0.010363240584  0.010283074781  0.010304267363  0.009417627906  0.010126866922  0.009411991646  0.000000000000  0.013327442151  0.008462700504  0.007543706375  0.009479024826  0.001308602534  0.005727474113  0.009411991646  0.009411991646  0.009411991646  
piranga_lutea_ku89864 0.006625929915  0.001885969076  0.007583335499  0.010440010878  0.011407092826  0.018157142602  0.007103320081  0.016530318605  0.005676452004  0.007583335499  0.006141264505  0.003380277537  0.003028769099  0.001274022548  0.008539741753  0.005147069339  0.004098681305  0.009492401961  0.006089125020  0.007583335499  0.013327442151  0.000000000000  0.010440010878  0.005676452004  0.012391629281  0.007889380361  0.003430527622  0.007583335499  0.007583335499  0.007583335499  
piranga_rubriceps_lsu34818 0.007504632801  0.008489129646  0.007505807005  0.000000000000  0.007505077970  0.017043740740  0.007051366234  0.015483701523  0.004685131463  0.007505807005  0.007130045519  0.004511150306  0.006063558018  0.006392193003  0.008451352500  0.008206473116  0.007188960150  0.007508305561  0.008065813364  0.007505807005  0.008462700504  0.010440010878  0.000000000000  0.005636351041  0.008505174662  0.003934326097  0.004578273916  0.007498771378  0.007505807005  0.007505807005  
piranga_roseogularis_ku2141 0.001875358463  0.003775446715  0.001876471054  0.004698338923  0.007533347665  0.012316964937  0.003024923229  0.010613220418  0.000000000000  0.001876471054  0.002037774823  0.000000000000  0.001007134979  0.001274022548  0.002817577154  0.003080891046  0.002047438489  0.003757712828  0.002016473892  0.001876471054  0.007543706375  0.005676452004  0.005636351041  0.000000000000  0.008505174662  0.003934326097  0.000000000000  0.001874712130  0.001876471054  0.001876471054  
piranga_erythrocephala_fmnh343371 0.010420230929  0.010469822007  0.010422815434  0.008513219936  0.006607167447  0.018139256737  0.009153986904  0.016461109475  0.007568532422  0.010422815434  0.009256671593  0.006775700945  0.008097106204  0.007677383679  0.011380586138  0.010359520672  0.009257564196  0.010426752816  0.010180230669  0.010422815434  0.009479024826  0.012391629281  0.008505174662  0.008505174662  0.000000000000  0.000000000000  0.005726033256  0.010412948618  0.010422815434  0.010422815434  
piranga_erythrocephala_fmnh343370 0.005251474367  0.005249378619  0.003934326097  0.003934326097  0.002619644195  0.011870637403  0.005249378619  0.011870637403  0.003934326097  0.003934326097  0.005251474367  0.003939492539  0.005249378619  0.005487007833  0.003934326097  0.007890785554  0.005249378619  0.006570439442  0.005249378619  0.005249378619  0.001308602534  0.007889380361  0.003934326097  0.003934326097  0.000000000000  0.000000000000  0.003934326097  0.006568191250  0.005249378619  0.005249378619  
piranga_ludoviciana_sdsu2650 0.001141325773  0.001141662617  0.000000000000  0.004578273916  0.005727474113  0.010350949006  0.003429510205  0.008036944181  0.000000000000  0.000000000000  0.001141325773  0.000000000000  0.001141662617  0.001275647753  0.001141662617  0.003433500543  0.001141662617  0.004579403318  0.001141662617  0.001141662617  0.005727474113  0.003430527622  0.004578273916  0.000000000000  0.005726033256  0.003934326097  0.000000000000  0.002286158100  0.001141662617  0.001141662617  
piranga_bidentata_tepe59 0.003743645221  0.005653102034  0.003746518140  0.006562195924  0.009399922373  0.014184940383  0.005030251631  0.012568261777  0.001871204156  0.003746518140  0.004067202797  0.002252683099  0.003028026409  0.002551573919  0.004687922053  0.005125210017  0.004104006092  0.005626595303  0.004025531751  0.001869455088  0.009411991646  0.007583335499  0.007498771378  0.001874712130  0.010412948618  0.006568191250  0.002286158100  0.000000000000  0.003746518140  0.001869455088  
piranga_rubra_sdsu2635 0.003743645221  0.005653102034  0.003746518140  0.006568353522  0.009408766809  0.012270460082  0.003015800648  0.010613220418  0.001871204156  0.003746518140  0.003047227847  0.001124966293  0.003028026409  0.002551573919  0.002807031750  0.004095601849  0.004104006092  0.005626595303  0.004029587085  0.003746518140  0.009411991646  0.007583335499  0.007505807005  0.001876471054  0.010422815434  0.005249378619  0.001141662617  0.003746518140  0.000000000000  0.003746518140  
piranga_bidentata_itm141 0.003743645221  0.005653102034  0.001869455088  0.006568353522  0.009408766809  0.014184940383  0.005035317446  0.012568261777  0.001871204156  0.001869455088  0.004067202797  0.002252683099  0.003028026409  0.002551573919  0.004687922053  0.005125210017  0.004104006092  0.005626595303  0.002010393025  0.000000000000  0.009411991646  0.007583335499  0.007505807005  0.001876471054  0.010422815434  0.005249378619  0.001141662617  0.001869455088  0.003746518140  0.000000000000  

