30
cardinalis_cardinalis_ku21828 0.000000000000  0.000000000000  0.014153236591  0.020308551958  0.018758698825  0.015692576132  0.015692576132  0.011094505964  0.011094505964  0.011094505964  0.014665809262  0.014665809262  0.018263023533  0.019802176868  0.018263023533  0.022396347396  0.018779668263  0.018263023533  0.014665809262  0.014665809262  0.014665809262  0.014665809262  0.014665809262  0.014665809262  0.014665809262  0.017231375675  0.018773813008  0.018773813008  0.018773813008  0.018773813008  
cardinalis_cardinalis_ku25393 0.000000000000  0.000000000000  0.014153236591  0.020308551958  0.018758698825  0.015692576132  0.015692576132  0.011094505964  0.011094505964  0.011094505964  0.014665809262  0.014665809262  0.018263023533  0.019802176868  0.018263023533  0.022396347396  0.018779668263  0.018263023533  0.014665809262  0.014665809262  0.014665809262  0.014665809262  0.014665809262  0.014665809262  0.014665809262  0.017231375675  0.018773813008  0.018773813008  0.018773813008  0.018773813008  
piranga_erythrocephala_fmnh343371 0.014153236591  0.014153236591  0.000000000000  0.012618748017  0.011089079930  0.008052512125  0.008052512125  0.003509720059  0.003509720059  0.003509720059  0.007039035066  0.007039035066  0.010591625591  0.012114845153  0.010591625591  0.014675086504  0.011101541278  0.010591625591  0.007039035066  0.007039035066  0.007039035066  0.007039035066  0.007039035066  0.007039035066  0.007039035066  0.009573393372  0.011097822652  0.011097822652  0.011097822652  0.011097822652  
piranga_leucoptera_fmnh481795 0.020308551958  0.020308551958  0.012618748017  0.000000000000  0.001502315130  0.004513927993  0.004513927993  0.009060219436  0.009060219436  0.009060219436  0.012618748017  0.012618748017  0.016201908908  0.017736745557  0.016201908908  0.020319906504  0.016716370231  0.016201908908  0.012618748017  0.012618748017  0.012618748017  0.012618748017  0.012618748017  0.012618748017  0.012618748017  0.015174614028  0.016711634550  0.016711634550  0.016711634550  0.016711634550  
piranga_leucoptera_lsu7783 0.018758698825  0.018758698825  0.011089079930  0.001502315130  0.000000000000  0.003006283054  0.003006283054  0.007540062486  0.007540062486  0.007540062486  0.011089079930  0.011089079930  0.014661778187  0.016193401201  0.014661778187  0.018768366094  0.015174614028  0.014661778187  0.011089079930  0.011089079930  0.011089079930  0.011089079930  0.011089079930  0.011089079930  0.011089079930  0.013637724010  0.015170711834  0.015170711834  0.015170711834  0.015170711834  
piranga_rubriceps_lsu34818 0.015692576132  0.015692576132  0.008052512125  0.004513927993  0.003006283054  0.000000000000  0.000000000000  0.004516934244  0.004516934244  0.004516934244  0.008052512125  0.008052512125  0.011611991507  0.013137326888  0.011611991507  0.015702964178  0.012122977400  0.011611991507  0.008052512125  0.008052512125  0.008052512125  0.008052512125  0.008052512125  0.008052512125  0.008052512125  0.010591625591  0.012118710013  0.012118710013  0.012118710013  0.012118710013  
piranga_rubriceps_lsu265 0.015692576132  0.015692576132  0.008052512125  0.004513927993  0.003006283054  0.000000000000  0.000000000000  0.004516934244  0.004516934244  0.004516934244  0.008052512125  0.008052512125  0.011611991507  0.013137326888  0.011611991507  0.015702964178  0.012122977400  0.011611991507  0.008052512125  0.008052512125  0.008052512125  0.008052512125  0.008052512125  0.008052512125  0.008052512125  0.010591625591  0.012118710013  0.012118710013  0.012118710013  0.012118710013  
piranga_olivacea_ku2699 0.011094505964  0.011094505964  0.003509720059  0.009060219436  0.007540062486  0.004516934244  0.004516934244  0.000000000000  0.000000000000  0.000000000000  0.003509720059  0.003509720059  0.007041379538  0.008557285945  0.007041379538  0.011101541278  0.007548124522  0.007041379538  0.003509720059  0.003509720059  0.003509720059  0.003509720059  0.003509720059  0.003509720059  0.003509720059  0.006029468917  0.007545509921  0.007545509921  0.007545509921  0.007545509921  
piranga_roseogularis_ku2141 0.011094505964  0.011094505964  0.003509720059  0.009060219436  0.007540062486  0.004516934244  0.004516934244  0.000000000000  0.000000000000  0.000000000000  0.003509720059  0.003509720059  0.007041379538  0.008557285945  0.007041379538  0.011101541278  0.007548124522  0.007041379538  0.003509720059  0.003509720059  0.003509720059  0.003509720059  0.003509720059  0.003509720059  0.003509720059  0.006029468917  0.007545509921  0.007545509921  0.007545509921  0.007545509921  
piranga_roseogularis_ku2049 0.011094505964  0.011094505964  0.003509720059  0.009060219436  0.007540062486  0.004516934244  0.004516934244  0.000000000000  0.000000000000  0.000000000000  0.003509720059  0.003509720059  0.007041379538  0.008557285945  0.007041379538  0.011101541278  0.007548124522  0.007041379538  0.003509720059  0.003509720059  0.003509720059  0.003509720059  0.003509720059  0.003509720059  0.003509720059  0.006029468917  0.007545509921  0.007545509921  0.007545509921  0.007545509921  
piranga_ludoviciana_sdsu2208 0.014665809262  0.014665809262  0.007039035066  0.012618748017  0.011089079930  0.008052512125  0.008052512125  0.003509720059  0.003509720059  0.003509720059  0.000000000000  0.000000000000  0.003510981823  0.005019656813  0.003510981823  0.007548124522  0.004014595292  0.003510981823  0.000000000000  0.000000000000  0.000000000000  0.000000000000  0.000000000000  0.000000000000  0.000000000000  0.002505314789  0.004013066726  0.004013066726  0.004013066726  0.004013066726  
piranga_olivacea_ku4672 0.014665809262  0.014665809262  0.007039035066  0.012618748017  0.011089079930  0.008052512125  0.008052512125  0.003509720059  0.003509720059  0.003509720059  0.000000000000  0.000000000000  0.003510981823  0.005019656813  0.003510981823  0.007548124522  0.004014595292  0.003510981823  0.000000000000  0.000000000000  0.000000000000  0.000000000000  0.000000000000  0.000000000000  0.000000000000  0.002505314789  0.004013066726  0.004013066726  0.004013066726  0.004013066726  
piranga_lutea_lsu5400 0.018263023533  0.018263023533  0.010591625591  0.016201908908  0.014661778187  0.011611991507  0.011611991507  0.007041379538  0.007041379538  0.007041379538  0.003510981823  0.003510981823  0.000000000000  0.001501520434  0.000000000000  0.004013066726  0.000500256884  0.000000000000  0.003510981823  0.003510981823  0.003510981823  0.003510981823  0.003510981823  0.003510981823  0.003510981823  0.006031672711  0.007548124522  0.007548124522  0.007548124522  0.007548124522  
piranga_hepatica_ku4970 0.019802176868  0.019802176868  0.012114845153  0.017736745557  0.016193401201  0.013137326888  0.013137326888  0.008557285945  0.008557285945  0.008557285945  0.005019656813  0.005019656813  0.001501520434  0.000000000000  0.001501520434  0.005522763648  0.002002794422  0.001501520434  0.005019656813  0.005019656813  0.005019656813  0.005019656813  0.005019656813  0.005019656813  0.005019656813  0.007545509921  0.009065074614  0.009065074614  0.009065074614  0.009065074614  
piranga_flava_ku90809 0.018263023533  0.018263023533  0.010591625591  0.016201908908  0.014661778187  0.011611991507  0.011611991507  0.007041379538  0.007041379538  0.007041379538  0.003510981823  0.003510981823  0.000000000000  0.001501520434  0.000000000000  0.004013066726  0.000500256884  0.000000000000  0.003510981823  0.003510981823  0.003510981823  0.003510981823  0.003510981823  0.003510981823  0.003510981823  0.006031672711  0.007548124522  0.007548124522  0.007548124522  0.007548124522  
piranga_hepatica_ku9084 0.022396347396  0.022396347396  0.014675086504  0.020319906504  0.018768366094  0.015702964178  0.015702964178  0.011101541278  0.011101541278  0.011101541278  0.007548124522  0.007548124522  0.004013066726  0.005522763648  0.004013066726  0.000000000000  0.004516934244  0.004013066726  0.007548124522  0.007548124522  0.007548124522  0.007548124522  0.007548124522  0.007548124522  0.007548124522  0.010085816460  0.011611991507  0.011611991507  0.011611991507  0.011611991507  
piranga_flava_lsu15408 0.018779668263  0.018779668263  0.011101541278  0.016716370231  0.015174614028  0.012122977400  0.012122977400  0.007548124522  0.007548124522  0.007548124522  0.004014595292  0.004014595292  0.000500256884  0.002002794422  0.000500256884  0.004516934244  0.000000000000  0.000500256884  0.004014595292  0.004014595292  0.004014595292  0.004014595292  0.004014595292  0.004014595292  0.004014595292  0.006537634457  0.008055397417  0.008055397417  0.008055397417  0.008055397417  
piranga_lutea_ku89864 0.018263023533  0.018263023533  0.010591625591  0.016201908908  0.014661778187  0.011611991507  0.011611991507  0.007041379538  0.007041379538  0.007041379538  0.003510981823  0.003510981823  0.000000000000  0.001501520434  0.000000000000  0.004013066726  0.000500256884  0.000000000000  0.003510981823  0.003510981823  0.003510981823  0.003510981823  0.003510981823  0.003510981823  0.003510981823  0.006031672711  0.007548124522  0.007548124522  0.007548124522  0.007548124522  
piranga_bidentata_tepe59 0.014665809262  0.014665809262  0.007039035066  0.012618748017  0.011089079930  0.008052512125  0.008052512125  0.003509720059  0.003509720059  0.003509720059  0.000000000000  0.000000000000  0.003510981823  0.005019656813  0.003510981823  0.007548124522  0.004014595292  0.003510981823  0.000000000000  0.000000000000  0.000000000000  0.000000000000  0.000000000000  0.000000000000  0.000000000000  0.002505314789  0.004013066726  0.004013066726  0.004013066726  0.004013066726  
piranga_bidentata_hgoslp104 0.014665809262  0.014665809262  0.007039035066  0.012618748017  0.011089079930  0.008052512125  0.008052512125  0.003509720059  0.003509720059  0.003509720059  0.000000000000  0.000000000000  0.003510981823  0.005019656813  0.003510981823  0.007548124522  0.004014595292  0.003510981823  0.000000000000  0.000000000000  0.000000000000  0.000000000000  0.000000000000  0.000000000000  0.000000000000  0.002505314789  0.004013066726  0.004013066726  0.004013066726  0.004013066726  
piranga_bidentata_itm141 0.014665809262  0.014665809262  0.007039035066  0.012618748017  0.011089079930  0.008052512125  0.008052512125  0.003509720059  0.003509720059  0.003509720059  0.000000000000  0.000000000000  0.003510981823  0.005019656813  0.003510981823  0.007548124522  0.004014595292  0.003510981823  0.000000000000  0.000000000000  0.000000000000  0.000000000000  0.000000000000  0.000000000000  0.000000000000  0.002505314789  0.004013066726  0.004013066726  0.004013066726  0.004013066726  
piranga_bidentata_itm160 0.014665809262  0.014665809262  0.007039035066  0.012618748017  0.011089079930  0.008052512125  0.008052512125  0.003509720059  0.003509720059  0.003509720059  0.000000000000  0.000000000000  0.003510981823  0.005019656813  0.003510981823  0.007548124522  0.004014595292  0.003510981823  0.000000000000  0.000000000000  0.000000000000  0.000000000000  0.000000000000  0.000000000000  0.000000000000  0.002505314789  0.004013066726  0.004013066726  0.004013066726  0.004013066726  
piranga_ludoviciana_sdsu2648 0.014665809262  0.014665809262  0.007039035066  0.012618748017  0.011089079930  0.008052512125  0.008052512125  0.003509720059  0.003509720059  0.003509720059  0.000000000000  0.000000000000  0.003510981823  0.005019656813  0.003510981823  0.007548124522  0.004014595292  0.003510981823  0.000000000000  0.000000000000  0.000000000000  0.000000000000  0.000000000000  0.000000000000  0.000000000000  0.002505314789  0.004013066726  0.004013066726  0.004013066726  0.004013066726  
piranga_ludoviciana_sdsu2385 0.014665809262  0.014665809262  0.007039035066  0.012618748017  0.011089079930  0.008052512125  0.008052512125  0.003509720059  0.003509720059  0.003509720059  0.000000000000  0.000000000000  0.003510981823  0.005019656813  0.003510981823  0.007548124522  0.004014595292  0.003510981823  0.000000000000  0.000000000000  0.000000000000  0.000000000000  0.000000000000  0.000000000000  0.000000000000  0.002505314789  0.004013066726  0.004013066726  0.004013066726  0.004013066726  
piranga_ludoviciana_sdsu2650 0.014665809262  0.014665809262  0.007039035066  0.012618748017  0.011089079930  0.008052512125  0.008052512125  0.003509720059  0.003509720059  0.003509720059  0.000000000000  0.000000000000  0.003510981823  0.005019656813  0.003510981823  0.007548124522  0.004014595292  0.003510981823  0.000000000000  0.000000000000  0.000000000000  0.000000000000  0.000000000000  0.000000000000  0.000000000000  0.002505314789  0.004013066726  0.004013066726  0.004013066726  0.004013066726  
piranga_rubra_sdsu2635 0.017231375675  0.017231375675  0.009573393372  0.015174614028  0.013637724010  0.010591625591  0.010591625591  0.006029468917  0.006029468917  0.006029468917  0.002505314789  0.002505314789  0.006031672711  0.007545509921  0.006031672711  0.010085816460  0.006537634457  0.006031672711  0.002505314789  0.002505314789  0.002505314789  0.002505314789  0.002505314789  0.002505314789  0.002505314789  0.000000000000  0.001501720484  0.001501720484  0.001501720484  0.001501720484  
piranga_erythrocephala_fmnh343370 0.018773813008  0.018773813008  0.011097822652  0.016711634550  0.015170711834  0.012118710013  0.012118710013  0.007545509921  0.007545509921  0.007545509921  0.004013066726  0.004013066726  0.007548124522  0.009065074614  0.007548124522  0.011611991507  0.008055397417  0.007548124522  0.004013066726  0.004013066726  0.004013066726  0.004013066726  0.004013066726  0.004013066726  0.004013066726  0.001501720484  0.000000000000  0.000000000000  0.000000000000  0.000000000000  
piranga_rubra_ku7046 0.018773813008  0.018773813008  0.011097822652  0.016711634550  0.015170711834  0.012118710013  0.012118710013  0.007545509921  0.007545509921  0.007545509921  0.004013066726  0.004013066726  0.007548124522  0.009065074614  0.007548124522  0.011611991507  0.008055397417  0.007548124522  0.004013066726  0.004013066726  0.004013066726  0.004013066726  0.004013066726  0.004013066726  0.004013066726  0.001501720484  0.000000000000  0.000000000000  0.000000000000  0.000000000000  
piranga_rubra_sdsu2654 0.018773813008  0.018773813008  0.011097822652  0.016711634550  0.015170711834  0.012118710013  0.012118710013  0.007545509921  0.007545509921  0.007545509921  0.004013066726  0.004013066726  0.007548124522  0.009065074614  0.007548124522  0.011611991507  0.008055397417  0.007548124522  0.004013066726  0.004013066726  0.004013066726  0.004013066726  0.004013066726  0.004013066726  0.004013066726  0.001501720484  0.000000000000  0.000000000000  0.000000000000  0.000000000000  
piranga_rubra_ku26592 0.018773813008  0.018773813008  0.011097822652  0.016711634550  0.015170711834  0.012118710013  0.012118710013  0.007545509921  0.007545509921  0.007545509921  0.004013066726  0.004013066726  0.007548124522  0.009065074614  0.007548124522  0.011611991507  0.008055397417  0.007548124522  0.004013066726  0.004013066726  0.004013066726  0.004013066726  0.004013066726  0.004013066726  0.004013066726  0.001501720484  0.000000000000  0.000000000000  0.000000000000  0.000000000000  

