30
piranga_rubra_ku26592 0.000000000000  0.000946885665  0.000946885665  0.001895399137  0.003881008249  0.001895399137  0.001027650282  0.001993646950  0.000000000000  0.001048115110  0.001085665921  0.001434527725  0.000000000000  0.000000000000  0.000000000000  0.004164139136  0.002844931377  0.001280256312  0.001115954786  0.000946885665  0.002844931377  0.000946885665  0.001895399137  0.000947783108  0.001895399137  0.003138801948  0.003293885355  0.000946885665  0.001895209069  0.000946885665  
piranga_flava_ku90809 0.000946885665  0.000000000000  0.000000000000  0.000946885665  0.002908366283  0.000946885665  0.000000000000  0.000995922993  0.000946885665  0.000000000000  0.000000000000  0.000000000000  0.000946885665  0.001594658600  0.000946885665  0.002079717502  0.001895209069  0.000000000000  0.000000000000  0.000000000000  0.001895209069  0.000000000000  0.000946885665  0.000000000000  0.000946885665  0.001567168489  0.001644484072  0.000000000000  0.000947117641  0.000000000000  
piranga_ludoviciana_sdsu2385 0.000946885665  0.000000000000  0.000000000000  0.000946885665  0.002908366283  0.000946885665  0.000000000000  0.000995922993  0.000946885665  0.000000000000  0.000000000000  0.000000000000  0.000946885665  0.001594658600  0.000946885665  0.002079717502  0.001895209069  0.000000000000  0.000000000000  0.000000000000  0.001895209069  0.000000000000  0.000946885665  0.000000000000  0.000946885665  0.001567168489  0.001644484072  0.000000000000  0.000947117641  0.000000000000  
piranga_rubriceps_lsu265 0.001895399137  0.000946885665  0.000946885665  0.000000000000  0.001937435327  0.001895399137  0.001027650282  0.001993646950  0.001895399137  0.001048115110  0.001085665921  0.001434527725  0.001895399137  0.003193940461  0.001895399137  0.004164139136  0.002844931377  0.001280256312  0.001115954786  0.000946885665  0.000947117641  0.000946885665  0.000000000000  0.000947783108  0.000000000000  0.000000000000  0.003293885355  0.000946885665  0.001895209069  0.000946885665  
piranga_leucoptera_lsu7783 0.003881008249  0.002908366283  0.002908366283  0.001937435327  0.000000000000  0.003881008249  0.002056994253  0.002992498166  0.003881008249  0.002097992097  0.002173222342  0.002872358028  0.003881008249  0.004796119854  0.003881008249  0.006259858953  0.004855212671  0.003965598649  0.003442314842  0.002908366283  0.000967966403  0.002908366283  0.001937435327  0.002911188556  0.001937435327  0.001567804157  0.004946368730  0.002908366283  0.003881298275  0.002908366283  
cardinalis_cardinalis_ku25393 0.001895399137  0.000946885665  0.000946885665  0.001895399137  0.003881008249  0.000000000000  0.001027650282  0.000000000000  0.001895399137  0.001048115110  0.001085665921  0.001434527725  0.001895399137  0.003193940461  0.001895399137  0.004164139136  0.002844931377  0.001280256312  0.001115954786  0.000946885665  0.002844931377  0.000946885665  0.001895399137  0.000947783108  0.001895399137  0.003138801948  0.003293885355  0.000946885665  0.000946885665  0.000946885665  
piranga_olivacea_ku2699 0.001027650282  0.000000000000  0.000000000000  0.001027650282  0.002056994253  0.001027650282  0.000000000000  0.001038320591  0.001027650282  0.000000000000  0.000000000000  0.000000000000  0.001027650282  0.001594658600  0.001027650282  0.002079717502  0.002056994253  0.000000000000  0.000000000000  0.000000000000  0.002056994253  0.000000000000  0.001027650282  0.000000000000  0.001027650282  0.001567168489  0.001644484072  0.000000000000  0.001027923531  0.000000000000  
cardinalis_cardinalis_ku21828 0.001993646950  0.000995922993  0.000995922993  0.001993646950  0.002992498166  0.000000000000  0.001038320591  0.000000000000  0.001993646950  0.001048115110  0.001096378634  0.001434527725  0.001993646950  0.003193940461  0.001993646950  0.004164139136  0.002992498166  0.001353008671  0.001170831819  0.000995922993  0.002992498166  0.000995922993  0.001993646950  0.000996915845  0.001993646950  0.003138801948  0.003293885355  0.000995922993  0.000995922993  0.000995922993  
piranga_rubra_ku7046 0.000000000000  0.000946885665  0.000946885665  0.001895399137  0.003881008249  0.001895399137  0.001027650282  0.001993646950  0.000000000000  0.001048115110  0.001085665921  0.001434527725  0.000000000000  0.000000000000  0.000000000000  0.004164139136  0.002844931377  0.001280256312  0.001115954786  0.000946885665  0.002844931377  0.000946885665  0.001895399137  0.000947783108  0.001895399137  0.003138801948  0.003293885355  0.000946885665  0.001895209069  0.000946885665  
piranga_bidentata_hgoslp104 0.001048115110  0.000000000000  0.000000000000  0.001048115110  0.002097992097  0.001048115110  0.000000000000  0.001048115110  0.001048115110  0.000000000000  0.000000000000  0.000000000000  0.001048115110  0.001594658600  0.001048115110  0.002079717502  0.001048399354  0.000000000000  0.000000000000  0.000000000000  0.002097992097  0.000000000000  0.001048115110  0.000000000000  0.001048115110  0.001567168489  0.001644484072  0.000000000000  0.001048399354  0.000000000000  
piranga_ludoviciana_sdsu2648 0.001085665921  0.000000000000  0.000000000000  0.001085665921  0.002173222342  0.001085665921  0.000000000000  0.001096378634  0.001085665921  0.000000000000  0.000000000000  0.000000000000  0.001085665921  0.001594658600  0.001085665921  0.002079717502  0.001085970903  0.000000000000  0.000000000000  0.000000000000  0.002173222342  0.000000000000  0.001085665921  0.000000000000  0.001085665921  0.001567168489  0.001644484072  0.000000000000  0.001085970903  0.000000000000  
piranga_roseogularis_ku2049 0.001434527725  0.000000000000  0.000000000000  0.001434527725  0.002872358028  0.001434527725  0.000000000000  0.001434527725  0.001434527725  0.000000000000  0.000000000000  0.000000000000  0.001434527725  0.001757180769  0.001434527725  0.002079717502  0.000000000000  0.000000000000  0.000000000000  0.000000000000  0.002872358028  0.000000000000  0.001434527725  0.000000000000  0.001434527725  0.001814574475  0.000000000000  0.000000000000  0.001435060305  0.000000000000  
piranga_hepatica_ku4970 0.000000000000  0.000946885665  0.000946885665  0.001895399137  0.003881008249  0.001895399137  0.001027650282  0.001993646950  0.000000000000  0.001048115110  0.001085665921  0.001434527725  0.000000000000  0.000000000000  0.000000000000  0.004164139136  0.002844931377  0.001280256312  0.001115954786  0.000946885665  0.002844931377  0.000946885665  0.001895399137  0.000947783108  0.001895399137  0.003138801948  0.003293885355  0.000946885665  0.001895209069  0.000946885665  
piranga_hepatica_ku9084 0.000000000000  0.001594658600  0.001594658600  0.003193940461  0.004796119854  0.003193940461  0.001594658600  0.003193940461  0.000000000000  0.001594658600  0.001594658600  0.001757180769  0.000000000000  0.000000000000  0.000000000000  0.004243659861  0.001594658600  0.001757180769  0.001594658600  0.001594658600  0.004796119854  0.001594658600  0.003193940461  0.001597205600  0.003193940461  0.003288469412  0.003400287288  0.001594658600  0.003193399320  0.001594658600  
piranga_rubra_sdsu2654 0.000000000000  0.000946885665  0.000946885665  0.001895399137  0.003881008249  0.001895399137  0.001027650282  0.001993646950  0.000000000000  0.001048115110  0.001085665921  0.001434527725  0.000000000000  0.000000000000  0.000000000000  0.004164139136  0.002844931377  0.001280256312  0.001115954786  0.000946885665  0.002844931377  0.000946885665  0.001895399137  0.000947783108  0.001895399137  0.003138801948  0.003293885355  0.000946885665  0.001895209069  0.000946885665  
piranga_flava_lsu15408 0.004164139136  0.002079717502  0.002079717502  0.004164139136  0.006259858953  0.004164139136  0.002079717502  0.004164139136  0.004164139136  0.002079717502  0.002079717502  0.002079717502  0.004164139136  0.004243659861  0.004164139136  0.000000000000  0.002079717502  0.002416425602  0.002079717502  0.002079717502  0.006259858953  0.002079717502  0.004164139136  0.002079717502  0.004164139136  0.004412174608  0.002305026806  0.002079717502  0.004169557710  0.002079717502  
piranga_lutea_lsu5400 0.002844931377  0.001895209069  0.001895209069  0.002844931377  0.004855212671  0.002844931377  0.002056994253  0.002992498166  0.002844931377  0.001048399354  0.001085970903  0.000000000000  0.002844931377  0.001594658600  0.002844931377  0.002079717502  0.000000000000  0.001280680466  0.001116277028  0.001895209069  0.003796568168  0.001895209069  0.002844931377  0.001897006683  0.002844931377  0.001567168489  0.001644484072  0.001895209069  0.002845631663  0.001895209069  
piranga_olivacea_ku4672 0.001280256312  0.000000000000  0.000000000000  0.001280256312  0.003965598649  0.001280256312  0.000000000000  0.001353008671  0.001280256312  0.000000000000  0.000000000000  0.000000000000  0.001280256312  0.001757180769  0.001280256312  0.002416425602  0.001280680466  0.000000000000  0.000000000000  0.000000000000  0.002563142397  0.000000000000  0.001280256312  0.000000000000  0.001280256312  0.001671979537  0.001700410076  0.000000000000  0.001280680466  0.000000000000  
piranga_ludoviciana_sdsu2208 0.001115954786  0.000000000000  0.000000000000  0.001115954786  0.003442314842  0.001115954786  0.000000000000  0.001170831819  0.001115954786  0.000000000000  0.000000000000  0.000000000000  0.001115954786  0.001594658600  0.001115954786  0.002079717502  0.001116277028  0.000000000000  0.000000000000  0.000000000000  0.002233907131  0.000000000000  0.001115954786  0.000000000000  0.001115954786  0.001567168489  0.001644484072  0.000000000000  0.001116277028  0.000000000000  
piranga_bidentata_itm160 0.000946885665  0.000000000000  0.000000000000  0.000946885665  0.002908366283  0.000946885665  0.000000000000  0.000995922993  0.000946885665  0.000000000000  0.000000000000  0.000000000000  0.000946885665  0.001594658600  0.000946885665  0.002079717502  0.001895209069  0.000000000000  0.000000000000  0.000000000000  0.001895209069  0.000000000000  0.000946885665  0.000000000000  0.000946885665  0.001567168489  0.001644484072  0.000000000000  0.000947117641  0.000000000000  
piranga_leucoptera_fmnh481795 0.002844931377  0.001895209069  0.001895209069  0.000947117641  0.000967966403  0.002844931377  0.002056994253  0.002992498166  0.002844931377  0.002097992097  0.002173222342  0.002872358028  0.002844931377  0.004796119854  0.002844931377  0.006259858953  0.003796568168  0.002563142397  0.002233907131  0.001895209069  0.000000000000  0.001895209069  0.000947117641  0.001897006683  0.000947117641  0.001567804157  0.004946368730  0.001895209069  0.002845631663  0.001895209069  
piranga_lutea_ku89864 0.000946885665  0.000000000000  0.000000000000  0.000946885665  0.002908366283  0.000946885665  0.000000000000  0.000995922993  0.000946885665  0.000000000000  0.000000000000  0.000000000000  0.000946885665  0.001594658600  0.000946885665  0.002079717502  0.001895209069  0.000000000000  0.000000000000  0.000000000000  0.001895209069  0.000000000000  0.000946885665  0.000000000000  0.000946885665  0.001567168489  0.001644484072  0.000000000000  0.000947117641  0.000000000000  
piranga_rubriceps_lsu34818 0.001895399137  0.000946885665  0.000946885665  0.000000000000  0.001937435327  0.001895399137  0.001027650282  0.001993646950  0.001895399137  0.001048115110  0.001085665921  0.001434527725  0.001895399137  0.003193940461  0.001895399137  0.004164139136  0.002844931377  0.001280256312  0.001115954786  0.000946885665  0.000947117641  0.000946885665  0.000000000000  0.000947783108  0.000000000000  0.000000000000  0.003293885355  0.000946885665  0.001895209069  0.000946885665  
piranga_roseogularis_ku2141 0.000947783108  0.000000000000  0.000000000000  0.000947783108  0.002911188556  0.000947783108  0.000000000000  0.000996915845  0.000947783108  0.000000000000  0.000000000000  0.000000000000  0.000947783108  0.001597205600  0.000947783108  0.002079717502  0.001897006683  0.000000000000  0.000000000000  0.000000000000  0.001897006683  0.000000000000  0.000947783108  0.000000000000  0.000947783108  0.001569628363  0.001647192857  0.000000000000  0.000948015524  0.000000000000  
piranga_erythrocephala_fmnh343371 0.001895399137  0.000946885665  0.000946885665  0.000000000000  0.001937435327  0.001895399137  0.001027650282  0.001993646950  0.001895399137  0.001048115110  0.001085665921  0.001434527725  0.001895399137  0.003193940461  0.001895399137  0.004164139136  0.002844931377  0.001280256312  0.001115954786  0.000946885665  0.000947117641  0.000946885665  0.000000000000  0.000947783108  0.000000000000  0.000000000000  0.003293885355  0.000946885665  0.001895209069  0.000946885665  
piranga_erythrocephala_fmnh343370 0.003138801948  0.001567168489  0.001567168489  0.000000000000  0.001567804157  0.003138801948  0.001567168489  0.003138801948  0.003138801948  0.001567168489  0.001567168489  0.001814574475  0.003138801948  0.003288469412  0.003138801948  0.004412174608  0.001567168489  0.001671979537  0.001567168489  0.001567168489  0.001567804157  0.001567168489  0.000000000000  0.001569628363  0.000000000000  0.000000000000  0.003293885355  0.001567168489  0.003138279389  0.001567168489  
piranga_ludoviciana_sdsu2650 0.003293885355  0.001644484072  0.001644484072  0.003293885355  0.004946368730  0.003293885355  0.001644484072  0.003293885355  0.003293885355  0.001644484072  0.001644484072  0.000000000000  0.003293885355  0.003400287288  0.003293885355  0.002305026806  0.001644484072  0.001700410076  0.001644484072  0.001644484072  0.004946368730  0.001644484072  0.003293885355  0.001647192857  0.003293885355  0.003293885355  0.000000000000  0.001644484072  0.003293309700  0.001644484072  
piranga_bidentata_tepe59 0.000946885665  0.000000000000  0.000000000000  0.000946885665  0.002908366283  0.000946885665  0.000000000000  0.000995922993  0.000946885665  0.000000000000  0.000000000000  0.000000000000  0.000946885665  0.001594658600  0.000946885665  0.002079717502  0.001895209069  0.000000000000  0.000000000000  0.000000000000  0.001895209069  0.000000000000  0.000946885665  0.000000000000  0.000946885665  0.001567168489  0.001644484072  0.000000000000  0.000947117641  0.000000000000  
piranga_rubra_sdsu2635 0.001895209069  0.000947117641  0.000947117641  0.001895209069  0.003881298275  0.000946885665  0.001027923531  0.000995922993  0.001895209069  0.001048399354  0.001085970903  0.001435060305  0.001895209069  0.003193399320  0.001895209069  0.004169557710  0.002845631663  0.001280680466  0.001116277028  0.000947117641  0.002845631663  0.000947117641  0.001895209069  0.000948015524  0.001895209069  0.003138279389  0.003293309700  0.000947117641  0.000000000000  0.000947117641  
piranga_bidentata_itm141 0.000946885665  0.000000000000  0.000000000000  0.000946885665  0.002908366283  0.000946885665  0.000000000000  0.000995922993  0.000946885665  0.000000000000  0.000000000000  0.000000000000  0.000946885665  0.001594658600  0.000946885665  0.002079717502  0.001895209069  0.000000000000  0.000000000000  0.000000000000  0.001895209069  0.000000000000  0.000946885665  0.000000000000  0.000946885665  0.001567168489  0.001644484072  0.000000000000  0.000947117641  0.000000000000  

