30
cardinalis_cardinalis_ku21828 0.000000000000  0.000000000000  0.008562593566  0.010086340375  0.006545556646  0.006545556646  0.008061437697  0.008061437697  0.005532070584  0.006038514748  0.005532070584  0.006035213970  0.006035213970  0.006035213970  0.006035213970  0.006035213970  0.006541916621  0.008570200223  0.008570200223  0.009084433415  0.009084433415  0.007557118371  0.007557118371  0.007557118371  0.007557118371  0.009084433415  0.008566156358  0.008574724843  0.007557118371  0.010596491365  
cardinalis_cardinalis_ku25393 0.000000000000  0.000000000000  0.008562593566  0.010086340375  0.006545556646  0.006545556646  0.008061437697  0.008061437697  0.005532070584  0.006038514748  0.005532070584  0.006035213970  0.006035213970  0.006035213970  0.006035213970  0.006035213970  0.006541916621  0.008570200223  0.008570200223  0.009084433415  0.009084433415  0.007557118371  0.007557118371  0.007557118371  0.007557118371  0.009084433415  0.008566156358  0.008574724843  0.007557118371  0.010596491365  
piranga_erythrocephala_fmnh343371 0.008562593566  0.008562593566  0.000000000000  0.001501867807  0.006030047200  0.006030047200  0.007544633060  0.007544633060  0.005019780790  0.005524617024  0.005019780790  0.005523088769  0.005523088769  0.005523088769  0.005523088769  0.005523088769  0.006028181851  0.008051772925  0.008051772925  0.008562593566  0.008562593566  0.007040153057  0.007040153057  0.007040153057  0.007040153057  0.008562593566  0.008049513423  0.008054513687  0.007040153057  0.010076915750  
piranga_erythrocephala_fmnh343370 0.010086340375  0.010086340375  0.001501867807  0.000000000000  0.007547033989  0.007547033989  0.009064911539  0.009064911539  0.006533869480  0.007040153057  0.006533869480  0.007038091160  0.007038091160  0.007038091160  0.007038091160  0.007038091160  0.007544633060  0.009573512005  0.009573512005  0.010086340375  0.010086340375  0.008559512168  0.008559512168  0.008559512168  0.008559512168  0.010086340375  0.009570712500  0.009576794467  0.008559512168  0.011602893386  
piranga_leucoptera_lsu7783 0.006545556646  0.006545556646  0.006030047200  0.007547033989  0.000000000000  0.000000000000  0.004518682010  0.004518682010  0.003010523800  0.003514335250  0.003010523800  0.003512243187  0.003512243187  0.003512243187  0.003512243187  0.003512243187  0.004016310443  0.006035213970  0.006035213970  0.006545556646  0.006545556646  0.005026222746  0.005026222746  0.005026222746  0.005026222746  0.006545556646  0.006032391347  0.006038514748  0.005026222746  0.008054513687  
piranga_leucoptera_fmnh481795 0.006545556646  0.006545556646  0.006030047200  0.007547033989  0.000000000000  0.000000000000  0.004518682010  0.004518682010  0.003010523800  0.003514335250  0.003010523800  0.003512243187  0.003512243187  0.003512243187  0.003512243187  0.003512243187  0.004016310443  0.006035213970  0.006035213970  0.006545556646  0.006545556646  0.005026222746  0.005026222746  0.005026222746  0.005026222746  0.006545556646  0.006032391347  0.006038514748  0.005026222746  0.008054513687  
piranga_rubriceps_lsu265 0.008061437697  0.008061437697  0.007544633060  0.009064911539  0.004518682010  0.004518682010  0.000000000000  0.000000000000  0.004518682010  0.005023598067  0.004518682010  0.005021450641  0.005021450641  0.005021450641  0.005021450641  0.005021450641  0.005526623626  0.007549915398  0.007549915398  0.008061437697  0.008061437697  0.006538755205  0.006538755205  0.006538755205  0.006538755205  0.008061437697  0.007547033989  0.007553276965  0.006538755205  0.009573512005  
piranga_rubriceps_lsu34818 0.008061437697  0.008061437697  0.007544633060  0.009064911539  0.004518682010  0.004518682010  0.000000000000  0.000000000000  0.004518682010  0.005023598067  0.004518682010  0.005021450641  0.005021450641  0.005021450641  0.005021450641  0.005021450641  0.005526623626  0.007549915398  0.007549915398  0.008061437697  0.008061437697  0.006538755205  0.006538755205  0.006538755205  0.006538755205  0.008061437697  0.007547033989  0.007553276965  0.006538755205  0.009573512005  
piranga_roseogularis_ku2141 0.005532070584  0.005532070584  0.005019780790  0.006533869480  0.003010523800  0.003010523800  0.004518682010  0.004518682010  0.000000000000  0.000500291192  0.000000000000  0.000500197060  0.000500197060  0.000500197060  0.000500197060  0.000500197060  0.001000740494  0.003007484695  0.003007484695  0.003512243187  0.003512243187  0.002003580362  0.002003580362  0.002003580362  0.002003580362  0.003512243187  0.003006678182  0.003008766676  0.002003580362  0.005018588837  
piranga_roseogularis_ku2049 0.006038514748  0.006038514748  0.005524617024  0.007040153057  0.003514335250  0.003514335250  0.005023598067  0.005023598067  0.000500291192  0.000000000000  0.000500291192  0.001000740494  0.001000740494  0.001000740494  0.001000740494  0.001000740494  0.001501867807  0.003510626712  0.003510626712  0.004016310443  0.004016310443  0.002505879527  0.002505879527  0.002505879527  0.002505879527  0.004016310443  0.003509486148  0.003512243187  0.002505879527  0.005523088769  
piranga_rubra_sdsu2635 0.005532070584  0.005532070584  0.005019780790  0.006533869480  0.003010523800  0.003010523800  0.004518682010  0.004518682010  0.000000000000  0.000500291192  0.000000000000  0.000500197060  0.000500197060  0.000500197060  0.000500197060  0.000500197060  0.001000740494  0.003007484695  0.003007484695  0.003512243187  0.003512243187  0.002003580362  0.002003580362  0.002003580362  0.002003580362  0.003512243187  0.003006678182  0.003008766676  0.002003580362  0.005018588837  
piranga_ludoviciana_sdsu2650 0.006035213970  0.006035213970  0.005523088769  0.007038091160  0.003512243187  0.003512243187  0.005021450641  0.005021450641  0.000500197060  0.001000740494  0.000500197060  0.000000000000  0.000000000000  0.000000000000  0.000000000000  0.000000000000  0.000500291192  0.002505879527  0.002505879527  0.004014358689  0.004014358689  0.002504931258  0.002504931258  0.002504931258  0.002504931258  0.004014358689  0.003508821821  0.003510626712  0.002504931258  0.005522039187  
piranga_olivacea_ku4672 0.006035213970  0.006035213970  0.005523088769  0.007038091160  0.003512243187  0.003512243187  0.005021450641  0.005021450641  0.000500197060  0.001000740494  0.000500197060  0.000000000000  0.000000000000  0.000000000000  0.000000000000  0.000000000000  0.000500291192  0.002505879527  0.002505879527  0.004014358689  0.004014358689  0.002504931258  0.002504931258  0.002504931258  0.002504931258  0.004014358689  0.003508821821  0.003510626712  0.002504931258  0.005522039187  
piranga_ludoviciana_sdsu2648 0.006035213970  0.006035213970  0.005523088769  0.007038091160  0.003512243187  0.003512243187  0.005021450641  0.005021450641  0.000500197060  0.001000740494  0.000500197060  0.000000000000  0.000000000000  0.000000000000  0.000000000000  0.000000000000  0.000500291192  0.002505879527  0.002505879527  0.004014358689  0.004014358689  0.002504931258  0.002504931258  0.002504931258  0.002504931258  0.004014358689  0.003508821821  0.003510626712  0.002504931258  0.005522039187  
piranga_ludoviciana_sdsu2385 0.006035213970  0.006035213970  0.005523088769  0.007038091160  0.003512243187  0.003512243187  0.005021450641  0.005021450641  0.000500197060  0.001000740494  0.000500197060  0.000000000000  0.000000000000  0.000000000000  0.000000000000  0.000000000000  0.000500291192  0.002505879527  0.002505879527  0.004014358689  0.004014358689  0.002504931258  0.002504931258  0.002504931258  0.002504931258  0.004014358689  0.003508821821  0.003510626712  0.002504931258  0.005522039187  
piranga_ludoviciana_sdsu2208 0.006035213970  0.006035213970  0.005523088769  0.007038091160  0.003512243187  0.003512243187  0.005021450641  0.005021450641  0.000500197060  0.001000740494  0.000500197060  0.000000000000  0.000000000000  0.000000000000  0.000000000000  0.000000000000  0.000500291192  0.002505879527  0.002505879527  0.004014358689  0.004014358689  0.002504931258  0.002504931258  0.002504931258  0.002504931258  0.004014358689  0.003508821821  0.003510626712  0.002504931258  0.005522039187  
piranga_bidentata_hgoslp104 0.006541916621  0.006541916621  0.006028181851  0.007544633060  0.004016310443  0.004016310443  0.005526623626  0.005526623626  0.001000740494  0.001501867807  0.001000740494  0.000500291192  0.000500291192  0.000500291192  0.000500291192  0.000500291192  0.000000000000  0.003008766676  0.003008766676  0.004518682010  0.004518682010  0.003007484695  0.003007484695  0.003007484695  0.003007484695  0.004518682010  0.004011884575  0.004014358689  0.003007484695  0.006026795625  
piranga_bidentata_itm160 0.008570200223  0.008570200223  0.008051772925  0.009573512005  0.006035213970  0.006035213970  0.007549915398  0.007549915398  0.003007484695  0.003510626712  0.003007484695  0.002505879527  0.002505879527  0.002505879527  0.002505879527  0.002505879527  0.003008766676  0.000000000000  0.000000000000  0.006538755205  0.006538755205  0.005021450641  0.005021450641  0.005021450641  0.005021450641  0.006538755205  0.006028181851  0.006032391347  0.005021450641  0.008049513423  
piranga_bidentata_itm141 0.008570200223  0.008570200223  0.008051772925  0.009573512005  0.006035213970  0.006035213970  0.007549915398  0.007549915398  0.003007484695  0.003510626712  0.003007484695  0.002505879527  0.002505879527  0.002505879527  0.002505879527  0.002505879527  0.003008766676  0.000000000000  0.000000000000  0.006538755205  0.006538755205  0.005021450641  0.005021450641  0.005021450641  0.005021450641  0.006538755205  0.006028181851  0.006032391347  0.005021450641  0.008049513423  
piranga_rubra_sdsu2654 0.009084433415  0.009084433415  0.008562593566  0.010086340375  0.006545556646  0.006545556646  0.008061437697  0.008061437697  0.003512243187  0.004016310443  0.003512243187  0.004014358689  0.004014358689  0.004014358689  0.004014358689  0.004014358689  0.004518682010  0.006538755205  0.006538755205  0.000000000000  0.007049217617  0.005529108254  0.005529108254  0.005529108254  0.005529108254  0.007049217617  0.006536072718  0.006541916621  0.005529108254  0.008559512168  
piranga_bidentata_tepe59 0.009084433415  0.009084433415  0.008562593566  0.010086340375  0.006545556646  0.006545556646  0.008061437697  0.008061437697  0.003512243187  0.004016310443  0.003512243187  0.004014358689  0.004014358689  0.004014358689  0.004014358689  0.004014358689  0.004518682010  0.006538755205  0.006538755205  0.007049217617  0.000000000000  0.001502624806  0.001502624806  0.001502624806  0.001502624806  0.003010523800  0.002504931258  0.002507302496  0.001502624806  0.004515537103  
piranga_hepatica_ku9084 0.007557118371  0.007557118371  0.007040153057  0.008559512168  0.005026222746  0.005026222746  0.006538755205  0.006538755205  0.002003580362  0.002505879527  0.002003580362  0.002504931258  0.002504931258  0.002504931258  0.002504931258  0.002504931258  0.003007484695  0.005021450641  0.005021450641  0.005529108254  0.001502624806  0.000000000000  0.000000000000  0.000000000000  0.000000000000  0.001502624806  0.001000788694  0.001001165673  0.000000000000  0.003006347461  
piranga_olivacea_ku2699 0.007557118371  0.007557118371  0.007040153057  0.008559512168  0.005026222746  0.005026222746  0.006538755205  0.006538755205  0.002003580362  0.002505879527  0.002003580362  0.002504931258  0.002504931258  0.002504931258  0.002504931258  0.002504931258  0.003007484695  0.005021450641  0.005021450641  0.005529108254  0.001502624806  0.000000000000  0.000000000000  0.000000000000  0.000000000000  0.001502624806  0.001000788694  0.001001165673  0.000000000000  0.003006347461  
piranga_hepatica_ku4970 0.007557118371  0.007557118371  0.007040153057  0.008559512168  0.005026222746  0.005026222746  0.006538755205  0.006538755205  0.002003580362  0.002505879527  0.002003580362  0.002504931258  0.002504931258  0.002504931258  0.002504931258  0.002504931258  0.003007484695  0.005021450641  0.005021450641  0.005529108254  0.001502624806  0.000000000000  0.000000000000  0.000000000000  0.000000000000  0.001502624806  0.001000788694  0.001001165673  0.000000000000  0.003006347461  
piranga_lutea_ku89864 0.007557118371  0.007557118371  0.007040153057  0.008559512168  0.005026222746  0.005026222746  0.006538755205  0.006538755205  0.002003580362  0.002505879527  0.002003580362  0.002504931258  0.002504931258  0.002504931258  0.002504931258  0.002504931258  0.003007484695  0.005021450641  0.005021450641  0.005529108254  0.001502624806  0.000000000000  0.000000000000  0.000000000000  0.000000000000  0.001502624806  0.001000788694  0.001001165673  0.000000000000  0.003006347461  
piranga_flava_lsu15408 0.009084433415  0.009084433415  0.008562593566  0.010086340375  0.006545556646  0.006545556646  0.008061437697  0.008061437697  0.003512243187  0.004016310443  0.003512243187  0.004014358689  0.004014358689  0.004014358689  0.004014358689  0.004014358689  0.004518682010  0.006538755205  0.006538755205  0.007049217617  0.003010523800  0.001502624806  0.001502624806  0.001502624806  0.001502624806  0.000000000000  0.002504931258  0.002507302496  0.001502624806  0.004515537103  
piranga_lutea_lsu5400 0.008566156358  0.008566156358  0.008049513423  0.009570712500  0.006032391347  0.006032391347  0.007547033989  0.007547033989  0.003006678182  0.003509486148  0.003006678182  0.003508821821  0.003508821821  0.003508821821  0.003508821821  0.003508821821  0.004011884575  0.006028181851  0.006028181851  0.006536072718  0.002504931258  0.001000788694  0.001000788694  0.001000788694  0.001000788694  0.002504931258  0.000000000000  0.002002965025  0.001000788694  0.004011318489  
piranga_flava_ku90809 0.008574724843  0.008574724843  0.008054513687  0.009576794467  0.006038514748  0.006038514748  0.007553276965  0.007553276965  0.003008766676  0.003512243187  0.003008766676  0.003510626712  0.003510626712  0.003510626712  0.003510626712  0.003510626712  0.004014358689  0.006032391347  0.006032391347  0.006541916621  0.002507302496  0.001001165673  0.001001165673  0.001001165673  0.001001165673  0.002507302496  0.002002965025  0.000000000000  0.001001165673  0.004011884575  
piranga_rubra_ku7046 0.007557118371  0.007557118371  0.007040153057  0.008559512168  0.005026222746  0.005026222746  0.006538755205  0.006538755205  0.002003580362  0.002505879527  0.002003580362  0.002504931258  0.002504931258  0.002504931258  0.002504931258  0.002504931258  0.003007484695  0.005021450641  0.005021450641  0.005529108254  0.001502624806  0.000000000000  0.000000000000  0.000000000000  0.000000000000  0.001502624806  0.001000788694  0.001001165673  0.000000000000  0.003006347461  
piranga_rubra_ku26592 0.010596491365  0.010596491365  0.010076915750  0.011602893386  0.008054513687  0.008054513687  0.009573512005  0.009573512005  0.005018588837  0.005523088769  0.005018588837  0.005522039187  0.005522039187  0.005522039187  0.005522039187  0.005522039187  0.006026795625  0.008049513423  0.008049513423  0.008559512168  0.004515537103  0.003006347461  0.003006347461  0.003006347461  0.003006347461  0.004515537103  0.004011318489  0.004011884575  0.003006347461  0.000000000000  

