30
cardinalis_cardinalis_ku21828 0.000000000000  0.003009488323  0.027581760894  0.027581760894  0.022402758870  0.022402758870  0.020331439902  0.020850369060  0.022915990326  0.027073785112  0.020331439902  0.020331439902  0.020331439902  0.020331439902  0.029208042145  0.023936667155  0.022381917465  0.022395385663  0.022908745557  0.025495187293  0.025495187293  0.022395385663  0.024458087262  0.022901927450  0.024987663748  0.026025781472  0.027065426023  0.024987663748  0.024987663748  0.026033967226  
cardinalis_cardinalis_ku25393 0.003009488323  0.000000000000  0.025488160927  0.025488160927  0.020324827390  0.020324827390  0.018261358969  0.018778036296  0.020836977399  0.024980078847  0.018261358969  0.018261358969  0.018261358969  0.018261358969  0.027101441887  0.021856676574  0.020307536686  0.020318639100  0.020830918780  0.023409556486  0.023409556486  0.020318639100  0.022375823226  0.020825285470  0.022901927450  0.023936667155  0.024972922728  0.022901927450  0.022901927450  0.023943653834  
piranga_ludoviciana_sdsu2648 0.027581760894  0.025488160927  0.000000000000  0.000000000000  0.006025497844  0.008048569152  0.008046786266  0.009060988452  0.010581200721  0.014656824577  0.008046786266  0.008046786266  0.008046786266  0.008046786266  0.021369864246  0.016188689622  0.014653842255  0.014147995701  0.014656824577  0.017212808279  0.017727201895  0.015173010781  0.016188689622  0.014653842255  0.016705981063  0.017731077219  0.018757658845  0.016705981063  0.016705981063  0.017735375856  
piranga_bidentata_itm141 0.027581760894  0.025488160927  0.000000000000  0.000000000000  0.006025497844  0.008048569152  0.008046786266  0.009060988452  0.010581200721  0.014656824577  0.008046786266  0.008046786266  0.008046786266  0.008046786266  0.021369864246  0.016188689622  0.014653842255  0.014147995701  0.014656824577  0.017212808279  0.017727201895  0.015173010781  0.016188689622  0.014653842255  0.016705981063  0.017731077219  0.018757658845  0.016705981063  0.016705981063  0.017735375856  
piranga_bidentata_itm160 0.022402758870  0.020324827390  0.006025497844  0.006025497844  0.000000000000  0.002004211108  0.002003312317  0.003008034862  0.004515755020  0.008555682573  0.002003312317  0.002003312317  0.002003312317  0.002003312317  0.015203978221  0.010074855100  0.008553617394  0.008050766210  0.008555682573  0.011090173363  0.011599690510  0.009066099403  0.010074855100  0.008553617394  0.010586352739  0.011602628245  0.012620362987  0.010586352739  0.010586352739  0.011605983125  
piranga_ludoviciana_sdsu2385 0.022402758870  0.020324827390  0.008048569152  0.008048569152  0.002004211108  0.000000000000  0.002003312317  0.003008034862  0.004515755020  0.008555682573  0.002003312317  0.002003312317  0.002003312317  0.002003312317  0.015203978221  0.010074855100  0.008553617394  0.008050766210  0.008555682573  0.011090173363  0.011599690510  0.009066099403  0.010074855100  0.008553617394  0.010586352739  0.011602628245  0.012620362987  0.010586352739  0.010586352739  0.011605983125  
piranga_flava_ku90809 0.020331439902  0.018261358969  0.008046786266  0.008046786266  0.002003312317  0.002003312317  0.000000000000  0.001001051300  0.002504641708  0.006531813432  0.000000000000  0.000000000000  0.000000000000  0.000000000000  0.013154684510  0.008046786266  0.006530460600  0.006028055624  0.006531813432  0.009059055556  0.009566684512  0.007039639766  0.008046786266  0.006530460600  0.008555682573  0.009568900591  0.010583568477  0.008555682573  0.008555682573  0.009571532165  
piranga_hepatica_ku4970 0.020850369060  0.018778036296  0.009060988452  0.009060988452  0.003008034862  0.003008034862  0.001001051300  0.000000000000  0.003509869912  0.007543910164  0.001001051300  0.001001051300  0.001001051300  0.001001051300  0.014181535737  0.009060988452  0.007541995113  0.007039639766  0.007543910164  0.010074855100  0.010583568477  0.008053377066  0.009060988452  0.007541995113  0.009571532165  0.010586352739  0.011602628245  0.009571532165  0.009571532165  0.010589553131  
piranga_bidentata_hgoslp104 0.022915990326  0.020836977399  0.010581200721  0.010581200721  0.004515755020  0.004515755020  0.002504641708  0.003509869912  0.000000000000  0.004012090284  0.002504641708  0.002504641708  0.002504641708  0.002504641708  0.015712556270  0.010581200721  0.009059055556  0.008555682573  0.009060988452  0.011597170296  0.012106947528  0.009571532165  0.010581200721  0.009059055556  0.011092825804  0.012109753328  0.013128141851  0.011092825804  0.011092825804  0.012112976969  
piranga_bidentata_tepe59 0.027073785112  0.024980078847  0.014656824577  0.014656824577  0.008555682573  0.008555682573  0.006531813432  0.007543910164  0.004012090284  0.000000000000  0.006531813432  0.006531813432  0.006531813432  0.006531813432  0.019826980817  0.014656824577  0.013125181902  0.012620362987  0.013128141851  0.015678806381  0.016192116806  0.013643227528  0.014656824577  0.013125181902  0.015173010781  0.016195965938  0.017220400346  0.015173010781  0.015173010781  0.016200236638  
piranga_lutea_ku89864 0.020331439902  0.018261358969  0.008046786266  0.008046786266  0.002003312317  0.002003312317  0.000000000000  0.001001051300  0.002504641708  0.006531813432  0.000000000000  0.000000000000  0.000000000000  0.000000000000  0.013154684510  0.008046786266  0.006530460600  0.006028055624  0.006531813432  0.009059055556  0.009566684512  0.007039639766  0.008046786266  0.006530460600  0.008555682573  0.009568900591  0.010583568477  0.008555682573  0.008555682573  0.009571532165  
piranga_flava_lsu15408 0.020331439902  0.018261358969  0.008046786266  0.008046786266  0.002003312317  0.002003312317  0.000000000000  0.001001051300  0.002504641708  0.006531813432  0.000000000000  0.000000000000  0.000000000000  0.000000000000  0.013154684510  0.008046786266  0.006530460600  0.006028055624  0.006531813432  0.009059055556  0.009566684512  0.007039639766  0.008046786266  0.006530460600  0.008555682573  0.009568900591  0.010583568477  0.008555682573  0.008555682573  0.009571532165  
piranga_ludoviciana_sdsu2208 0.020331439902  0.018261358969  0.008046786266  0.008046786266  0.002003312317  0.002003312317  0.000000000000  0.001001051300  0.002504641708  0.006531813432  0.000000000000  0.000000000000  0.000000000000  0.000000000000  0.013154684510  0.008046786266  0.006530460600  0.006028055624  0.006531813432  0.009059055556  0.009566684512  0.007039639766  0.008046786266  0.006530460600  0.008555682573  0.009568900591  0.010583568477  0.008555682573  0.008555682573  0.009571532165  
piranga_erythrocephala_fmnh343370 0.020331439902  0.018261358969  0.008046786266  0.008046786266  0.002003312317  0.002003312317  0.000000000000  0.001001051300  0.002504641708  0.006531813432  0.000000000000  0.000000000000  0.000000000000  0.000000000000  0.013154684510  0.008046786266  0.006530460600  0.006028055624  0.006531813432  0.009059055556  0.009566684512  0.007039639766  0.008046786266  0.006530460600  0.008555682573  0.009568900591  0.010583568477  0.008555682573  0.008555682573  0.009571532165  
piranga_erythrocephala_fmnh343371 0.029208042145  0.027101441887  0.021369864246  0.021369864246  0.015203978221  0.015203978221  0.013154684510  0.014181535737  0.015712556270  0.019826980817  0.013154684510  0.013154684510  0.013154684510  0.013154684510  0.000000000000  0.017240652702  0.015700812877  0.015197769069  0.015706474890  0.018267218008  0.019301721165  0.016227900495  0.017240652702  0.015700812877  0.017763205501  0.018790763586  0.019819816608  0.017763205501  0.017763205501  0.018797760565  
piranga_roseogularis_ku2049 0.023936667155  0.021856676574  0.016188689622  0.016188689622  0.010074855100  0.010074855100  0.008046786266  0.009060988452  0.010581200721  0.014656824577  0.008046786266  0.008046786266  0.008046786266  0.008046786266  0.017240652702  0.000000000000  0.001501744754  0.010072771421  0.010579249849  0.013120520108  0.014142186182  0.011090173363  0.012102590968  0.010577716240  0.012614597531  0.013633486740  0.014653842255  0.012614597531  0.012614597531  0.013636314232  
piranga_roseogularis_ku2141 0.022381917465  0.020307536686  0.014653842255  0.014653842255  0.008553617394  0.008553617394  0.006530460600  0.007541995113  0.009059055556  0.013125181902  0.006530460600  0.006530460600  0.006530460600  0.006530460600  0.015700812877  0.001501744754  0.000000000000  0.008551967078  0.009057538216  0.011593383949  0.012612342994  0.009566684512  0.010577716240  0.009056436811  0.011087938124  0.012104559948  0.013122641194  0.011087938124  0.011087938124  0.012106947528  
piranga_olivacea_ku4672 0.022395385663  0.020318639100  0.014147995701  0.014147995701  0.008050766210  0.008050766210  0.006028055624  0.007039639766  0.008555682573  0.012620362987  0.006028055624  0.006028055624  0.006028055624  0.006028055624  0.015197769069  0.010072771421  0.008551967078  0.000000000000  0.004514049492  0.007033933040  0.008045417930  0.005018615514  0.006024838151  0.004513813969  0.006530460600  0.007540493921  0.008551967078  0.006530460600  0.006530460600  0.007541995113  
piranga_leucoptera_fmnh481795 0.022908745557  0.020830918780  0.014656824577  0.014656824577  0.008555682573  0.008555682573  0.006531813432  0.007543910164  0.009060988452  0.013128141851  0.006531813432  0.006531813432  0.006531813432  0.006531813432  0.015706474890  0.010579249849  0.009057538216  0.004514049492  0.000000000000  0.002504284034  0.006529521002  0.003508957622  0.006528995017  0.005017074000  0.007034739213  0.008045417930  0.009057538216  0.007034739213  0.007034739213  0.008046786266  
piranga_leucoptera_lsu7783 0.025495187293  0.023409556486  0.017212808279  0.017212808279  0.011090173363  0.011090173363  0.009059055556  0.010074855100  0.011597170296  0.015678806381  0.009059055556  0.009059055556  0.009059055556  0.009059055556  0.018267218008  0.013120520108  0.011593383949  0.007033933040  0.002504284034  0.000000000000  0.009056436811  0.006025497844  0.009055751724  0.007538477280  0.009563500347  0.010577716240  0.011593383949  0.009563500347  0.009563500347  0.010579249849  
piranga_rubriceps_lsu265 0.025495187293  0.023409556486  0.017727201895  0.017727201895  0.011599690510  0.011599690510  0.009566684512  0.010583568477  0.012106947528  0.016192116806  0.009566684512  0.009566684512  0.009566684512  0.009566684512  0.019301721165  0.014142186182  0.012612342994  0.008045417930  0.006529521002  0.009056436811  0.000000000000  0.003006131169  0.010069854144  0.008549912551  0.010579249849  0.011595067982  0.012612342994  0.010579249849  0.010579249849  0.011597170296  
piranga_rubriceps_lsu34818 0.022395385663  0.020318639100  0.015173010781  0.015173010781  0.009066099403  0.009066099403  0.007039639766  0.008053377066  0.009571532165  0.013643227528  0.007039639766  0.007039639766  0.007039639766  0.007039639766  0.016227900495  0.011090173363  0.009566684512  0.005018615514  0.003508957622  0.006025497844  0.003006131169  0.000000000000  0.007034739213  0.005521069908  0.007541995113  0.008553617394  0.009566684512  0.007541995113  0.007541995113  0.008555682573  
piranga_rubra_ku7046 0.024458087262  0.022375823226  0.016188689622  0.016188689622  0.010074855100  0.010074855100  0.008046786266  0.009060988452  0.010581200721  0.014656824577  0.008046786266  0.008046786266  0.008046786266  0.008046786266  0.017240652702  0.012102590968  0.010577716240  0.006024838151  0.006528995017  0.009055751724  0.010069854144  0.007034739213  0.000000000000  0.001501744754  0.003511192080  0.004517224274  0.005524685226  0.003511192080  0.003511192080  0.004519104022  
piranga_olivacea_ku2699 0.022901927450  0.020825285470  0.014653842255  0.014653842255  0.008553617394  0.008553617394  0.006530460600  0.007541995113  0.009059055556  0.013125181902  0.006530460600  0.006530460600  0.006530460600  0.006530460600  0.015700812877  0.010577716240  0.009056436811  0.004513813969  0.005017074000  0.007538477280  0.008549912551  0.005521069908  0.001501744754  0.000000000000  0.002004211108  0.003008034862  0.004013280761  0.002004211108  0.002004211108  0.003009488323  
piranga_ludoviciana_sdsu2650 0.024987663748  0.022901927450  0.016705981063  0.016705981063  0.010586352739  0.010586352739  0.008555682573  0.009571532165  0.011092825804  0.015173010781  0.008555682573  0.008555682573  0.008555682573  0.008555682573  0.017763205501  0.012614597531  0.011087938124  0.006530460600  0.007034739213  0.009563500347  0.010579249849  0.007541995113  0.003511192080  0.002004211108  0.000000000000  0.001000704846  0.002002822114  0.000000000000  0.000000000000  0.001001051300  
piranga_rubra_sdsu2635 0.026025781472  0.023936667155  0.017731077219  0.017731077219  0.011602628245  0.011602628245  0.009568900591  0.010586352739  0.012109753328  0.016195965938  0.009568900591  0.009568900591  0.009568900591  0.009568900591  0.018790763586  0.013633486740  0.012104559948  0.007540493921  0.008045417930  0.010577716240  0.011595067982  0.008553617394  0.004517224274  0.003008034862  0.001000704846  0.000000000000  0.001000704846  0.001000704846  0.001000704846  0.002003312317  
piranga_rubra_sdsu2654 0.027065426023  0.024972922728  0.018757658845  0.018757658845  0.012620362987  0.012620362987  0.010583568477  0.011602628245  0.013128141851  0.017220400346  0.010583568477  0.010583568477  0.010583568477  0.010583568477  0.019819816608  0.014653842255  0.013122641194  0.008551967078  0.009057538216  0.011593383949  0.012612342994  0.009566684512  0.005524685226  0.004013280761  0.002002822114  0.001000704846  0.000000000000  0.002002822114  0.002002822114  0.003006990601  
piranga_lutea_lsu5400 0.024987663748  0.022901927450  0.016705981063  0.016705981063  0.010586352739  0.010586352739  0.008555682573  0.009571532165  0.011092825804  0.015173010781  0.008555682573  0.008555682573  0.008555682573  0.008555682573  0.017763205501  0.012614597531  0.011087938124  0.006530460600  0.007034739213  0.009563500347  0.010579249849  0.007541995113  0.003511192080  0.002004211108  0.000000000000  0.001000704846  0.002002822114  0.000000000000  0.000000000000  0.001001051300  
piranga_hepatica_ku9084 0.024987663748  0.022901927450  0.016705981063  0.016705981063  0.010586352739  0.010586352739  0.008555682573  0.009571532165  0.011092825804  0.015173010781  0.008555682573  0.008555682573  0.008555682573  0.008555682573  0.017763205501  0.012614597531  0.011087938124  0.006530460600  0.007034739213  0.009563500347  0.010579249849  0.007541995113  0.003511192080  0.002004211108  0.000000000000  0.001000704846  0.002002822114  0.000000000000  0.000000000000  0.001001051300  
piranga_rubra_ku26592 0.026033967226  0.023943653834  0.017735375856  0.017735375856  0.011605983125  0.011605983125  0.009571532165  0.010589553131  0.012112976969  0.016200236638  0.009571532165  0.009571532165  0.009571532165  0.009571532165  0.018797760565  0.013636314232  0.012106947528  0.007541995113  0.008046786266  0.010579249849  0.011597170296  0.008555682573  0.004519104022  0.003009488323  0.001001051300  0.002003312317  0.003006990601  0.001001051300  0.001001051300  0.000000000000  

