30
piranga_rubra_ku26592 0.000000000000  0.003008042928  0.005021652765  0.005081614505  0.004058109113  0.005020386155  0.002003322729  0.006029245141  0.003145980885  0.004062230373  0.003334902658  0.003884373307  0.003007287575  0.000000000000  0.002004544809  0.002571579059  0.002113402346  0.005024370393  0.001639031932  0.005552226625  0.004017351818  0.004015055322  0.006078915868  0.004023131917  0.006044447281  0.004025088524  0.005684409059  0.006032293180  0.003007287575  0.004013321071  
piranga_flava_ku90809 0.003008042928  0.000000000000  0.004011029173  0.005077750314  0.003038509574  0.004009298405  0.001000133214  0.005015350327  0.004191773510  0.003041590217  0.002221379868  0.002586180918  0.002001318084  0.000000000000  0.003005029833  0.001283916777  0.001056114780  0.004014202018  0.001639031932  0.001841226720  0.003008042928  0.001000133214  0.006075047893  0.003013264913  0.005029424379  0.002679740028  0.004259397300  0.005019326553  0.002001318084  0.003005029833  
piranga_ludoviciana_sdsu2385 0.005021652765  0.004011029173  0.000000000000  0.006099752376  0.004055765869  0.006023986409  0.003005029833  0.007033152185  0.006298246479  0.003043838001  0.002222882762  0.006487726414  0.004009298405  0.003764064544  0.005016614389  0.005152987972  0.003173508282  0.006029932498  0.001639703035  0.003691867139  0.004015055322  0.005019326553  0.007095241536  0.005029424379  0.006042077110  0.005374550098  0.004263809135  0.005023482709  0.004009298405  0.003007223849  
piranga_rubriceps_lsu265 0.005081614505  0.005077750314  0.006099752376  0.000000000000  0.002046367894  0.005077750314  0.004058109113  0.006097448978  0.006378595438  0.005119342211  0.003365772457  0.006555778603  0.004058109113  0.001882827315  0.006097448978  0.005206648075  0.004270399425  0.006099752376  0.004939699846  0.005667609913  0.002025641830  0.006099752376  0.003040817892  0.004066360013  0.006109756729  0.006787156044  0.007131186732  0.007124126259  0.005076455157  0.005077750314  
piranga_leucoptera_lsu7783 0.004058109113  0.003038509574  0.004055765869  0.002046367894  0.000000000000  0.003038509574  0.002023592292  0.004053996206  0.004240657478  0.003075894222  0.001123763754  0.003940496903  0.003037738816  0.000000000000  0.004053996206  0.002608472579  0.002138256857  0.005075371983  0.001669821190  0.003768385680  0.000000000000  0.004055765869  0.003060206058  0.002027695525  0.004063133071  0.004079827702  0.004331528645  0.005075371983  0.003037738816  0.003038509574  
cardinalis_cardinalis_ku25393 0.005020386155  0.004009298405  0.006023986409  0.005077750314  0.003038509574  0.000000000000  0.003004275995  0.000999883545  0.005242805863  0.005076455157  0.003334902658  0.005183498276  0.004009013830  0.001880171316  0.005015350327  0.003859387684  0.003172667386  0.006026234441  0.003282235728  0.007398126543  0.003008042928  0.005016614389  0.006075047893  0.005026701271  0.005029424379  0.005371438770  0.005687894738  0.007034932607  0.004009013830  0.005015350327  
piranga_olivacea_ku2699 0.002003322729  0.001000133214  0.003005029833  0.004058109113  0.002023592292  0.003004275995  0.000000000000  0.004009013830  0.003140289066  0.002025641830  0.001109734511  0.002586180918  0.000999883545  0.000000000000  0.002001318084  0.001283916777  0.000000000000  0.003007223849  0.001639031932  0.003687719796  0.002003322729  0.002002537717  0.005057206775  0.002006555928  0.004019089562  0.002679740028  0.004259397300  0.004011029173  0.000999883545  0.002001318084  
cardinalis_cardinalis_ku21828 0.006029245141  0.005015350327  0.007033152185  0.006097448978  0.004053996206  0.000999883545  0.004009013830  0.000000000000  0.006295790211  0.006096635548  0.003334902658  0.005183498276  0.005015538516  0.001880171316  0.006023192543  0.003859387684  0.004233918010  0.007034932607  0.003282235728  0.009260380924  0.004013321071  0.006023986409  0.007091952139  0.006036106994  0.006038364114  0.005371438770  0.005687894738  0.008045428018  0.005015538516  0.006023192543  
piranga_rubra_ku7046 0.003145980885  0.004191773510  0.006298246479  0.006378595438  0.004240657478  0.005242805863  0.003140289066  0.006295790211  0.000000000000  0.005309615882  0.004573099816  0.005186395080  0.004189882936  0.003768385680  0.003139396536  0.003863008764  0.003324741130  0.006302286833  0.004931579609  0.005541969767  0.004196170887  0.005245768759  0.007418586848  0.005245768759  0.006315554519  0.005374550098  0.008551371838  0.007356216851  0.004185498729  0.005242805863  
piranga_bidentata_hgoslp104 0.004062230373  0.003041590217  0.003043838001  0.005119342211  0.003075894222  0.005076455157  0.002025641830  0.006096635548  0.005309615882  0.000000000000  0.001110042071  0.003883112492  0.003040817892  0.001879288934  0.004058109113  0.003859387684  0.002113402346  0.005080529148  0.000000000000  0.003775499493  0.003044677113  0.004059882377  0.006149769064  0.004068140511  0.005090874985  0.004025088524  0.002837958120  0.002026891317  0.003040817892  0.000000000000  
piranga_ludoviciana_sdsu2648 0.003334902658  0.002221379868  0.002222882762  0.003365772457  0.001123763754  0.003334902658  0.001109734511  0.003334902658  0.004573099816  0.001110042071  0.000000000000  0.003883112492  0.002221649376  0.001879288934  0.003334902658  0.002569567474  0.001109734511  0.004453104954  0.000000000000  0.002160451052  0.001111275634  0.003335831946  0.003365772457  0.003335831946  0.003345983381  0.002679740028  0.002837958120  0.003338536221  0.001109734511  0.001110042071  
piranga_roseogularis_ku2049 0.003884373307  0.002586180918  0.006487726414  0.006555778603  0.003940496903  0.005183498276  0.002586180918  0.005183498276  0.005186395080  0.003883112492  0.003883112492  0.000000000000  0.003883112492  0.001883713025  0.003884373307  0.003904595949  0.002586180918  0.005186395080  0.003287631132  0.002341284398  0.003889409304  0.002586180918  0.005240756878  0.002586180918  0.006509172886  0.004176382101  0.007719811112  0.006487726414  0.002586180918  0.003883112492  
piranga_hepatica_ku4970 0.003007287575  0.002001318084  0.004009298405  0.004058109113  0.003037738816  0.004009013830  0.000999883545  0.005015538516  0.004189882936  0.003040817892  0.002221649376  0.003883112492  0.000000000000  0.000000000000  0.003004275995  0.002569567474  0.001055836377  0.004011029173  0.001639031932  0.005539398512  0.003007287575  0.003005029833  0.005057206775  0.003011062072  0.005026701271  0.004023734492  0.004259397300  0.005016614389  0.002001536739  0.003004275995  
piranga_hepatica_ku9084 0.000000000000  0.000000000000  0.003764064544  0.001882827315  0.000000000000  0.001880171316  0.000000000000  0.001880171316  0.003768385680  0.001879288934  0.001879288934  0.001883713025  0.000000000000  0.000000000000  0.000000000000  0.001880171316  0.000000000000  0.001880171316  0.001879288934  0.003661454385  0.000000000000  0.000000000000  0.000000000000  0.001880171316  0.005686186236  0.000000000000  0.005656922727  0.003764064544  0.000000000000  0.001879288934  
piranga_rubra_sdsu2654 0.002004544809  0.003005029833  0.005016614389  0.006097448978  0.004053996206  0.005015350327  0.002001318084  0.006023192543  0.003139396536  0.004058109113  0.003334902658  0.003884373307  0.003004275995  0.000000000000  0.000000000000  0.002571579059  0.002113402346  0.005019326553  0.003282235728  0.005541969767  0.004013321071  0.004011029173  0.007091952139  0.004019089562  0.006038364114  0.004025088524  0.007115562761  0.006026234441  0.003001270441  0.004009298405  
piranga_flava_lsu15408 0.002571579059  0.001283916777  0.005152987972  0.005206648075  0.002608472579  0.003859387684  0.001283916777  0.003859387684  0.003863008764  0.003859387684  0.002569567474  0.003904595949  0.002569567474  0.001880171316  0.002571579059  0.000000000000  0.001283916777  0.003863008764  0.003282235728  0.002298237691  0.002574889835  0.002571579059  0.005206648075  0.003863008764  0.005171566213  0.004124702813  0.006199174857  0.006450390561  0.001283916777  0.003859387684  
piranga_lutea_lsu5400 0.002113402346  0.001056114780  0.003173508282  0.004270399425  0.002138256857  0.003172667386  0.000000000000  0.004233918010  0.003324741130  0.002113402346  0.001109734511  0.002586180918  0.001055836377  0.000000000000  0.002113402346  0.001283916777  0.000000000000  0.003175955499  0.001639031932  0.004087134801  0.002115637945  0.002114762553  0.004270399425  0.002119244260  0.004245158072  0.002679740028  0.004259397300  0.004236166417  0.000000000000  0.002113402346  
piranga_olivacea_ku4672 0.005024370393  0.004014202018  0.006029932498  0.006099752376  0.005075371983  0.006026234441  0.003007223849  0.007034932607  0.006302286833  0.005080529148  0.004453104954  0.005186395080  0.004011029173  0.001880171316  0.005019326553  0.003863008764  0.003175955499  0.000000000000  0.003282235728  0.009274003010  0.005024370393  0.005023482709  0.008117798602  0.005033597294  0.007057058416  0.006728149977  0.005687894738  0.007042857602  0.004011029173  0.005019326553  
piranga_ludoviciana_sdsu2208 0.001639031932  0.001639031932  0.001639703035  0.004939699846  0.001669821190  0.003282235728  0.001639031932  0.003282235728  0.004931579609  0.000000000000  0.000000000000  0.003287631132  0.001639031932  0.001879288934  0.003282235728  0.003282235728  0.001639031932  0.003282235728  0.000000000000  0.000000000000  0.001642396080  0.001639031932  0.003290926200  0.004931579609  0.004953803005  0.000000000000  0.003345983381  0.003285519973  0.001639031932  0.000000000000  
piranga_bidentata_itm160 0.005552226625  0.001841226720  0.003691867139  0.005667609913  0.003768385680  0.007398126543  0.003687719796  0.009260380924  0.005541969767  0.003775499493  0.002160451052  0.002341284398  0.005539398512  0.003661454385  0.005541969767  0.002298237691  0.004087134801  0.009274003010  0.000000000000  0.000000000000  0.003698694724  0.003687719796  0.007515331958  0.005541969767  0.007442467057  0.004431247348  0.000000000000  0.003691867139  0.005539398512  0.003691867139  
piranga_leucoptera_fmnh481795 0.004017351818  0.003008042928  0.004015055322  0.002025641830  0.000000000000  0.003008042928  0.002003322729  0.004013321071  0.004196170887  0.003044677113  0.001111275634  0.003889409304  0.003007287575  0.000000000000  0.004013321071  0.002574889835  0.002115637945  0.005024370393  0.001642396080  0.003698694724  0.000000000000  0.004015055322  0.003029304975  0.002007344091  0.004022275187  0.004025088524  0.004269877830  0.005024370393  0.003007287575  0.003008042928  
piranga_lutea_ku89864 0.004015055322  0.001000133214  0.005019326553  0.006099752376  0.004055765869  0.005016614389  0.002002537717  0.006023986409  0.005245768759  0.004059882377  0.003335831946  0.002586180918  0.003005029833  0.000000000000  0.004011029173  0.002571579059  0.002114762553  0.005023482709  0.001639031932  0.003687719796  0.004015055322  0.000000000000  0.006075047893  0.004022275187  0.006042077110  0.004025088524  0.004259397300  0.006029932498  0.003005029833  0.004011029173  
piranga_rubriceps_lsu34818 0.006078915868  0.006075047893  0.007095241536  0.003040817892  0.003060206058  0.006075047893  0.005057206775  0.007091952139  0.007418586848  0.006149769064  0.003365772457  0.005240756878  0.005057206775  0.000000000000  0.007091952139  0.005206648075  0.004270399425  0.008117798602  0.003290926200  0.007515331958  0.003029304975  0.006075047893  0.000000000000  0.005067457723  0.007107215458  0.006787156044  0.005702398912  0.008117798602  0.006072763176  0.006075047893  
piranga_roseogularis_ku2141 0.004023131917  0.003013264913  0.005029424379  0.004066360013  0.002027695525  0.005026701271  0.002006555928  0.006036106994  0.005245768759  0.004068140511  0.003335831946  0.002586180918  0.003011062072  0.001880171316  0.004019089562  0.003863008764  0.002119244260  0.005033597294  0.004931579609  0.005541969767  0.002007344091  0.004022275187  0.005067457723  0.000000000000  0.006054270742  0.005374550098  0.007121030257  0.006042077110  0.003011062072  0.004019089562  
piranga_erythrocephala_fmnh343371 0.006044447281  0.005029424379  0.006042077110  0.006109756729  0.004063133071  0.005029424379  0.004019089562  0.006038364114  0.006315554519  0.005090874985  0.003345983381  0.006509172886  0.005026701271  0.005686186236  0.006038364114  0.005171566213  0.004245158072  0.007057058416  0.004953803005  0.007442467057  0.004022275187  0.006042077110  0.007107215458  0.006054270742  0.000000000000  0.006737215932  0.007149793818  0.007057058416  0.005026701271  0.005029424379  
piranga_erythrocephala_fmnh343370 0.004025088524  0.002679740028  0.005374550098  0.006787156044  0.004079827702  0.005371438770  0.002679740028  0.005371438770  0.005374550098  0.004025088524  0.002679740028  0.004176382101  0.004023734492  0.000000000000  0.004025088524  0.004124702813  0.002679740028  0.006728149977  0.000000000000  0.004431247348  0.004025088524  0.004025088524  0.006787156044  0.005374550098  0.006737215932  0.000000000000  0.003351590591  0.006728149977  0.002679740028  0.004025088524  
piranga_ludoviciana_sdsu2650 0.005684409059  0.004259397300  0.004263809135  0.007131186732  0.004331528645  0.005687894738  0.004259397300  0.005687894738  0.008551371838  0.002837958120  0.002837958120  0.007719811112  0.004259397300  0.005656922727  0.007115562761  0.006199174857  0.004259397300  0.005687894738  0.003345983381  0.000000000000  0.004269877830  0.004259397300  0.005702398912  0.007121030257  0.007149793818  0.003351590591  0.000000000000  0.005694281034  0.004259397300  0.002837958120  
piranga_bidentata_tepe59 0.006032293180  0.005019326553  0.005023482709  0.007124126259  0.005075371983  0.007034932607  0.004011029173  0.008045428018  0.007356216851  0.002026891317  0.003338536221  0.006487726414  0.005016614389  0.003764064544  0.006026234441  0.006450390561  0.004236166417  0.007042857602  0.003285519973  0.003691867139  0.005024370393  0.006029932498  0.008117798602  0.006042077110  0.007057058416  0.006728149977  0.005694281034  0.000000000000  0.005016614389  0.002002537717  
piranga_rubra_sdsu2635 0.003007287575  0.002001318084  0.004009298405  0.005076455157  0.003037738816  0.004009013830  0.000999883545  0.005015538516  0.004185498729  0.003040817892  0.001109734511  0.002586180918  0.002001536739  0.000000000000  0.003001270441  0.001283916777  0.000000000000  0.004011029173  0.001639031932  0.005539398512  0.003007287575  0.003005029833  0.006072763176  0.003011062072  0.005026701271  0.002679740028  0.004259397300  0.005016614389  0.000000000000  0.003004275995  
piranga_bidentata_itm141 0.004013321071  0.003005029833  0.003007223849  0.005077750314  0.003038509574  0.005015350327  0.002001318084  0.006023192543  0.005242805863  0.000000000000  0.001110042071  0.003883112492  0.003004275995  0.001879288934  0.004009298405  0.003859387684  0.002113402346  0.005019326553  0.000000000000  0.003691867139  0.003008042928  0.004011029173  0.006075047893  0.004019089562  0.005029424379  0.004025088524  0.002837958120  0.002002537717  0.003004275995  0.000000000000  

