30
piranga_rubra_ku26592 0.000000000000  0.005593566509  0.006534318227  0.011809950714  0.011820784523  0.017134514494  0.001828687592  0.015793528021  0.001314335937  0.002464025375  0.007100361443  0.006345651229  0.007844821474  0.005741456173  0.002601863511  0.005276294924  0.002643125956  0.002601863511  0.009936739644  0.006534318227  0.011820784523  0.002601863511  0.013141816226  0.006988708658  0.015793528021  0.009182944537  0.002273553701  0.006534318227  0.005214390787  0.006534318227  
piranga_flava_ku90809 0.005593566509  0.000000000000  0.006377726427  0.010649638368  0.012838106856  0.019355139887  0.001621165013  0.016727586923  0.005094840387  0.004213379116  0.006115212427  0.005170523373  0.007658736466  0.005733819111  0.005094840387  0.000000000000  0.002835833254  0.002540455986  0.009921198784  0.006377726427  0.012838106856  0.002540455986  0.011537423406  0.007788457779  0.016720091928  0.009178923790  0.002273553701  0.006377726427  0.008947761537  0.006377726427  
piranga_ludoviciana_sdsu2385 0.006534318227  0.006377726427  0.000000000000  0.009960143198  0.010825444384  0.018149369453  0.001621165013  0.015687047022  0.007272489775  0.000000000000  0.000000000000  0.003161159073  0.008396427602  0.007672380476  0.008404761627  0.006297398962  0.003970786103  0.003582010737  0.003947275260  0.000000000000  0.010825444384  0.003582010737  0.010816362316  0.004661881669  0.014453924046  0.009182944537  0.000000000000  0.000000000000  0.010825444384  0.000000000000  
piranga_rubriceps_lsu265 0.011809950714  0.010649638368  0.009960143198  0.000000000000  0.008709858823  0.016276316979  0.006848079606  0.015003598489  0.011358293093  0.011313021576  0.005664862631  0.004745240009  0.013743067236  0.005741456173  0.013753664079  0.010111212643  0.009304580136  0.008703012556  0.005934538856  0.009960143198  0.008709858823  0.008703012556  0.001234811012  0.009822686395  0.011207815948  0.005489991253  0.002273553701  0.009960143198  0.016287746728  0.009960143198  
piranga_leucoptera_lsu7783 0.011820784523  0.012838106856  0.010825444384  0.008709858823  0.000000000000  0.018162783407  0.009806631180  0.015697658717  0.013413843645  0.014904122920  0.005670910035  0.004750467007  0.014481583943  0.007672380476  0.014494805296  0.012675368527  0.009312409117  0.009609226552  0.007930998482  0.010825444384  0.000000000000  0.009609226552  0.009609226552  0.012528910192  0.013238698022  0.007332516595  0.004559151929  0.010825444384  0.016942478759  0.010825444384  
cardinalis_cardinalis_ku25393 0.017134514494  0.019355139887  0.018149369453  0.016276316979  0.018162783407  0.000000000000  0.018095677216  0.002384699699  0.020853575259  0.019228997244  0.009952851603  0.009532657885  0.021853756949  0.011529345540  0.021869404952  0.017809854220  0.014688362031  0.016916451597  0.011918705885  0.018149369453  0.018162783407  0.016916451597  0.018149369453  0.020482529988  0.021828581625  0.011031643923  0.006846027256  0.018149369453  0.024348843502  0.018149369453  
piranga_olivacea_ku2699 0.001828687592  0.001621165013  0.001621165013  0.006848079606  0.009806631180  0.018095677216  0.000000000000  0.016421631382  0.001621165013  0.002101546126  0.002058290126  0.002434037642  0.003248444703  0.003986616216  0.001621165013  0.001712797109  0.000000000000  0.000000000000  0.006256323634  0.001621165013  0.009806631180  0.000000000000  0.008156941085  0.003248444703  0.013092901350  0.005982666982  0.002273553701  0.001621165013  0.006513534922  0.001621165013  
cardinalis_cardinalis_ku21828 0.015793528021  0.016727586923  0.015687047022  0.015003598489  0.015697658717  0.002384699699  0.016421631382  0.000000000000  0.018349210124  0.017051031392  0.008517678452  0.007930344919  0.019373017085  0.011529345540  0.019385820728  0.016515062819  0.013334000616  0.014461135762  0.011918705885  0.015687047022  0.015697658717  0.014461135762  0.015687047022  0.018874087744  0.019353510981  0.011031643923  0.006846027256  0.015687047022  0.021853756949  0.015687047022  
piranga_rubra_ku7046 0.001314335937  0.005094840387  0.007272489775  0.011358293093  0.013413843645  0.020853575259  0.001621165013  0.018349210124  0.000000000000  0.002101546126  0.008645243456  0.008062079939  0.008488062440  0.005741456173  0.001203600391  0.006297398962  0.004018658141  0.003620921502  0.009936739644  0.007272489775  0.013413843645  0.003620921502  0.012177115957  0.006227104041  0.017092243545  0.009182944537  0.002273553701  0.007272489775  0.003617885505  0.007272489775  
piranga_bidentata_hgoslp104 0.002464025375  0.004213379116  0.000000000000  0.011313021576  0.014904122920  0.019228997244  0.002101546126  0.017051031392  0.002101546126  0.000000000000  0.000000000000  0.000000000000  0.006335600171  0.008344644243  0.002101546126  0.004528184620  0.002539102542  0.002101546126  0.000000000000  0.000000000000  0.014904122920  0.002101546126  0.012743625574  0.006335600171  0.010582335433  0.002763653648  0.000000000000  0.000000000000  0.006326299396  0.000000000000  
piranga_ludoviciana_sdsu2648 0.007100361443  0.006115212427  0.000000000000  0.005664862631  0.005670910035  0.009952851603  0.002058290126  0.008517678452  0.008645243456  0.000000000000  0.000000000000  0.003161159073  0.009961813899  0.007930998482  0.009973551551  0.005737999735  0.004246179109  0.004246179109  0.003947275260  0.000000000000  0.005670910035  0.004246179109  0.007092429870  0.003893484596  0.011384728351  0.009478902928  0.000000000000  0.000000000000  0.012850409400  0.000000000000  
piranga_roseogularis_ku2049 0.006345651229  0.005170523373  0.003161159073  0.004745240009  0.004750467007  0.009532657885  0.002434037642  0.007930344919  0.008062079939  0.000000000000  0.003161159073  0.000000000000  0.007936818832  0.006968416452  0.009553823482  0.004813767993  0.003161159073  0.003161159073  0.006904266002  0.003161159073  0.004750467007  0.003161159073  0.006338078185  0.002273553701  0.011133198305  0.008820020397  0.000000000000  0.003161159073  0.012768897135  0.003161159073  
piranga_hepatica_ku4970 0.007844821474  0.007658736466  0.008396427602  0.013743067236  0.014481583943  0.021853756949  0.003248444703  0.019373017085  0.008488062440  0.006335600171  0.009961813899  0.007936818832  0.000000000000  0.000000000000  0.009609226552  0.007562206325  0.005297257565  0.004778353168  0.011951849044  0.008396427602  0.014481583943  0.004778353168  0.014470358261  0.007798025622  0.018128610061  0.011041343157  0.006856922979  0.008396427602  0.012034646406  0.008396427602  
piranga_hepatica_ku9084 0.005741456173  0.005733819111  0.007672380476  0.005741456173  0.007672380476  0.011529345540  0.003986616216  0.011529345540  0.005741456173  0.008344644243  0.007930998482  0.006968416452  0.000000000000  0.000000000000  0.005741456173  0.005733819111  0.003819135377  0.003819135377  0.012047851299  0.007672380476  0.007672380476  0.003819135377  0.007672380476  0.007672380476  0.013479500342  0.011529345540  0.006856922979  0.007672380476  0.011542310403  0.007672380476  
piranga_rubra_sdsu2654 0.002601863511  0.005094840387  0.008404761627  0.013753664079  0.014494805296  0.021869404952  0.001621165013  0.019385820728  0.001203600391  0.002101546126  0.009973551551  0.009553823482  0.009609226552  0.005741456173  0.000000000000  0.007567765110  0.005302544481  0.004782653773  0.009936739644  0.008404761627  0.014494805296  0.004782653773  0.014481583943  0.006227104041  0.018137975788  0.009182944537  0.002273553701  0.008404761627  0.004778353168  0.008404761627  
piranga_flava_lsu15408 0.005276294924  0.000000000000  0.006297398962  0.010111212643  0.012675368527  0.017809854220  0.001712797109  0.016515062819  0.006297398962  0.004528184620  0.005737999735  0.004813767993  0.007562206325  0.005733819111  0.007567765110  0.000000000000  0.002672867103  0.002508591104  0.009921198784  0.006297398962  0.012675368527  0.002508591104  0.011391385643  0.008210520706  0.015224145620  0.009178923790  0.002273553701  0.006297398962  0.010111212643  0.006297398962  
piranga_lutea_lsu5400 0.002643125956  0.002835833254  0.003970786103  0.009304580136  0.009312409117  0.014688362031  0.000000000000  0.013334000616  0.004018658141  0.002539102542  0.004246179109  0.003161159073  0.005297257565  0.003819135377  0.005302544481  0.002672867103  0.000000000000  0.000000000000  0.007930998482  0.003970786103  0.009312409117  0.000000000000  0.010649638368  0.005342678862  0.013334000616  0.007332516595  0.002273553701  0.003970786103  0.007969869101  0.003970786103  
piranga_olivacea_ku4672 0.002601863511  0.002540455986  0.003582010737  0.008703012556  0.009609226552  0.016916451597  0.000000000000  0.014461135762  0.003620921502  0.002101546126  0.004246179109  0.003161159073  0.004778353168  0.003819135377  0.004782653773  0.002508591104  0.000000000000  0.000000000000  0.007930998482  0.003582010737  0.009609226552  0.000000000000  0.009601508718  0.004661881669  0.013232864521  0.007332516595  0.002273553701  0.003582010737  0.007187028366  0.003582010737  
piranga_ludoviciana_sdsu2208 0.009936739644  0.009921198784  0.003947275260  0.005934538856  0.007930998482  0.011918705885  0.006256323634  0.011918705885  0.009936739644  0.000000000000  0.003947275260  0.006904266002  0.011951849044  0.012047851299  0.009936739644  0.009921198784  0.007930998482  0.007930998482  0.000000000000  0.003947275260  0.007930998482  0.007930998482  0.007930998482  0.007930998482  0.013935730479  0.011918705885  0.002299696176  0.003947275260  0.015983651581  0.003947275260  
piranga_bidentata_itm160 0.006534318227  0.006377726427  0.000000000000  0.009960143198  0.010825444384  0.018149369453  0.001621165013  0.015687047022  0.007272489775  0.000000000000  0.000000000000  0.003161159073  0.008396427602  0.007672380476  0.008404761627  0.006297398962  0.003970786103  0.003582010737  0.003947275260  0.000000000000  0.010825444384  0.003582010737  0.010816362316  0.004661881669  0.014453924046  0.009182944537  0.000000000000  0.000000000000  0.010825444384  0.000000000000  
piranga_leucoptera_fmnh481795 0.011820784523  0.012838106856  0.010825444384  0.008709858823  0.000000000000  0.018162783407  0.009806631180  0.015697658717  0.013413843645  0.014904122920  0.005670910035  0.004750467007  0.014481583943  0.007672380476  0.014494805296  0.012675368527  0.009312409117  0.009609226552  0.007930998482  0.010825444384  0.000000000000  0.009609226552  0.009609226552  0.012528910192  0.013238698022  0.007332516595  0.004559151929  0.010825444384  0.016942478759  0.010825444384  
piranga_lutea_ku89864 0.002601863511  0.002540455986  0.003582010737  0.008703012556  0.009609226552  0.016916451597  0.000000000000  0.014461135762  0.003620921502  0.002101546126  0.004246179109  0.003161159073  0.004778353168  0.003819135377  0.004782653773  0.002508591104  0.000000000000  0.000000000000  0.007930998482  0.003582010737  0.009609226552  0.000000000000  0.009601508718  0.004661881669  0.013232864521  0.007332516595  0.002273553701  0.003582010737  0.007187028366  0.003582010737  
piranga_rubriceps_lsu34818 0.013141816226  0.011537423406  0.010816362316  0.001234811012  0.009609226552  0.018149369453  0.008156941085  0.015687047022  0.012177115957  0.012743625574  0.007092429870  0.006338078185  0.014470358261  0.007672380476  0.014481583943  0.011391385643  0.010649638368  0.009601508718  0.007930998482  0.010816362316  0.009609226552  0.009601508718  0.000000000000  0.010942964979  0.013232864521  0.007332516595  0.004559151929  0.010816362316  0.016928460421  0.010816362316  
piranga_roseogularis_ku2141 0.006988708658  0.007788457779  0.004661881669  0.009822686395  0.012528910192  0.020482529988  0.003248444703  0.018874087744  0.006227104041  0.006335600171  0.003893484596  0.002273553701  0.007798025622  0.007672380476  0.006227104041  0.008210520706  0.005342678862  0.004661881669  0.007930998482  0.004661881669  0.012528910192  0.004661881669  0.010942964979  0.000000000000  0.015675081607  0.007554081633  0.004559151929  0.004661881669  0.010942964979  0.004661881669  
piranga_erythrocephala_fmnh343371 0.015793528021  0.016720091928  0.014453924046  0.011207815948  0.013238698022  0.021828581625  0.013092901350  0.019353510981  0.017092243545  0.010582335433  0.011384728351  0.011133198305  0.018128610061  0.013479500342  0.018137975788  0.015224145620  0.013334000616  0.013232864521  0.013935730479  0.014453924046  0.013238698022  0.013232864521  0.013232864521  0.015675081607  0.000000000000  0.001825349593  0.006846027256  0.014453924046  0.020599416659  0.014453924046  
piranga_erythrocephala_fmnh343370 0.009182944537  0.009178923790  0.009182944537  0.005489991253  0.007332516595  0.011031643923  0.005982666982  0.011031643923  0.009182944537  0.002763653648  0.009478902928  0.008820020397  0.011041343157  0.011529345540  0.009182944537  0.009178923790  0.007332516595  0.007332516595  0.011918705885  0.009182944537  0.007332516595  0.007332516595  0.007332516595  0.007554081633  0.001825349593  0.000000000000  0.006846027256  0.009182944537  0.014768675240  0.009182944537  
piranga_ludoviciana_sdsu2650 0.002273553701  0.002273553701  0.000000000000  0.002273553701  0.004559151929  0.006846027256  0.002273553701  0.006846027256  0.002273553701  0.000000000000  0.000000000000  0.000000000000  0.006856922979  0.006856922979  0.002273553701  0.002273553701  0.002273553701  0.002273553701  0.002299696176  0.000000000000  0.004559151929  0.002273553701  0.004559151929  0.004559151929  0.006846027256  0.006846027256  0.000000000000  0.000000000000  0.009151184705  0.000000000000  
piranga_bidentata_tepe59 0.006534318227  0.006377726427  0.000000000000  0.009960143198  0.010825444384  0.018149369453  0.001621165013  0.015687047022  0.007272489775  0.000000000000  0.000000000000  0.003161159073  0.008396427602  0.007672380476  0.008404761627  0.006297398962  0.003970786103  0.003582010737  0.003947275260  0.000000000000  0.010825444384  0.003582010737  0.010816362316  0.004661881669  0.014453924046  0.009182944537  0.000000000000  0.000000000000  0.010825444384  0.000000000000  
piranga_rubra_sdsu2635 0.005214390787  0.008947761537  0.010825444384  0.016287746728  0.016942478759  0.024348843502  0.006513534922  0.021853756949  0.003617885505  0.006326299396  0.012850409400  0.012768897135  0.012034646406  0.011542310403  0.004778353168  0.010111212643  0.007969869101  0.007187028366  0.015983651581  0.010825444384  0.016942478759  0.007187028366  0.016928460421  0.010942964979  0.020599416659  0.014768675240  0.009151184705  0.010825444384  0.000000000000  0.010825444384  
piranga_bidentata_itm141 0.006534318227  0.006377726427  0.000000000000  0.009960143198  0.010825444384  0.018149369453  0.001621165013  0.015687047022  0.007272489775  0.000000000000  0.000000000000  0.003161159073  0.008396427602  0.007672380476  0.008404761627  0.006297398962  0.003970786103  0.003582010737  0.003947275260  0.000000000000  0.010825444384  0.003582010737  0.010816362316  0.004661881669  0.014453924046  0.009182944537  0.000000000000  0.000000000000  0.010825444384  0.000000000000  

