30
piranga_rubra_ku26592 0.000000000000  0.010434135641  0.011393044037  0.020092543482  0.016225370773  0.019097093930  0.012901191354  0.020784895495  0.004720656263  0.012353958006  0.014936039867  0.017195303255  0.014270944580  0.010983919476  0.005668768559  0.008448701526  0.011476793946  0.013323415103  0.013324698221  0.013311683085  0.018461158149  0.015272342961  0.021070022344  0.015231747907  0.019338986653  0.017802818050  0.013150369377  0.013311683085  0.005668768559  0.016973761611  
piranga_flava_ku90809 0.010434135641  0.000000000000  0.006618653837  0.013323415103  0.009493396462  0.011387576048  0.006912498831  0.012783792728  0.009475618232  0.007570507085  0.009912428806  0.011413480194  0.007570507085  0.006079920120  0.010430460515  0.002102086746  0.004756583133  0.008527685399  0.011082334885  0.008522302206  0.011596024655  0.008545860905  0.014289275816  0.008522302206  0.012502223180  0.013306255563  0.010738093520  0.008522302206  0.010430460515  0.006735515613  
piranga_ludoviciana_sdsu2385 0.011393044037  0.006618653837  0.000000000000  0.014289275816  0.008535773390  0.014270944580  0.006914502465  0.015776989178  0.014267498709  0.002828275299  0.004936205985  0.007966704082  0.008524336472  0.012219628362  0.013307809694  0.009513230943  0.011474690947  0.003775591011  0.003304995443  0.001884240519  0.010619343639  0.009502631707  0.015257171321  0.005669386680  0.013477335809  0.014431495826  0.004752637122  0.001884240519  0.013307809694  0.001677400600  
piranga_rubriceps_lsu265 0.020092543482  0.013323415103  0.014289275816  0.000000000000  0.011419829244  0.017172507345  0.016928481333  0.018790773517  0.021060132208  0.015257171321  0.017989898701  0.018390707116  0.014294489860  0.020963922181  0.020092543482  0.017034811304  0.018283492034  0.014298040100  0.020118211631  0.016217838560  0.012578346500  0.015286326807  0.004717319455  0.014284423182  0.006692766992  0.006608458331  0.020464135393  0.016217838560  0.020092543482  0.013562815740  
piranga_leucoptera_lsu7783 0.016225370773  0.009493396462  0.008535773390  0.011419829244  0.000000000000  0.013323415103  0.012912024405  0.014796753830  0.017188923245  0.009493396462  0.010930853325  0.011431970261  0.010457314897  0.015980213484  0.016225370773  0.012741106475  0.014399065714  0.010459485855  0.013344181534  0.010447870944  0.001916745022  0.011436409596  0.012384364293  0.008532345812  0.010577993553  0.011086735211  0.013170105848  0.010447870944  0.016225370773  0.013562815740  
cardinalis_cardinalis_ku25393 0.019097093930  0.011387576048  0.014270944580  0.017172507345  0.013323415103  0.000000000000  0.015897695375  0.000973793920  0.018123463527  0.015236102776  0.017960803498  0.014869282543  0.014268250426  0.017171976577  0.017158001885  0.013787107976  0.016315842048  0.016209898361  0.018962637809  0.016198025105  0.015499963801  0.015265177155  0.018144687121  0.014262150649  0.016389845931  0.016671725996  0.018005611660  0.016198025105  0.017158001885  0.018692679881  
piranga_olivacea_ku2699 0.012901191354  0.006912498831  0.006914502465  0.016928481333  0.012912024405  0.015897695375  0.000000000000  0.017534714387  0.014903218074  0.007909918209  0.009996378780  0.014863039203  0.010888600452  0.012212569327  0.013899740691  0.009987361451  0.011989841649  0.008912581742  0.011284679050  0.008903840070  0.014906352372  0.011883790633  0.017942893171  0.011886047495  0.016108611238  0.016661579651  0.010739234667  0.008903840070  0.013899740691  0.006735515613  
cardinalis_cardinalis_ku21828 0.020784895495  0.012783792728  0.015776989178  0.018790773517  0.014796753830  0.000973793920  0.017534714387  0.000000000000  0.019772707341  0.016779070528  0.019503533499  0.016031398648  0.015775060873  0.018421472729  0.018771271119  0.014861853615  0.017909193107  0.017791416010  0.020099359177  0.017776705816  0.017081582414  0.015808166738  0.019800426067  0.015767540209  0.017783334917  0.017804011710  0.019227956899  0.017776705816  0.018771271119  0.021756442458  
piranga_rubra_ku7046 0.004720656263  0.009475618232  0.014267498709  0.021060132208  0.017188923245  0.018123463527  0.014903218074  0.019772707341  0.000000000000  0.015231747907  0.017954032593  0.019523330947  0.015231747907  0.010978350090  0.000941477076  0.008448913301  0.010510190302  0.016203292803  0.017824576624  0.016194098516  0.019443536588  0.016237915777  0.022038758840  0.016194098516  0.020316773305  0.020063035446  0.017996728286  0.016194098516  0.000941477076  0.016968558307  
piranga_bidentata_hgoslp104 0.012353958006  0.007570507085  0.002828275299  0.015257171321  0.009493396462  0.015236102776  0.007909918209  0.016779070528  0.015231747907  0.000000000000  0.003945281281  0.006822604110  0.009480150222  0.010991667260  0.014270944580  0.009515768982  0.012441220650  0.004724194086  0.003305858241  0.002828906600  0.011596024655  0.010461399142  0.016227110210  0.006618391487  0.014454522441  0.014440979007  0.003560916759  0.002828906600  0.014270944580  0.005046442330  
piranga_ludoviciana_sdsu2648 0.014936039867  0.009912428806  0.004936205985  0.017989898701  0.010930853325  0.017960803498  0.009996378780  0.019503533499  0.017954032593  0.003945281281  0.000000000000  0.010261679268  0.011918521631  0.014701061865  0.016946343771  0.013241106754  0.015043868066  0.006929067927  0.004450036850  0.002957218424  0.013933412378  0.011909641331  0.019009641339  0.008910432791  0.017023406692  0.017823847267  0.007139209064  0.002957218424  0.016946343771  0.003410437984  
piranga_roseogularis_ku2049 0.017195303255  0.011413480194  0.007966704082  0.018390707116  0.011431970261  0.014869282543  0.014863039203  0.016031398648  0.019523330947  0.006822604110  0.010261679268  0.000000000000  0.012566830809  0.015935246186  0.018360700878  0.014482605974  0.017354468193  0.009114423858  0.011015077472  0.009113005331  0.013725715071  0.012553831881  0.019564394027  0.003398598586  0.017220010909  0.016864507317  0.011082900852  0.009113005331  0.018360700878  0.009449512610  
piranga_hepatica_ku4970 0.014270944580  0.007570507085  0.008524336472  0.014294489860  0.010457314897  0.014268250426  0.010888600452  0.015775060873  0.015231747907  0.009480150222  0.011918521631  0.012566830809  0.000000000000  0.013458669817  0.014270944580  0.010580232652  0.012441220650  0.010443095578  0.013324698221  0.010434135641  0.012578346500  0.006631193828  0.015263279416  0.009475405214  0.013481761684  0.014436210090  0.013150369377  0.010434135641  0.014270944580  0.006735515613  
piranga_hepatica_ku9084 0.010983919476  0.006079920120  0.012219628362  0.020963922181  0.015980213484  0.017171976577  0.012212569327  0.018421472729  0.010978350090  0.010991667260  0.014701061865  0.015935246186  0.013458669817  0.000000000000  0.012207699053  0.006075908387  0.007367124972  0.013469412171  0.014920482028  0.013450113092  0.018448524012  0.013443748744  0.022226804608  0.014690999343  0.019704501625  0.018471244520  0.015013826283  0.013450113092  0.012207699053  0.008283879285  
piranga_rubra_sdsu2654 0.005668768559  0.010430460515  0.013307809694  0.020092543482  0.016225370773  0.017158001885  0.013899740691  0.018771271119  0.000941477076  0.014270944580  0.016946343771  0.018360700878  0.014270944580  0.012207699053  0.000000000000  0.009513091689  0.011473937851  0.015241793780  0.016697597790  0.015231747907  0.018461158149  0.015272342961  0.021070022344  0.015231747907  0.019338986653  0.018936674076  0.016782449009  0.015231747907  0.000000000000  0.016968558307  
piranga_flava_lsu15408 0.008448701526  0.002102086746  0.009513230943  0.017034811304  0.012741106475  0.013787107976  0.009987361451  0.014861853615  0.008448913301  0.009515768982  0.013241106754  0.014482605974  0.010580232652  0.006075908387  0.009513091689  0.000000000000  0.005312749821  0.010583883854  0.013321856635  0.011646597369  0.015163172503  0.010611549040  0.018119445911  0.011646597369  0.015952731279  0.015637429913  0.013148494488  0.011646597369  0.009513091689  0.010348341938  
piranga_lutea_lsu5400 0.011476793946  0.004756583133  0.011474690947  0.018283492034  0.014399065714  0.016315842048  0.011989841649  0.017909193107  0.010510190302  0.012441220650  0.015043868066  0.017354468193  0.012441220650  0.007367124972  0.011473937851  0.005312749821  0.000000000000  0.013413721436  0.016844691564  0.013407207861  0.016615067467  0.013444608275  0.019264467768  0.013407207861  0.017506585643  0.019097756480  0.016942996020  0.013407207861  0.011473937851  0.011993459062  
piranga_olivacea_ku4672 0.013323415103  0.008527685399  0.003775591011  0.014298040100  0.010459485855  0.016209898361  0.008912581742  0.017791416010  0.016203292803  0.004724194086  0.006929067927  0.009114423858  0.010443095578  0.013469412171  0.015241793780  0.010583883854  0.013413721436  0.000000000000  0.006627633270  0.005671458301  0.012581975559  0.011425588164  0.015266851495  0.007570507085  0.013485371468  0.013314500679  0.005944076545  0.005671458301  0.015241793780  0.005044426024  
piranga_ludoviciana_sdsu2208 0.013324698221  0.011082334885  0.003304995443  0.020118211631  0.013344181534  0.018962637809  0.011284679050  0.020099359177  0.017824576624  0.003305858241  0.004450036850  0.011015077472  0.013324698221  0.014920482028  0.016697597790  0.013321856635  0.016844691564  0.006627633270  0.000000000000  0.001099915558  0.015578059579  0.013320838864  0.021260294765  0.009966072887  0.017852177082  0.017040165512  0.007143263027  0.001099915558  0.016697597790  0.002117924481  
piranga_bidentata_itm160 0.013311683085  0.008522302206  0.001884240519  0.016217838560  0.010447870944  0.016198025105  0.008903840070  0.017776705816  0.016194098516  0.002828906600  0.002957218424  0.009113005331  0.010434135641  0.013450113092  0.015231747907  0.011646597369  0.013407207861  0.005671458301  0.001099915558  0.000000000000  0.012568965078  0.011420088680  0.017188907570  0.007569530353  0.015425242621  0.016680108938  0.005946749012  0.000000000000  0.015231747907  0.000000000000  
piranga_leucoptera_fmnh481795 0.018461158149  0.011596024655  0.010619343639  0.012578346500  0.001916745022  0.015499963801  0.014906352372  0.017081582414  0.019443536588  0.011596024655  0.013933412378  0.013725715071  0.012578346500  0.018448524012  0.018461158149  0.015163172503  0.016615067467  0.012581975559  0.015578059579  0.012568965078  0.000000000000  0.013542524201  0.013560115931  0.010614411063  0.012726115276  0.013309761288  0.015575377864  0.012568965078  0.018461158149  0.013562815740  
piranga_lutea_ku89864 0.015272342961  0.008545860905  0.009502631707  0.015286326807  0.011436409596  0.015265177155  0.011883790633  0.015808166738  0.016237915777  0.010461399142  0.011909641331  0.012553831881  0.006631193828  0.013443748744  0.015272342961  0.010611549040  0.013444608275  0.011425588164  0.013320838864  0.011420088680  0.013542524201  0.000000000000  0.016258150916  0.010453968542  0.013503335706  0.014415491969  0.013148737589  0.011420088680  0.015272342961  0.013539056543  
piranga_rubriceps_lsu34818 0.021070022344  0.014289275816  0.015257171321  0.004717319455  0.012384364293  0.018144687121  0.017942893171  0.019800426067  0.022038758840  0.016227110210  0.019009641339  0.019564394027  0.015263279416  0.022226804608  0.021070022344  0.018119445911  0.019264467768  0.015266851495  0.021260294765  0.017188907570  0.013560115931  0.016258150916  0.000000000000  0.015252296890  0.007656502911  0.007718576279  0.021694496434  0.017188907570  0.021070022344  0.015285611797  
piranga_roseogularis_ku2141 0.015231747907  0.008522302206  0.005669386680  0.014284423182  0.008532345812  0.014262150649  0.011886047495  0.015767540209  0.016194098516  0.006618391487  0.008910432791  0.003398598586  0.009475405214  0.014690999343  0.015231747907  0.011646597369  0.013407207861  0.007570507085  0.009966072887  0.007569530353  0.010614411063  0.010453968542  0.015252296890  0.000000000000  0.013472393503  0.014424954007  0.009539060431  0.007569530353  0.015231747907  0.006738142845  
piranga_erythrocephala_fmnh343371 0.019338986653  0.012502223180  0.013477335809  0.006692766992  0.010577993553  0.016389845931  0.016108611238  0.017783334917  0.020316773305  0.014454522441  0.017023406692  0.017220010909  0.013481761684  0.019704501625  0.019338986653  0.015952731279  0.017506585643  0.013485371468  0.017852177082  0.015425242621  0.012726115276  0.013503335706  0.007656502911  0.013472393503  0.000000000000  0.001096597916  0.018023021722  0.015425242621  0.019338986653  0.015587987613  
piranga_erythrocephala_fmnh343370 0.017802818050  0.013306255563  0.014431495826  0.006608458331  0.011086735211  0.016671725996  0.016661579651  0.017804011710  0.020063035446  0.014440979007  0.017823847267  0.016864507317  0.014436210090  0.018471244520  0.018936674076  0.015637429913  0.019097756480  0.013314500679  0.017040165512  0.016680108938  0.013309761288  0.014415491969  0.007718576279  0.014424954007  0.001096597916  0.000000000000  0.016821198014  0.016680108938  0.018936674076  0.018581225539  
piranga_ludoviciana_sdsu2650 0.013150369377  0.010738093520  0.004752637122  0.020464135393  0.013170105848  0.018005611660  0.010739234667  0.019227956899  0.017996728286  0.003560916759  0.007139209064  0.011082900852  0.013150369377  0.015013826283  0.016782449009  0.013148494488  0.016942996020  0.005944076545  0.007143263027  0.005946749012  0.015575377864  0.013148737589  0.021694496434  0.009539060431  0.018023021722  0.016821198014  0.000000000000  0.005946749012  0.016782449009  0.006445003983  
piranga_bidentata_tepe59 0.013311683085  0.008522302206  0.001884240519  0.016217838560  0.010447870944  0.016198025105  0.008903840070  0.017776705816  0.016194098516  0.002828906600  0.002957218424  0.009113005331  0.010434135641  0.013450113092  0.015231747907  0.011646597369  0.013407207861  0.005671458301  0.001099915558  0.000000000000  0.012568965078  0.011420088680  0.017188907570  0.007569530353  0.015425242621  0.016680108938  0.005946749012  0.000000000000  0.015231747907  0.000000000000  
piranga_rubra_sdsu2635 0.005668768559  0.010430460515  0.013307809694  0.020092543482  0.016225370773  0.017158001885  0.013899740691  0.018771271119  0.000941477076  0.014270944580  0.016946343771  0.018360700878  0.014270944580  0.012207699053  0.000000000000  0.009513091689  0.011473937851  0.015241793780  0.016697597790  0.015231747907  0.018461158149  0.015272342961  0.021070022344  0.015231747907  0.019338986653  0.018936674076  0.016782449009  0.015231747907  0.000000000000  0.016968558307  
piranga_bidentata_itm141 0.016973761611  0.006735515613  0.001677400600  0.013562815740  0.013562815740  0.018692679881  0.006735515613  0.021756442458  0.016968558307  0.005046442330  0.003410437984  0.009449512610  0.006735515613  0.008283879285  0.016968558307  0.010348341938  0.011993459062  0.005044426024  0.002117924481  0.000000000000  0.013562815740  0.013539056543  0.015285611797  0.006738142845  0.015587987613  0.018581225539  0.006445003983  0.000000000000  0.016968558307  0.000000000000  

