30
cardinalis_cardinalis_ku21828 0.000000000000  0.000500191217  0.006530561939  0.006530561939  0.005018694336  0.005018694336  0.005018694336  0.007036096678  0.007036096678  0.005018694336  0.009059267836  0.006026676526  0.008048793918  0.006026676526  0.006026676526  0.005018694336  0.005018694336  0.008051048012  0.007037776640  0.005018694336  0.005018694336  0.005018694336  0.005018694336  0.005018694336  0.006026676526  0.008552133542  0.005018694336  0.005018694336  0.005018694336  0.005018694336  
cardinalis_cardinalis_ku25393 0.000500191217  0.000000000000  0.006026676526  0.006026676526  0.004515837231  0.004515837231  0.004515837231  0.006531955757  0.006531955757  0.004515837231  0.008553836198  0.005523178372  0.007544140336  0.005523178372  0.005523178372  0.004515837231  0.004515837231  0.007546525569  0.006533767440  0.004515837231  0.004515837231  0.004515837231  0.004515837231  0.004515837231  0.005523178372  0.008046959030  0.004515837231  0.004515837231  0.004515837231  0.004515837231  
piranga_roseogularis_ku2049 0.006530561939  0.006026676526  0.000000000000  0.002003064670  0.001501531572  0.001501531572  0.001501531572  0.003508470393  0.003508470393  0.001501531572  0.005521114419  0.002504289916  0.004514749094  0.002504289916  0.002504289916  0.001501531572  0.001501531572  0.004515837231  0.003508991656  0.001501531572  0.001501531572  0.001501531572  0.001501531572  0.001501531572  0.002504289916  0.005017199329  0.001501531572  0.001501531572  0.001501531572  0.001501531572  
piranga_roseogularis_ku2141 0.006530561939  0.006026676526  0.002003064670  0.000000000000  0.001501531572  0.001501531572  0.001501531572  0.003508470393  0.003508470393  0.001501531572  0.005521114419  0.002504289916  0.004514749094  0.002504289916  0.002504289916  0.001501531572  0.001501531572  0.004515837231  0.003508991656  0.001501531572  0.001501531572  0.001501531572  0.001501531572  0.001501531572  0.002504289916  0.005017199329  0.001501531572  0.001501531572  0.001501531572  0.001501531572  
piranga_leucoptera_fmnh481795 0.005018694336  0.004515837231  0.001501531572  0.001501531572  0.000000000000  0.000000000000  0.000000000000  0.002002829857  0.002002829857  0.000000000000  0.004011341495  0.001000706777  0.003007026996  0.001000706777  0.001000706777  0.000000000000  0.000000000000  0.003008095138  0.002003333468  0.000000000000  0.000000000000  0.000000000000  0.000000000000  0.000000000000  0.001000706777  0.003508470393  0.000000000000  0.000000000000  0.000000000000  0.000000000000  
piranga_leucoptera_lsu7783 0.005018694336  0.004515837231  0.001501531572  0.001501531572  0.000000000000  0.000000000000  0.000000000000  0.002002829857  0.002002829857  0.000000000000  0.004011341495  0.001000706777  0.003007026996  0.001000706777  0.001000706777  0.000000000000  0.000000000000  0.003008095138  0.002003333468  0.000000000000  0.000000000000  0.000000000000  0.000000000000  0.000000000000  0.001000706777  0.003508470393  0.000000000000  0.000000000000  0.000000000000  0.000000000000  
piranga_olivacea_ku2699 0.005018694336  0.004515837231  0.001501531572  0.001501531572  0.000000000000  0.000000000000  0.000000000000  0.002002829857  0.002002829857  0.000000000000  0.004011341495  0.001000706777  0.003007026996  0.001000706777  0.001000706777  0.000000000000  0.000000000000  0.003008095138  0.002003333468  0.000000000000  0.000000000000  0.000000000000  0.000000000000  0.000000000000  0.001000706777  0.003508470393  0.000000000000  0.000000000000  0.000000000000  0.000000000000  
piranga_rubriceps_lsu265 0.007036096678  0.006531955757  0.003508470393  0.003508470393  0.002002829857  0.002002829857  0.002002829857  0.000000000000  0.000000000000  0.002002829857  0.006025568238  0.003006373377  0.005018694336  0.003006373377  0.003006373377  0.002002829857  0.002002829857  0.005020066820  0.004012145892  0.002002829857  0.002002829857  0.002002829857  0.002002829857  0.002002829857  0.003006373377  0.005521114419  0.002002829857  0.002002829857  0.002002829857  0.002002829857  
piranga_rubriceps_lsu34818 0.007036096678  0.006531955757  0.003508470393  0.003508470393  0.002002829857  0.002002829857  0.002002829857  0.000000000000  0.000000000000  0.002002829857  0.006025568238  0.003006373377  0.005018694336  0.003006373377  0.003006373377  0.002002829857  0.002002829857  0.005020066820  0.004012145892  0.002002829857  0.002002829857  0.002002829857  0.002002829857  0.002002829857  0.003006373377  0.005521114419  0.002002829857  0.002002829857  0.002002829857  0.002002829857  
piranga_ludoviciana_sdsu2208 0.005018694336  0.004515837231  0.001501531572  0.001501531572  0.000000000000  0.000000000000  0.000000000000  0.002002829857  0.002002829857  0.000000000000  0.004011341495  0.001000706777  0.003007026996  0.001000706777  0.001000706777  0.000000000000  0.000000000000  0.003008095138  0.002003333468  0.000000000000  0.000000000000  0.000000000000  0.000000000000  0.000000000000  0.001000706777  0.003508470393  0.000000000000  0.000000000000  0.000000000000  0.000000000000  
piranga_hepatica_ku9084 0.009059267836  0.008553836198  0.005521114419  0.005521114419  0.004011341495  0.004011341495  0.004011341495  0.006025568238  0.006025568238  0.004011341495  0.000000000000  0.005017738384  0.007036096678  0.005017738384  0.005017738384  0.004011341495  0.004011341495  0.007037776640  0.006026676526  0.004011341495  0.004011341495  0.004011341495  0.004011341495  0.004011341495  0.005017738384  0.007539497183  0.004011341495  0.004011341495  0.004011341495  0.004011341495  
piranga_bidentata_tepe59 0.006026676526  0.005523178372  0.002504289916  0.002504289916  0.001000706777  0.001000706777  0.001000706777  0.003006373377  0.003006373377  0.001000706777  0.005017738384  0.000000000000  0.002003333468  0.000000000000  0.000000000000  0.001000706777  0.001000706777  0.004013365815  0.003007026996  0.001000706777  0.001000706777  0.001000706777  0.001000706777  0.001000706777  0.002002829857  0.004514077167  0.001000706777  0.001000706777  0.001000706777  0.001000706777  
piranga_ludoviciana_sdsu2648 0.008048793918  0.007544140336  0.004514749094  0.004514749094  0.003007026996  0.003007026996  0.003007026996  0.005018694336  0.005018694336  0.003007026996  0.007036096678  0.002003333468  0.000000000000  0.002003333468  0.002003333468  0.003007026996  0.003007026996  0.006030145358  0.005020066820  0.003007026996  0.003007026996  0.003007026996  0.003007026996  0.003007026996  0.004012145892  0.006530561939  0.003007026996  0.003007026996  0.003007026996  0.003007026996  
piranga_bidentata_itm160 0.006026676526  0.005523178372  0.002504289916  0.002504289916  0.001000706777  0.001000706777  0.001000706777  0.003006373377  0.003006373377  0.001000706777  0.005017738384  0.000000000000  0.002003333468  0.000000000000  0.000000000000  0.001000706777  0.001000706777  0.004013365815  0.003007026996  0.001000706777  0.001000706777  0.001000706777  0.001000706777  0.001000706777  0.002002829857  0.004514077167  0.001000706777  0.001000706777  0.001000706777  0.001000706777  
piranga_bidentata_itm141 0.006026676526  0.005523178372  0.002504289916  0.002504289916  0.001000706777  0.001000706777  0.001000706777  0.003006373377  0.003006373377  0.001000706777  0.005017738384  0.000000000000  0.002003333468  0.000000000000  0.000000000000  0.001000706777  0.001000706777  0.004013365815  0.003007026996  0.001000706777  0.001000706777  0.001000706777  0.001000706777  0.001000706777  0.002002829857  0.004514077167  0.001000706777  0.001000706777  0.001000706777  0.001000706777  
piranga_flava_lsu15408 0.005018694336  0.004515837231  0.001501531572  0.001501531572  0.000000000000  0.000000000000  0.000000000000  0.002002829857  0.002002829857  0.000000000000  0.004011341495  0.001000706777  0.003007026996  0.001000706777  0.001000706777  0.000000000000  0.000000000000  0.003008095138  0.002003333468  0.000000000000  0.000000000000  0.000000000000  0.000000000000  0.000000000000  0.001000706777  0.003508470393  0.000000000000  0.000000000000  0.000000000000  0.000000000000  
piranga_ludoviciana_sdsu2650 0.005018694336  0.004515837231  0.001501531572  0.001501531572  0.000000000000  0.000000000000  0.000000000000  0.002002829857  0.002002829857  0.000000000000  0.004011341495  0.001000706777  0.003007026996  0.001000706777  0.001000706777  0.000000000000  0.000000000000  0.003008095138  0.002003333468  0.000000000000  0.000000000000  0.000000000000  0.000000000000  0.000000000000  0.001000706777  0.003508470393  0.000000000000  0.000000000000  0.000000000000  0.000000000000  
piranga_erythrocephala_fmnh343370 0.008051048012  0.007546525569  0.004515837231  0.004515837231  0.003008095138  0.003008095138  0.003008095138  0.005020066820  0.005020066820  0.003008095138  0.007037776640  0.004013365815  0.006030145358  0.004013365815  0.004013365815  0.003008095138  0.003008095138  0.000000000000  0.005021855470  0.003008095138  0.003008095138  0.003008095138  0.003008095138  0.003008095138  0.004013365815  0.006531955757  0.003008095138  0.003008095138  0.003008095138  0.003008095138  
piranga_erythrocephala_fmnh343371 0.007037776640  0.006533767440  0.003508991656  0.003508991656  0.002003333468  0.002003333468  0.002003333468  0.004012145892  0.004012145892  0.002003333468  0.006026676526  0.003007026996  0.005020066820  0.003007026996  0.003007026996  0.002003333468  0.002003333468  0.005021855470  0.000000000000  0.002003333468  0.002003333468  0.002003333468  0.002003333468  0.002003333468  0.003007026996  0.005521937786  0.002003333468  0.002003333468  0.002003333468  0.002003333468  
piranga_rubra_sdsu2654 0.005018694336  0.004515837231  0.001501531572  0.001501531572  0.000000000000  0.000000000000  0.000000000000  0.002002829857  0.002002829857  0.000000000000  0.004011341495  0.001000706777  0.003007026996  0.001000706777  0.001000706777  0.000000000000  0.000000000000  0.003008095138  0.002003333468  0.000000000000  0.000000000000  0.000000000000  0.000000000000  0.000000000000  0.001000706777  0.003508470393  0.000000000000  0.000000000000  0.000000000000  0.000000000000  
piranga_ludoviciana_sdsu2385 0.005018694336  0.004515837231  0.001501531572  0.001501531572  0.000000000000  0.000000000000  0.000000000000  0.002002829857  0.002002829857  0.000000000000  0.004011341495  0.001000706777  0.003007026996  0.001000706777  0.001000706777  0.000000000000  0.000000000000  0.003008095138  0.002003333468  0.000000000000  0.000000000000  0.000000000000  0.000000000000  0.000000000000  0.001000706777  0.003508470393  0.000000000000  0.000000000000  0.000000000000  0.000000000000  
piranga_rubra_ku7046 0.005018694336  0.004515837231  0.001501531572  0.001501531572  0.000000000000  0.000000000000  0.000000000000  0.002002829857  0.002002829857  0.000000000000  0.004011341495  0.001000706777  0.003007026996  0.001000706777  0.001000706777  0.000000000000  0.000000000000  0.003008095138  0.002003333468  0.000000000000  0.000000000000  0.000000000000  0.000000000000  0.000000000000  0.001000706777  0.003508470393  0.000000000000  0.000000000000  0.000000000000  0.000000000000  
piranga_bidentata_hgoslp104 0.005018694336  0.004515837231  0.001501531572  0.001501531572  0.000000000000  0.000000000000  0.000000000000  0.002002829857  0.002002829857  0.000000000000  0.004011341495  0.001000706777  0.003007026996  0.001000706777  0.001000706777  0.000000000000  0.000000000000  0.003008095138  0.002003333468  0.000000000000  0.000000000000  0.000000000000  0.000000000000  0.000000000000  0.001000706777  0.003508470393  0.000000000000  0.000000000000  0.000000000000  0.000000000000  
piranga_rubra_sdsu2635 0.005018694336  0.004515837231  0.001501531572  0.001501531572  0.000000000000  0.000000000000  0.000000000000  0.002002829857  0.002002829857  0.000000000000  0.004011341495  0.001000706777  0.003007026996  0.001000706777  0.001000706777  0.000000000000  0.000000000000  0.003008095138  0.002003333468  0.000000000000  0.000000000000  0.000000000000  0.000000000000  0.000000000000  0.001000706777  0.003508470393  0.000000000000  0.000000000000  0.000000000000  0.000000000000  
piranga_lutea_ku89864 0.006026676526  0.005523178372  0.002504289916  0.002504289916  0.001000706777  0.001000706777  0.001000706777  0.003006373377  0.003006373377  0.001000706777  0.005017738384  0.002002829857  0.004012145892  0.002002829857  0.002002829857  0.001000706777  0.001000706777  0.004013365815  0.003007026996  0.001000706777  0.001000706777  0.001000706777  0.001000706777  0.001000706777  0.000000000000  0.002504289916  0.001000706777  0.001000706777  0.001000706777  0.001000706777  
piranga_lutea_lsu5400 0.008552133542  0.008046959030  0.005017199329  0.005017199329  0.003508470393  0.003508470393  0.003508470393  0.005521114419  0.005521114419  0.003508470393  0.007539497183  0.004514077167  0.006530561939  0.004514077167  0.004514077167  0.003508470393  0.003508470393  0.006531955757  0.005521937786  0.003508470393  0.003508470393  0.003508470393  0.003508470393  0.003508470393  0.002504289916  0.000000000000  0.003508470393  0.003508470393  0.003508470393  0.003508470393  
piranga_flava_ku90809 0.005018694336  0.004515837231  0.001501531572  0.001501531572  0.000000000000  0.000000000000  0.000000000000  0.002002829857  0.002002829857  0.000000000000  0.004011341495  0.001000706777  0.003007026996  0.001000706777  0.001000706777  0.000000000000  0.000000000000  0.003008095138  0.002003333468  0.000000000000  0.000000000000  0.000000000000  0.000000000000  0.000000000000  0.001000706777  0.003508470393  0.000000000000  0.000000000000  0.000000000000  0.000000000000  
piranga_hepatica_ku4970 0.005018694336  0.004515837231  0.001501531572  0.001501531572  0.000000000000  0.000000000000  0.000000000000  0.002002829857  0.002002829857  0.000000000000  0.004011341495  0.001000706777  0.003007026996  0.001000706777  0.001000706777  0.000000000000  0.000000000000  0.003008095138  0.002003333468  0.000000000000  0.000000000000  0.000000000000  0.000000000000  0.000000000000  0.001000706777  0.003508470393  0.000000000000  0.000000000000  0.000000000000  0.000000000000  
piranga_olivacea_ku4672 0.005018694336  0.004515837231  0.001501531572  0.001501531572  0.000000000000  0.000000000000  0.000000000000  0.002002829857  0.002002829857  0.000000000000  0.004011341495  0.001000706777  0.003007026996  0.001000706777  0.001000706777  0.000000000000  0.000000000000  0.003008095138  0.002003333468  0.000000000000  0.000000000000  0.000000000000  0.000000000000  0.000000000000  0.001000706777  0.003508470393  0.000000000000  0.000000000000  0.000000000000  0.000000000000  
piranga_rubra_ku26592 0.005018694336  0.004515837231  0.001501531572  0.001501531572  0.000000000000  0.000000000000  0.000000000000  0.002002829857  0.002002829857  0.000000000000  0.004011341495  0.001000706777  0.003007026996  0.001000706777  0.001000706777  0.000000000000  0.000000000000  0.003008095138  0.002003333468  0.000000000000  0.000000000000  0.000000000000  0.000000000000  0.000000000000  0.001000706777  0.003508470393  0.000000000000  0.000000000000  0.000000000000  0.000000000000  

