30
piranga_bidentata_tepe59 0.000000000000  0.000000000000  0.000000000000  0.000000000000  0.000000000000  0.000000000000  0.000000000000  0.000000000000  0.001001039095  0.000000000000  0.000000000000  0.000000000000  0.000000000000  0.000500259594  0.001502339585  0.000000000000  0.000000000000  0.000000000000  0.000000000000  0.000000000000  0.000000000000  0.001502339585  0.001502339585  0.002505356691  0.000000000000  0.000000000000  0.005526451196  0.002004162149  0.002004162149  0.000000000000  
cardinalis_cardinalis_ku25393 0.000000000000  0.000000000000  0.000000000000  0.000000000000  0.000000000000  0.000000000000  0.000000000000  0.000000000000  0.001001039095  0.000000000000  0.000000000000  0.000000000000  0.000000000000  0.000500259594  0.001502339585  0.000000000000  0.000000000000  0.000000000000  0.000000000000  0.000000000000  0.000000000000  0.001502339585  0.001502339585  0.002505356691  0.000000000000  0.000000000000  0.005526451196  0.002004162149  0.002004162149  0.000000000000  
piranga_rubra_sdsu2635 0.000000000000  0.000000000000  0.000000000000  0.000000000000  0.000000000000  0.000000000000  0.000000000000  0.000000000000  0.001001039095  0.000000000000  0.000000000000  0.000000000000  0.000000000000  0.000500259594  0.001502339585  0.000000000000  0.000000000000  0.000000000000  0.000000000000  0.000000000000  0.000000000000  0.001502339585  0.001502339585  0.002505356691  0.000000000000  0.000000000000  0.005526451196  0.002004162149  0.002004162149  0.000000000000  
piranga_bidentata_itm160 0.000000000000  0.000000000000  0.000000000000  0.000000000000  0.000000000000  0.000000000000  0.000000000000  0.000000000000  0.001001039095  0.000000000000  0.000000000000  0.000000000000  0.000000000000  0.000500259594  0.001502339585  0.000000000000  0.000000000000  0.000000000000  0.000000000000  0.000000000000  0.000000000000  0.001502339585  0.001502339585  0.002505356691  0.000000000000  0.000000000000  0.005526451196  0.002004162149  0.002004162149  0.000000000000  
piranga_bidentata_itm141 0.000000000000  0.000000000000  0.000000000000  0.000000000000  0.000000000000  0.000000000000  0.000000000000  0.000000000000  0.001001039095  0.000000000000  0.000000000000  0.000000000000  0.000000000000  0.000500259594  0.001502339585  0.000000000000  0.000000000000  0.000000000000  0.000000000000  0.000000000000  0.000000000000  0.001502339585  0.001502339585  0.002505356691  0.000000000000  0.000000000000  0.005526451196  0.002004162149  0.002004162149  0.000000000000  
piranga_ludoviciana_sdsu2385 0.000000000000  0.000000000000  0.000000000000  0.000000000000  0.000000000000  0.000000000000  0.000000000000  0.000000000000  0.001001039095  0.000000000000  0.000000000000  0.000000000000  0.000000000000  0.000500259594  0.001502339585  0.000000000000  0.000000000000  0.000000000000  0.000000000000  0.000000000000  0.000000000000  0.001502339585  0.001502339585  0.002505356691  0.000000000000  0.000000000000  0.005526451196  0.002004162149  0.002004162149  0.000000000000  
piranga_leucoptera_lsu7783 0.000000000000  0.000000000000  0.000000000000  0.000000000000  0.000000000000  0.000000000000  0.000000000000  0.000000000000  0.001001039095  0.000000000000  0.000000000000  0.000000000000  0.000000000000  0.000500259594  0.001502339585  0.000000000000  0.000000000000  0.000000000000  0.000000000000  0.000000000000  0.000000000000  0.001502339585  0.001502339585  0.002505356691  0.000000000000  0.000000000000  0.005526451196  0.002004162149  0.002004162149  0.000000000000  
piranga_leucoptera_fmnh481795 0.000000000000  0.000000000000  0.000000000000  0.000000000000  0.000000000000  0.000000000000  0.000000000000  0.000000000000  0.001001039095  0.000000000000  0.000000000000  0.000000000000  0.000000000000  0.000500259594  0.001502339585  0.000000000000  0.000000000000  0.000000000000  0.000000000000  0.000000000000  0.000000000000  0.001502339585  0.001502339585  0.002505356691  0.000000000000  0.000000000000  0.005526451196  0.002004162149  0.002004162149  0.000000000000  
piranga_olivacea_ku4672 0.001001039095  0.001001039095  0.001001039095  0.001001039095  0.001001039095  0.001001039095  0.001001039095  0.001001039095  0.000000000000  0.001001039095  0.001001039095  0.001001039095  0.001001039095  0.001502339585  0.002506507876  0.001001039095  0.001001039095  0.001001039095  0.001001039095  0.001001039095  0.001001039095  0.002506507876  0.002506507876  0.003511077880  0.001001039095  0.001001039095  0.006537959049  0.003009377858  0.003009377858  0.001001039095  
cardinalis_cardinalis_ku21828 0.000000000000  0.000000000000  0.000000000000  0.000000000000  0.000000000000  0.000000000000  0.000000000000  0.000000000000  0.001001039095  0.000000000000  0.000000000000  0.000000000000  0.000000000000  0.000500259594  0.001502339585  0.000000000000  0.000000000000  0.000000000000  0.000000000000  0.000000000000  0.000000000000  0.001502339585  0.001502339585  0.002505356691  0.000000000000  0.000000000000  0.005526451196  0.002004162149  0.002004162149  0.000000000000  
piranga_hepatica_ku4970 0.000000000000  0.000000000000  0.000000000000  0.000000000000  0.000000000000  0.000000000000  0.000000000000  0.000000000000  0.001001039095  0.000000000000  0.000000000000  0.000000000000  0.000000000000  0.000500259594  0.001502339585  0.000000000000  0.000000000000  0.000000000000  0.000000000000  0.000000000000  0.000000000000  0.001502339585  0.001502339585  0.002505356691  0.000000000000  0.000000000000  0.005526451196  0.002004162149  0.002004162149  0.000000000000  
piranga_ludoviciana_sdsu2650 0.000000000000  0.000000000000  0.000000000000  0.000000000000  0.000000000000  0.000000000000  0.000000000000  0.000000000000  0.001001039095  0.000000000000  0.000000000000  0.000000000000  0.000000000000  0.000500259594  0.001502339585  0.000000000000  0.000000000000  0.000000000000  0.000000000000  0.000000000000  0.000000000000  0.001502339585  0.001502339585  0.002505356691  0.000000000000  0.000000000000  0.005526451196  0.002004162149  0.002004162149  0.000000000000  
piranga_ludoviciana_sdsu2208 0.000000000000  0.000000000000  0.000000000000  0.000000000000  0.000000000000  0.000000000000  0.000000000000  0.000000000000  0.001001039095  0.000000000000  0.000000000000  0.000000000000  0.000000000000  0.000500259594  0.001502339585  0.000000000000  0.000000000000  0.000000000000  0.000000000000  0.000000000000  0.000000000000  0.001502339585  0.001502339585  0.002505356691  0.000000000000  0.000000000000  0.005526451196  0.002004162149  0.002004162149  0.000000000000  
piranga_hepatica_ku9084 0.000500259594  0.000500259594  0.000500259594  0.000500259594  0.000500259594  0.000500259594  0.000500259594  0.000500259594  0.001502339585  0.000500259594  0.000500259594  0.000500259594  0.000500259594  0.000000000000  0.002004162149  0.000500259594  0.000500259594  0.000500259594  0.000500259594  0.000500259594  0.000500259594  0.002004162149  0.002004162149  0.003007954895  0.000500259594  0.000500259594  0.006031939703  0.002506507876  0.002506507876  0.000500259594  
piranga_bidentata_hgoslp104 0.001502339585  0.001502339585  0.001502339585  0.001502339585  0.001502339585  0.001502339585  0.001502339585  0.001502339585  0.002506507876  0.001502339585  0.001502339585  0.001502339585  0.001502339585  0.002004162149  0.000000000000  0.001502339585  0.001502339585  0.001502339585  0.001502339585  0.001502339585  0.001502339585  0.003009377858  0.003009377858  0.004014726746  0.001502339585  0.001502339585  0.007044510349  0.003512773190  0.003512773190  0.001502339585  
piranga_rubra_sdsu2654 0.000000000000  0.000000000000  0.000000000000  0.000000000000  0.000000000000  0.000000000000  0.000000000000  0.000000000000  0.001001039095  0.000000000000  0.000000000000  0.000000000000  0.000000000000  0.000500259594  0.001502339585  0.000000000000  0.000000000000  0.000000000000  0.000000000000  0.000000000000  0.000000000000  0.001502339585  0.001502339585  0.002505356691  0.000000000000  0.000000000000  0.005526451196  0.002004162149  0.002004162149  0.000000000000  
piranga_lutea_lsu5400 0.000000000000  0.000000000000  0.000000000000  0.000000000000  0.000000000000  0.000000000000  0.000000000000  0.000000000000  0.001001039095  0.000000000000  0.000000000000  0.000000000000  0.000000000000  0.000500259594  0.001502339585  0.000000000000  0.000000000000  0.000000000000  0.000000000000  0.000000000000  0.000000000000  0.001502339585  0.001502339585  0.002505356691  0.000000000000  0.000000000000  0.005526451196  0.002004162149  0.002004162149  0.000000000000  
piranga_flava_lsu15408 0.000000000000  0.000000000000  0.000000000000  0.000000000000  0.000000000000  0.000000000000  0.000000000000  0.000000000000  0.001001039095  0.000000000000  0.000000000000  0.000000000000  0.000000000000  0.000500259594  0.001502339585  0.000000000000  0.000000000000  0.000000000000  0.000000000000  0.000000000000  0.000000000000  0.001502339585  0.001502339585  0.002505356691  0.000000000000  0.000000000000  0.005526451196  0.002004162149  0.002004162149  0.000000000000  
piranga_flava_ku90809 0.000000000000  0.000000000000  0.000000000000  0.000000000000  0.000000000000  0.000000000000  0.000000000000  0.000000000000  0.001001039095  0.000000000000  0.000000000000  0.000000000000  0.000000000000  0.000500259594  0.001502339585  0.000000000000  0.000000000000  0.000000000000  0.000000000000  0.000000000000  0.000000000000  0.001502339585  0.001502339585  0.002505356691  0.000000000000  0.000000000000  0.005526451196  0.002004162149  0.002004162149  0.000000000000  
piranga_rubra_ku7046 0.000000000000  0.000000000000  0.000000000000  0.000000000000  0.000000000000  0.000000000000  0.000000000000  0.000000000000  0.001001039095  0.000000000000  0.000000000000  0.000000000000  0.000000000000  0.000500259594  0.001502339585  0.000000000000  0.000000000000  0.000000000000  0.000000000000  0.000000000000  0.000000000000  0.001502339585  0.001502339585  0.002505356691  0.000000000000  0.000000000000  0.005526451196  0.002004162149  0.002004162149  0.000000000000  
piranga_erythrocephala_fmnh343370 0.000000000000  0.000000000000  0.000000000000  0.000000000000  0.000000000000  0.000000000000  0.000000000000  0.000000000000  0.001001039095  0.000000000000  0.000000000000  0.000000000000  0.000000000000  0.000500259594  0.001502339585  0.000000000000  0.000000000000  0.000000000000  0.000000000000  0.000000000000  0.000000000000  0.001502339585  0.001502339585  0.002505356691  0.000000000000  0.000000000000  0.005526451196  0.002004162149  0.002004162149  0.000000000000  
piranga_roseogularis_ku2049 0.001502339585  0.001502339585  0.001502339585  0.001502339585  0.001502339585  0.001502339585  0.001502339585  0.001502339585  0.002506507876  0.001502339585  0.001502339585  0.001502339585  0.001502339585  0.002004162149  0.003009377858  0.001502339585  0.001502339585  0.001502339585  0.001502339585  0.001502339585  0.001502339585  0.000000000000  0.000000000000  0.004014726746  0.001502339585  0.001502339585  0.007044510349  0.003512773190  0.003512773190  0.001502339585  
piranga_roseogularis_ku2141 0.001502339585  0.001502339585  0.001502339585  0.001502339585  0.001502339585  0.001502339585  0.001502339585  0.001502339585  0.002506507876  0.001502339585  0.001502339585  0.001502339585  0.001502339585  0.002004162149  0.003009377858  0.001502339585  0.001502339585  0.001502339585  0.001502339585  0.001502339585  0.001502339585  0.000000000000  0.000000000000  0.004014726746  0.001502339585  0.001502339585  0.007044510349  0.003512773190  0.003512773190  0.001502339585  
piranga_ludoviciana_sdsu2648 0.002505356691  0.002505356691  0.002505356691  0.002505356691  0.002505356691  0.002505356691  0.002505356691  0.002505356691  0.003511077880  0.002505356691  0.002505356691  0.002505356691  0.002505356691  0.003007954895  0.004014726746  0.002505356691  0.002505356691  0.002505356691  0.002505356691  0.002505356691  0.002505356691  0.004014726746  0.004014726746  0.000000000000  0.002505356691  0.002505356691  0.008055848325  0.004518902590  0.004518902590  0.002505356691  
piranga_erythrocephala_fmnh343371 0.000000000000  0.000000000000  0.000000000000  0.000000000000  0.000000000000  0.000000000000  0.000000000000  0.000000000000  0.001001039095  0.000000000000  0.000000000000  0.000000000000  0.000000000000  0.000500259594  0.001502339585  0.000000000000  0.000000000000  0.000000000000  0.000000000000  0.000000000000  0.000000000000  0.001502339585  0.001502339585  0.002505356691  0.000000000000  0.000000000000  0.005526451196  0.002004162149  0.002004162149  0.000000000000  
piranga_olivacea_ku2699 0.000000000000  0.000000000000  0.000000000000  0.000000000000  0.000000000000  0.000000000000  0.000000000000  0.000000000000  0.001001039095  0.000000000000  0.000000000000  0.000000000000  0.000000000000  0.000500259594  0.001502339585  0.000000000000  0.000000000000  0.000000000000  0.000000000000  0.000000000000  0.000000000000  0.001502339585  0.001502339585  0.002505356691  0.000000000000  0.000000000000  0.005526451196  0.002004162149  0.002004162149  0.000000000000  
piranga_lutea_ku89864 0.005526451196  0.005526451196  0.005526451196  0.005526451196  0.005526451196  0.005526451196  0.005526451196  0.005526451196  0.006537959049  0.005526451196  0.005526451196  0.005526451196  0.005526451196  0.006031939703  0.007044510349  0.005526451196  0.005526451196  0.005526451196  0.005526451196  0.005526451196  0.005526451196  0.007044510349  0.007044510349  0.008055848325  0.005526451196  0.005526451196  0.000000000000  0.007551594724  0.007551594724  0.005526451196  
piranga_rubriceps_lsu265 0.002004162149  0.002004162149  0.002004162149  0.002004162149  0.002004162149  0.002004162149  0.002004162149  0.002004162149  0.003009377858  0.002004162149  0.002004162149  0.002004162149  0.002004162149  0.002506507876  0.003512773190  0.002004162149  0.002004162149  0.002004162149  0.002004162149  0.002004162149  0.002004162149  0.003512773190  0.003512773190  0.004518902590  0.002004162149  0.002004162149  0.007551594724  0.000000000000  0.000000000000  0.002004162149  
piranga_rubriceps_lsu34818 0.002004162149  0.002004162149  0.002004162149  0.002004162149  0.002004162149  0.002004162149  0.002004162149  0.002004162149  0.003009377858  0.002004162149  0.002004162149  0.002004162149  0.002004162149  0.002506507876  0.003512773190  0.002004162149  0.002004162149  0.002004162149  0.002004162149  0.002004162149  0.002004162149  0.003512773190  0.003512773190  0.004518902590  0.002004162149  0.002004162149  0.007551594724  0.000000000000  0.000000000000  0.002004162149  
piranga_rubra_ku26592 0.000000000000  0.000000000000  0.000000000000  0.000000000000  0.000000000000  0.000000000000  0.000000000000  0.000000000000  0.001001039095  0.000000000000  0.000000000000  0.000000000000  0.000000000000  0.000500259594  0.001502339585  0.000000000000  0.000000000000  0.000000000000  0.000000000000  0.000000000000  0.000000000000  0.001502339585  0.001502339585  0.002505356691  0.000000000000  0.000000000000  0.005526451196  0.002004162149  0.002004162149  0.000000000000  

