30
piranga_rubra_ku26592 0.000000000000  0.003459079654  0.003459079654  0.003459079654  0.003459079654  0.006937348746  0.006937348746  0.006937348746  0.003459079654  0.003459079654  0.006937348746  0.003459079654  0.003459079654  0.006939965294  0.006937348746  0.006939965294  0.006939965294  0.003459079654  0.004482418351  0.003459079654  0.003459079654  0.003459079654  0.003459079654  0.003459079654  0.006937348746  0.003459079654  0.010434903320  0.003459079654  0.003459079654  0.003459079654  
piranga_flava_ku90809 0.003459079654  0.000000000000  0.002851860044  0.002854119188  0.004288099993  0.011491464732  0.004314832018  0.010044651913  0.000000000000  0.001424762432  0.006148265761  0.003449815916  0.000000000000  0.003973803838  0.003296298275  0.003829244921  0.001547760122  0.001424762432  0.000000000000  0.001424762432  0.004288099993  0.001536401931  0.002854119188  0.007456125229  0.008608489538  0.005365678309  0.005867687244  0.002854119188  0.001424762432  0.001424762432  
piranga_ludoviciana_sdsu2385 0.003459079654  0.002851860044  0.000000000000  0.002851860044  0.004284023763  0.011489100795  0.004313437910  0.010041387781  0.002860016428  0.001424308683  0.003066089987  0.001721551827  0.003213902057  0.001983753895  0.004953685482  0.005755121834  0.004654766260  0.001424308683  0.000000000000  0.001424308683  0.004284023763  0.004620531875  0.002851860044  0.007453616361  0.008601606821  0.002674720299  0.003903991916  0.002851860044  0.001424308683  0.001424308683  
piranga_rubriceps_lsu265 0.003459079654  0.002854119188  0.002851860044  0.000000000000  0.001424762432  0.011491464732  0.004314832018  0.010044651913  0.002862288529  0.001424762432  0.006148265761  0.003449815916  0.003216772115  0.003973803838  0.006617293020  0.007689402763  0.004656390458  0.001424762432  0.000000000000  0.001424762432  0.001424762432  0.004625274718  0.000000000000  0.007456125229  0.005720829740  0.000000000000  0.005867687244  0.002854119188  0.001424762432  0.001424762432  
piranga_leucoptera_lsu7783 0.003459079654  0.004288099993  0.004284023763  0.001424762432  0.000000000000  0.011491464732  0.005762034752  0.010044651913  0.004300393769  0.002854119188  0.006148265761  0.005184844814  0.003216772115  0.003973803838  0.008287167757  0.009632161377  0.004656390458  0.002854119188  0.000000000000  0.002854119188  0.000000000000  0.004625274718  0.001424762432  0.007456125229  0.007162308169  0.000000000000  0.005867687244  0.004288099993  0.002854119188  0.002854119188  
cardinalis_cardinalis_ku25393 0.006937348746  0.011491464732  0.011489100795  0.011491464732  0.011491464732  0.000000000000  0.013035798495  0.004284023763  0.011524574427  0.010041387781  0.007694497309  0.013909079707  0.006457059169  0.009988296477  0.016662444851  0.019400877473  0.007786975852  0.010041387781  0.002977335867  0.010041387781  0.011491464732  0.007735823396  0.011491464732  0.013489655337  0.017329761028  0.008073072385  0.009821370212  0.011491464732  0.010041387781  0.010041387781  
piranga_olivacea_ku2699 0.006937348746  0.004314832018  0.004313437910  0.004314832018  0.005762034752  0.013035798495  0.000000000000  0.011574598274  0.004327279750  0.002872338858  0.007694497309  0.005178884174  0.004867951444  0.005970152045  0.008276818347  0.009623038623  0.006263801460  0.002872338858  0.002977335867  0.002872338858  0.005762034752  0.006218919407  0.004314832018  0.009024178270  0.010123340136  0.008058611438  0.007834101621  0.004314832018  0.002872338858  0.002872338858  
cardinalis_cardinalis_ku21828 0.006937348746  0.010044651913  0.010041387781  0.010044651913  0.010044651913  0.004284023763  0.011574598274  0.000000000000  0.010073562866  0.008597452511  0.007694497309  0.012155224244  0.006457059169  0.009988296477  0.014980087101  0.017436182402  0.007786975852  0.008597452511  0.005974805380  0.008597452511  0.010044651913  0.007735823396  0.010044651913  0.011978608077  0.015870377112  0.005365678309  0.009821370212  0.010044651913  0.008597452511  0.008597452511  
piranga_rubra_ku7046 0.003459079654  0.000000000000  0.002860016428  0.002862288529  0.004300393769  0.011524574427  0.004327279750  0.010073562866  0.000000000000  0.001426795278  0.006167224815  0.003455776843  0.000000000000  0.003981715148  0.003301740060  0.003843964459  0.001550159399  0.001426795278  0.000000000000  0.001428833933  0.004300393769  0.001538766096  0.002862288529  0.007467260778  0.008633263378  0.005365678309  0.005856232936  0.002862288529  0.001426795278  0.001428833933  
piranga_bidentata_hgoslp104 0.003459079654  0.001424762432  0.001424308683  0.001424762432  0.002854119188  0.010041387781  0.002872338858  0.008597452511  0.001426795278  0.000000000000  0.004604753230  0.001718593176  0.001602894642  0.001979826401  0.004945519215  0.005755121834  0.003094554605  0.000000000000  0.000000000000  0.000000000000  0.002854119188  0.003073417500  0.001424762432  0.005947157967  0.007162308169  0.002674720299  0.003896386156  0.001424762432  0.000000000000  0.000000000000  
piranga_ludoviciana_sdsu2648 0.006937348746  0.006148265761  0.003066089987  0.006148265761  0.006148265761  0.007694497309  0.007694497309  0.007694497309  0.006167224815  0.004604753230  0.000000000000  0.005522064960  0.004931974912  0.005970152045  0.008801331389  0.008254438361  0.006343268222  0.004604753230  0.002977335867  0.004604753230  0.006148265761  0.006297244622  0.006148265761  0.010800577077  0.007702997662  0.005365678309  0.005867687244  0.006148265761  0.004604753230  0.004604753230  
piranga_roseogularis_ku2049 0.003459079654  0.003449815916  0.001721551827  0.003449815916  0.005184844814  0.013909079707  0.005178884174  0.012155224244  0.003455776843  0.001718593176  0.005522064960  0.000000000000  0.003986123319  0.003965923904  0.006914717415  0.007689402763  0.005722189585  0.001718593176  0.000000000000  0.001721551827  0.005184844814  0.005675274567  0.003449815916  0.001805473788  0.010416989723  0.005365678309  0.006220525696  0.003449815916  0.001718593176  0.001721551827  
piranga_hepatica_ku4970 0.003459079654  0.000000000000  0.003213902057  0.003216772115  0.003216772115  0.006457059169  0.004867951444  0.006457059169  0.000000000000  0.001602894642  0.004931974912  0.003986123319  0.000000000000  0.004307597490  0.003782571752  0.002251772033  0.001602320338  0.001602894642  0.000000000000  0.001605468040  0.003216772115  0.001602894642  0.003216772115  0.008056865878  0.004833954807  0.005365678309  0.005856232936  0.003216772115  0.001602894642  0.001605468040  
piranga_hepatica_ku9084 0.006939965294  0.003973803838  0.001983753895  0.003973803838  0.003973803838  0.009988296477  0.005970152045  0.009988296477  0.003981715148  0.001979826401  0.005970152045  0.003965923904  0.004307597490  0.000000000000  0.007965016824  0.002066665991  0.002049721601  0.001979826401  0.003648381160  0.001983753895  0.003973803838  0.006106566143  0.003973803838  0.003965923904  0.007974671259  0.005357687367  0.002242800911  0.001983753895  0.001979826401  0.001983753895  
piranga_rubra_sdsu2654 0.006937348746  0.003296298275  0.004953685482  0.006617293020  0.008287167757  0.016662444851  0.008276818347  0.014980087101  0.003301740060  0.004945519215  0.008801331389  0.006914717415  0.003782571752  0.007965016824  0.000000000000  0.007689402763  0.005441929021  0.004945519215  0.000000000000  0.004953685482  0.008287167757  0.005399479238  0.006617293020  0.012164044961  0.013317018929  0.010797104542  0.009860107541  0.006617293020  0.004945519215  0.004953685482  
piranga_flava_lsu15408 0.006939965294  0.003829244921  0.005755121834  0.007689402763  0.009632161377  0.019400877473  0.009623038623  0.017436182402  0.003843964459  0.005755121834  0.008254438361  0.007689402763  0.002251772033  0.002066665991  0.007689402763  0.000000000000  0.000000000000  0.005755121834  0.003951100306  0.005755121834  0.009632161377  0.004243617895  0.007689402763  0.008126846763  0.011570986430  0.008058611438  0.004719875382  0.005755121834  0.005755121834  0.005755121834  
piranga_lutea_lsu5400 0.006939965294  0.001547760122  0.004654766260  0.004656390458  0.004656390458  0.007786975852  0.006263801460  0.007786975852  0.001550159399  0.003094554605  0.006343268222  0.005722189585  0.001602320338  0.002049721601  0.005441929021  0.000000000000  0.000000000000  0.003094554605  0.002966527873  0.003099350171  0.004656390458  0.003094554605  0.004656390458  0.009333001452  0.006218919407  0.008058611438  0.003900607100  0.004656390458  0.003094554605  0.003099350171  
piranga_olivacea_ku4672 0.003459079654  0.001424762432  0.001424308683  0.001424762432  0.002854119188  0.010041387781  0.002872338858  0.008597452511  0.001426795278  0.000000000000  0.004604753230  0.001718593176  0.001602894642  0.001979826401  0.004945519215  0.005755121834  0.003094554605  0.000000000000  0.000000000000  0.000000000000  0.002854119188  0.003073417500  0.001424762432  0.005947157967  0.007162308169  0.002674720299  0.003896386156  0.001424762432  0.000000000000  0.000000000000  
piranga_ludoviciana_sdsu2208 0.004482418351  0.000000000000  0.000000000000  0.000000000000  0.000000000000  0.002977335867  0.002977335867  0.005974805380  0.000000000000  0.000000000000  0.002977335867  0.000000000000  0.000000000000  0.003648381160  0.000000000000  0.003951100306  0.002966527873  0.000000000000  0.000000000000  0.000000000000  0.000000000000  0.000000000000  0.000000000000  0.008941938889  0.002977335867  0.000000000000  0.005947157967  0.002977335867  0.000000000000  0.000000000000  
piranga_bidentata_itm160 0.003459079654  0.001424762432  0.001424308683  0.001424762432  0.002854119188  0.010041387781  0.002872338858  0.008597452511  0.001428833933  0.000000000000  0.004604753230  0.001721551827  0.001605468040  0.001983753895  0.004953685482  0.005755121834  0.003099350171  0.000000000000  0.000000000000  0.000000000000  0.002854119188  0.003078147736  0.001424762432  0.005956013386  0.007162308169  0.002674720299  0.003903991916  0.001424762432  0.000000000000  0.000000000000  
piranga_leucoptera_fmnh481795 0.003459079654  0.004288099993  0.004284023763  0.001424762432  0.000000000000  0.011491464732  0.005762034752  0.010044651913  0.004300393769  0.002854119188  0.006148265761  0.005184844814  0.003216772115  0.003973803838  0.008287167757  0.009632161377  0.004656390458  0.002854119188  0.000000000000  0.002854119188  0.000000000000  0.004625274718  0.001424762432  0.007456125229  0.007162308169  0.000000000000  0.005867687244  0.004288099993  0.002854119188  0.002854119188  
piranga_lutea_ku89864 0.003459079654  0.001536401931  0.004620531875  0.004625274718  0.004625274718  0.007735823396  0.006218919407  0.007735823396  0.001538766096  0.003073417500  0.006297244622  0.005675274567  0.001602894642  0.006106566143  0.005399479238  0.004243617895  0.003094554605  0.003073417500  0.000000000000  0.003078147736  0.004625274718  0.000000000000  0.004625274718  0.009265796763  0.006177820574  0.008073072385  0.007824783489  0.004625274718  0.003073417500  0.003078147736  
piranga_rubriceps_lsu34818 0.003459079654  0.002854119188  0.002851860044  0.000000000000  0.001424762432  0.011491464732  0.004314832018  0.010044651913  0.002862288529  0.001424762432  0.006148265761  0.003449815916  0.003216772115  0.003973803838  0.006617293020  0.007689402763  0.004656390458  0.001424762432  0.000000000000  0.001424762432  0.001424762432  0.004625274718  0.000000000000  0.007456125229  0.005720829740  0.000000000000  0.005867687244  0.002854119188  0.001424762432  0.001424762432  
piranga_roseogularis_ku2141 0.003459079654  0.007456125229  0.007453616361  0.007456125229  0.007456125229  0.013489655337  0.009024178270  0.011978608077  0.007467260778  0.005947157967  0.010800577077  0.001805473788  0.008056865878  0.003965923904  0.012164044961  0.008126846763  0.009333001452  0.005947157967  0.008941938889  0.005956013386  0.007456125229  0.009265796763  0.007456125229  0.000000000000  0.011978608077  0.005365678309  0.011767561878  0.007456125229  0.005947157967  0.005956013386  
piranga_erythrocephala_fmnh343371 0.006937348746  0.008608489538  0.008601606821  0.005720829740  0.007162308169  0.017329761028  0.010123340136  0.015870377112  0.008633263378  0.007162308169  0.007702997662  0.010416989723  0.004833954807  0.007974671259  0.013317018929  0.011570986430  0.006218919407  0.007162308169  0.002977335867  0.007162308169  0.007162308169  0.006177820574  0.005720829740  0.011978608077  0.000000000000  0.002674720299  0.007840120638  0.008608489538  0.007162308169  0.007162308169  
piranga_erythrocephala_fmnh343370 0.003459079654  0.005365678309  0.002674720299  0.000000000000  0.000000000000  0.008073072385  0.008058611438  0.005365678309  0.005365678309  0.002674720299  0.005365678309  0.005365678309  0.005365678309  0.005357687367  0.010797104542  0.008058611438  0.008058611438  0.002674720299  0.000000000000  0.002674720299  0.000000000000  0.008073072385  0.000000000000  0.005365678309  0.002674720299  0.000000000000  0.008058611438  0.002674720299  0.002674720299  0.002674720299  
piranga_ludoviciana_sdsu2650 0.010434903320  0.005867687244  0.003903991916  0.005867687244  0.005867687244  0.009821370212  0.007834101621  0.009821370212  0.005856232936  0.003896386156  0.005867687244  0.006220525696  0.005856232936  0.002242800911  0.009860107541  0.004719875382  0.003900607100  0.003896386156  0.005947157967  0.003903991916  0.005867687244  0.007824783489  0.005867687244  0.011767561878  0.007840120638  0.008058611438  0.000000000000  0.005867687244  0.003896386156  0.003903991916  
piranga_bidentata_tepe59 0.003459079654  0.002854119188  0.002851860044  0.002854119188  0.004288099993  0.011491464732  0.004314832018  0.010044651913  0.002862288529  0.001424762432  0.006148265761  0.003449815916  0.003216772115  0.001983753895  0.006617293020  0.005755121834  0.004656390458  0.001424762432  0.002977335867  0.001424762432  0.004288099993  0.004625274718  0.002854119188  0.007456125229  0.008608489538  0.002674720299  0.005867687244  0.000000000000  0.001424762432  0.001424762432  
piranga_rubra_sdsu2635 0.003459079654  0.001424762432  0.001424308683  0.001424762432  0.002854119188  0.010041387781  0.002872338858  0.008597452511  0.001426795278  0.000000000000  0.004604753230  0.001718593176  0.001602894642  0.001979826401  0.004945519215  0.005755121834  0.003094554605  0.000000000000  0.000000000000  0.000000000000  0.002854119188  0.003073417500  0.001424762432  0.005947157967  0.007162308169  0.002674720299  0.003896386156  0.001424762432  0.000000000000  0.000000000000  
piranga_bidentata_itm141 0.003459079654  0.001424762432  0.001424308683  0.001424762432  0.002854119188  0.010041387781  0.002872338858  0.008597452511  0.001428833933  0.000000000000  0.004604753230  0.001721551827  0.001605468040  0.001983753895  0.004953685482  0.005755121834  0.003099350171  0.000000000000  0.000000000000  0.000000000000  0.002854119188  0.003078147736  0.001424762432  0.005956013386  0.007162308169  0.002674720299  0.003903991916  0.001424762432  0.000000000000  0.000000000000  

