30
piranga_rubra_ku26592 0.000000000000  0.000000000000  0.000000000000  0.001927499759  0.001942476276  0.001942476276  0.000000000000  0.001927499759  0.000000000000  0.000000000000  0.000000000000  0.000000000000  0.000000000000  0.000000000000  0.000000000000  0.000000000000  0.000000000000  0.001927499759  0.000000000000  0.000000000000  0.001927499759  0.000000000000  0.001927499759  0.004959643284  0.002446144679  0.003450583141  0.003652221022  0.000000000000  0.000000000000  0.000000000000  
piranga_flava_ku90809 0.000000000000  0.000000000000  0.000000000000  0.001927499759  0.001942476276  0.001942476276  0.000000000000  0.001927499759  0.000000000000  0.000000000000  0.000000000000  0.000000000000  0.000000000000  0.000000000000  0.000000000000  0.000000000000  0.000000000000  0.001927499759  0.000000000000  0.000000000000  0.001927499759  0.000000000000  0.001927499759  0.004959643284  0.002446144679  0.003450583141  0.003652221022  0.000000000000  0.000000000000  0.000000000000  
piranga_ludoviciana_sdsu2385 0.000000000000  0.000000000000  0.000000000000  0.001927499759  0.001942476276  0.001942476276  0.000000000000  0.001927499759  0.000000000000  0.000000000000  0.000000000000  0.000000000000  0.000000000000  0.000000000000  0.000000000000  0.000000000000  0.000000000000  0.001927499759  0.000000000000  0.000000000000  0.001927499759  0.000000000000  0.001927499759  0.004959643284  0.002446144679  0.003450583141  0.003652221022  0.000000000000  0.000000000000  0.000000000000  
piranga_rubriceps_lsu265 0.001927499759  0.001927499759  0.001927499759  0.000000000000  0.000000000000  0.000000000000  0.002787018276  0.000000000000  0.001927499759  0.001927499759  0.003186680058  0.002520119827  0.001927499759  0.002995749303  0.001927499759  0.002370754753  0.001927499759  0.003863899671  0.002494969266  0.001927499759  0.000000000000  0.001934959039  0.000000000000  0.007459319529  0.000000000000  0.000000000000  0.007336528592  0.001927499759  0.001927499759  0.001927499759  
piranga_leucoptera_lsu7783 0.001942476276  0.001942476276  0.001942476276  0.000000000000  0.000000000000  0.000000000000  0.002818438552  0.000000000000  0.001942476276  0.001942476276  0.003186680058  0.002520119827  0.001942476276  0.002995749303  0.001942476276  0.002387737015  0.001942476276  0.003893991874  0.002520119827  0.001942476276  0.000000000000  0.001942476276  0.000000000000  0.007534254903  0.000000000000  0.000000000000  0.007336528592  0.001942476276  0.001942476276  0.001942476276  
cardinalis_cardinalis_ku25393 0.001942476276  0.001942476276  0.001942476276  0.000000000000  0.000000000000  0.000000000000  0.002818438552  0.000000000000  0.001942476276  0.001942476276  0.003186680058  0.002520119827  0.001942476276  0.002995749303  0.001942476276  0.002387737015  0.001942476276  0.003893991874  0.002520119827  0.001942476276  0.000000000000  0.001942476276  0.000000000000  0.007534254903  0.000000000000  0.000000000000  0.007336528592  0.001942476276  0.001942476276  0.001942476276  
piranga_olivacea_ku2699 0.000000000000  0.000000000000  0.000000000000  0.002787018276  0.002818438552  0.002818438552  0.000000000000  0.002787018276  0.000000000000  0.000000000000  0.000000000000  0.000000000000  0.000000000000  0.000000000000  0.000000000000  0.000000000000  0.000000000000  0.002787018276  0.000000000000  0.000000000000  0.002787018276  0.000000000000  0.002787018276  0.002784922167  0.002787018276  0.003450583141  0.003652221022  0.000000000000  0.000000000000  0.000000000000  
cardinalis_cardinalis_ku21828 0.001927499759  0.001927499759  0.001927499759  0.000000000000  0.000000000000  0.000000000000  0.002787018276  0.000000000000  0.001927499759  0.001927499759  0.003186680058  0.002520119827  0.001927499759  0.002995749303  0.001927499759  0.002370754753  0.001927499759  0.003863899671  0.002494969266  0.001927499759  0.000000000000  0.001934959039  0.000000000000  0.007459319529  0.000000000000  0.000000000000  0.007336528592  0.001927499759  0.001927499759  0.001927499759  
piranga_rubra_ku7046 0.000000000000  0.000000000000  0.000000000000  0.001927499759  0.001942476276  0.001942476276  0.000000000000  0.001927499759  0.000000000000  0.000000000000  0.000000000000  0.000000000000  0.000000000000  0.000000000000  0.000000000000  0.000000000000  0.000000000000  0.001927499759  0.000000000000  0.000000000000  0.001927499759  0.000000000000  0.001927499759  0.004959643284  0.002446144679  0.003450583141  0.003652221022  0.000000000000  0.000000000000  0.000000000000  
piranga_bidentata_hgoslp104 0.000000000000  0.000000000000  0.000000000000  0.001927499759  0.001942476276  0.001942476276  0.000000000000  0.001927499759  0.000000000000  0.000000000000  0.000000000000  0.000000000000  0.000000000000  0.000000000000  0.000000000000  0.000000000000  0.000000000000  0.001927499759  0.000000000000  0.000000000000  0.001927499759  0.000000000000  0.001927499759  0.004959643284  0.002446144679  0.003450583141  0.003652221022  0.000000000000  0.000000000000  0.000000000000  
piranga_ludoviciana_sdsu2648 0.000000000000  0.000000000000  0.000000000000  0.003186680058  0.003186680058  0.003186680058  0.000000000000  0.003186680058  0.000000000000  0.000000000000  0.000000000000  0.000000000000  0.000000000000  0.000000000000  0.000000000000  0.000000000000  0.000000000000  0.003186680058  0.000000000000  0.000000000000  0.003186680058  0.000000000000  0.003186680058  0.000000000000  0.003186680058  0.003450583141  0.003652221022  0.000000000000  0.000000000000  0.000000000000  
piranga_roseogularis_ku2049 0.000000000000  0.000000000000  0.000000000000  0.002520119827  0.002520119827  0.002520119827  0.000000000000  0.002520119827  0.000000000000  0.000000000000  0.000000000000  0.000000000000  0.000000000000  0.000000000000  0.000000000000  0.000000000000  0.000000000000  0.002520119827  0.000000000000  0.000000000000  0.002520119827  0.000000000000  0.002520119827  0.005072862211  0.002520119827  0.003450583141  0.003652221022  0.000000000000  0.000000000000  0.000000000000  
piranga_hepatica_ku4970 0.000000000000  0.000000000000  0.000000000000  0.001927499759  0.001942476276  0.001942476276  0.000000000000  0.001927499759  0.000000000000  0.000000000000  0.000000000000  0.000000000000  0.000000000000  0.000000000000  0.000000000000  0.000000000000  0.000000000000  0.001927499759  0.000000000000  0.000000000000  0.001927499759  0.000000000000  0.001927499759  0.004959643284  0.002446144679  0.003450583141  0.003652221022  0.000000000000  0.000000000000  0.000000000000  
piranga_hepatica_ku9084 0.000000000000  0.000000000000  0.000000000000  0.002995749303  0.002995749303  0.002995749303  0.000000000000  0.002995749303  0.000000000000  0.000000000000  0.000000000000  0.000000000000  0.000000000000  0.000000000000  0.000000000000  0.000000000000  0.000000000000  0.002995749303  0.000000000000  0.000000000000  0.002995749303  0.000000000000  0.002995749303  0.002993327436  0.002995749303  0.003450583141  0.003652221022  0.000000000000  0.000000000000  0.000000000000  
piranga_rubra_sdsu2654 0.000000000000  0.000000000000  0.000000000000  0.001927499759  0.001942476276  0.001942476276  0.000000000000  0.001927499759  0.000000000000  0.000000000000  0.000000000000  0.000000000000  0.000000000000  0.000000000000  0.000000000000  0.000000000000  0.000000000000  0.001927499759  0.000000000000  0.000000000000  0.001927499759  0.000000000000  0.001927499759  0.004959643284  0.002446144679  0.003450583141  0.003652221022  0.000000000000  0.000000000000  0.000000000000  
piranga_flava_lsu15408 0.000000000000  0.000000000000  0.000000000000  0.002370754753  0.002387737015  0.002387737015  0.000000000000  0.002370754753  0.000000000000  0.000000000000  0.000000000000  0.000000000000  0.000000000000  0.000000000000  0.000000000000  0.000000000000  0.000000000000  0.002370754753  0.000000000000  0.000000000000  0.002370754753  0.000000000000  0.002370754753  0.004971972974  0.002452142992  0.003450583141  0.003652221022  0.000000000000  0.000000000000  0.000000000000  
piranga_lutea_lsu5400 0.000000000000  0.000000000000  0.000000000000  0.001927499759  0.001942476276  0.001942476276  0.000000000000  0.001927499759  0.000000000000  0.000000000000  0.000000000000  0.000000000000  0.000000000000  0.000000000000  0.000000000000  0.000000000000  0.000000000000  0.001927499759  0.000000000000  0.000000000000  0.001927499759  0.000000000000  0.001927499759  0.004959643284  0.002446144679  0.003450583141  0.003652221022  0.000000000000  0.000000000000  0.000000000000  
piranga_olivacea_ku4672 0.001927499759  0.001927499759  0.001927499759  0.003863899671  0.003893991874  0.003893991874  0.002787018276  0.003863899671  0.001927499759  0.001927499759  0.003186680058  0.002520119827  0.001927499759  0.002995749303  0.001927499759  0.002370754753  0.001927499759  0.000000000000  0.002494969266  0.001927499759  0.003863899671  0.001934959039  0.003863899671  0.007459319529  0.004906641392  0.006929793753  0.007336528592  0.001927499759  0.001927499759  0.001927499759  
piranga_ludoviciana_sdsu2208 0.000000000000  0.000000000000  0.000000000000  0.002494969266  0.002520119827  0.002520119827  0.000000000000  0.002494969266  0.000000000000  0.000000000000  0.000000000000  0.000000000000  0.000000000000  0.000000000000  0.000000000000  0.000000000000  0.000000000000  0.002494969266  0.000000000000  0.000000000000  0.002494969266  0.000000000000  0.002494969266  0.002493289467  0.002494969266  0.003450583141  0.003652221022  0.000000000000  0.000000000000  0.000000000000  
piranga_bidentata_itm160 0.000000000000  0.000000000000  0.000000000000  0.001927499759  0.001942476276  0.001942476276  0.000000000000  0.001927499759  0.000000000000  0.000000000000  0.000000000000  0.000000000000  0.000000000000  0.000000000000  0.000000000000  0.000000000000  0.000000000000  0.001927499759  0.000000000000  0.000000000000  0.001927499759  0.000000000000  0.001927499759  0.004959643284  0.002446144679  0.003450583141  0.003652221022  0.000000000000  0.000000000000  0.000000000000  
piranga_leucoptera_fmnh481795 0.001927499759  0.001927499759  0.001927499759  0.000000000000  0.000000000000  0.000000000000  0.002787018276  0.000000000000  0.001927499759  0.001927499759  0.003186680058  0.002520119827  0.001927499759  0.002995749303  0.001927499759  0.002370754753  0.001927499759  0.003863899671  0.002494969266  0.001927499759  0.000000000000  0.001934959039  0.000000000000  0.007459319529  0.000000000000  0.000000000000  0.007336528592  0.001927499759  0.001927499759  0.001927499759  
piranga_lutea_ku89864 0.000000000000  0.000000000000  0.000000000000  0.001934959039  0.001942476276  0.001942476276  0.000000000000  0.001934959039  0.000000000000  0.000000000000  0.000000000000  0.000000000000  0.000000000000  0.000000000000  0.000000000000  0.000000000000  0.000000000000  0.001934959039  0.000000000000  0.000000000000  0.001934959039  0.000000000000  0.001934959039  0.004984364121  0.002458170796  0.003450583141  0.003652221022  0.000000000000  0.000000000000  0.000000000000  
piranga_rubriceps_lsu34818 0.001927499759  0.001927499759  0.001927499759  0.000000000000  0.000000000000  0.000000000000  0.002787018276  0.000000000000  0.001927499759  0.001927499759  0.003186680058  0.002520119827  0.001927499759  0.002995749303  0.001927499759  0.002370754753  0.001927499759  0.003863899671  0.002494969266  0.001927499759  0.000000000000  0.001934959039  0.000000000000  0.007459319529  0.000000000000  0.000000000000  0.007336528592  0.001927499759  0.001927499759  0.001927499759  
piranga_roseogularis_ku2141 0.004959643284  0.004959643284  0.004959643284  0.007459319529  0.007534254903  0.007534254903  0.002784922167  0.007459319529  0.004959643284  0.004959643284  0.000000000000  0.005072862211  0.004959643284  0.002993327436  0.004959643284  0.004971972974  0.004959643284  0.007459319529  0.002493289467  0.004959643284  0.007459319529  0.004984364121  0.007459319529  0.000000000000  0.007459319529  0.003450583141  0.003652221022  0.004959643284  0.004959643284  0.004959643284  
piranga_erythrocephala_fmnh343371 0.002446144679  0.002446144679  0.002446144679  0.000000000000  0.000000000000  0.000000000000  0.002787018276  0.000000000000  0.002446144679  0.002446144679  0.003186680058  0.002520119827  0.002446144679  0.002995749303  0.002446144679  0.002452142992  0.002446144679  0.004906641392  0.002494969266  0.002446144679  0.000000000000  0.002458170796  0.000000000000  0.007459319529  0.000000000000  0.000000000000  0.007336528592  0.002446144679  0.002446144679  0.002446144679  
piranga_erythrocephala_fmnh343370 0.003450583141  0.003450583141  0.003450583141  0.000000000000  0.000000000000  0.000000000000  0.003450583141  0.000000000000  0.003450583141  0.003450583141  0.003450583141  0.003450583141  0.003450583141  0.003450583141  0.003450583141  0.003450583141  0.003450583141  0.006929793753  0.003450583141  0.003450583141  0.000000000000  0.003450583141  0.000000000000  0.003450583141  0.000000000000  0.000000000000  0.007501640907  0.003450583141  0.003450583141  0.003450583141  
piranga_ludoviciana_sdsu2650 0.003652221022  0.003652221022  0.003652221022  0.007336528592  0.007336528592  0.007336528592  0.003652221022  0.007336528592  0.003652221022  0.003652221022  0.003652221022  0.003652221022  0.003652221022  0.003652221022  0.003652221022  0.003652221022  0.003652221022  0.007336528592  0.003652221022  0.003652221022  0.007336528592  0.003652221022  0.007336528592  0.003652221022  0.007336528592  0.007501640907  0.000000000000  0.003652221022  0.003652221022  0.003652221022  
piranga_bidentata_tepe59 0.000000000000  0.000000000000  0.000000000000  0.001927499759  0.001942476276  0.001942476276  0.000000000000  0.001927499759  0.000000000000  0.000000000000  0.000000000000  0.000000000000  0.000000000000  0.000000000000  0.000000000000  0.000000000000  0.000000000000  0.001927499759  0.000000000000  0.000000000000  0.001927499759  0.000000000000  0.001927499759  0.004959643284  0.002446144679  0.003450583141  0.003652221022  0.000000000000  0.000000000000  0.000000000000  
piranga_rubra_sdsu2635 0.000000000000  0.000000000000  0.000000000000  0.001927499759  0.001942476276  0.001942476276  0.000000000000  0.001927499759  0.000000000000  0.000000000000  0.000000000000  0.000000000000  0.000000000000  0.000000000000  0.000000000000  0.000000000000  0.000000000000  0.001927499759  0.000000000000  0.000000000000  0.001927499759  0.000000000000  0.001927499759  0.004959643284  0.002446144679  0.003450583141  0.003652221022  0.000000000000  0.000000000000  0.000000000000  
piranga_bidentata_itm141 0.000000000000  0.000000000000  0.000000000000  0.001927499759  0.001942476276  0.001942476276  0.000000000000  0.001927499759  0.000000000000  0.000000000000  0.000000000000  0.000000000000  0.000000000000  0.000000000000  0.000000000000  0.000000000000  0.000000000000  0.001927499759  0.000000000000  0.000000000000  0.001927499759  0.000000000000  0.001927499759  0.004959643284  0.002446144679  0.003450583141  0.003652221022  0.000000000000  0.000000000000  0.000000000000  

