30
cardinalis_cardinalis_ku21828 0.000000000000  0.000000000000  0.019831018840  0.019831018840  0.018291097335  0.018291097335  0.022424005598  0.024470276638  0.025019205207  0.024486768591  0.022392467274  0.019312356333  0.019312356333  0.022415467574  0.020342512093  0.019305222733  0.018283708238  0.018283708238  0.020335201645  0.018794267335  0.018794267335  0.018794267335  0.019823580361  0.019312356333  0.022407364940  0.022407364940  0.024495671099  0.023459074363  0.022424005598  0.019831018840  
cardinalis_cardinalis_ku25393 0.000000000000  0.000000000000  0.019831018840  0.019831018840  0.018291097335  0.018291097335  0.022424005598  0.024470276638  0.025019205207  0.024486768591  0.022392467274  0.019312356333  0.019312356333  0.022415467574  0.020342512093  0.019305222733  0.018283708238  0.018283708238  0.020335201645  0.018794267335  0.018794267335  0.018794267335  0.019823580361  0.019312356333  0.022407364940  0.022407364940  0.024495671099  0.023459074363  0.022424005598  0.019831018840  
piranga_rubriceps_lsu265 0.019831018840  0.019831018840  0.000000000000  0.000000000000  0.005527065207  0.005527065207  0.009575432330  0.011597897942  0.016202174754  0.015683943392  0.014654951247  0.010584298079  0.010584298079  0.013640819826  0.011600537961  0.010581819558  0.009569521439  0.009569521439  0.011597897942  0.010075474848  0.010075474848  0.010075474848  0.011090901893  0.010584298079  0.013637424927  0.013637424927  0.015688100425  0.014665630813  0.013644643730  0.011093674477  
piranga_rubriceps_lsu34818 0.019831018840  0.019831018840  0.000000000000  0.000000000000  0.005527065207  0.005527065207  0.009575432330  0.011597897942  0.016202174754  0.015683943392  0.014654951247  0.010584298079  0.010584298079  0.013640819826  0.011600537961  0.010581819558  0.009569521439  0.009569521439  0.011597897942  0.010075474848  0.010075474848  0.010075474848  0.011090901893  0.010584298079  0.013637424927  0.013637424927  0.015688100425  0.014665630813  0.013644643730  0.011093674477  
piranga_erythrocephala_fmnh343371 0.018291097335  0.018291097335  0.005527065207  0.005527065207  0.000000000000  0.000000000000  0.008057139150  0.010075474848  0.014670050548  0.014152945132  0.013126155369  0.009063958664  0.009063958664  0.012114091600  0.010078085828  0.009061508457  0.008051288650  0.008051288650  0.010075474848  0.008556203701  0.008556203701  0.008556203701  0.009569521439  0.009063958664  0.012110728967  0.012110728967  0.014157066626  0.013136735895  0.012117881479  0.009572264475  
piranga_erythrocephala_fmnh343370 0.018291097335  0.018291097335  0.005527065207  0.005527065207  0.000000000000  0.000000000000  0.008057139150  0.010075474848  0.014670050548  0.014152945132  0.013126155369  0.009063958664  0.009063958664  0.012114091600  0.010078085828  0.009061508457  0.008051288650  0.008051288650  0.010075474848  0.008556203701  0.008556203701  0.008556203701  0.009569521439  0.009063958664  0.012110728967  0.012110728967  0.014157066626  0.013136735895  0.012117881479  0.009572264475  
piranga_leucoptera_fmnh481795 0.022424005598  0.022424005598  0.009575432330  0.009575432330  0.008057139150  0.008057139150  0.000000000000  0.006026778934  0.018775077045  0.018253241514  0.016703839423  0.013132780635  0.013132780635  0.016202174754  0.014152945132  0.013129253672  0.012114091600  0.012114091600  0.014149252988  0.012621476120  0.012621476120  0.012621476120  0.013640819826  0.013132780635  0.016197718210  0.016197718210  0.017742431583  0.017232018605  0.016207062403  0.013644643730  
piranga_leucoptera_lsu7783 0.024470276638  0.024470276638  0.011597897942  0.011597897942  0.010075474848  0.010075474848  0.006026778934  0.000000000000  0.020817837959  0.020296199199  0.018745479957  0.015164307665  0.015164307665  0.018240157495  0.016186938871  0.015161742915  0.014143158214  0.014143158214  0.016184210419  0.014652252493  0.014652252493  0.014652252493  0.015674060495  0.015164307665  0.018236664355  0.018236664355  0.019783661547  0.019271523995  0.018244084981  0.015676923059  
piranga_roseogularis_ku2049 0.025019205207  0.025019205207  0.016202174754  0.016202174754  0.014670050548  0.014670050548  0.018775077045  0.020817837959  0.000000000000  0.004515908767  0.011597897942  0.007544340539  0.007544340539  0.010078085828  0.008556203701  0.007542341546  0.006533927651  0.006533927651  0.008554045688  0.007037940337  0.007037940337  0.007037940337  0.008048998391  0.007544340539  0.010584298079  0.010584298079  0.012625134743  0.011607099440  0.010590533426  0.008051288650  
piranga_roseogularis_ku2141 0.024486768591  0.024486768591  0.015683943392  0.015683943392  0.014152945132  0.014152945132  0.018253241514  0.020296199199  0.004515908767  0.000000000000  0.011086637875  0.007036231982  0.007036231982  0.009567203586  0.008047131940  0.007034946768  0.006026778934  0.006026778934  0.008045689664  0.006530668517  0.006530668517  0.006530668517  0.007540766028  0.007036231982  0.010073289752  0.010073289752  0.012110728967  0.011093674477  0.010078085828  0.007542341546  
piranga_flava_ku90809 0.022392467274  0.022392467274  0.014654951247  0.014654951247  0.013126155369  0.013126155369  0.016703839423  0.018745479957  0.011597897942  0.011086637875  0.000000000000  0.005017795021  0.005017795021  0.009057882943  0.007034085062  0.006024659858  0.005017242966  0.005017242966  0.007033647229  0.005520757133  0.005520757133  0.005520757133  0.006529100622  0.006024943494  0.009056708367  0.009056708367  0.011088556237  0.010073289752  0.009059483095  0.006529672982  
piranga_flava_lsu15408 0.019312356333  0.019312356333  0.010584298079  0.010584298079  0.009063958664  0.009063958664  0.013132780635  0.015164307665  0.007544340539  0.007036231982  0.005017795021  0.000000000000  0.000000000000  0.005018768528  0.003006393677  0.002002745336  0.001000709023  0.001000709023  0.003006148097  0.001501534926  0.001501534926  0.001501534926  0.002504300772  0.002002838859  0.005017795021  0.005017795021  0.006532086862  0.006028330005  0.005020163123  0.002504679724  
piranga_lutea_ku89864 0.019312356333  0.019312356333  0.010584298079  0.010584298079  0.009063958664  0.009063958664  0.013132780635  0.015164307665  0.007544340539  0.007036231982  0.005017795021  0.000000000000  0.000000000000  0.005018768528  0.003006393677  0.002002745336  0.001000709023  0.001000709023  0.003006148097  0.001501534926  0.001501534926  0.001501534926  0.002504300772  0.002002838859  0.005017795021  0.005017795021  0.006532086862  0.006028330005  0.005020163123  0.002504679724  
piranga_lutea_lsu5400 0.022415467574  0.022415467574  0.013640819826  0.013640819826  0.012114091600  0.012114091600  0.016202174754  0.018240157495  0.010078085828  0.009567203586  0.009057882943  0.005018768528  0.005018768528  0.000000000000  0.006026778934  0.005017795021  0.004012196517  0.004012196517  0.006025649975  0.004514802352  0.004514802352  0.004514802352  0.005522015377  0.005018768528  0.008047131940  0.008047131940  0.010078085828  0.009063958664  0.008051288650  0.005523277355  
piranga_hepatica_ku4970 0.020342512093  0.020342512093  0.011600537961  0.011600537961  0.010078085828  0.010078085828  0.014152945132  0.016186938871  0.008556203701  0.008047131940  0.007034085062  0.003006393677  0.003006393677  0.006026778934  0.000000000000  0.003006148097  0.002002838859  0.002002838859  0.004010979241  0.002504300772  0.002504300772  0.002504300772  0.003508493297  0.003006393677  0.006025649975  0.006025649975  0.008048998391  0.007037940337  0.006028330005  0.003509025207  
piranga_ludoviciana_sdsu2650 0.019305222733  0.019305222733  0.010581819558  0.010581819558  0.009061508457  0.009061508457  0.013129253672  0.015161742915  0.007542341546  0.007034946768  0.006024659858  0.002002745336  0.002002745336  0.005017795021  0.003006148097  0.000000000000  0.001000766775  0.001000766775  0.003006322295  0.001501726221  0.001501726221  0.001501726221  0.002504340907  0.002002745336  0.005017242966  0.005017242966  0.007036231982  0.006026778934  0.005018768528  0.002504300772  
piranga_olivacea_ku2699 0.018283708238  0.018283708238  0.009569521439  0.009569521439  0.008051288650  0.008051288650  0.012114091600  0.014143158214  0.006533927651  0.006026778934  0.005017242966  0.001000709023  0.001000709023  0.004012196517  0.002002838859  0.001000766775  0.000000000000  0.000000000000  0.002002745336  0.000500191585  0.000500191585  0.000500191585  0.001501534926  0.001000709023  0.004011377663  0.004011377663  0.006028330005  0.005020163123  0.004013435439  0.001501761707  
piranga_hepatica_ku9084 0.018283708238  0.018283708238  0.009569521439  0.009569521439  0.008051288650  0.008051288650  0.012114091600  0.014143158214  0.006533927651  0.006026778934  0.005017242966  0.001000709023  0.001000709023  0.004012196517  0.002002838859  0.001000766775  0.000000000000  0.000000000000  0.002002745336  0.000500191585  0.000500191585  0.000500191585  0.001501534926  0.001000709023  0.004011377663  0.004011377663  0.006028330005  0.005020163123  0.004013435439  0.001501761707  
piranga_ludoviciana_sdsu2385 0.020335201645  0.020335201645  0.011597897942  0.011597897942  0.010075474848  0.010075474848  0.014149252988  0.016184210419  0.008554045688  0.008045689664  0.007033647229  0.003006148097  0.003006148097  0.006025649975  0.004010979241  0.003006322295  0.002002745336  0.002002745336  0.000000000000  0.001501534926  0.001501534926  0.001501534926  0.003508381492  0.003006148097  0.006024943494  0.006024943494  0.008047131940  0.007036231982  0.006026778934  0.003508493297  
piranga_bidentata_tepe59 0.018794267335  0.018794267335  0.010075474848  0.010075474848  0.008556203701  0.008556203701  0.012621476120  0.014652252493  0.007037940337  0.006530668517  0.005520757133  0.001501534926  0.001501534926  0.004514802352  0.002504300772  0.001501726221  0.000500191585  0.000500191585  0.001501534926  0.000000000000  0.000000000000  0.000000000000  0.002002745336  0.001501534926  0.004514116697  0.004514116697  0.006532086862  0.005523277355  0.004515908767  0.002002838859  
piranga_ludoviciana_sdsu2648 0.018794267335  0.018794267335  0.010075474848  0.010075474848  0.008556203701  0.008556203701  0.012621476120  0.014652252493  0.007037940337  0.006530668517  0.005520757133  0.001501534926  0.001501534926  0.004514802352  0.002504300772  0.001501726221  0.000500191585  0.000500191585  0.001501534926  0.000000000000  0.000000000000  0.000000000000  0.002002745336  0.001501534926  0.004514116697  0.004514116697  0.006532086862  0.005523277355  0.004515908767  0.002002838859  
piranga_ludoviciana_sdsu2208 0.018794267335  0.018794267335  0.010075474848  0.010075474848  0.008556203701  0.008556203701  0.012621476120  0.014652252493  0.007037940337  0.006530668517  0.005520757133  0.001501534926  0.001501534926  0.004514802352  0.002504300772  0.001501726221  0.000500191585  0.000500191585  0.001501534926  0.000000000000  0.000000000000  0.000000000000  0.002002745336  0.001501534926  0.004514116697  0.004514116697  0.006532086862  0.005523277355  0.004515908767  0.002002838859  
piranga_olivacea_ku4672 0.019823580361  0.019823580361  0.011090901893  0.011090901893  0.009569521439  0.009569521439  0.013640819826  0.015674060495  0.008048998391  0.007540766028  0.006529100622  0.002504300772  0.002504300772  0.005522015377  0.003508493297  0.002504340907  0.001501534926  0.001501534926  0.003508381492  0.002002745336  0.002002745336  0.002002745336  0.000000000000  0.002504300772  0.005521175181  0.005521175181  0.007542341546  0.006532086862  0.005523277355  0.003006393677  
piranga_bidentata_hgoslp104 0.019312356333  0.019312356333  0.010584298079  0.010584298079  0.009063958664  0.009063958664  0.013132780635  0.015164307665  0.007544340539  0.007036231982  0.006024943494  0.002002838859  0.002002838859  0.005018768528  0.003006393677  0.002002745336  0.001000709023  0.001000709023  0.003006148097  0.001501534926  0.001501534926  0.001501534926  0.002504300772  0.000000000000  0.003006393677  0.003006393677  0.005020163123  0.004013435439  0.003008142718  0.000500266975  
piranga_bidentata_itm160 0.022407364940  0.022407364940  0.013637424927  0.013637424927  0.012110728967  0.012110728967  0.016197718210  0.018236664355  0.010584298079  0.010073289752  0.009056708367  0.005017795021  0.005017795021  0.008047131940  0.006025649975  0.005017242966  0.004011377663  0.004011377663  0.006024943494  0.004514116697  0.004514116697  0.004514116697  0.005521175181  0.003006393677  0.000000000000  0.000000000000  0.008048998391  0.007037940337  0.006028330005  0.003509025207  
piranga_bidentata_itm141 0.022407364940  0.022407364940  0.013637424927  0.013637424927  0.012110728967  0.012110728967  0.016197718210  0.018236664355  0.010584298079  0.010073289752  0.009056708367  0.005017795021  0.005017795021  0.008047131940  0.006025649975  0.005017242966  0.004011377663  0.004011377663  0.006024943494  0.004514116697  0.004514116697  0.004514116697  0.005521175181  0.003006393677  0.000000000000  0.000000000000  0.008048998391  0.007037940337  0.006028330005  0.003509025207  
piranga_rubra_sdsu2635 0.024495671099  0.024495671099  0.015688100425  0.015688100425  0.014157066626  0.014157066626  0.017742431583  0.019783661547  0.012625134743  0.012110728967  0.011088556237  0.006532086862  0.006532086862  0.010078085828  0.008048998391  0.007036231982  0.006028330005  0.006028330005  0.008047131940  0.006532086862  0.006532086862  0.006532086862  0.007542341546  0.005020163123  0.008048998391  0.008048998391  0.000000000000  0.008051288650  0.007040071470  0.004515908767  
piranga_rubra_ku7046 0.023459074363  0.023459074363  0.014665630813  0.014665630813  0.013136735895  0.013136735895  0.017232018605  0.019271523995  0.011607099440  0.011093674477  0.010073289752  0.006028330005  0.006028330005  0.009063958664  0.007037940337  0.006026778934  0.005020163123  0.005020163123  0.007036231982  0.005523277355  0.005523277355  0.005523277355  0.006532086862  0.004013435439  0.007037940337  0.007037940337  0.008051288650  0.000000000000  0.002003350783  0.003509976857  
piranga_rubra_sdsu2654 0.022424005598  0.022424005598  0.013644643730  0.013644643730  0.012117881479  0.012117881479  0.016207062403  0.018244084981  0.010590533426  0.010078085828  0.009059483095  0.005020163123  0.005020163123  0.008051288650  0.006028330005  0.005018768528  0.004013435439  0.004013435439  0.006026778934  0.004515908767  0.004515908767  0.004515908767  0.005523277355  0.003008142718  0.006028330005  0.006028330005  0.007040071470  0.002003350783  0.000000000000  0.002505477403  
piranga_rubra_ku26592 0.019831018840  0.019831018840  0.011093674477  0.011093674477  0.009572264475  0.009572264475  0.013644643730  0.015676923059  0.008051288650  0.007542341546  0.006529672982  0.002504679724  0.002504679724  0.005523277355  0.003509025207  0.002504300772  0.001501761707  0.001501761707  0.003508493297  0.002002838859  0.002002838859  0.002002838859  0.003006393677  0.000500266975  0.003509025207  0.003509025207  0.004515908767  0.003509976857  0.002505477403  0.000000000000  

