30
piranga_rubra_ku26592 0.000000000000  0.006231339985  0.007123882985  0.008017743836  0.007120634682  0.008160207445  0.010709911897  0.018072831967  0.003767481500  0.006231339985  0.006582055079  0.006233798893  0.006730736534  0.006402321153  0.001773269525  0.006033734386  0.005336129504  0.007166582260  0.004928736551  0.005340110575  0.007120634682  0.006227724173  0.008912926821  0.009817141976  0.007313764480  0.008180039731  0.007664091030  0.004445846418  0.001773269525  0.005340110575  
piranga_flava_ku90809 0.006231339985  0.000000000000  0.011623491033  0.012522520336  0.011617506434  0.012744804447  0.013662925268  0.024226117196  0.007559356904  0.008921369456  0.010376503858  0.010427940709  0.006734961523  0.008242156025  0.006231339985  0.002004289267  0.004445846418  0.011693394071  0.008902558321  0.009829419088  0.011617506434  0.005336129504  0.013422884294  0.014337819806  0.011932452810  0.012313511633  0.012089967312  0.008927300460  0.006231339985  0.009829419088  
piranga_ludoviciana_sdsu2385 0.007123882985  0.011623491033  0.000000000000  0.011612669952  0.012516901167  0.013662060759  0.008733552421  0.024208705521  0.006603740452  0.006225243322  0.007518923649  0.009373494074  0.009634244606  0.009161655079  0.005333279520  0.008052393605  0.008916577387  0.008964538311  0.003937088709  0.007123882985  0.012516901167  0.009812716398  0.012512434070  0.009809436248  0.011928559935  0.008180039731  0.006554712619  0.004440542482  0.005333279520  0.007123882985  
piranga_rubriceps_lsu265 0.008017743836  0.012522520336  0.011612669952  0.000000000000  0.006236088198  0.010914446137  0.012658265315  0.022717403204  0.009456220304  0.010714240702  0.013227780491  0.009379818120  0.011589077635  0.012867832068  0.008017743836  0.012121212172  0.011617506434  0.008064893223  0.009891554419  0.011623491033  0.006236088198  0.012516901167  0.002660735218  0.012537204516  0.006395884683  0.004077479224  0.013186864952  0.008916577387  0.008017743836  0.011623491033  
piranga_leucoptera_lsu7783 0.007120634682  0.011617506434  0.012516901167  0.006236088198  0.000000000000  0.009995561589  0.016619673538  0.021169080544  0.009456220304  0.011617506434  0.012270841733  0.008329057447  0.010612778258  0.011937560908  0.007120634682  0.012121212172  0.010714240702  0.010783625845  0.010891183641  0.010719444285  0.001773269525  0.011612669952  0.007128267566  0.011630621169  0.007315991728  0.004077479224  0.014301575540  0.009817141976  0.007120634682  0.010719444285  
cardinalis_cardinalis_ku25393 0.008160207445  0.012744804447  0.013662060759  0.010914446137  0.009995561589  0.000000000000  0.015928598860  0.004485732477  0.008662908202  0.012744804447  0.010556700787  0.006346706574  0.010816216764  0.012155609181  0.008160207445  0.011324265770  0.011823919366  0.010050359079  0.010087977441  0.011828934437  0.009995561589  0.012740172141  0.010914446137  0.010914446137  0.010270841652  0.006809869906  0.012340653622  0.009074694272  0.008160207445  0.011828934437  
piranga_olivacea_ku2699 0.010709911897  0.013662925268  0.008733552421  0.012658265315  0.016619673538  0.015928598860  0.000000000000  0.029036278941  0.008279096603  0.005808265905  0.008013705283  0.010331141717  0.009886271189  0.009795267033  0.008744444699  0.008333506735  0.010701945121  0.006822579771  0.006048325174  0.008744444699  0.016619673538  0.011679316488  0.015617618087  0.013645475639  0.015617618087  0.010929329750  0.007683838127  0.007764800401  0.008744444699  0.008744444699  
cardinalis_cardinalis_ku21828 0.018072831967  0.024226117196  0.024208705521  0.022717403204  0.021169080544  0.004485732477  0.029036278941  0.000000000000  0.020734761507  0.025780128324  0.021278244415  0.015024070836  0.022695680976  0.025780128324  0.018072831967  0.024254217213  0.022677253379  0.022925765218  0.021556580404  0.024246842654  0.021169080544  0.024208705521  0.022717403204  0.019625867642  0.021149647780  0.014539710923  0.021391868689  0.019608709266  0.018072831967  0.024246842654  
piranga_rubra_ku7046 0.003767481500  0.007559356904  0.006603740452  0.009456220304  0.009456220304  0.008662908202  0.008279096603  0.020734761507  0.000000000000  0.005658189773  0.006786252794  0.008326167533  0.007042222355  0.005778066933  0.001879946520  0.006033734386  0.004710496947  0.005690387425  0.004030245252  0.005662666452  0.008502525087  0.005654984778  0.010406884101  0.010411864552  0.009727968435  0.008180039731  0.006768895770  0.003767481500  0.001879946520  0.005662666452  
piranga_bidentata_hgoslp104 0.006231339985  0.008921369456  0.006225243322  0.010714240702  0.011617506434  0.012744804447  0.005808265905  0.025780128324  0.005658189773  0.000000000000  0.005631635427  0.009373494074  0.007696050964  0.007319421325  0.004442629558  0.006030089019  0.006227724173  0.006261146874  0.003937330021  0.004442629558  0.011617506434  0.007120634682  0.011612669952  0.010714240702  0.011932452810  0.012309393451  0.005458591096  0.003550833626  0.004442629558  0.004442629558  
piranga_ludoviciana_sdsu2648 0.006582055079  0.010376503858  0.007518923649  0.013227780491  0.012270841733  0.010556700787  0.008013705283  0.021278244415  0.006786252794  0.005631635427  0.000000000000  0.009647232695  0.009776114488  0.009423670667  0.004691995071  0.009079685377  0.007523809200  0.007566506793  0.005920608939  0.002809543798  0.012270841733  0.008467028999  0.014178255094  0.010362819177  0.012298978916  0.012313511633  0.005461747776  0.005636070141  0.004691995071  0.002809543798  
piranga_roseogularis_ku2049 0.006233798893  0.010427940709  0.009373494074  0.009379818120  0.008329057447  0.006346706574  0.010331141717  0.015024070836  0.008326167533  0.009373494074  0.009647232695  0.000000000000  0.007817286572  0.009595802174  0.006233798893  0.008910420352  0.008326167533  0.008381415368  0.006723621803  0.009375873273  0.007280652613  0.009373494074  0.010427940709  0.002071553023  0.009678356492  0.008181410847  0.008886710248  0.006233798893  0.006233798893  0.009375873273  
piranga_hepatica_ku4970 0.006730736534  0.006734961523  0.009634244606  0.011589077635  0.010612778258  0.010816216764  0.009886271189  0.022695680976  0.007042222355  0.007696050964  0.009776114488  0.007817286572  0.000000000000  0.005761624538  0.004798519273  0.005058381058  0.003836946375  0.007749756247  0.007901283516  0.008670971008  0.010612778258  0.004798519273  0.012560418883  0.009638512984  0.010607602889  0.010936620495  0.010970920684  0.007699847464  0.004798519273  0.008670971008  
piranga_hepatica_ku9084 0.006402321153  0.008242156025  0.009161655079  0.012867832068  0.011937560908  0.012155609181  0.009795267033  0.025780128324  0.005778066933  0.007319421325  0.009423670667  0.009595802174  0.005761624538  0.000000000000  0.004564295223  0.006030089019  0.005479396475  0.009217412618  0.007905285951  0.008247600238  0.011937560908  0.006395884683  0.013793192276  0.011937560908  0.012020724823  0.012313511633  0.010978186679  0.007324050475  0.004564295223  0.008247600238  
piranga_rubra_sdsu2654 0.001773269525  0.006231339985  0.005333279520  0.008017743836  0.007120634682  0.008160207445  0.008744444699  0.018072831967  0.001879946520  0.004442629558  0.004691995071  0.006233798893  0.004798519273  0.004564295223  0.000000000000  0.004014067493  0.003550833626  0.005364756826  0.002951281236  0.003553289187  0.007120634682  0.004440542482  0.008912926821  0.008017743836  0.007313764480  0.008180039731  0.005461747776  0.002662432378  0.000000000000  0.003553289187  
piranga_flava_lsu15408 0.006033734386  0.002004289267  0.008052393605  0.012121212172  0.012121212172  0.011324265770  0.008333506735  0.024254217213  0.006033734386  0.006030089019  0.009079685377  0.008910420352  0.005058381058  0.006030089019  0.004014067493  0.000000000000  0.003009664682  0.008105529134  0.006097498551  0.008062162258  0.011100004123  0.004014067493  0.013138455242  0.011100004123  0.012116012944  0.012381272688  0.009111844971  0.006033734386  0.004014067493  0.008062162258  
piranga_lutea_lsu5400 0.005336129504  0.004445846418  0.008916577387  0.011617506434  0.010714240702  0.011823919366  0.010701945121  0.022677253379  0.004710496947  0.006227724173  0.007523809200  0.008326167533  0.003836946375  0.005479396475  0.003550833626  0.003009664682  0.000000000000  0.008969382249  0.005917099218  0.007128267566  0.010714240702  0.002660735218  0.012516901167  0.011617506434  0.011004852342  0.010931623930  0.008762524105  0.006231339985  0.003550833626  0.007128267566  
piranga_olivacea_ku4672 0.007166582260  0.011693394071  0.008964538311  0.008064893223  0.010783625845  0.010050359079  0.006822579771  0.022925765218  0.005690387425  0.006261146874  0.007566506793  0.008381415368  0.007749756247  0.009217412618  0.005364756826  0.008105529134  0.008969382249  0.000000000000  0.005952320032  0.007166582260  0.010783625845  0.009869995438  0.010777209235  0.011693394071  0.011075631454  0.009635922795  0.006600593022  0.006264801686  0.005364756826  0.007166582260  
piranga_ludoviciana_sdsu2208 0.004928736551  0.008902558321  0.003937088709  0.009891554419  0.010891183641  0.010087977441  0.006048325174  0.021556580404  0.004030245252  0.003937330021  0.005920608939  0.006723621803  0.007901283516  0.007905285951  0.002951281236  0.006097498551  0.005917099218  0.005952320032  0.000000000000  0.004928736551  0.010891183641  0.006907079761  0.010887138379  0.007898684017  0.010887138379  0.009553327034  0.005488551077  0.001965680628  0.002951281236  0.004928736551  
piranga_bidentata_itm160 0.005340110575  0.009829419088  0.007123882985  0.011623491033  0.010719444285  0.011828934437  0.008744444699  0.024246842654  0.005662666452  0.004442629558  0.002809543798  0.009375873273  0.008670971008  0.008247600238  0.003553289187  0.008062162258  0.007128267566  0.007166582260  0.004928736551  0.000000000000  0.010719444285  0.008021762539  0.012522520336  0.009817141976  0.011009136756  0.012313511633  0.006561622844  0.004445846418  0.003553289187  0.000000000000  
piranga_leucoptera_fmnh481795 0.007120634682  0.011617506434  0.012516901167  0.006236088198  0.001773269525  0.009995561589  0.016619673538  0.021169080544  0.008502525087  0.011617506434  0.012270841733  0.007280652613  0.010612778258  0.011937560908  0.007120634682  0.011100004123  0.010714240702  0.010783625845  0.010891183641  0.010719444285  0.000000000000  0.011612669952  0.007128267566  0.011630621169  0.007315991728  0.004077479224  0.014301575540  0.009817141976  0.007120634682  0.010719444285  
piranga_lutea_ku89864 0.006227724173  0.005336129504  0.009812716398  0.012516901167  0.011612669952  0.012740172141  0.011679316488  0.024208705521  0.005654984778  0.007120634682  0.008467028999  0.009373494074  0.004798519273  0.006395884683  0.004440542482  0.004014067493  0.002660735218  0.009869995438  0.006907079761  0.008021762539  0.011612669952  0.000000000000  0.013417632834  0.012516901167  0.011928559935  0.012309393451  0.009862952461  0.007123882985  0.004440542482  0.008021762539  
piranga_rubriceps_lsu34818 0.008912926821  0.013422884294  0.012512434070  0.002660735218  0.007128267566  0.010914446137  0.015617618087  0.022717403204  0.010406884101  0.011612669952  0.014178255094  0.010427940709  0.012560418883  0.013793192276  0.008912926821  0.013138455242  0.012516901167  0.010777209235  0.010887138379  0.012522520336  0.007128267566  0.013417632834  0.000000000000  0.013436844917  0.007313764480  0.005442802012  0.014294228482  0.009812716398  0.008912926821  0.012522520336  
piranga_roseogularis_ku2141 0.009817141976  0.014337819806  0.009809436248  0.012537204516  0.011630621169  0.010914446137  0.013645475639  0.019625867642  0.010411864552  0.010714240702  0.010362819177  0.002071553023  0.009638512984  0.011937560908  0.008017743836  0.011100004123  0.011617506434  0.011693394071  0.007898684017  0.009817141976  0.011630621169  0.012516901167  0.013436844917  0.000000000000  0.011014632106  0.008181410847  0.012074805324  0.007120634682  0.008017743836  0.009817141976  
piranga_erythrocephala_fmnh343371 0.007313764480  0.011932452810  0.011928559935  0.006395884683  0.007315991728  0.010270841652  0.015617618087  0.021149647780  0.009727968435  0.011932452810  0.012298978916  0.009678356492  0.010607602889  0.012020724823  0.007313764480  0.012116012944  0.011004852342  0.011075631454  0.010887138379  0.011009136756  0.007315991728  0.011928559935  0.007313764480  0.011014632106  0.000000000000  0.002715697830  0.013180705070  0.010082552292  0.007313764480  0.011009136756  
piranga_erythrocephala_fmnh343370 0.008180039731  0.012313511633  0.008180039731  0.004077479224  0.004077479224  0.006809869906  0.010929329750  0.014539710923  0.008180039731  0.012309393451  0.012313511633  0.008181410847  0.010936620495  0.012313511633  0.008180039731  0.012381272688  0.010931623930  0.009635922795  0.009553327034  0.012313511633  0.004077479224  0.012309393451  0.005442802012  0.008181410847  0.002715697830  0.000000000000  0.009739917959  0.008180039731  0.008180039731  0.012313511633  
piranga_ludoviciana_sdsu2650 0.007664091030  0.012089967312  0.006554712619  0.013186864952  0.014301575540  0.012340653622  0.007683838127  0.021391868689  0.006768895770  0.005458591096  0.005461747776  0.008886710248  0.010970920684  0.010978186679  0.005461747776  0.009111844971  0.008762524105  0.006600593022  0.005488551077  0.006561622844  0.014301575540  0.009862952461  0.014294228482  0.012074805324  0.013180705070  0.009739917959  0.000000000000  0.005461747776  0.005461747776  0.006561622844  
piranga_bidentata_tepe59 0.004445846418  0.008927300460  0.004440542482  0.008916577387  0.009817141976  0.009074694272  0.007764800401  0.019608709266  0.003767481500  0.003550833626  0.005636070141  0.006233798893  0.007699847464  0.007324050475  0.002662432378  0.006033734386  0.006231339985  0.006264801686  0.001965680628  0.004445846418  0.009817141976  0.007123882985  0.009812716398  0.007120634682  0.010082552292  0.008180039731  0.005461747776  0.000000000000  0.002662432378  0.004445846418  
piranga_rubra_sdsu2635 0.001773269525  0.006231339985  0.005333279520  0.008017743836  0.007120634682  0.008160207445  0.008744444699  0.018072831967  0.001879946520  0.004442629558  0.004691995071  0.006233798893  0.004798519273  0.004564295223  0.000000000000  0.004014067493  0.003550833626  0.005364756826  0.002951281236  0.003553289187  0.007120634682  0.004440542482  0.008912926821  0.008017743836  0.007313764480  0.008180039731  0.005461747776  0.002662432378  0.000000000000  0.003553289187  
piranga_bidentata_itm141 0.005340110575  0.009829419088  0.007123882985  0.011623491033  0.010719444285  0.011828934437  0.008744444699  0.024246842654  0.005662666452  0.004442629558  0.002809543798  0.009375873273  0.008670971008  0.008247600238  0.003553289187  0.008062162258  0.007128267566  0.007166582260  0.004928736551  0.000000000000  0.010719444285  0.008021762539  0.012522520336  0.009817141976  0.011009136756  0.012313511633  0.006561622844  0.004445846418  0.003553289187  0.000000000000  

