30
cardinalis_cardinalis_ku21828 0.000000000000  0.003006230589  0.014684499705  0.016746126739  0.017262996209  0.013652230765  0.016732893483  0.016739285393  0.016229843681  0.017772975026  0.014690523120  0.015199031486  0.015205370581  0.014690523120  0.016732893483  0.016746126739  0.013149466496  0.013149466496  0.015205370581  0.013149466496  0.013149466496  0.014170549045  0.014170549045  0.014176257494  0.014690523120  0.014176257494  0.015199031486  0.014176257494  0.014176257494  0.018283354316  
cardinalis_cardinalis_ku25393 0.003006230589  0.000000000000  0.016721459381  0.018787370497  0.019305317079  0.015687599912  0.018775198495  0.018781058288  0.018270012771  0.019816901942  0.016726951361  0.017237058544  0.017242867515  0.016726951361  0.018775198495  0.018787370497  0.015182703124  0.015182703124  0.017242867515  0.015182703124  0.015182703124  0.016206443752  0.016206443752  0.016211619458  0.016726951361  0.016211619458  0.017237058544  0.016211619458  0.016211619458  0.020328890054  
piranga_erythrocephala_fmnh343370 0.014684499705  0.016721459381  0.000000000000  0.007040972839  0.007547840288  0.004011133817  0.008049979340  0.008052405189  0.006534669337  0.008052405189  0.005020607362  0.005523749167  0.005525530155  0.005020607362  0.007036903750  0.007040972839  0.003509191818  0.003509191818  0.005525530155  0.003509191818  0.003509191818  0.004515069800  0.004515069800  0.004516244201  0.005020607362  0.004516244201  0.005523749167  0.004516244201  0.004516244201  0.008557364154  
piranga_leucoptera_fmnh481795 0.016746126739  0.018787370497  0.007040972839  0.000000000000  0.000500274892  0.006027283309  0.010082921828  0.010086579673  0.008563272065  0.010086579673  0.007043668773  0.007547840288  0.007550842564  0.007043668773  0.009065315329  0.009071838920  0.005525530155  0.005525530155  0.007550842564  0.005525530155  0.005525530155  0.006534669337  0.006534669337  0.006537059611  0.007043668773  0.006537059611  0.007547840288  0.006537059611  0.006537059611  0.010592579695  
piranga_leucoptera_lsu7783 0.017262996209  0.019305317079  0.007547840288  0.000500274892  0.000000000000  0.006532719503  0.010592579695  0.010596547267  0.009071838920  0.010596547267  0.007550842564  0.008055272943  0.008058582245  0.007550842564  0.009573834130  0.009580974779  0.006031013822  0.006031013822  0.008058582245  0.006031013822  0.006031013822  0.007040972839  0.007040972839  0.007043668773  0.007550842564  0.007043668773  0.008055272943  0.007043668773  0.007043668773  0.011102809013  
piranga_erythrocephala_fmnh343371 0.013652230765  0.015687599912  0.004011133817  0.006027283309  0.006532719503  0.000000000000  0.007035531310  0.007036903750  0.005522407885  0.007036903750  0.004011567317  0.004514334375  0.004515069800  0.004011567317  0.006025314516  0.006027283309  0.002504393890  0.002504393890  0.004515069800  0.002504393890  0.002504393890  0.003508489080  0.003508489080  0.003508621323  0.004011567317  0.003508621323  0.004514334375  0.003508621323  0.003508621323  0.007541481950  
piranga_rubriceps_lsu265 0.016732893483  0.018775198495  0.008049979340  0.010082921828  0.010592579695  0.007035531310  0.000000000000  0.005020607362  0.009573834130  0.011098975526  0.008052405189  0.008557364154  0.008560096972  0.008052405189  0.010076937749  0.010082921828  0.006532719503  0.006532719503  0.008560096972  0.006532719503  0.006532719503  0.007543159624  0.007543159624  0.007545279190  0.008052405189  0.007545279190  0.008557364154  0.007545279190  0.007545279190  0.011605767848  
piranga_rubriceps_lsu34818 0.016739285393  0.018781058288  0.008052405189  0.010086579673  0.010596547267  0.007036903750  0.005020607362  0.000000000000  0.009577182944  0.011102809013  0.008055272943  0.008560096972  0.008563272065  0.008055272943  0.010079707734  0.010086579673  0.006534669337  0.006534669337  0.008563272065  0.006534669337  0.006534669337  0.007545279190  0.007545279190  0.007547840288  0.008055272943  0.007547840288  0.008560096972  0.007547840288  0.007547840288  0.011609466836  
piranga_rubra_sdsu2635 0.016229843681  0.018270012771  0.006534669337  0.008563272065  0.009071838920  0.005522407885  0.009573834130  0.009577182944  0.000000000000  0.005525530155  0.002505612813  0.005022523704  0.005024878675  0.004519908506  0.006534669337  0.006539889968  0.003008351459  0.003008351459  0.005024878675  0.003008351459  0.003008351459  0.004013749802  0.004013749802  0.004015498072  0.004519908506  0.004015498072  0.005022523704  0.004015498072  0.004015498072  0.008055272943  
piranga_rubra_ku7046 0.017772975026  0.019816901942  0.008052405189  0.010086579673  0.010596547267  0.007036903750  0.011098975526  0.011102809013  0.005525530155  0.000000000000  0.003007207207  0.006537059611  0.006539889968  0.006033538830  0.008052405189  0.008058582245  0.004517857221  0.004517857221  0.006539889968  0.004517857221  0.004517857221  0.005525530155  0.005525530155  0.005527750492  0.006033538830  0.005527750492  0.006537059611  0.005527750492  0.005527750492  0.009577182944  
piranga_rubra_sdsu2654 0.014690523120  0.016726951361  0.005020607362  0.007043668773  0.007550842564  0.004011567317  0.008052405189  0.008055272943  0.002505612813  0.003007207207  0.000000000000  0.003511646135  0.003513529245  0.003009932531  0.005020607362  0.005024878675  0.001502477660  0.001502477660  0.003513529245  0.001502477660  0.001502477660  0.002505612813  0.002505612813  0.002506892515  0.003009932531  0.002506892515  0.003511646135  0.002506892515  0.002506892515  0.006537059611  
piranga_olivacea_ku2699 0.015199031486  0.017237058544  0.005523749167  0.007547840288  0.008055272943  0.004514334375  0.008557364154  0.008560096972  0.005022523704  0.006537059611  0.003511646135  0.000000000000  0.004015498072  0.003511646135  0.005523749167  0.005527750492  0.002003428969  0.002003428969  0.004015498072  0.002003428969  0.002003428969  0.003007207207  0.003007207207  0.003008351459  0.003511646135  0.003008351459  0.004013749802  0.003008351459  0.003008351459  0.007040972839  
piranga_ludoviciana_sdsu2648 0.015205370581  0.017242867515  0.005525530155  0.007550842564  0.008058582245  0.004515069800  0.008560096972  0.008563272065  0.005024878675  0.006539889968  0.003513529245  0.004015498072  0.000000000000  0.001502477660  0.005525530155  0.005530409825  0.002004407966  0.002004407966  0.004017683889  0.002004407966  0.002004407966  0.003008351459  0.003008351459  0.003009932531  0.003513529245  0.003009932531  0.004015498072  0.003009932531  0.003009932531  0.007043668773  
piranga_ludoviciana_sdsu2208 0.014690523120  0.016726951361  0.005020607362  0.007043668773  0.007550842564  0.004011567317  0.008052405189  0.008055272943  0.004519908506  0.006033538830  0.003009932531  0.003511646135  0.001502477660  0.000000000000  0.005020607362  0.005024878675  0.001502477660  0.001502477660  0.003513529245  0.001502477660  0.001502477660  0.002505612813  0.002505612813  0.002506892515  0.003009932531  0.002506892515  0.003511646135  0.002506892515  0.002506892515  0.006537059611  
piranga_roseogularis_ku2049 0.016732893483  0.018775198495  0.007036903750  0.009065315329  0.009573834130  0.006025314516  0.010076937749  0.010079707734  0.006534669337  0.008052405189  0.005020607362  0.005523749167  0.005525530155  0.005020607362  0.000000000000  0.003007207207  0.003509191818  0.003509191818  0.005525530155  0.003509191818  0.003509191818  0.004515069800  0.004515069800  0.004516244201  0.005020607362  0.004516244201  0.005523749167  0.004516244201  0.004516244201  0.008557364154  
piranga_roseogularis_ku2141 0.016746126739  0.018787370497  0.007040972839  0.009071838920  0.009580974779  0.006027283309  0.010082921828  0.010086579673  0.006539889968  0.008058582245  0.005024878675  0.005527750492  0.005530409825  0.005024878675  0.003007207207  0.000000000000  0.003511646135  0.003511646135  0.005530409825  0.003511646135  0.003511646135  0.004517857221  0.004517857221  0.004519908506  0.005024878675  0.004519908506  0.005527750492  0.004519908506  0.004519908506  0.008563272065  
piranga_bidentata_hgoslp104 0.013149466496  0.015182703124  0.003509191818  0.005525530155  0.006031013822  0.002504393890  0.006532719503  0.006534669337  0.003008351459  0.004517857221  0.001502477660  0.002003428969  0.002004407966  0.001502477660  0.003509191818  0.003511646135  0.000000000000  0.000000000000  0.002004407966  0.000000000000  0.000000000000  0.001000720801  0.001000720801  0.001001100374  0.001502477660  0.001001100374  0.002003428969  0.001001100374  0.001001100374  0.005020607362  
piranga_ludoviciana_sdsu2650 0.013149466496  0.015182703124  0.003509191818  0.005525530155  0.006031013822  0.002504393890  0.006532719503  0.006534669337  0.003008351459  0.004517857221  0.001502477660  0.002003428969  0.002004407966  0.001502477660  0.003509191818  0.003511646135  0.000000000000  0.000000000000  0.002004407966  0.000000000000  0.000000000000  0.001000720801  0.001000720801  0.001001100374  0.001502477660  0.001001100374  0.002003428969  0.001001100374  0.001001100374  0.005020607362  
piranga_olivacea_ku4672 0.015205370581  0.017242867515  0.005525530155  0.007550842564  0.008058582245  0.004515069800  0.008560096972  0.008563272065  0.005024878675  0.006539889968  0.003513529245  0.004015498072  0.004017683889  0.003513529245  0.005525530155  0.005530409825  0.002004407966  0.002004407966  0.000000000000  0.002004407966  0.002004407966  0.003008351459  0.003008351459  0.003009932531  0.003513529245  0.003009932531  0.004015498072  0.003009932531  0.003009932531  0.007043668773  
piranga_bidentata_tepe59 0.013149466496  0.015182703124  0.003509191818  0.005525530155  0.006031013822  0.002504393890  0.006532719503  0.006534669337  0.003008351459  0.004517857221  0.001502477660  0.002003428969  0.002004407966  0.001502477660  0.003509191818  0.003511646135  0.000000000000  0.000000000000  0.002004407966  0.000000000000  0.000000000000  0.001000720801  0.001000720801  0.001001100374  0.001502477660  0.001001100374  0.002003428969  0.001001100374  0.001001100374  0.005020607362  
piranga_ludoviciana_sdsu2385 0.013149466496  0.015182703124  0.003509191818  0.005525530155  0.006031013822  0.002504393890  0.006532719503  0.006534669337  0.003008351459  0.004517857221  0.001502477660  0.002003428969  0.002004407966  0.001502477660  0.003509191818  0.003511646135  0.000000000000  0.000000000000  0.002004407966  0.000000000000  0.000000000000  0.001000720801  0.001000720801  0.001001100374  0.001502477660  0.001001100374  0.002003428969  0.001001100374  0.001001100374  0.005020607362  
piranga_bidentata_itm160 0.014170549045  0.016206443752  0.004515069800  0.006534669337  0.007040972839  0.003508489080  0.007543159624  0.007545279190  0.004013749802  0.005525530155  0.002505612813  0.003007207207  0.003008351459  0.002505612813  0.004515069800  0.004517857221  0.001000720801  0.001000720801  0.003008351459  0.001000720801  0.001000720801  0.000000000000  0.000000000000  0.002003428969  0.002505612813  0.002003428969  0.003007207207  0.002003428969  0.002003428969  0.006028928530  
piranga_bidentata_itm141 0.014170549045  0.016206443752  0.004515069800  0.006534669337  0.007040972839  0.003508489080  0.007543159624  0.007545279190  0.004013749802  0.005525530155  0.002505612813  0.003007207207  0.003008351459  0.002505612813  0.004515069800  0.004517857221  0.001000720801  0.001000720801  0.003008351459  0.001000720801  0.001000720801  0.000000000000  0.000000000000  0.002003428969  0.002505612813  0.002003428969  0.003007207207  0.002003428969  0.002003428969  0.006028928530  
piranga_flava_ku90809 0.014176257494  0.016211619458  0.004516244201  0.006537059611  0.007043668773  0.003508621323  0.007545279190  0.007547840288  0.004015498072  0.005527750492  0.002506892515  0.003008351459  0.003009932531  0.002506892515  0.004516244201  0.004519908506  0.001001100374  0.001001100374  0.003009932531  0.001001100374  0.001001100374  0.002003428969  0.002003428969  0.000000000000  0.000500274892  0.000000000000  0.001000720801  0.000000000000  0.000000000000  0.004012439431  
piranga_lutea_ku89864 0.014690523120  0.016726951361  0.005020607362  0.007043668773  0.007550842564  0.004011567317  0.008052405189  0.008055272943  0.004519908506  0.006033538830  0.003009932531  0.003511646135  0.003513529245  0.003009932531  0.005020607362  0.005024878675  0.001502477660  0.001502477660  0.003513529245  0.001502477660  0.001502477660  0.002505612813  0.002505612813  0.000500274892  0.000000000000  0.000500274892  0.001501798705  0.000500274892  0.000500274892  0.004516244201  
piranga_flava_lsu15408 0.014176257494  0.016211619458  0.004516244201  0.006537059611  0.007043668773  0.003508621323  0.007545279190  0.007547840288  0.004015498072  0.005527750492  0.002506892515  0.003008351459  0.003009932531  0.002506892515  0.004516244201  0.004519908506  0.001001100374  0.001001100374  0.003009932531  0.001001100374  0.001001100374  0.002003428969  0.002003428969  0.000000000000  0.000500274892  0.000000000000  0.001000720801  0.000000000000  0.000000000000  0.004012439431  
piranga_hepatica_ku9084 0.015199031486  0.017237058544  0.005523749167  0.007547840288  0.008055272943  0.004514334375  0.008557364154  0.008560096972  0.005022523704  0.006537059611  0.003511646135  0.004013749802  0.004015498072  0.003511646135  0.005523749167  0.005527750492  0.002003428969  0.002003428969  0.004015498072  0.002003428969  0.002003428969  0.003007207207  0.003007207207  0.001000720801  0.001501798705  0.001000720801  0.000000000000  0.001000720801  0.001000720801  0.005019130004  
piranga_lutea_lsu5400 0.014176257494  0.016211619458  0.004516244201  0.006537059611  0.007043668773  0.003508621323  0.007545279190  0.007547840288  0.004015498072  0.005527750492  0.002506892515  0.003008351459  0.003009932531  0.002506892515  0.004516244201  0.004519908506  0.001001100374  0.001001100374  0.003009932531  0.001001100374  0.001001100374  0.002003428969  0.002003428969  0.000000000000  0.000500274892  0.000000000000  0.001000720801  0.000000000000  0.000000000000  0.004012439431  
piranga_hepatica_ku4970 0.014176257494  0.016211619458  0.004516244201  0.006537059611  0.007043668773  0.003508621323  0.007545279190  0.007547840288  0.004015498072  0.005527750492  0.002506892515  0.003008351459  0.003009932531  0.002506892515  0.004516244201  0.004519908506  0.001001100374  0.001001100374  0.003009932531  0.001001100374  0.001001100374  0.002003428969  0.002003428969  0.000000000000  0.000500274892  0.000000000000  0.001000720801  0.000000000000  0.000000000000  0.004012439431  
piranga_rubra_ku26592 0.018283354316  0.020328890054  0.008557364154  0.010592579695  0.011102809013  0.007541481950  0.011605767848  0.011609466836  0.008055272943  0.009577182944  0.006537059611  0.007040972839  0.007043668773  0.006537059611  0.008557364154  0.008563272065  0.005020607362  0.005020607362  0.007043668773  0.005020607362  0.005020607362  0.006028928530  0.006028928530  0.004012439431  0.004516244201  0.004012439431  0.005019130004  0.004012439431  0.004012439431  0.000000000000  

