30
piranga_rubra_ku26592 0.000000000000  0.002802294867  0.002804914943  0.006562425303  0.008457656296  0.013730560846  0.005212423872  0.012723354407  0.007507632017  0.003747424086  0.005511184599  0.005256260977  0.002800126393  0.002757118602  0.004689341563  0.002334536298  0.002077487358  0.003740776970  0.005223655936  0.004680561977  0.007514684345  0.002804914943  0.006602517524  0.005952036066  0.004867673723  0.006205033465  0.003323913861  0.002807539922  0.006562425303  0.004680561977  
piranga_flava_ku90809 0.002802294867  0.000000000000  0.001867934090  0.005619266114  0.007510480991  0.012735819949  0.004164935005  0.011731865032  0.006562425303  0.002807539922  0.004403352741  0.004199920062  0.001864983748  0.002757118602  0.003747424086  0.001165703460  0.001037504587  0.002802742411  0.004174075858  0.003740415581  0.006568583371  0.001867934090  0.006602517524  0.004954495245  0.003889929163  0.004957932669  0.002213120674  0.001869680313  0.005619266114  0.003740415581  
piranga_ludoviciana_sdsu2385 0.002804914943  0.001867934090  0.000000000000  0.003739054959  0.005622289631  0.010753130324  0.002077487358  0.009755634202  0.004678145597  0.000932965317  0.002196109742  0.002094895870  0.001866724454  0.002757118602  0.001869680313  0.001165703460  0.001038582122  0.000932714448  0.002082475827  0.001866191126  0.004682526733  0.001867934090  0.004707701488  0.002966243990  0.001941002514  0.002474396405  0.000000000000  0.000000000000  0.003739054959  0.001866191126  
piranga_rubriceps_lsu265 0.006562425303  0.005619266114  0.003739054959  0.000000000000  0.007510480991  0.012735819949  0.006251602654  0.011731865032  0.008445969978  0.004682526733  0.006609725946  0.006304151372  0.005617026167  0.006917577087  0.005624533792  0.004676747697  0.005209425012  0.004676877069  0.006268413704  0.005619266114  0.006568583371  0.005619266114  0.002818445507  0.006943059843  0.003889929163  0.004957932669  0.004430717189  0.003742553374  0.007500673057  0.005619266114  
piranga_leucoptera_lsu7783 0.008457656296  0.007510480991  0.005622289631  0.007510480991  0.000000000000  0.013721138927  0.005204002998  0.012715034078  0.009398856682  0.006565361738  0.005501770166  0.007370928092  0.007507712262  0.005526485135  0.007510480991  0.004674053964  0.004163246583  0.004682526733  0.005218722395  0.007510480991  0.000933585217  0.007510480991  0.008509859185  0.008949918140  0.005849351953  0.002474037707  0.002211422518  0.005622289631  0.009398856682  0.007510480991  
cardinalis_cardinalis_ku25393 0.013730560846  0.012735819949  0.010753130324  0.012735819949  0.013721138927  0.000000000000  0.010912906140  0.002916724591  0.013730560846  0.011743346547  0.011244231314  0.011653104122  0.012727483232  0.009706101299  0.012735819949  0.009472200911  0.009820315399  0.011736090092  0.010940383551  0.012735819949  0.012735819949  0.012735819949  0.013815930205  0.014023531205  0.010803139463  0.006205033465  0.008922812830  0.010753130324  0.014708121382  0.012735819949  
piranga_olivacea_ku2699 0.005212423872  0.004164935005  0.002077487358  0.006251602654  0.005204002998  0.010912906140  0.000000000000  0.009788272940  0.006256140925  0.003119960180  0.004403352741  0.004413068974  0.003119960180  0.005530254605  0.004164935005  0.003506515359  0.003123208289  0.003117272058  0.004174075858  0.004164935005  0.004161049375  0.004164935005  0.005245577038  0.005421913568  0.003255986371  0.004957932669  0.002213120674  0.002077487358  0.006251602654  0.004164935005  
cardinalis_cardinalis_ku21828 0.012723354407  0.011731865032  0.009755634202  0.011731865032  0.012715034078  0.002916724591  0.009788272940  0.000000000000  0.010742628368  0.010742628368  0.010084410752  0.008455087477  0.011724622825  0.008308211760  0.011731865032  0.008257884128  0.008699634134  0.010736459393  0.009813320784  0.011731865032  0.011731865032  0.011731865032  0.012802693143  0.013020697409  0.009819802756  0.004957932669  0.007797914913  0.009755634202  0.013699860522  0.011731865032  
piranga_rubra_ku7046 0.007507632017  0.006562425303  0.004678145597  0.008445969978  0.009398856682  0.013730560846  0.006256140925  0.010742628368  0.000000000000  0.005624533792  0.006614800594  0.004195968861  0.006559209726  0.006923474403  0.002804604954  0.004676747697  0.005212763948  0.005617026167  0.006271205438  0.006562425303  0.008453903616  0.006562425303  0.009452161510  0.007942992335  0.005843654959  0.006205033465  0.003323913861  0.004682526733  0.006557424050  0.006562425303  
piranga_bidentata_hgoslp104 0.003747424086  0.002807539922  0.000932965317  0.004682526733  0.006565361738  0.011743346547  0.003119960180  0.010742628368  0.005624533792  0.000000000000  0.003298332534  0.002097092470  0.002805363321  0.002757118602  0.002807539922  0.002334536298  0.002079647583  0.001868468414  0.003127019859  0.002804914943  0.005624533792  0.002807539922  0.005659411905  0.003963157477  0.002917209313  0.002474396405  0.000000000000  0.000932965317  0.004682526733  0.002804914943  
piranga_ludoviciana_sdsu2648 0.005511184599  0.004403352741  0.002196109742  0.006609725946  0.005501770166  0.011244231314  0.004403352741  0.010084410752  0.006614800594  0.003298332534  0.000000000000  0.003406960184  0.003298332534  0.002757118602  0.004403352741  0.003506515359  0.003298332534  0.003295328163  0.002194437598  0.004403352741  0.004399009377  0.004403352741  0.005548260214  0.005585448080  0.003354280122  0.002474396405  0.001132693814  0.002196109742  0.006609725946  0.004403352741  
piranga_roseogularis_ku2049 0.005256260977  0.004199920062  0.002094895870  0.006304151372  0.007370928092  0.011653104122  0.004413068974  0.008455087477  0.004195968861  0.002097092470  0.003406960184  0.000000000000  0.004195968861  0.005530254605  0.004204334564  0.002396067214  0.003309247585  0.002094895870  0.003313526823  0.004199920062  0.007370928092  0.004199920062  0.006350861553  0.003143402379  0.003143402379  0.004957932669  0.002213120674  0.002097092470  0.006304151372  0.004199920062  
piranga_hepatica_ku4970 0.002800126393  0.001864983748  0.001866724454  0.005617026167  0.007507712262  0.012727483232  0.003119960180  0.011724622825  0.006559209726  0.002805363321  0.003298332534  0.004195968861  0.000000000000  0.001377146147  0.003744278615  0.000000000000  0.000000000000  0.002801985462  0.003127019859  0.003737281868  0.006565361738  0.001866724454  0.006600708093  0.004951479532  0.003888066852  0.003714393745  0.001105154170  0.001868468414  0.005617026167  0.003737281868  
piranga_hepatica_ku9084 0.002757118602  0.002757118602  0.002757118602  0.006917577087  0.005526485135  0.009706101299  0.005530254605  0.008308211760  0.006923474403  0.002757118602  0.002757118602  0.005530254605  0.001377146147  0.000000000000  0.005530254605  0.001420173478  0.001377146147  0.002757118602  0.004139823591  0.005530254605  0.005526485135  0.002757118602  0.006917577087  0.005530254605  0.004139823591  0.005525825369  0.002757118602  0.002757118602  0.006914795965  0.005530254605  
piranga_rubra_sdsu2654 0.004689341563  0.003747424086  0.001869680313  0.005624533792  0.007510480991  0.012735819949  0.004164935005  0.011731865032  0.002804604954  0.002807539922  0.004403352741  0.004204334564  0.003744278615  0.005530254605  0.000000000000  0.003506515359  0.003123208289  0.002805363321  0.004174075858  0.003747424086  0.006568583371  0.003747424086  0.006608751082  0.004959409566  0.003893715753  0.004957932669  0.002213120674  0.001869680313  0.003742553374  0.003747424086  
piranga_flava_lsu15408 0.002334536298  0.001165703460  0.001165703460  0.004676747697  0.004674053964  0.009472200911  0.003506515359  0.008257884128  0.004676747697  0.002334536298  0.003506515359  0.002396067214  0.000000000000  0.001420173478  0.003506515359  0.000000000000  0.000000000000  0.002332646648  0.002334536298  0.003506515359  0.003503119637  0.001165703460  0.004715339798  0.004709787692  0.002357392012  0.003867630481  0.001196385351  0.001165703460  0.003503119637  0.003506515359  
piranga_lutea_lsu5400 0.002077487358  0.001037504587  0.001038582122  0.005209425012  0.004163246583  0.009820315399  0.003123208289  0.008699634134  0.005212763948  0.002079647583  0.003298332534  0.003309247585  0.000000000000  0.001377146147  0.003123208289  0.000000000000  0.000000000000  0.002078148130  0.003127019859  0.003119960180  0.003120514565  0.001038582122  0.004195968861  0.004337003762  0.002170621108  0.003714393745  0.001105154170  0.001038582122  0.005209425012  0.003119960180  
piranga_olivacea_ku4672 0.003740776970  0.002802742411  0.000932714448  0.004676877069  0.004682526733  0.011736090092  0.003117272058  0.010736459393  0.005617026167  0.001868468414  0.003295328163  0.002094895870  0.002801985462  0.002757118602  0.002805363321  0.002332646648  0.002078148130  0.000000000000  0.003126077288  0.002802742411  0.005622289631  0.002802742411  0.005653255884  0.003957305308  0.002913556811  0.002474396405  0.000000000000  0.000933585217  0.004676877069  0.002802742411  
piranga_ludoviciana_sdsu2208 0.005223655936  0.004174075858  0.002082475827  0.006268413704  0.005218722395  0.010940383551  0.004174075858  0.009813320784  0.006271205438  0.003127019859  0.002194437598  0.003313526823  0.003127019859  0.004139823591  0.004174075858  0.002334536298  0.003127019859  0.003126077288  0.000000000000  0.004174075858  0.004171931008  0.004174075858  0.005258736378  0.005435973169  0.003265593718  0.003715558618  0.001104802153  0.002082475827  0.006268413704  0.004174075858  
piranga_bidentata_itm160 0.004680561977  0.003740415581  0.001866191126  0.005619266114  0.007510480991  0.012735819949  0.004164935005  0.011731865032  0.006562425303  0.002804914943  0.004403352741  0.004199920062  0.003737281868  0.005530254605  0.003747424086  0.003506515359  0.003119960180  0.002802742411  0.004174075858  0.000000000000  0.006568583371  0.003743916553  0.006602517524  0.004954495245  0.003889929163  0.004957932669  0.002213120674  0.001867934090  0.005619266114  0.000000000000  
piranga_leucoptera_fmnh481795 0.007514684345  0.006568583371  0.004682526733  0.006568583371  0.000933585217  0.012735819949  0.004161049375  0.011731865032  0.008453903616  0.005624533792  0.004399009377  0.007370928092  0.006565361738  0.005526485135  0.006568583371  0.003503119637  0.003120514565  0.005622289631  0.004171931008  0.006568583371  0.000000000000  0.006568583371  0.007560164733  0.007950886710  0.004872417233  0.002474037707  0.002211422518  0.004682526733  0.008453903616  0.006568583371  
piranga_lutea_ku89864 0.002804914943  0.001867934090  0.001867934090  0.005619266114  0.007510480991  0.012735819949  0.004164935005  0.011731865032  0.006562425303  0.002807539922  0.004403352741  0.004199920062  0.001866724454  0.002757118602  0.003747424086  0.001165703460  0.001038582122  0.002802742411  0.004174075858  0.003743916553  0.006568583371  0.000000000000  0.006602517524  0.004954495245  0.003889929163  0.004957932669  0.002213120674  0.001869680313  0.005619266114  0.003743916553  
piranga_rubriceps_lsu34818 0.006602517524  0.006602517524  0.004707701488  0.002818445507  0.008509859185  0.013815930205  0.005245577038  0.012802693143  0.009452161510  0.005659411905  0.005548260214  0.006350861553  0.006600708093  0.006917577087  0.006608751082  0.004715339798  0.004195968861  0.005653255884  0.005258736378  0.006602517524  0.007560164733  0.006602517524  0.000000000000  0.007995442480  0.004898122669  0.003748222812  0.003346796034  0.004712138176  0.008499480967  0.006602517524  
piranga_roseogularis_ku2141 0.005952036066  0.004954495245  0.002966243990  0.006943059843  0.008949918140  0.014023531205  0.005421913568  0.013020697409  0.007942992335  0.003963157477  0.005585448080  0.003143402379  0.004951479532  0.005530254605  0.004959409566  0.004709787692  0.004337003762  0.003957305308  0.005435973169  0.004954495245  0.007950886710  0.004954495245  0.007995442480  0.000000000000  0.004966233756  0.004957932669  0.003320862693  0.002969179768  0.006943059843  0.004954495245  
piranga_erythrocephala_fmnh343371 0.004867673723  0.003889929163  0.001941002514  0.003889929163  0.005849351953  0.010803139463  0.003255986371  0.009819802756  0.005843654959  0.002917209313  0.003354280122  0.003143402379  0.003888066852  0.004139823591  0.003893715753  0.002357392012  0.002170621108  0.002913556811  0.003265593718  0.003889929163  0.004872417233  0.003889929163  0.004898122669  0.004966233756  0.000000000000  0.001235880998  0.001104802153  0.001942888091  0.005841231985  0.003889929163  
piranga_erythrocephala_fmnh343370 0.006205033465  0.004957932669  0.002474396405  0.004957932669  0.002474037707  0.006205033465  0.004957932669  0.004957932669  0.006205033465  0.002474396405  0.002474396405  0.004957932669  0.003714393745  0.005525825369  0.004957932669  0.003867630481  0.003714393745  0.002474396405  0.003715558618  0.004957932669  0.002474037707  0.004957932669  0.003748222812  0.004957932669  0.001235880998  0.000000000000  0.002474396405  0.002474396405  0.007450333030  0.004957932669  
piranga_ludoviciana_sdsu2650 0.003323913861  0.002213120674  0.000000000000  0.004430717189  0.002211422518  0.008922812830  0.002213120674  0.007797914913  0.003323913861  0.000000000000  0.001132693814  0.002213120674  0.001105154170  0.002757118602  0.002213120674  0.001196385351  0.001105154170  0.000000000000  0.001104802153  0.002213120674  0.002211422518  0.002213120674  0.003346796034  0.003320862693  0.001104802153  0.002474396405  0.000000000000  0.000000000000  0.004430717189  0.002213120674  
piranga_bidentata_tepe59 0.002807539922  0.001869680313  0.000000000000  0.003742553374  0.005622289631  0.010753130324  0.002077487358  0.009755634202  0.004682526733  0.000932965317  0.002196109742  0.002097092470  0.001868468414  0.002757118602  0.001869680313  0.001165703460  0.001038582122  0.000933585217  0.002082475827  0.001867934090  0.004682526733  0.001869680313  0.004712138176  0.002969179768  0.001942888091  0.002474396405  0.000000000000  0.000000000000  0.003742553374  0.001867934090  
piranga_rubra_sdsu2635 0.006562425303  0.005619266114  0.003739054959  0.007500673057  0.009398856682  0.014708121382  0.006251602654  0.013699860522  0.006557424050  0.004682526733  0.006609725946  0.006304151372  0.005617026167  0.006914795965  0.003742553374  0.003503119637  0.005209425012  0.004676877069  0.006268413704  0.005619266114  0.008453903616  0.005619266114  0.008499480967  0.006943059843  0.005841231985  0.007450333030  0.004430717189  0.003742553374  0.000000000000  0.005619266114  
piranga_bidentata_itm141 0.004680561977  0.003740415581  0.001866191126  0.005619266114  0.007510480991  0.012735819949  0.004164935005  0.011731865032  0.006562425303  0.002804914943  0.004403352741  0.004199920062  0.003737281868  0.005530254605  0.003747424086  0.003506515359  0.003119960180  0.002802742411  0.004174075858  0.000000000000  0.006568583371  0.003743916553  0.006602517524  0.004954495245  0.003889929163  0.004957932669  0.002213120674  0.001867934090  0.005619266114  0.000000000000  

