30
cardinalis_cardinalis_ku21828 0.000000000000  0.000000000000  0.011087612967  0.011087612967  0.004513961125  0.007033924354  0.004011078706  0.004513961125  0.016710697661  0.008046201993  0.004013681615  0.006028779395  0.004517769780  0.004517769780  0.004517769780  0.004013681615  0.004013681615  0.005020502713  0.004013681615  0.005525401989  0.006025936889  0.006030859656  0.006030859656  0.006027138354  0.006534492396  0.006534492396  0.004517769780  0.004517769780  0.005523625349  0.005523625349  
cardinalis_cardinalis_ku25393 0.000000000000  0.000000000000  0.011087612967  0.011087612967  0.004513961125  0.007033924354  0.004011078706  0.004513961125  0.016710697661  0.008046201993  0.004013681615  0.006028779395  0.004517769780  0.004517769780  0.004517769780  0.004013681615  0.004013681615  0.005020502713  0.004013681615  0.005525401989  0.006025936889  0.006030859656  0.006030859656  0.006027138354  0.006534492396  0.006534492396  0.004517769780  0.004517769780  0.005523625349  0.005523625349  
piranga_erythrocephala_fmnh343371 0.011087612967  0.011087612967  0.000000000000  0.000000000000  0.010582896673  0.013125004153  0.010074210256  0.010582896673  0.024442728821  0.015676103154  0.011601971182  0.013639324727  0.012112361809  0.012112361809  0.012112361809  0.011601971182  0.011601971182  0.012619903334  0.011601971182  0.013131125496  0.013633476128  0.013642920131  0.013642920131  0.013636176607  0.014151381140  0.014151381140  0.012112361809  0.012112361809  0.013127841372  0.013127841372  
piranga_erythrocephala_fmnh343370 0.011087612967  0.011087612967  0.000000000000  0.000000000000  0.010582896673  0.013125004153  0.010074210256  0.010582896673  0.024442728821  0.015676103154  0.011601971182  0.013639324727  0.012112361809  0.012112361809  0.012112361809  0.011601971182  0.011601971182  0.012619903334  0.011601971182  0.013131125496  0.013633476128  0.013642920131  0.013642920131  0.013636176607  0.014151381140  0.014151381140  0.012112361809  0.012112361809  0.013127841372  0.013127841372  
piranga_leucoptera_fmnh481795 0.004513961125  0.004513961125  0.010582896673  0.010582896673  0.000000000000  0.002504339208  0.001501546965  0.002002870459  0.017217153182  0.008550582414  0.004514989189  0.006531042399  0.005019029024  0.005019029024  0.005019029024  0.004514989189  0.004514989189  0.005522287565  0.004514989189  0.006027138354  0.006529353582  0.006532547427  0.006532547427  0.006529977665  0.007036706757  0.007036706757  0.005019029024  0.005019029024  0.006025936889  0.006025936889  
piranga_leucoptera_lsu7783 0.007033924354  0.007033924354  0.013125004153  0.013125004153  0.002504339208  0.000000000000  0.004011072600  0.004514255914  0.019783166645  0.011084857660  0.007035338154  0.009058532798  0.007541258054  0.007541258054  0.007541258054  0.007035338154  0.007035338154  0.008046201993  0.007035338154  0.008552938915  0.009056451754  0.009060238302  0.009060238302  0.009057270495  0.009566089383  0.009566089383  0.007541258054  0.007541258054  0.008551539248  0.008551539248  
piranga_rubriceps_lsu265 0.004011078706  0.004011078706  0.010074210256  0.010074210256  0.001501546965  0.004011072600  0.000000000000  0.000500273701  0.016702892272  0.008044455444  0.004011504619  0.006025936889  0.004514989189  0.004514989189  0.004514989189  0.004011504619  0.004011504619  0.005017993827  0.004011504619  0.005522287565  0.006024854105  0.006027138354  0.006027138354  0.006025175353  0.006531042399  0.006531042399  0.004514989189  0.004514989189  0.005521388992  0.005521388992  
piranga_rubriceps_lsu34818 0.004513961125  0.004513961125  0.010582896673  0.010582896673  0.002002870459  0.004514255914  0.000500273701  0.000000000000  0.017217153182  0.008550582414  0.004514989189  0.006531042399  0.005019029024  0.005019029024  0.005019029024  0.004514989189  0.004514989189  0.005522287565  0.004514989189  0.006027138354  0.006529353582  0.006532547427  0.006532547427  0.006529977665  0.007036706757  0.007036706757  0.005019029024  0.005019029024  0.006025936889  0.006025936889  
piranga_roseogularis_ku2049 0.016710697661  0.016710697661  0.024442728821  0.024442728821  0.017217153182  0.019783166645  0.016702892272  0.017217153182  0.000000000000  0.008559791342  0.012616929793  0.014656916266  0.013127841372  0.013127841372  0.013127841372  0.012616929793  0.012616929793  0.013636176607  0.012616929793  0.014147921422  0.014651615674  0.014660239880  0.014660239880  0.014654041410  0.015169497039  0.015169497039  0.013127841372  0.013127841372  0.014144909724  0.014144909724  
piranga_roseogularis_ku2141 0.008046201993  0.008046201993  0.015676103154  0.015676103154  0.008550582414  0.011084857660  0.008044455444  0.008550582414  0.008559791342  0.000000000000  0.004011078706  0.006024854105  0.004513961125  0.004513961125  0.004513961125  0.004011078706  0.004011078706  0.005017240336  0.004011078706  0.005520929986  0.006025533912  0.006025175353  0.006025175353  0.006024973504  0.006529353582  0.006529353582  0.004513961125  0.004513961125  0.005520910905  0.005520910905  
piranga_olivacea_ku4672 0.004013681615  0.004013681615  0.011601971182  0.011601971182  0.004514989189  0.007035338154  0.004011504619  0.004514989189  0.012616929793  0.004011078706  0.000000000000  0.002002870459  0.000500273701  0.000500273701  0.000500273701  0.000000000000  0.000000000000  0.001000716905  0.000000000000  0.001501789478  0.002003094605  0.002003412004  0.002003412004  0.002002764541  0.002504744459  0.002504744459  0.000500273701  0.000500273701  0.001501546965  0.001501546965  
piranga_bidentata_hgoslp104 0.006028779395  0.006028779395  0.013639324727  0.013639324727  0.006531042399  0.009058532798  0.006025936889  0.006531042399  0.014656916266  0.006024854105  0.002002870459  0.000000000000  0.001501546965  0.001501546965  0.001501546965  0.002002870459  0.002002870459  0.003006464933  0.002002870459  0.003509142928  0.004011078706  0.004012374409  0.004012374409  0.004011072600  0.004514989189  0.004514989189  0.002504744459  0.002504744459  0.003508574092  0.003508574092  
piranga_bidentata_tepe59 0.004517769780  0.004517769780  0.012112361809  0.012112361809  0.005019029024  0.007541258054  0.004514989189  0.005019029024  0.013127841372  0.004513961125  0.000500273701  0.001501546965  0.000000000000  0.000000000000  0.000000000000  0.000500273701  0.000500273701  0.001501789478  0.000500273701  0.002003412004  0.002504370297  0.002505585694  0.002505585694  0.002504339208  0.003007170175  0.003007170175  0.001001095602  0.001001095602  0.002002870459  0.002002870459  
piranga_bidentata_itm141 0.004517769780  0.004517769780  0.012112361809  0.012112361809  0.005019029024  0.007541258054  0.004514989189  0.005019029024  0.013127841372  0.004513961125  0.000500273701  0.001501546965  0.000000000000  0.000000000000  0.000000000000  0.000500273701  0.000500273701  0.001501789478  0.000500273701  0.002003412004  0.002504370297  0.002505585694  0.002505585694  0.002504339208  0.003007170175  0.003007170175  0.001001095602  0.001001095602  0.002002870459  0.002002870459  
piranga_bidentata_itm160 0.004517769780  0.004517769780  0.012112361809  0.012112361809  0.005019029024  0.007541258054  0.004514989189  0.005019029024  0.013127841372  0.004513961125  0.000500273701  0.001501546965  0.000000000000  0.000000000000  0.000000000000  0.000500273701  0.000500273701  0.001501789478  0.000500273701  0.002003412004  0.002504370297  0.002505585694  0.002505585694  0.002504339208  0.003007170175  0.003007170175  0.001001095602  0.001001095602  0.002002870459  0.002002870459  
piranga_hepatica_ku9084 0.004013681615  0.004013681615  0.011601971182  0.011601971182  0.004514989189  0.007035338154  0.004011504619  0.004514989189  0.012616929793  0.004011078706  0.000000000000  0.002002870459  0.000500273701  0.000500273701  0.000500273701  0.000000000000  0.000000000000  0.001000716905  0.000000000000  0.001501789478  0.002003094605  0.002003412004  0.002003412004  0.002002764541  0.002504744459  0.002504744459  0.000500273701  0.000500273701  0.001501546965  0.001501546965  
piranga_ludoviciana_sdsu2650 0.004013681615  0.004013681615  0.011601971182  0.011601971182  0.004514989189  0.007035338154  0.004011504619  0.004514989189  0.012616929793  0.004011078706  0.000000000000  0.002002870459  0.000500273701  0.000500273701  0.000500273701  0.000000000000  0.000000000000  0.001000716905  0.000000000000  0.001501789478  0.002003094605  0.002003412004  0.002003412004  0.002002764541  0.002504744459  0.002504744459  0.000500273701  0.000500273701  0.001501546965  0.001501546965  
piranga_ludoviciana_sdsu2385 0.005020502713  0.005020502713  0.012619903334  0.012619903334  0.005522287565  0.008046201993  0.005017993827  0.005522287565  0.013636176607  0.005017240336  0.001000716905  0.003006464933  0.001501789478  0.001501789478  0.001501789478  0.001000716905  0.001000716905  0.000000000000  0.001000716905  0.002504744459  0.003006364896  0.003007170175  0.003007170175  0.003006196389  0.003509142928  0.003509142928  0.001501789478  0.001501789478  0.002504339208  0.002504339208  
piranga_ludoviciana_sdsu2648 0.004013681615  0.004013681615  0.011601971182  0.011601971182  0.004514989189  0.007035338154  0.004011504619  0.004514989189  0.012616929793  0.004011078706  0.000000000000  0.002002870459  0.000500273701  0.000500273701  0.000500273701  0.000000000000  0.000000000000  0.001000716905  0.000000000000  0.001501789478  0.002003094605  0.002003412004  0.002003412004  0.002002764541  0.002504744459  0.002504744459  0.000500273701  0.000500273701  0.001501546965  0.001501546965  
piranga_ludoviciana_sdsu2208 0.005525401989  0.005525401989  0.013131125496  0.013131125496  0.006027138354  0.008552938915  0.005522287565  0.006027138354  0.014147921422  0.005520929986  0.001501789478  0.003509142928  0.002003412004  0.002003412004  0.002003412004  0.001501789478  0.001501789478  0.002504744459  0.001501789478  0.000000000000  0.003508442666  0.003510148820  0.003510148820  0.003508574092  0.004012374409  0.004012374409  0.002003412004  0.002003412004  0.003006464933  0.003006464933  
piranga_olivacea_ku2699 0.006025936889  0.006025936889  0.013633476128  0.013633476128  0.006529353582  0.009056451754  0.006024854105  0.006529353582  0.014651615674  0.006025533912  0.002003094605  0.004011078706  0.002504370297  0.002504370297  0.002504370297  0.002003094605  0.002003094605  0.003006364896  0.002003094605  0.003508442666  0.000000000000  0.004011072600  0.004011072600  0.004011523298  0.004513961125  0.004513961125  0.002504370297  0.002504370297  0.003508749007  0.003508749007  
piranga_hepatica_ku4970 0.006030859656  0.006030859656  0.013642920131  0.013642920131  0.006532547427  0.009060238302  0.006027138354  0.006532547427  0.014660239880  0.006025175353  0.002003412004  0.004012374409  0.002505585694  0.002505585694  0.002505585694  0.002003412004  0.002003412004  0.003007170175  0.002003412004  0.003510148820  0.004011072600  0.000000000000  0.000000000000  0.004011504619  0.004516160596  0.004516160596  0.002505585694  0.002505585694  0.003509142928  0.003509142928  
piranga_lutea_lsu5400 0.006030859656  0.006030859656  0.013642920131  0.013642920131  0.006532547427  0.009060238302  0.006027138354  0.006532547427  0.014660239880  0.006025175353  0.002003412004  0.004012374409  0.002505585694  0.002505585694  0.002505585694  0.002003412004  0.002003412004  0.003007170175  0.002003412004  0.003510148820  0.004011072600  0.000000000000  0.000000000000  0.004011504619  0.004516160596  0.004516160596  0.002505585694  0.002505585694  0.003509142928  0.003509142928  
piranga_flava_ku90809 0.006027138354  0.006027138354  0.013636176607  0.013636176607  0.006529977665  0.009057270495  0.006025175353  0.006529977665  0.014654041410  0.006024973504  0.002002764541  0.004011072600  0.002504339208  0.002504339208  0.002504339208  0.002002764541  0.002002764541  0.003006196389  0.002002764541  0.003508574092  0.004011523298  0.004011504619  0.004011504619  0.000000000000  0.001501789478  0.001501789478  0.002504339208  0.002504339208  0.003508442666  0.003508442666  
piranga_flava_lsu15408 0.006534492396  0.006534492396  0.014151381140  0.014151381140  0.007036706757  0.009566089383  0.006531042399  0.007036706757  0.015169497039  0.006529353582  0.002504744459  0.004514989189  0.003007170175  0.003007170175  0.003007170175  0.002504744459  0.002504744459  0.003509142928  0.002504744459  0.004012374409  0.004513961125  0.004516160596  0.004516160596  0.001501789478  0.000000000000  0.000000000000  0.003007170175  0.003007170175  0.004011504619  0.004011504619  
piranga_lutea_ku89864 0.006534492396  0.006534492396  0.014151381140  0.014151381140  0.007036706757  0.009566089383  0.006531042399  0.007036706757  0.015169497039  0.006529353582  0.002504744459  0.004514989189  0.003007170175  0.003007170175  0.003007170175  0.002504744459  0.002504744459  0.003509142928  0.002504744459  0.004012374409  0.004513961125  0.004516160596  0.004516160596  0.001501789478  0.000000000000  0.000000000000  0.003007170175  0.003007170175  0.004011504619  0.004011504619  
piranga_rubra_sdsu2654 0.004517769780  0.004517769780  0.012112361809  0.012112361809  0.005019029024  0.007541258054  0.004514989189  0.005019029024  0.013127841372  0.004513961125  0.000500273701  0.002504744459  0.001001095602  0.001001095602  0.001001095602  0.000500273701  0.000500273701  0.001501789478  0.000500273701  0.002003412004  0.002504370297  0.002505585694  0.002505585694  0.002504339208  0.003007170175  0.003007170175  0.000000000000  0.000000000000  0.001000772770  0.001000772770  
piranga_rubra_sdsu2635 0.004517769780  0.004517769780  0.012112361809  0.012112361809  0.005019029024  0.007541258054  0.004514989189  0.005019029024  0.013127841372  0.004513961125  0.000500273701  0.002504744459  0.001001095602  0.001001095602  0.001001095602  0.000500273701  0.000500273701  0.001501789478  0.000500273701  0.002003412004  0.002504370297  0.002505585694  0.002505585694  0.002504339208  0.003007170175  0.003007170175  0.000000000000  0.000000000000  0.001000772770  0.001000772770  
piranga_rubra_ku7046 0.005523625349  0.005523625349  0.013127841372  0.013127841372  0.006025936889  0.008551539248  0.005521388992  0.006025936889  0.014144909724  0.005520910905  0.001501546965  0.003508574092  0.002002870459  0.002002870459  0.002002870459  0.001501546965  0.001501546965  0.002504339208  0.001501546965  0.003006464933  0.003508749007  0.003509142928  0.003509142928  0.003508442666  0.004011504619  0.004011504619  0.001000772770  0.001000772770  0.000000000000  0.002003094605  
piranga_rubra_ku26592 0.005523625349  0.005523625349  0.013127841372  0.013127841372  0.006025936889  0.008551539248  0.005521388992  0.006025936889  0.014144909724  0.005520910905  0.001501546965  0.003508574092  0.002002870459  0.002002870459  0.002002870459  0.001501546965  0.001501546965  0.002504339208  0.001501546965  0.003006464933  0.003508749007  0.003509142928  0.003509142928  0.003508442666  0.004011504619  0.004011504619  0.001000772770  0.001000772770  0.002003094605  0.000000000000  

