30
cardinalis_cardinalis_ku21828 0.000000000000  0.006029242422  0.022929174017  0.022929174017  0.037078438099  0.037090904402  0.031832272756  0.030785161068  0.029170265142  0.030204823930  0.028663457544  0.028663457544  0.030762708267  0.031291405637  0.031820671976  0.032869144320  0.027096097366  0.024477891631  0.032857781925  0.032857781925  0.026038286051  0.023955918951  0.026562200529  0.026029835182  0.026553466356  0.026553466356  0.026545137811  0.027593507875  0.027593507875  0.032270139455  
cardinalis_cardinalis_ku25393 0.006029242422  0.000000000000  0.026076135266  0.026076135266  0.040306196713  0.040320856780  0.035035398729  0.033982974548  0.032350508509  0.032327954387  0.031844281911  0.031844281911  0.033956216382  0.034488638610  0.035021637855  0.036075433503  0.030268003563  0.027631529256  0.036061905904  0.036061905904  0.029200744168  0.027105926198  0.029728316181  0.029190177567  0.029717462307  0.029717462307  0.029707015548  0.030762708267  0.030762708267  0.035457588374  
piranga_erythrocephala_fmnh343371 0.022929174017  0.026076135266  0.000000000000  0.000000000000  0.016205218525  0.015696044307  0.010598851232  0.009583730950  0.008049666645  0.009059819175  0.007547732627  0.007547732627  0.009576074954  0.010085115327  0.010594683126  0.011611092353  0.007545165950  0.003509648491  0.012628938887  0.012628938887  0.005019514083  0.003006845005  0.005524119118  0.005018266879  0.005522609102  0.005522609102  0.005521489061  0.007539813890  0.007539813890  0.012098509386  
piranga_erythrocephala_fmnh343370 0.022929174017  0.026076135266  0.000000000000  0.000000000000  0.016205218525  0.015696044307  0.010598851232  0.009583730950  0.008049666645  0.009059819175  0.007547732627  0.007547732627  0.009576074954  0.010085115327  0.010594683126  0.011611092353  0.007545165950  0.003509648491  0.012628938887  0.012628938887  0.005019514083  0.003006845005  0.005524119118  0.005018266879  0.005522609102  0.005522609102  0.005521489061  0.007539813890  0.007539813890  0.012098509386  
piranga_leucoptera_fmnh481795 0.037078438099  0.040306196713  0.016205218525  0.016205218525  0.000000000000  0.011593494998  0.018766437140  0.017739878247  0.022379944816  0.023407134655  0.021873550562  0.021873550562  0.023948191564  0.024469883035  0.024992128487  0.026029835182  0.021866942070  0.017739878247  0.027069043494  0.027069043494  0.018250488034  0.017224735531  0.019799962033  0.019277704998  0.019277704998  0.019277704998  0.019789365355  0.021849533279  0.021849533279  0.026493157685  
piranga_leucoptera_lsu7783 0.037090904402  0.040320856780  0.015696044307  0.015696044307  0.011593494998  0.000000000000  0.018255561117  0.017229659358  0.021866942070  0.022893342121  0.021361065309  0.021361065309  0.023434499675  0.023955918951  0.024477891631  0.025514929099  0.021354333214  0.017229659358  0.025506760931  0.025506760931  0.017739878247  0.016714782047  0.019288551856  0.018766437140  0.018766437140  0.018766437140  0.019277704998  0.021336549551  0.021336549551  0.025976851755  
piranga_rubriceps_lsu265 0.031832272756  0.035035398729  0.010598851232  0.010598851232  0.018766437140  0.018255561117  0.000000000000  0.001000693729  0.016725277432  0.017745076265  0.016221929670  0.016221929670  0.018279846698  0.018797173996  0.019315046040  0.020344650929  0.016215962133  0.012121979328  0.021375733552  0.021375733552  0.012628938887  0.011611092353  0.014165578995  0.013648226911  0.014160702575  0.014160702575  0.014156222029  0.016200443204  0.016200443204  0.020809423673  
piranga_rubriceps_lsu34818 0.030785161068  0.033982974548  0.009583730950  0.009583730950  0.017739878247  0.017229659358  0.001000693729  0.000000000000  0.015701341469  0.016719830704  0.015198496491  0.015198496491  0.017253338299  0.017769854896  0.018286914533  0.019315046040  0.015192679574  0.011104779445  0.020344650929  0.020344650929  0.011611092353  0.010594683126  0.013145348167  0.012628938887  0.013140618974  0.013140618974  0.013136284706  0.015177606786  0.015177606786  0.019780375567  
piranga_ludoviciana_sdsu2385 0.029170265142  0.032350508509  0.008049666645  0.008049666645  0.022379944816  0.021866942070  0.016725277432  0.015701341469  0.000000000000  0.003006845005  0.005526018733  0.005526018733  0.007547732627  0.008562670405  0.008562670405  0.009576074954  0.009572835062  0.005524119118  0.014673712812  0.014673712812  0.007038746410  0.005019514083  0.007545165950  0.007036835515  0.007542990350  0.007542990350  0.007541206205  0.009565472304  0.009565472304  0.014135974442  
piranga_ludoviciana_sdsu2648 0.030204823930  0.032327954387  0.009059819175  0.009059819175  0.023407134655  0.022893342121  0.017745076265  0.016719830704  0.003006845005  0.000000000000  0.006532847802  0.006532847802  0.008556865476  0.009572835062  0.009572835062  0.010587525563  0.010584536854  0.006531201067  0.015691144260  0.015691144260  0.008047617527  0.006026085938  0.008554550838  0.008045960517  0.008552628587  0.008552628587  0.008551099100  0.010577935541  0.010577935541  0.015154917537  
piranga_bidentata_hgoslp104 0.028663457544  0.031844281911  0.007547732627  0.007547732627  0.021873550562  0.021361065309  0.016221929670  0.015198496491  0.005526018733  0.006532847802  0.000000000000  0.000000000000  0.002003234158  0.003007822431  0.003007822431  0.004012966551  0.009070925823  0.005023176094  0.014170850916  0.014170850916  0.006537312472  0.004518562901  0.007043740229  0.005524119118  0.007041048106  0.007041048106  0.007038746410  0.009062007215  0.009062007215  0.013628917086  
piranga_ludoviciana_sdsu2650 0.028663457544  0.031844281911  0.007547732627  0.007547732627  0.021873550562  0.021361065309  0.016221929670  0.015198496491  0.005526018733  0.006532847802  0.000000000000  0.000000000000  0.002003234158  0.003007822431  0.003007822431  0.004012966551  0.009070925823  0.005023176094  0.014170850916  0.014170850916  0.006537312472  0.004518562901  0.007043740229  0.005524119118  0.007041048106  0.007041048106  0.007038746410  0.009062007215  0.009062007215  0.013628917086  
piranga_bidentata_tepe59 0.030762708267  0.033956216382  0.009576074954  0.009576074954  0.023948191564  0.023434499675  0.018279846698  0.017253338299  0.007547732627  0.008556865476  0.002003234158  0.002003234158  0.000000000000  0.004012966551  0.004012966551  0.005019514083  0.011104779445  0.007043740229  0.016221929670  0.016221929670  0.008562670405  0.006537312472  0.009070925823  0.007545165950  0.009067560915  0.009067560915  0.009064587920  0.011093828337  0.011093828337  0.015672613963  
piranga_ludoviciana_sdsu2208 0.031291405637  0.034488638610  0.010085115327  0.010085115327  0.024469883035  0.023955918951  0.018797173996  0.017769854896  0.008562670405  0.009572835062  0.003007822431  0.003007822431  0.004012966551  0.000000000000  0.005021150613  0.006029242422  0.012126562034  0.008058162889  0.017253338299  0.017253338299  0.009579707040  0.007550690009  0.010089015146  0.008559572123  0.010085115327  0.010085115327  0.010081607985  0.012113996238  0.012113996238  0.016698575690  
piranga_bidentata_itm160 0.031820671976  0.035021637855  0.010594683126  0.010594683126  0.024992128487  0.024477891631  0.019315046040  0.018286914533  0.008562670405  0.009572835062  0.003007822431  0.003007822431  0.004012966551  0.005021150613  0.000000000000  0.001000693729  0.012126562034  0.008058162889  0.017253338299  0.017253338299  0.009579707040  0.007550690009  0.010089015146  0.008559572123  0.010085115327  0.010085115327  0.010081607985  0.012113996238  0.012113996238  0.016698575690  
piranga_bidentata_itm141 0.032869144320  0.036075433503  0.011611092353  0.011611092353  0.026029835182  0.025514929099  0.020344650929  0.019315046040  0.009576074954  0.010587525563  0.004012966551  0.004012966551  0.005019514083  0.006029242422  0.001000693729  0.000000000000  0.013145348167  0.009070925823  0.018279846698  0.018279846698  0.010594683126  0.008562670405  0.011104779445  0.009572835062  0.011100735537  0.011100735537  0.011097085043  0.013132345739  0.013132345739  0.017723084064  
piranga_hepatica_ku4970 0.027096097366  0.030268003563  0.007545165950  0.007545165950  0.021866942070  0.021354333214  0.016215962133  0.015192679574  0.009572835062  0.010584536854  0.009070925823  0.009070925823  0.011104779445  0.012126562034  0.012126562034  0.013145348167  0.000000000000  0.004012966551  0.013140618974  0.013140618974  0.006534885062  0.004516800239  0.007041048106  0.006532847802  0.007038746410  0.007038746410  0.007036835515  0.009059819175  0.009059819175  0.013627089090  
piranga_hepatica_ku9084 0.024477891631  0.027631529256  0.003509648491  0.003509648491  0.017739878247  0.017229659358  0.012121979328  0.011104779445  0.005524119118  0.006531201067  0.005023176094  0.005023176094  0.007043740229  0.008058162889  0.008058162889  0.009070925823  0.004012966551  0.000000000000  0.009067560915  0.009067560915  0.002505271791  0.000500254338  0.003007822431  0.002504555042  0.003006845005  0.003006845005  0.003006255441  0.005017409376  0.005017409376  0.009561168918  
piranga_roseogularis_ku2049 0.032857781925  0.036061905904  0.012628938887  0.012628938887  0.027069043494  0.025506760931  0.021375733552  0.020344650929  0.014673712812  0.015691144260  0.014170850916  0.014170850916  0.016221929670  0.017253338299  0.017253338299  0.018279846698  0.013140618974  0.009067560915  0.000000000000  0.000000000000  0.011611092353  0.009576074954  0.012121979328  0.011607173024  0.012117790605  0.012117790605  0.012113996238  0.014152137733  0.014152137733  0.018749052146  
piranga_roseogularis_ku2141 0.032857781925  0.036061905904  0.012628938887  0.012628938887  0.027069043494  0.025506760931  0.021375733552  0.020344650929  0.014673712812  0.015691144260  0.014170850916  0.014170850916  0.016221929670  0.017253338299  0.017253338299  0.018279846698  0.013140618974  0.009067560915  0.000000000000  0.000000000000  0.011611092353  0.009576074954  0.012121979328  0.011607173024  0.012117790605  0.012117790605  0.012113996238  0.014152137733  0.014152137733  0.018749052146  
piranga_lutea_lsu5400 0.026038286051  0.029200744168  0.005019514083  0.005019514083  0.018250488034  0.017739878247  0.012628938887  0.011611092353  0.007038746410  0.008047617527  0.006537312472  0.006537312472  0.008562670405  0.009579707040  0.009579707040  0.010594683126  0.006534885062  0.002505271791  0.011611092353  0.011611092353  0.000000000000  0.002003234158  0.004516800239  0.004011854576  0.004515426256  0.004515426256  0.004514441324  0.006529945233  0.006529945233  0.011082578865  
piranga_lutea_ku89864 0.023955918951  0.027105926198  0.003006845005  0.003006845005  0.017224735531  0.016714782047  0.011611092353  0.010594683126  0.005019514083  0.006026085938  0.004518562901  0.004518562901  0.006537312472  0.007550690009  0.007550690009  0.008562670405  0.004516800239  0.000500254338  0.009576074954  0.009576074954  0.002003234158  0.000000000000  0.002505271791  0.002002777553  0.002504555042  0.002504555042  0.002504225884  0.004513845821  0.004513845821  0.009054782245  
piranga_olivacea_ku2699 0.026562200529  0.029728316181  0.005524119118  0.005524119118  0.019799962033  0.019288551856  0.014165578995  0.013145348167  0.007545165950  0.008554550838  0.007043740229  0.007043740229  0.009070925823  0.010089015146  0.010089015146  0.011104779445  0.007041048106  0.003007822431  0.012121979328  0.012121979328  0.004516800239  0.002505271791  0.000000000000  0.004515426256  0.005019514083  0.005019514083  0.005018266879  0.007035315797  0.007035315797  0.011590792901  
piranga_olivacea_ku4672 0.026029835182  0.029190177567  0.005018266879  0.005018266879  0.019277704998  0.018766437140  0.013648226911  0.012628938887  0.007036835515  0.008045960517  0.005524119118  0.005524119118  0.007545165950  0.008559572123  0.008559572123  0.009572835062  0.006532847802  0.002504555042  0.011607173024  0.011607173024  0.004011854576  0.002002777553  0.004515426256  0.000000000000  0.004514441324  0.004514441324  0.004513845821  0.006529080680  0.006529080680  0.011082089318  
piranga_flava_ku90809 0.026553466356  0.029717462307  0.005522609102  0.005522609102  0.019277704998  0.018766437140  0.014160702575  0.013140618974  0.007542990350  0.008552628587  0.007041048106  0.007041048106  0.009067560915  0.010085115327  0.010085115327  0.011100735537  0.007038746410  0.003006845005  0.012117790605  0.012117790605  0.004515426256  0.002504555042  0.005019514083  0.004514441324  0.000000000000  0.000000000000  0.004513845821  0.006529080680  0.006529080680  0.011082089318  
piranga_flava_lsu15408 0.026553466356  0.029717462307  0.005522609102  0.005522609102  0.019277704998  0.018766437140  0.014160702575  0.013140618974  0.007542990350  0.008552628587  0.007041048106  0.007041048106  0.009067560915  0.010085115327  0.010085115327  0.011100735537  0.007038746410  0.003006845005  0.012117790605  0.012117790605  0.004515426256  0.002504555042  0.005019514083  0.004514441324  0.000000000000  0.000000000000  0.004513845821  0.006529080680  0.006529080680  0.011082089318  
piranga_rubra_ku7046 0.026545137811  0.029707015548  0.005521489061  0.005521489061  0.019789365355  0.019277704998  0.014156222029  0.013136284706  0.007541206205  0.008551099100  0.007038746410  0.007038746410  0.009064587920  0.010081607985  0.010081607985  0.011097085043  0.007036835515  0.003006255441  0.012113996238  0.012113996238  0.004514441324  0.002504225884  0.005018266879  0.004513845821  0.004513845821  0.004513845821  0.000000000000  0.004011131381  0.004011131381  0.008548871043  
piranga_rubra_sdsu2654 0.027593507875  0.030762708267  0.007539813890  0.007539813890  0.021849533279  0.021336549551  0.016200443204  0.015177606786  0.009565472304  0.010577935541  0.009062007215  0.009062007215  0.011093828337  0.012113996238  0.012113996238  0.013132345739  0.009059819175  0.005017409376  0.014152137733  0.014152137733  0.006529945233  0.004513845821  0.007035315797  0.006529080680  0.006529080680  0.006529080680  0.004011131381  0.000000000000  0.000000000000  0.004513824617  
piranga_rubra_sdsu2635 0.027593507875  0.030762708267  0.007539813890  0.007539813890  0.021849533279  0.021336549551  0.016200443204  0.015177606786  0.009565472304  0.010577935541  0.009062007215  0.009062007215  0.011093828337  0.012113996238  0.012113996238  0.013132345739  0.009059819175  0.005017409376  0.014152137733  0.014152137733  0.006529945233  0.004513845821  0.007035315797  0.006529080680  0.006529080680  0.006529080680  0.004011131381  0.000000000000  0.000000000000  0.004513824617  
piranga_rubra_ku26592 0.032270139455  0.035457588374  0.012098509386  0.012098509386  0.026493157685  0.025976851755  0.020809423673  0.019780375567  0.014135974442  0.015154917537  0.013628917086  0.013628917086  0.015672613963  0.016698575690  0.016698575690  0.017723084064  0.013627089090  0.009561168918  0.018749052146  0.018749052146  0.011082578865  0.009054782245  0.011590792901  0.011082089318  0.011082089318  0.011082089318  0.008548871043  0.004513824617  0.004513824617  0.000000000000  

