30
piranga_rubra_ku26592 0.000000000000  0.003445056886  0.004588477647  0.006935835522  0.002292311775  0.013976711062  0.002472566868  0.011655098485  0.001267134328  0.004584341683  0.005898427378  0.000000000000  0.002293903824  0.002442372157  0.004599029002  0.001283798488  0.001145556075  0.002320519115  0.005789155848  0.006899580923  0.005746851994  0.001145556075  0.006908742635  0.004625620920  0.003442186487  0.004294681766  0.003311941663  0.006892868691  0.004588477647  0.006899580923  
piranga_flava_ku90809 0.003445056886  0.000000000000  0.005755834011  0.008101150431  0.003442186487  0.015159625019  0.003713732597  0.012836226109  0.003819034982  0.004594873988  0.007103806718  0.000000000000  0.003445056886  0.003668321811  0.008096686198  0.001283798488  0.002293903824  0.003485078040  0.004636343991  0.006915485859  0.006903912172  0.002293903824  0.008069951677  0.004636343991  0.004594873988  0.002859261035  0.001658544481  0.006908742635  0.008077998590  0.006915485859  
piranga_ludoviciana_sdsu2385 0.004588477647  0.005755834011  0.000000000000  0.009269354270  0.004594873988  0.016345515935  0.002472566868  0.014020321696  0.006365327635  0.004584341683  0.001173793665  0.002222527971  0.004599029002  0.004897469266  0.009243386356  0.003861936108  0.003445056886  0.002320519115  0.003464951902  0.004588477647  0.008063820445  0.003445056886  0.009234029300  0.006955570876  0.005750388072  0.007178707804  0.000000000000  0.004584341683  0.009222074874  0.004588477647  
piranga_rubriceps_lsu265 0.006935835522  0.008101150431  0.009269354270  0.000000000000  0.006932896129  0.016410440815  0.006199583484  0.015220267312  0.008979806224  0.008096901060  0.010726671935  0.004449578597  0.006935835522  0.007352294829  0.011614486278  0.005151090423  0.005773395288  0.005817292184  0.010525938810  0.010440461396  0.010428634030  0.005773395288  0.001150506565  0.008167316376  0.008096901060  0.010122555589  0.008388722461  0.010433572520  0.011614486278  0.010440461396  
piranga_leucoptera_lsu7783 0.002292311775  0.003442186487  0.004594873988  0.006932896129  0.000000000000  0.013967751862  0.002470717082  0.011646822197  0.003817845092  0.003441220216  0.005906630747  0.000000000000  0.002292311775  0.002440567288  0.006924689862  0.001283396696  0.001145236156  0.002318889897  0.005797058051  0.005750388072  0.003442186487  0.001145236156  0.006903912172  0.003470057275  0.003441220216  0.004293176285  0.001658544481  0.005746851994  0.006908742635  0.005750388072  
cardinalis_cardinalis_ku25393 0.013976711062  0.015159625019  0.016345515935  0.016410440815  0.013967751862  0.000000000000  0.011288105816  0.001154816428  0.015421844874  0.015149315998  0.018018907097  0.004455588242  0.013976711062  0.013648545534  0.017590566339  0.009050792303  0.012796759155  0.010584478729  0.017679076556  0.017534398832  0.017510319501  0.012796759155  0.016333850293  0.015284398838  0.015149315998  0.015893756801  0.013387571730  0.017521369718  0.016345515935  0.017534398832  
piranga_olivacea_ku2699 0.002472566868  0.003713732597  0.002472566868  0.006199583484  0.002470717082  0.011288105816  0.000000000000  0.010020561513  0.003929074089  0.001234290074  0.003713732597  0.002222527971  0.002472566868  0.002497265549  0.007456966042  0.001303885617  0.001234661697  0.000000000000  0.003718335589  0.003713732597  0.006195472114  0.001234661697  0.006199583484  0.003713732597  0.002472566868  0.002959124274  0.000000000000  0.003710396858  0.007456966042  0.003713732597  
cardinalis_cardinalis_ku21828 0.011655098485  0.012836226109  0.014020321696  0.015220267312  0.011646822197  0.001154816428  0.010020561513  0.000000000000  0.012843567708  0.012826604071  0.015627910012  0.004455588242  0.011655098485  0.012391709177  0.016397476687  0.007747302512  0.010476923983  0.009396727423  0.015332965873  0.015207400200  0.015184708769  0.010476923983  0.014009347139  0.012941948425  0.012826604071  0.013013421207  0.011743640062  0.015195066306  0.014020321696  0.015207400200  
piranga_rubra_ku7046 0.001267134328  0.003819034982  0.006365327635  0.008979806224  0.003817845092  0.015421844874  0.003929074089  0.012843567708  0.000000000000  0.006360992999  0.006365327635  0.000000000000  0.003819034982  0.003838581295  0.006373441553  0.002575721215  0.002542971246  0.003863297364  0.006373441553  0.008935258789  0.006375222027  0.002542971246  0.008950570414  0.006365327635  0.005095794608  0.005739206527  0.003317435261  0.008927738919  0.006365327635  0.008935258789  
piranga_bidentata_hgoslp104 0.004584341683  0.004594873988  0.004584341683  0.008096901060  0.003441220216  0.015149315998  0.001234290074  0.012826604071  0.006360992999  0.000000000000  0.005892708167  0.002222527971  0.003442186487  0.003665067177  0.009234029300  0.002569103911  0.002292311775  0.001158503766  0.005783646649  0.006892868691  0.006900999867  0.002292311775  0.008063820445  0.006948749225  0.004592625959  0.005730983645  0.003308622099  0.002288653862  0.009212760931  0.006892868691  
piranga_ludoviciana_sdsu2648 0.005898427378  0.007103806718  0.001173793665  0.010726671935  0.005906630747  0.018018907097  0.003713732597  0.015627910012  0.006365327635  0.005892708167  0.000000000000  0.002222527971  0.005912377051  0.006129831250  0.010696277411  0.003861936108  0.004723952180  0.003580752366  0.004718379784  0.005898427378  0.009478015767  0.004723952180  0.010685011953  0.008278627858  0.007096691099  0.007178707804  0.000000000000  0.005892708167  0.010670912094  0.005898427378  
piranga_roseogularis_ku2049 0.000000000000  0.000000000000  0.002222527971  0.004449578597  0.000000000000  0.004455588242  0.002222527971  0.004455588242  0.000000000000  0.002222527971  0.002222527971  0.000000000000  0.000000000000  0.000000000000  0.004455588242  0.000000000000  0.000000000000  0.002222527971  0.004455588242  0.002222527971  0.002221323754  0.000000000000  0.004449578597  0.002222527971  0.002222527971  0.002222527971  0.002222527971  0.002222527971  0.002222527971  0.002222527971  
piranga_hepatica_ku4970 0.002293903824  0.003445056886  0.004599029002  0.006935835522  0.002292311775  0.013976711062  0.002472566868  0.011655098485  0.003819034982  0.003442186487  0.005912377051  0.000000000000  0.000000000000  0.000000000000  0.006931464294  0.001283798488  0.001145556075  0.002320519115  0.005802592863  0.005755834011  0.005746851994  0.001145556075  0.006908742635  0.003472974398  0.003442186487  0.004294681766  0.003322947115  0.005750388072  0.006915485859  0.005755834011  
piranga_hepatica_ku9084 0.002442372157  0.003668321811  0.004897469266  0.007352294829  0.002440567288  0.013648545534  0.002497265549  0.012391709177  0.003838581295  0.003665067177  0.006129831250  0.000000000000  0.000000000000  0.000000000000  0.007365424620  0.001283798488  0.001219603709  0.002457376762  0.006137355547  0.006129831250  0.004890207712  0.001219603709  0.007357775043  0.003668321811  0.003665067177  0.004325644031  0.003350783422  0.006123654322  0.007365424620  0.006129831250  
piranga_rubra_sdsu2654 0.004599029002  0.008096686198  0.009243386356  0.011614486278  0.006924689862  0.017590566339  0.007456966042  0.016397476687  0.006373441553  0.009234029300  0.010696277411  0.004455588242  0.006931464294  0.007365424620  0.000000000000  0.006454256809  0.005769116608  0.006996123309  0.010496668506  0.009243386356  0.010416293684  0.005769116608  0.011597687549  0.009318758568  0.008088601996  0.010109611893  0.008351721451  0.011570847231  0.002293903824  0.009243386356  
piranga_flava_lsu15408 0.001283798488  0.001283798488  0.003861936108  0.005151090423  0.001283396696  0.009050792303  0.001303885617  0.007747302512  0.002575721215  0.002569103911  0.003861936108  0.000000000000  0.001283798488  0.001283798488  0.006454256809  0.000000000000  0.000000000000  0.001283798488  0.003866914061  0.005156313827  0.003857114169  0.000000000000  0.005151090423  0.002571104119  0.001283798488  0.001451508616  0.001689365276  0.005151090423  0.006454256809  0.005156313827  
piranga_lutea_lsu5400 0.001145556075  0.002293903824  0.003445056886  0.005773395288  0.001145236156  0.012796759155  0.001234661697  0.010476923983  0.002542971246  0.002292311775  0.004723952180  0.000000000000  0.001145556075  0.001219603709  0.005769116608  0.000000000000  0.000000000000  0.001158831142  0.004636343991  0.004599029002  0.004592625959  0.000000000000  0.005750388072  0.002312469903  0.002292311775  0.002859261035  0.001658544481  0.004594873988  0.005755834011  0.004599029002  
piranga_olivacea_ku4672 0.002320519115  0.003485078040  0.002320519115  0.005817292184  0.002318889897  0.010584478729  0.000000000000  0.009396727423  0.003863297364  0.001158503766  0.003580752366  0.002222527971  0.002320519115  0.002457376762  0.006996123309  0.001283798488  0.001158831142  0.000000000000  0.003513650647  0.003485078040  0.005813673179  0.001158831142  0.005817292184  0.003513650647  0.003482140542  0.004357055981  0.000000000000  0.003482140542  0.006996123309  0.003485078040  
piranga_ludoviciana_sdsu2208 0.005789155848  0.004636343991  0.003464951902  0.010525938810  0.005797058051  0.017679076556  0.003718335589  0.015332965873  0.006373441553  0.005783646649  0.004718379784  0.004455588242  0.005802592863  0.006137355547  0.010496668506  0.003866914061  0.004636343991  0.003513650647  0.000000000000  0.005789155848  0.009301687872  0.004636343991  0.010485819740  0.008134322015  0.006964881897  0.007189029568  0.001653061125  0.005783646649  0.010472240024  0.005789155848  
piranga_bidentata_itm160 0.006899580923  0.006915485859  0.004588477647  0.010440461396  0.005750388072  0.017534398832  0.003713732597  0.015207400200  0.008935258789  0.006892868691  0.005898427378  0.002222527971  0.005755834011  0.006129831250  0.009243386356  0.005156313827  0.004599029002  0.003485078040  0.005789155848  0.000000000000  0.009226590869  0.004599029002  0.010400989714  0.006955570876  0.006908742635  0.007178707804  0.003311941663  0.006892868691  0.009222074874  0.000000000000  
piranga_leucoptera_fmnh481795 0.005746851994  0.006903912172  0.008063820445  0.010428634030  0.003442186487  0.017510319501  0.006195472114  0.015184708769  0.006375222027  0.006900999867  0.009478015767  0.002221323754  0.005746851994  0.004890207712  0.010416293684  0.003857114169  0.004592625959  0.005813673179  0.009301687872  0.009226590869  0.000000000000  0.004592625959  0.010385412449  0.006959972452  0.006900999867  0.007170662217  0.003319605444  0.009221076438  0.010392237604  0.009226590869  
piranga_lutea_ku89864 0.001145556075  0.002293903824  0.003445056886  0.005773395288  0.001145236156  0.012796759155  0.001234661697  0.010476923983  0.002542971246  0.002292311775  0.004723952180  0.000000000000  0.001145556075  0.001219603709  0.005769116608  0.000000000000  0.000000000000  0.001158831142  0.004636343991  0.004599029002  0.004592625959  0.000000000000  0.005750388072  0.002312469903  0.002292311775  0.002859261035  0.001658544481  0.004594873988  0.005755834011  0.004599029002  
piranga_rubriceps_lsu34818 0.006908742635  0.008069951677  0.009234029300  0.001150506565  0.006903912172  0.016333850293  0.006199583484  0.014009347139  0.008950570414  0.008063820445  0.010685011953  0.004449578597  0.006908742635  0.007357775043  0.011597687549  0.005151090423  0.005750388072  0.005817292184  0.010485819740  0.010400989714  0.010385412449  0.005750388072  0.000000000000  0.008135607141  0.008063820445  0.010070917147  0.008340252027  0.010392237604  0.011570847231  0.010400989714  
piranga_roseogularis_ku2141 0.004625620920  0.004636343991  0.006955570876  0.008167316376  0.003470057275  0.015284398838  0.003713732597  0.012941948425  0.006365327635  0.006948749225  0.008278627858  0.002222527971  0.003472974398  0.003668321811  0.009318758568  0.002571104119  0.002312469903  0.003513650647  0.008134322015  0.006955570876  0.006959972452  0.002312469903  0.008135607141  0.000000000000  0.004632121256  0.004294681766  0.006647325885  0.009287632352  0.009297098510  0.006955570876  
piranga_erythrocephala_fmnh343371 0.003442186487  0.004594873988  0.005750388072  0.008096901060  0.003441220216  0.015149315998  0.002472566868  0.012826604071  0.005095794608  0.004592625959  0.007096691099  0.002222527971  0.003442186487  0.003665067177  0.008088601996  0.001283798488  0.002292311775  0.003482140542  0.006964881897  0.006908742635  0.006900999867  0.002292311775  0.008063820445  0.004632121256  0.000000000000  0.000000000000  0.004987217734  0.006903912172  0.008069951677  0.006908742635  
piranga_erythrocephala_fmnh343370 0.004294681766  0.002859261035  0.007178707804  0.010122555589  0.004293176285  0.015893756801  0.002959124274  0.013013421207  0.005739206527  0.005730983645  0.007178707804  0.002222527971  0.004294681766  0.004325644031  0.010109611893  0.001451508616  0.002859261035  0.004357055981  0.007189029568  0.007178707804  0.007170662217  0.002859261035  0.010070917147  0.004294681766  0.000000000000  0.000000000000  0.005071527692  0.007173191522  0.008627367127  0.007178707804  
piranga_ludoviciana_sdsu2650 0.003311941663  0.001658544481  0.000000000000  0.008388722461  0.001658544481  0.013387571730  0.000000000000  0.011743640062  0.003317435261  0.003308622099  0.000000000000  0.002222527971  0.003322947115  0.003350783422  0.008351721451  0.001689365276  0.001658544481  0.000000000000  0.001653061125  0.003311941663  0.003319605444  0.001658544481  0.008340252027  0.006647325885  0.004987217734  0.005071527692  0.000000000000  0.004970691010  0.006647325885  0.003311941663  
piranga_bidentata_tepe59 0.006892868691  0.006908742635  0.004584341683  0.010433572520  0.005746851994  0.017521369718  0.003710396858  0.015195066306  0.008927738919  0.002288653862  0.005892708167  0.002222527971  0.005750388072  0.006123654322  0.011570847231  0.005151090423  0.004594873988  0.003482140542  0.005783646649  0.006892868691  0.009221076438  0.004594873988  0.010392237604  0.009287632352  0.006903912172  0.007173191522  0.004970691010  0.000000000000  0.011544130864  0.006892868691  
piranga_rubra_sdsu2635 0.004588477647  0.008077998590  0.009222074874  0.011614486278  0.006908742635  0.016345515935  0.007456966042  0.014020321696  0.006365327635  0.009212760931  0.010670912094  0.002222527971  0.006915485859  0.007365424620  0.002293903824  0.006454256809  0.005755834011  0.006996123309  0.010472240024  0.009222074874  0.010392237604  0.005755834011  0.011570847231  0.009297098510  0.008069951677  0.008627367127  0.006647325885  0.011544130864  0.000000000000  0.009222074874  
piranga_bidentata_itm141 0.006899580923  0.006915485859  0.004588477647  0.010440461396  0.005750388072  0.017534398832  0.003713732597  0.015207400200  0.008935258789  0.006892868691  0.005898427378  0.002222527971  0.005755834011  0.006129831250  0.009243386356  0.005156313827  0.004599029002  0.003485078040  0.005789155848  0.000000000000  0.009226590869  0.004599029002  0.010400989714  0.006955570876  0.006908742635  0.007178707804  0.003311941663  0.006892868691  0.009222074874  0.000000000000  

