30
piranga_rubra_ku26592 0.000000000000  0.006546946774  0.004898769699  0.004908963175  0.000000000000  0.014842955626  0.000000000000  0.011511410109  0.005151490641  0.004898769699  0.005098585309  0.000000000000  0.004900943587  0.000000000000  0.001629229783  0.006477169848  0.004898769699  0.003681764933  0.003815975984  0.006541123795  0.004900943587  0.004900943587  0.006551838008  0.000000000000  0.003261483003  0.000000000000  0.001890155748  0.006541123795  0.001629229783  0.006541123795  
piranga_flava_ku90809 0.006546946774  0.000000000000  0.004884982763  0.004899110312  0.004214329036  0.014809015296  0.000000000000  0.011486913200  0.008608977838  0.004884982763  0.005083653031  0.004677586379  0.004891122835  0.004943511992  0.004884982763  0.010831110588  0.004884982763  0.003686147334  0.011533150732  0.006520687971  0.004891122835  0.004891122835  0.006531335301  0.004144463900  0.003254295535  0.006930757845  0.005669725170  0.006520687971  0.004884982763  0.006520687971  
piranga_ludoviciana_sdsu2385 0.004898769699  0.004884982763  0.000000000000  0.001626579707  0.002100589470  0.013125950705  0.000000000000  0.009816059626  0.006867756804  0.000000000000  0.000000000000  0.000000000000  0.003250880280  0.002462710249  0.003251436330  0.008653947339  0.003251436330  0.001838042866  0.000000000000  0.001623226320  0.003250880280  0.003250880280  0.003256730879  0.000000000000  0.001623226320  0.000000000000  0.000000000000  0.001623226320  0.003251436330  0.001623226320  
piranga_rubriceps_lsu265 0.004908963175  0.004899110312  0.001626579707  0.000000000000  0.002101782026  0.013159584852  0.000000000000  0.009842617877  0.006885022078  0.001626579707  0.001692657617  0.000000000000  0.003259599412  0.002470437811  0.003256173010  0.006491184921  0.003256173010  0.000000000000  0.000000000000  0.003256173010  0.003254295535  0.003259599412  0.004882823053  0.000000000000  0.001623938239  0.000000000000  0.001887551619  0.003256173010  0.003256173010  0.003256173010  
piranga_leucoptera_lsu7783 0.000000000000  0.004214329036  0.002100589470  0.002101782026  0.000000000000  0.012732451886  0.000000000000  0.008457219533  0.004508859980  0.002100589470  0.002127402312  0.000000000000  0.002101782026  0.000000000000  0.000000000000  0.007368035315  0.002100589470  0.000000000000  0.003815975984  0.004209533786  0.002097373794  0.002101782026  0.002100589470  0.000000000000  0.000000000000  0.000000000000  0.002100589470  0.004209533786  0.000000000000  0.004209533786  
cardinalis_cardinalis_ku25393 0.014842955626  0.014809015296  0.013125950705  0.013159584852  0.012732451886  0.000000000000  0.006859444462  0.004884982763  0.017355292104  0.013125950705  0.013664044761  0.009390395441  0.013137972034  0.009915020733  0.013125950705  0.017428421518  0.013125950705  0.011126763884  0.015413865474  0.014783369369  0.013137972034  0.013137972034  0.014807694094  0.008316545763  0.011473671543  0.006915249705  0.013318667542  0.014783369369  0.013125950705  0.014783369369  
piranga_olivacea_ku2699 0.000000000000  0.000000000000  0.000000000000  0.000000000000  0.000000000000  0.006859444462  0.000000000000  0.006859444462  0.003415462831  0.000000000000  0.000000000000  0.000000000000  0.000000000000  0.000000000000  0.000000000000  0.000000000000  0.000000000000  0.000000000000  0.000000000000  0.003412313384  0.003415462831  0.000000000000  0.003412313384  0.000000000000  0.000000000000  0.000000000000  0.000000000000  0.000000000000  0.000000000000  0.003412313384  
cardinalis_cardinalis_ku21828 0.011511410109  0.011486913200  0.009816059626  0.009842617877  0.008457219533  0.004884982763  0.006859444462  0.000000000000  0.013842754392  0.009816059626  0.010217246802  0.007036423827  0.009826497432  0.004935626927  0.009816059626  0.015222370929  0.009816059626  0.009262902327  0.011521016422  0.011464467188  0.009826497432  0.009826497432  0.011483275066  0.006232417784  0.008172739113  0.003450821493  0.009481162703  0.011464467188  0.009816059626  0.011464467188  
piranga_rubra_ku7046 0.005151490641  0.008608977838  0.006867756804  0.006885022078  0.004508859980  0.017355292104  0.003415462831  0.013842754392  0.000000000000  0.006867756804  0.007162920136  0.004677586379  0.006873191329  0.005133859062  0.003427168264  0.010831110588  0.006867756804  0.005533765577  0.011533150732  0.008596440884  0.006873191329  0.006873191329  0.008611246381  0.004144463900  0.005144679063  0.006930757845  0.006022575161  0.008596440884  0.003427168264  0.008596440884  
piranga_bidentata_hgoslp104 0.004898769699  0.004884982763  0.000000000000  0.001626579707  0.002100589470  0.013125950705  0.000000000000  0.009816059626  0.006867756804  0.000000000000  0.000000000000  0.000000000000  0.003250880280  0.002462710249  0.003251436330  0.008653947339  0.003251436330  0.001838042866  0.000000000000  0.001623226320  0.003250880280  0.003250880280  0.003256730879  0.000000000000  0.001623226320  0.000000000000  0.000000000000  0.001623226320  0.003251436330  0.001623226320  
piranga_ludoviciana_sdsu2648 0.005098585309  0.005083653031  0.000000000000  0.001692657617  0.002127402312  0.013664044761  0.000000000000  0.010217246802  0.007162920136  0.000000000000  0.000000000000  0.000000000000  0.003382847483  0.002499645760  0.003383449772  0.008653947339  0.003383449772  0.001900934953  0.000000000000  0.001689026528  0.003382847483  0.003382847483  0.003389183365  0.000000000000  0.001689026528  0.000000000000  0.000000000000  0.001689026528  0.003383449772  0.001689026528  
piranga_roseogularis_ku2049 0.000000000000  0.004677586379  0.000000000000  0.000000000000  0.000000000000  0.009390395441  0.000000000000  0.007036423827  0.004677586379  0.000000000000  0.000000000000  0.000000000000  0.000000000000  0.000000000000  0.000000000000  0.000000000000  0.000000000000  0.000000000000  0.000000000000  0.002330693993  0.002332162333  0.002332162333  0.002330693993  0.000000000000  0.000000000000  0.000000000000  0.000000000000  0.002330693993  0.000000000000  0.002330693993  
piranga_hepatica_ku4970 0.004900943587  0.004891122835  0.003250880280  0.003259599412  0.002101782026  0.013137972034  0.000000000000  0.009826497432  0.006873191329  0.003250880280  0.003382847483  0.000000000000  0.000000000000  0.002464349770  0.003250880280  0.006477169848  0.003250880280  0.000000000000  0.003815975984  0.004882823053  0.003254295535  0.003254295535  0.004890783378  0.000000000000  0.001623938239  0.000000000000  0.003772035659  0.004882823053  0.003250880280  0.004882823053  
piranga_hepatica_ku9084 0.000000000000  0.004943511992  0.002462710249  0.002470437811  0.000000000000  0.009915020733  0.000000000000  0.004935626927  0.005133859062  0.002462710249  0.002499645760  0.000000000000  0.002464349770  0.000000000000  0.000000000000  0.008494665760  0.002462710249  0.000000000000  0.003815975984  0.004936913527  0.002464349770  0.002464349770  0.002468790179  0.000000000000  0.000000000000  0.000000000000  0.002462710249  0.004936913527  0.000000000000  0.004936913527  
piranga_rubra_sdsu2654 0.001629229783  0.004884982763  0.003251436330  0.003256173010  0.000000000000  0.013125950705  0.000000000000  0.009816059626  0.003427168264  0.003251436330  0.003383449772  0.000000000000  0.003250880280  0.000000000000  0.000000000000  0.006477169848  0.003251436330  0.001838042866  0.003815975984  0.004884663503  0.003250880280  0.003250880280  0.004892629863  0.000000000000  0.001623226320  0.000000000000  0.001883037270  0.004884663503  0.000000000000  0.004884663503  
piranga_flava_lsu15408 0.006477169848  0.010831110588  0.008653947339  0.006491184921  0.007368035315  0.017428421518  0.000000000000  0.015222370929  0.010831110588  0.008653947339  0.008653947339  0.000000000000  0.006477169848  0.008494665760  0.006477169848  0.000000000000  0.006477169848  0.004356236673  0.016115729444  0.010839718299  0.008648395200  0.008648395200  0.008672711205  0.000000000000  0.006477169848  0.000000000000  0.008672711205  0.010839718299  0.006477169848  0.010839718299  
piranga_lutea_lsu5400 0.004898769699  0.004884982763  0.003251436330  0.003256173010  0.002100589470  0.013125950705  0.000000000000  0.009816059626  0.006867756804  0.003251436330  0.003383449772  0.000000000000  0.003250880280  0.002462710249  0.003251436330  0.006477169848  0.000000000000  0.000000000000  0.007659630161  0.004884663503  0.003250880280  0.003250880280  0.004892629863  0.000000000000  0.001623226320  0.000000000000  0.003772785161  0.004884663503  0.003251436330  0.004884663503  
piranga_olivacea_ku4672 0.003681764933  0.003686147334  0.001838042866  0.000000000000  0.000000000000  0.011126763884  0.000000000000  0.009262902327  0.005533765577  0.001838042866  0.001900934953  0.000000000000  0.000000000000  0.000000000000  0.001838042866  0.004356236673  0.000000000000  0.000000000000  0.004064114550  0.003682478845  0.001835580243  0.001838955800  0.003682478845  0.000000000000  0.000000000000  0.000000000000  0.002178379595  0.003682478845  0.001838042866  0.003682478845  
piranga_ludoviciana_sdsu2208 0.003815975984  0.011533150732  0.000000000000  0.000000000000  0.003815975984  0.015413865474  0.000000000000  0.011521016422  0.011533150732  0.000000000000  0.000000000000  0.000000000000  0.003815975984  0.003815975984  0.003815975984  0.016115729444  0.007659630161  0.004064114550  0.000000000000  0.003815975984  0.003815975984  0.007656514958  0.000000000000  0.000000000000  0.003815975984  0.000000000000  0.000000000000  0.003815975984  0.003815975984  0.003815975984  
piranga_bidentata_itm160 0.006541123795  0.006520687971  0.001623226320  0.003256173010  0.004209533786  0.014783369369  0.003412313384  0.011464467188  0.008596440884  0.001623226320  0.001689026528  0.002330693993  0.004882823053  0.004936913527  0.004884663503  0.010839718299  0.004884663503  0.003682478845  0.003815975984  0.000000000000  0.004882823053  0.004882823053  0.004892629863  0.002065873001  0.003251436330  0.003447606492  0.001883037270  0.003251436330  0.004884663503  0.000000000000  
piranga_leucoptera_fmnh481795 0.004900943587  0.004891122835  0.003250880280  0.003254295535  0.002097373794  0.013137972034  0.003415462831  0.009826497432  0.006873191329  0.003250880280  0.003382847483  0.002332162333  0.003254295535  0.002464349770  0.003250880280  0.008648395200  0.003250880280  0.001835580243  0.003815975984  0.004882823053  0.000000000000  0.003254295535  0.004882823053  0.002067026440  0.001621305336  0.003438954207  0.003772035659  0.004882823053  0.003250880280  0.004882823053  
piranga_lutea_ku89864 0.004900943587  0.004891122835  0.003250880280  0.003259599412  0.002101782026  0.013137972034  0.000000000000  0.009826497432  0.006873191329  0.003250880280  0.003382847483  0.002332162333  0.003254295535  0.002464349770  0.003250880280  0.008648395200  0.003250880280  0.001838955800  0.007656514958  0.004882823053  0.003254295535  0.000000000000  0.004890783378  0.002067026440  0.001623938239  0.003450821493  0.003772035659  0.004882823053  0.003250880280  0.004882823053  
piranga_rubriceps_lsu34818 0.006551838008  0.006531335301  0.003256730879  0.004882823053  0.002100589470  0.014807694094  0.003412313384  0.011483275066  0.008611246381  0.003256730879  0.003389183365  0.002330693993  0.004890783378  0.002468790179  0.004892629863  0.008672711205  0.004892629863  0.003682478845  0.000000000000  0.004892629863  0.004882823053  0.004890783378  0.000000000000  0.004139826341  0.003251436330  0.000000000000  0.001886589794  0.004892629863  0.004892629863  0.004892629863  
piranga_roseogularis_ku2141 0.000000000000  0.004144463900  0.000000000000  0.000000000000  0.000000000000  0.008316545763  0.000000000000  0.006232417784  0.004144463900  0.000000000000  0.000000000000  0.000000000000  0.000000000000  0.000000000000  0.000000000000  0.000000000000  0.000000000000  0.000000000000  0.000000000000  0.002065873001  0.002067026440  0.002067026440  0.004139826341  0.000000000000  0.000000000000  0.000000000000  0.000000000000  0.002065873001  0.000000000000  0.002065873001  
piranga_erythrocephala_fmnh343371 0.003261483003  0.003254295535  0.001623226320  0.001623938239  0.000000000000  0.011473671543  0.000000000000  0.008172739113  0.005144679063  0.001623226320  0.001689026528  0.000000000000  0.001623938239  0.000000000000  0.001623226320  0.006477169848  0.001623226320  0.000000000000  0.003815975984  0.003251436330  0.001621305336  0.001623938239  0.003251436330  0.000000000000  0.000000000000  0.000000000000  0.001883037270  0.003251436330  0.001623226320  0.003251436330  
piranga_erythrocephala_fmnh343370 0.000000000000  0.006930757845  0.000000000000  0.000000000000  0.000000000000  0.006915249705  0.000000000000  0.003450821493  0.006930757845  0.000000000000  0.000000000000  0.000000000000  0.000000000000  0.000000000000  0.000000000000  0.000000000000  0.000000000000  0.000000000000  0.000000000000  0.003447606492  0.003438954207  0.003450821493  0.000000000000  0.000000000000  0.000000000000  0.000000000000  0.000000000000  0.003447606492  0.000000000000  0.003447606492  
piranga_ludoviciana_sdsu2650 0.001890155748  0.005669725170  0.000000000000  0.001887551619  0.002100589470  0.013318667542  0.000000000000  0.009481162703  0.006022575161  0.000000000000  0.000000000000  0.000000000000  0.003772035659  0.002462710249  0.001883037270  0.008672711205  0.003772785161  0.002178379595  0.000000000000  0.001883037270  0.003772035659  0.003772035659  0.001886589794  0.000000000000  0.001883037270  0.000000000000  0.000000000000  0.001883037270  0.001883037270  0.001883037270  
piranga_bidentata_tepe59 0.006541123795  0.006520687971  0.001623226320  0.003256173010  0.004209533786  0.014783369369  0.000000000000  0.011464467188  0.008596440884  0.001623226320  0.001689026528  0.002330693993  0.004882823053  0.004936913527  0.004884663503  0.010839718299  0.004884663503  0.003682478845  0.003815975984  0.003251436330  0.004882823053  0.004882823053  0.004892629863  0.002065873001  0.003251436330  0.003447606492  0.001883037270  0.000000000000  0.004884663503  0.003251436330  
piranga_rubra_sdsu2635 0.001629229783  0.004884982763  0.003251436330  0.003256173010  0.000000000000  0.013125950705  0.000000000000  0.009816059626  0.003427168264  0.003251436330  0.003383449772  0.000000000000  0.003250880280  0.000000000000  0.000000000000  0.006477169848  0.003251436330  0.001838042866  0.003815975984  0.004884663503  0.003250880280  0.003250880280  0.004892629863  0.000000000000  0.001623226320  0.000000000000  0.001883037270  0.004884663503  0.000000000000  0.004884663503  
piranga_bidentata_itm141 0.006541123795  0.006520687971  0.001623226320  0.003256173010  0.004209533786  0.014783369369  0.003412313384  0.011464467188  0.008596440884  0.001623226320  0.001689026528  0.002330693993  0.004882823053  0.004936913527  0.004884663503  0.010839718299  0.004884663503  0.003682478845  0.003815975984  0.000000000000  0.004882823053  0.004882823053  0.004892629863  0.002065873001  0.003251436330  0.003447606492  0.001883037270  0.003251436330  0.004884663503  0.000000000000  

