30
cardinalis_cardinalis_ku25393 0.000000000000  0.006539093932  0.008565577579  0.007553181370  0.008061054909  0.008061054909  0.012644852255  0.009583507815  0.013671161086  0.011620801663  0.013659500872  0.013659500872  0.009583507815  0.009583507815  0.012127405218  0.008061054909  0.008061054909  0.011105081000  0.012629824278  0.012629824278  0.009074264395  0.014681076665  0.012127405218  0.017775007075  0.014172898638  0.007553181370  0.009588009330  0.007553181370  0.007553181370  0.009575793029  
cardinalis_cardinalis_ku21828 0.006539093932  0.000000000000  0.002003366984  0.001001075878  0.001502422463  0.001502422463  0.006032877626  0.003008187498  0.007045861447  0.006032877626  0.007040255354  0.007040255354  0.003008187498  0.003008187498  0.005525077577  0.001502422463  0.001502422463  0.004515975770  0.006026876205  0.006026876205  0.002505506061  0.008051513750  0.005525077577  0.011105081000  0.007546984337  0.001001075878  0.003009710780  0.001001075878  0.001001075878  0.003006413669  
piranga_rubra_sdsu2635 0.008565577579  0.002003366984  0.000000000000  0.003008187498  0.003511412467  0.003511412467  0.008057446151  0.005022093848  0.009074264395  0.008057446151  0.009067145036  0.009067145036  0.005022093848  0.005022093848  0.007546984337  0.003511412467  0.003511412467  0.006534077495  0.008049190825  0.008049190825  0.004517523993  0.010081487140  0.007546984337  0.013146668823  0.009575793029  0.003008187498  0.005024360354  0.003008187498  0.003008187498  0.005018838704  
piranga_ludoviciana_sdsu2208 0.007553181370  0.001001075878  0.003008187498  0.000000000000  0.000500268777  0.000500268777  0.005022093848  0.002003366984  0.006032877626  0.005022093848  0.006028449562  0.006028449562  0.002003366984  0.002003366984  0.004515975770  0.000500268777  0.000500268777  0.003509057193  0.005017850787  0.005017850787  0.001501769097  0.007038094010  0.004515975770  0.010084997540  0.006534077495  0.000000000000  0.002004309697  0.000000000000  0.000000000000  0.002002752284  
piranga_bidentata_tepe59 0.008061054909  0.001502422463  0.003511412467  0.000500268777  0.000000000000  0.000000000000  0.004517523993  0.001501769097  0.005527211329  0.004517523993  0.005523370361  0.005523370361  0.001501769097  0.001501769097  0.004012244168  0.000000000000  0.000000000000  0.004012244168  0.005522090042  0.005522090042  0.002003366984  0.007544528039  0.005020253178  0.010594759790  0.007040255354  0.000500268777  0.002506738745  0.000500268777  0.000500268777  0.002504312422  
piranga_olivacea_ku4672 0.008061054909  0.001502422463  0.003511412467  0.000500268777  0.000000000000  0.000000000000  0.004517523993  0.001501769097  0.005527211329  0.004517523993  0.005523370361  0.005523370361  0.001501769097  0.001501769097  0.004012244168  0.000000000000  0.000000000000  0.004012244168  0.005522090042  0.005522090042  0.002003366984  0.007544528039  0.005020253178  0.010594759790  0.007040255354  0.000500268777  0.002506738745  0.000500268777  0.000500268777  0.002504312422  
piranga_olivacea_ku2699 0.012644852255  0.006032877626  0.008057446151  0.005022093848  0.004517523993  0.004517523993  0.000000000000  0.003008187498  0.007045861447  0.006032877626  0.007040255354  0.007040255354  0.003008187498  0.003008187498  0.008559052347  0.004517523993  0.004517523993  0.008559052347  0.010078407457  0.010078407457  0.006536372104  0.012118420705  0.009575793029  0.015195305512  0.011611554548  0.005022093848  0.007045861447  0.005022093848  0.005022093848  0.007038094010  
piranga_erythrocephala_fmnh343370 0.009583507815  0.003008187498  0.005022093848  0.002003366984  0.001501769097  0.001501769097  0.003008187498  0.000000000000  0.004015182145  0.003008187498  0.004012244168  0.004012244168  0.000000000000  0.000000000000  0.005523370361  0.001501769097  0.001501769097  0.005523370361  0.007036360949  0.007036360949  0.003510022420  0.009064229669  0.006534077495  0.012122696900  0.008559052347  0.002003366984  0.004015182145  0.002003366984  0.002003366984  0.004011413278  
piranga_rubra_ku7046 0.013671161086  0.007045861447  0.009074264395  0.006032877626  0.005527211329  0.005527211329  0.007045861447  0.004015182145  0.000000000000  0.004013500577  0.005018838704  0.005018838704  0.004015182145  0.004015182145  0.009575793029  0.005527211329  0.005527211329  0.009575793029  0.011097296328  0.011097296328  0.007549868901  0.013141790420  0.010594759790  0.016225470879  0.012634401246  0.006032877626  0.008061054909  0.006032877626  0.006032877626  0.008051513750  
piranga_rubra_sdsu2654 0.011620801663  0.006032877626  0.008057446151  0.005022093848  0.004517523993  0.004517523993  0.006032877626  0.003008187498  0.004013500577  0.000000000000  0.004011413278  0.004011413278  0.003008187498  0.003008187498  0.008559052347  0.004517523993  0.004517523993  0.008559052347  0.010078407457  0.010078407457  0.006536372104  0.012118420705  0.009575793029  0.015195305512  0.011611554548  0.005022093848  0.007045861447  0.005022093848  0.005022093848  0.007038094010  
piranga_roseogularis_ku2049 0.013659500872  0.007040255354  0.009067145036  0.006028449562  0.005523370361  0.005523370361  0.007040255354  0.004012244168  0.005018838704  0.004011413278  0.000000000000  0.000000000000  0.004012244168  0.004012244168  0.009569798282  0.005523370361  0.005523370361  0.009569798282  0.011091238771  0.011091238771  0.007544528039  0.013133333542  0.010587573066  0.016213375167  0.012625680145  0.006028449562  0.008054265646  0.006028449562  0.006028449562  0.008047297231  
piranga_roseogularis_ku2141 0.013659500872  0.007040255354  0.009067145036  0.006028449562  0.005523370361  0.005523370361  0.007040255354  0.004012244168  0.005018838704  0.004011413278  0.000000000000  0.000000000000  0.004012244168  0.004012244168  0.009569798282  0.005523370361  0.005523370361  0.009569798282  0.011091238771  0.011091238771  0.007544528039  0.013133333542  0.010587573066  0.016213375167  0.012625680145  0.006028449562  0.008054265646  0.006028449562  0.006028449562  0.008047297231  
piranga_flava_lsu15408 0.009583507815  0.003008187498  0.005022093848  0.002003366984  0.001501769097  0.001501769097  0.003008187498  0.000000000000  0.004015182145  0.003008187498  0.004012244168  0.004012244168  0.000000000000  0.000000000000  0.005523370361  0.001501769097  0.001501769097  0.005523370361  0.007036360949  0.007036360949  0.003510022420  0.009064229669  0.006534077495  0.012122696900  0.008559052347  0.002003366984  0.004015182145  0.002003366984  0.002003366984  0.004011413278  
piranga_flava_ku90809 0.009583507815  0.003008187498  0.005022093848  0.002003366984  0.001501769097  0.001501769097  0.003008187498  0.000000000000  0.004015182145  0.003008187498  0.004012244168  0.004012244168  0.000000000000  0.000000000000  0.005523370361  0.001501769097  0.001501769097  0.005523370361  0.007036360949  0.007036360949  0.003510022420  0.009064229669  0.006534077495  0.012122696900  0.008559052347  0.002003366984  0.004015182145  0.002003366984  0.002003366984  0.004011413278  
piranga_hepatica_ku4970 0.012127405218  0.005525077577  0.007546984337  0.004515975770  0.004012244168  0.004012244168  0.008559052347  0.005523370361  0.009575793029  0.008559052347  0.009569798282  0.009569798282  0.005523370361  0.005523370361  0.000000000000  0.004012244168  0.004012244168  0.008049190825  0.009567446826  0.009567446826  0.006028449562  0.011604034513  0.009064229669  0.014162366001  0.010587573066  0.004515975770  0.006536372104  0.004515975770  0.004515975770  0.006530771373  
piranga_lutea_lsu5400 0.008061054909  0.001502422463  0.003511412467  0.000500268777  0.000000000000  0.000000000000  0.004517523993  0.001501769097  0.005527211329  0.004517523993  0.005523370361  0.005523370361  0.001501769097  0.001501769097  0.004012244168  0.000000000000  0.000000000000  0.004012244168  0.005522090042  0.005522090042  0.002003366984  0.007544528039  0.005020253178  0.010594759790  0.007040255354  0.000500268777  0.002506738745  0.000500268777  0.000500268777  0.002504312422  
piranga_lutea_ku89864 0.008061054909  0.001502422463  0.003511412467  0.000500268777  0.000000000000  0.000000000000  0.004517523993  0.001501769097  0.005527211329  0.004517523993  0.005523370361  0.005523370361  0.001501769097  0.001501769097  0.004012244168  0.000000000000  0.000000000000  0.004012244168  0.005522090042  0.005522090042  0.002003366984  0.007544528039  0.005020253178  0.010594759790  0.007040255354  0.000500268777  0.002506738745  0.000500268777  0.000500268777  0.002504312422  
piranga_bidentata_hgoslp104 0.011105081000  0.004515975770  0.006534077495  0.003509057193  0.004012244168  0.004012244168  0.008559052347  0.005523370361  0.009575793029  0.008559052347  0.009569798282  0.009569798282  0.005523370361  0.005523370361  0.008049190825  0.004012244168  0.004012244168  0.000000000000  0.001501538851  0.001501538851  0.005018838704  0.010075758855  0.008049190825  0.013649573411  0.010078407457  0.003509057193  0.005525077577  0.003509057193  0.003509057193  0.005521236982  
piranga_bidentata_itm160 0.012629824278  0.006026876205  0.008049190825  0.005017850787  0.005522090042  0.005522090042  0.010078407457  0.007036360949  0.011097296328  0.010078407457  0.011091238771  0.011091238771  0.007036360949  0.007036360949  0.009567446826  0.005522090042  0.005522090042  0.001501538851  0.000000000000  0.000000000000  0.006530771373  0.011598244444  0.009567446826  0.015179642226  0.011600923051  0.005017850787  0.007038094010  0.005017850787  0.005017850787  0.007034181128  
piranga_bidentata_itm141 0.012629824278  0.006026876205  0.008049190825  0.005017850787  0.005522090042  0.005522090042  0.010078407457  0.007036360949  0.011097296328  0.010078407457  0.011091238771  0.011091238771  0.007036360949  0.007036360949  0.009567446826  0.005522090042  0.005522090042  0.001501538851  0.000000000000  0.000000000000  0.006530771373  0.011598244444  0.009567446826  0.015179642226  0.011600923051  0.005017850787  0.007038094010  0.005017850787  0.005017850787  0.007034181128  
piranga_leucoptera_fmnh481795 0.009074264395  0.002505506061  0.004517523993  0.001501769097  0.002003366984  0.002003366984  0.006536372104  0.003510022420  0.007549868901  0.006536372104  0.007544528039  0.007544528039  0.003510022420  0.003510022420  0.006028449562  0.002003366984  0.002003366984  0.005018838704  0.006530771373  0.006530771373  0.000000000000  0.005523370361  0.003007088341  0.008562100485  0.005020253178  0.001501769097  0.003511412467  0.001501769097  0.001501769097  0.003508517150  
piranga_leucoptera_lsu7783 0.014681076665  0.008051513750  0.010081487140  0.007038094010  0.007544528039  0.007544528039  0.012118420705  0.009064229669  0.013141790420  0.012118420705  0.013133333542  0.013133333542  0.009064229669  0.009064229669  0.011604034513  0.007544528039  0.007544528039  0.010075758855  0.011598244444  0.011598244444  0.005523370361  0.000000000000  0.008556433524  0.014162366001  0.010587573066  0.007038094010  0.009067145036  0.007038094010  0.007038094010  0.009059689368  
piranga_erythrocephala_fmnh343371 0.012127405218  0.005525077577  0.007546984337  0.004515975770  0.005020253178  0.005020253178  0.009575793029  0.006534077495  0.010594759790  0.009575793029  0.010587573066  0.010587573066  0.006534077495  0.006534077495  0.009064229669  0.005020253178  0.005020253178  0.008049190825  0.009567446826  0.009567446826  0.003007088341  0.008556433524  0.000000000000  0.006032877626  0.002003366984  0.004515975770  0.006536372104  0.004515975770  0.004515975770  0.006530771373  
piranga_rubriceps_lsu265 0.017775007075  0.011105081000  0.013146668823  0.010084997540  0.010594759790  0.010594759790  0.015195305512  0.012122696900  0.016225470879  0.015195305512  0.016213375167  0.016213375167  0.012122696900  0.012122696900  0.014162366001  0.010594759790  0.010594759790  0.013649573411  0.015179642226  0.015179642226  0.008562100485  0.014162366001  0.006032877626  0.000000000000  0.004015182145  0.010084997540  0.012127405218  0.010084997540  0.010084997540  0.012114576992  
piranga_rubriceps_lsu34818 0.014172898638  0.007546984337  0.009575793029  0.006534077495  0.007040255354  0.007040255354  0.011611554548  0.008559052347  0.012634401246  0.011611554548  0.012625680145  0.012625680145  0.008559052347  0.008559052347  0.010587573066  0.007040255354  0.007040255354  0.010078407457  0.011600923051  0.011600923051  0.005020253178  0.010587573066  0.002003366984  0.004015182145  0.000000000000  0.006534077495  0.008562100485  0.006534077495  0.006534077495  0.008554244378  
piranga_hepatica_ku9084 0.007553181370  0.001001075878  0.003008187498  0.000000000000  0.000500268777  0.000500268777  0.005022093848  0.002003366984  0.006032877626  0.005022093848  0.006028449562  0.006028449562  0.002003366984  0.002003366984  0.004515975770  0.000500268777  0.000500268777  0.003509057193  0.005017850787  0.005017850787  0.001501769097  0.007038094010  0.004515975770  0.010084997540  0.006534077495  0.000000000000  0.002004309697  0.000000000000  0.000000000000  0.002002752284  
piranga_ludoviciana_sdsu2385 0.009588009330  0.003009710780  0.005024360354  0.002004309697  0.002506738745  0.002506738745  0.007045861447  0.004015182145  0.008061054909  0.007045861447  0.008054265646  0.008054265646  0.004015182145  0.004015182145  0.006536372104  0.002506738745  0.002506738745  0.005525077577  0.007038094010  0.007038094010  0.003511412467  0.009067145036  0.006536372104  0.012127405218  0.008562100485  0.002004309697  0.000000000000  0.002004309697  0.002004309697  0.004012244168  
piranga_ludoviciana_sdsu2648 0.007553181370  0.001001075878  0.003008187498  0.000000000000  0.000500268777  0.000500268777  0.005022093848  0.002003366984  0.006032877626  0.005022093848  0.006028449562  0.006028449562  0.002003366984  0.002003366984  0.004515975770  0.000500268777  0.000500268777  0.003509057193  0.005017850787  0.005017850787  0.001501769097  0.007038094010  0.004515975770  0.010084997540  0.006534077495  0.000000000000  0.002004309697  0.000000000000  0.000000000000  0.002002752284  
piranga_ludoviciana_sdsu2650 0.007553181370  0.001001075878  0.003008187498  0.000000000000  0.000500268777  0.000500268777  0.005022093848  0.002003366984  0.006032877626  0.005022093848  0.006028449562  0.006028449562  0.002003366984  0.002003366984  0.004515975770  0.000500268777  0.000500268777  0.003509057193  0.005017850787  0.005017850787  0.001501769097  0.007038094010  0.004515975770  0.010084997540  0.006534077495  0.000000000000  0.002004309697  0.000000000000  0.000000000000  0.002002752284  
piranga_rubra_ku26592 0.009575793029  0.003006413669  0.005018838704  0.002002752284  0.002504312422  0.002504312422  0.007038094010  0.004011413278  0.008051513750  0.007038094010  0.008047297231  0.008047297231  0.004011413278  0.004011413278  0.006530771373  0.002504312422  0.002504312422  0.005521236982  0.007034181128  0.007034181128  0.003508517150  0.009059689368  0.006530771373  0.012114576992  0.008554244378  0.002002752284  0.004012244168  0.002002752284  0.002002752284  0.000000000000  

