30
cardinalis_cardinalis_ku21828 0.000000000000  0.001501741545  0.005521814319  0.003006340638  0.003006340638  0.004514664557  0.003508432422  0.003508432422  0.003508432422  0.005524642769  0.002504271674  0.003508938597  0.002504271674  0.002504271674  0.002504271674  0.001501525728  0.001501525728  0.001501525728  0.001501525728  0.002504632300  0.002504632300  0.002504632300  0.001501525728  0.003509852736  0.002504632300  0.001501525728  0.001501525728  0.004012066669  0.004012066669  0.001501525728  
cardinalis_cardinalis_ku25393 0.001501741545  0.000000000000  0.007035882742  0.004514664557  0.004514664557  0.006026515016  0.005017647051  0.005017647051  0.005017647051  0.007039570561  0.004011283167  0.005018577715  0.004011283167  0.004011283167  0.004011283167  0.003006340638  0.003006340638  0.003006340638  0.003006340638  0.004012066669  0.004012066669  0.004012066669  0.003006340638  0.005019917630  0.004012066669  0.003006340638  0.003006340638  0.005523023764  0.005523023764  0.003006340638  
piranga_leucoptera_fmnh481795 0.005521814319  0.007035882742  0.000000000000  0.002504632300  0.002504632300  0.004012066669  0.006026515016  0.006026515016  0.006026515016  0.008053286998  0.005018577715  0.006028003833  0.005018577715  0.005018577715  0.005018577715  0.004012066669  0.004012066669  0.004012066669  0.004012066669  0.005019917630  0.005019917630  0.005019917630  0.004012066669  0.006029902518  0.005019917630  0.004012066669  0.004012066669  0.006533519053  0.006533519053  0.004012066669  
piranga_erythrocephala_fmnh343371 0.003006340638  0.004514664557  0.002504632300  0.000000000000  0.000000000000  0.001501741545  0.003508938597  0.003508938597  0.003508938597  0.005526670966  0.002504632300  0.003509852736  0.002504632300  0.002504632300  0.002504632300  0.001501741545  0.001501741545  0.001501741545  0.001501741545  0.002505399912  0.002505399912  0.002505399912  0.001501741545  0.003511174470  0.002505399912  0.001501741545  0.001501741545  0.004013258440  0.004013258440  0.001501741545  
piranga_ludoviciana_sdsu2650 0.003006340638  0.004514664557  0.002504632300  0.000000000000  0.000000000000  0.001501741545  0.003508938597  0.003508938597  0.003508938597  0.005526670966  0.002504632300  0.003509852736  0.002504632300  0.002504632300  0.002504632300  0.001501741545  0.001501741545  0.001501741545  0.001501741545  0.002505399912  0.002505399912  0.002505399912  0.001501741545  0.003511174470  0.002505399912  0.001501741545  0.001501741545  0.004013258440  0.004013258440  0.001501741545  
piranga_ludoviciana_sdsu2648 0.004514664557  0.006026515016  0.004012066669  0.001501741545  0.001501741545  0.000000000000  0.005018577715  0.005018577715  0.005018577715  0.007042030390  0.004012066669  0.005019917630  0.004012066669  0.004012066669  0.004012066669  0.003006977728  0.003006977728  0.003006977728  0.003006977728  0.004013258440  0.004013258440  0.004013258440  0.003006977728  0.005021666429  0.004013258440  0.003006977728  0.003006977728  0.005524642769  0.005524642769  0.003006977728  
piranga_rubriceps_lsu265 0.003508432422  0.005017647051  0.006026515016  0.003508938597  0.003508938597  0.005018577715  0.000000000000  0.000000000000  0.000000000000  0.006029902518  0.003006340638  0.004012066669  0.003006340638  0.003006340638  0.003006340638  0.002002815337  0.002002815337  0.002002815337  0.002002815337  0.003006977728  0.003006977728  0.003006977728  0.002002815337  0.004013258440  0.003006977728  0.002002815337  0.002002815337  0.004515725972  0.004515725972  0.002002815337  
piranga_leucoptera_lsu7783 0.003508432422  0.005017647051  0.006026515016  0.003508938597  0.003508938597  0.005018577715  0.000000000000  0.000000000000  0.000000000000  0.006029902518  0.003006340638  0.004012066669  0.003006340638  0.003006340638  0.003006340638  0.002002815337  0.002002815337  0.002002815337  0.002002815337  0.003006977728  0.003006977728  0.003006977728  0.002002815337  0.004013258440  0.003006977728  0.002002815337  0.002002815337  0.004515725972  0.004515725972  0.002002815337  
piranga_rubriceps_lsu34818 0.003508432422  0.005017647051  0.006026515016  0.003508938597  0.003508938597  0.005018577715  0.000000000000  0.000000000000  0.000000000000  0.006029902518  0.003006340638  0.004012066669  0.003006340638  0.003006340638  0.003006340638  0.002002815337  0.002002815337  0.002002815337  0.002002815337  0.003006977728  0.003006977728  0.003006977728  0.002002815337  0.004013258440  0.003006977728  0.002002815337  0.002002815337  0.004515725972  0.004515725972  0.002002815337  
piranga_lutea_lsu5400 0.005524642769  0.007039570561  0.008053286998  0.005526670966  0.005526670966  0.007042030390  0.006029902518  0.006029902518  0.006029902518  0.000000000000  0.003009473415  0.004016865325  0.003009473415  0.003009473415  0.003009473415  0.004014858114  0.004014858114  0.004014858114  0.004014858114  0.005023823746  0.005023823746  0.005023823746  0.004014858114  0.006034928034  0.005023823746  0.004014858114  0.004014858114  0.006538286787  0.006538286787  0.004014858114  
piranga_flava_lsu15408 0.002504271674  0.004011283167  0.005018577715  0.002504632300  0.002504632300  0.004012066669  0.003006340638  0.003006340638  0.003006340638  0.003009473415  0.000000000000  0.001001049653  0.000000000000  0.000000000000  0.000000000000  0.001000703155  0.001000703155  0.001000703155  0.001000703155  0.002003306761  0.002003306761  0.002003306761  0.001000703155  0.003008022109  0.002003306761  0.001000703155  0.001000703155  0.003509852736  0.003509852736  0.001000703155  
piranga_hepatica_ku4970 0.003508938597  0.005018577715  0.006028003833  0.003509852736  0.003509852736  0.005019917630  0.004012066669  0.004012066669  0.004012066669  0.004016865325  0.001001049653  0.000000000000  0.001001049653  0.001001049653  0.001001049653  0.002003306761  0.002003306761  0.002003306761  0.002003306761  0.003008022109  0.003008022109  0.003008022109  0.002003306761  0.004014858114  0.003008022109  0.002003306761  0.002003306761  0.004517195963  0.004517195963  0.002003306761  
piranga_hepatica_ku9084 0.002504271674  0.004011283167  0.005018577715  0.002504632300  0.002504632300  0.004012066669  0.003006340638  0.003006340638  0.003006340638  0.003009473415  0.000000000000  0.001001049653  0.000000000000  0.000000000000  0.000000000000  0.001000703155  0.001000703155  0.001000703155  0.001000703155  0.002003306761  0.002003306761  0.002003306761  0.001000703155  0.003008022109  0.002003306761  0.001000703155  0.001000703155  0.003509852736  0.003509852736  0.001000703155  
piranga_flava_ku90809 0.002504271674  0.004011283167  0.005018577715  0.002504632300  0.002504632300  0.004012066669  0.003006340638  0.003006340638  0.003006340638  0.003009473415  0.000000000000  0.001001049653  0.000000000000  0.000000000000  0.000000000000  0.001000703155  0.001000703155  0.001000703155  0.001000703155  0.002003306761  0.002003306761  0.002003306761  0.001000703155  0.003008022109  0.002003306761  0.001000703155  0.001000703155  0.003509852736  0.003509852736  0.001000703155  
piranga_lutea_ku89864 0.002504271674  0.004011283167  0.005018577715  0.002504632300  0.002504632300  0.004012066669  0.003006340638  0.003006340638  0.003006340638  0.003009473415  0.000000000000  0.001001049653  0.000000000000  0.000000000000  0.000000000000  0.001000703155  0.001000703155  0.001000703155  0.001000703155  0.002003306761  0.002003306761  0.002003306761  0.001000703155  0.003008022109  0.002003306761  0.001000703155  0.001000703155  0.003509852736  0.003509852736  0.001000703155  
piranga_rubra_sdsu2635 0.001501525728  0.003006340638  0.004012066669  0.001501741545  0.001501741545  0.003006977728  0.002002815337  0.002002815337  0.002002815337  0.004014858114  0.001000703155  0.002003306761  0.001000703155  0.001000703155  0.001000703155  0.000000000000  0.000000000000  0.000000000000  0.000000000000  0.001001049653  0.001001049653  0.001001049653  0.000000000000  0.002004204501  0.001001049653  0.000000000000  0.000000000000  0.002505399912  0.002505399912  0.000000000000  
piranga_bidentata_itm141 0.001501525728  0.003006340638  0.004012066669  0.001501741545  0.001501741545  0.003006977728  0.002002815337  0.002002815337  0.002002815337  0.004014858114  0.001000703155  0.002003306761  0.001000703155  0.001000703155  0.001000703155  0.000000000000  0.000000000000  0.000000000000  0.000000000000  0.001001049653  0.001001049653  0.001001049653  0.000000000000  0.002004204501  0.001001049653  0.000000000000  0.000000000000  0.002505399912  0.002505399912  0.000000000000  
piranga_rubra_ku7046 0.001501525728  0.003006340638  0.004012066669  0.001501741545  0.001501741545  0.003006977728  0.002002815337  0.002002815337  0.002002815337  0.004014858114  0.001000703155  0.002003306761  0.001000703155  0.001000703155  0.001000703155  0.000000000000  0.000000000000  0.000000000000  0.000000000000  0.001001049653  0.001001049653  0.001001049653  0.000000000000  0.002004204501  0.001001049653  0.000000000000  0.000000000000  0.002505399912  0.002505399912  0.000000000000  
piranga_rubra_sdsu2654 0.001501525728  0.003006340638  0.004012066669  0.001501741545  0.001501741545  0.003006977728  0.002002815337  0.002002815337  0.002002815337  0.004014858114  0.001000703155  0.002003306761  0.001000703155  0.001000703155  0.001000703155  0.000000000000  0.000000000000  0.000000000000  0.000000000000  0.001001049653  0.001001049653  0.001001049653  0.000000000000  0.002004204501  0.001001049653  0.000000000000  0.000000000000  0.002505399912  0.002505399912  0.000000000000  
piranga_bidentata_tepe59 0.002504632300  0.004012066669  0.005019917630  0.002505399912  0.002505399912  0.004013258440  0.003006977728  0.003006977728  0.003006977728  0.005023823746  0.002003306761  0.003008022109  0.002003306761  0.002003306761  0.002003306761  0.001001049653  0.001001049653  0.001001049653  0.001001049653  0.000000000000  0.000000000000  0.000000000000  0.001001049653  0.003009473415  0.002004204501  0.001001049653  0.001001049653  0.003511174470  0.003511174470  0.001001049653  
piranga_bidentata_hgoslp104 0.002504632300  0.004012066669  0.005019917630  0.002505399912  0.002505399912  0.004013258440  0.003006977728  0.003006977728  0.003006977728  0.005023823746  0.002003306761  0.003008022109  0.002003306761  0.002003306761  0.002003306761  0.001001049653  0.001001049653  0.001001049653  0.001001049653  0.000000000000  0.000000000000  0.000000000000  0.001001049653  0.003009473415  0.002004204501  0.001001049653  0.001001049653  0.003511174470  0.003511174470  0.001001049653  
piranga_bidentata_itm160 0.002504632300  0.004012066669  0.005019917630  0.002505399912  0.002505399912  0.004013258440  0.003006977728  0.003006977728  0.003006977728  0.005023823746  0.002003306761  0.003008022109  0.002003306761  0.002003306761  0.002003306761  0.001001049653  0.001001049653  0.001001049653  0.001001049653  0.000000000000  0.000000000000  0.000000000000  0.001001049653  0.003009473415  0.002004204501  0.001001049653  0.001001049653  0.003511174470  0.003511174470  0.001001049653  
piranga_erythrocephala_fmnh343370 0.001501525728  0.003006340638  0.004012066669  0.001501741545  0.001501741545  0.003006977728  0.002002815337  0.002002815337  0.002002815337  0.004014858114  0.001000703155  0.002003306761  0.001000703155  0.001000703155  0.001000703155  0.000000000000  0.000000000000  0.000000000000  0.000000000000  0.001001049653  0.001001049653  0.001001049653  0.000000000000  0.002004204501  0.001001049653  0.000000000000  0.000000000000  0.002505399912  0.002505399912  0.000000000000  
piranga_olivacea_ku2699 0.003509852736  0.005019917630  0.006029902518  0.003511174470  0.003511174470  0.005021666429  0.004013258440  0.004013258440  0.004013258440  0.006034928034  0.003008022109  0.004014858114  0.003008022109  0.003008022109  0.003008022109  0.002004204501  0.002004204501  0.002004204501  0.002004204501  0.003009473415  0.003009473415  0.003009473415  0.002004204501  0.000000000000  0.001001049653  0.002004204501  0.002004204501  0.004519074164  0.004519074164  0.002004204501  
piranga_ludoviciana_sdsu2385 0.002504632300  0.004012066669  0.005019917630  0.002505399912  0.002505399912  0.004013258440  0.003006977728  0.003006977728  0.003006977728  0.005023823746  0.002003306761  0.003008022109  0.002003306761  0.002003306761  0.002003306761  0.001001049653  0.001001049653  0.001001049653  0.001001049653  0.002004204501  0.002004204501  0.002004204501  0.001001049653  0.001001049653  0.000000000000  0.001001049653  0.001001049653  0.003511174470  0.003511174470  0.001001049653  
piranga_ludoviciana_sdsu2208 0.001501525728  0.003006340638  0.004012066669  0.001501741545  0.001501741545  0.003006977728  0.002002815337  0.002002815337  0.002002815337  0.004014858114  0.001000703155  0.002003306761  0.001000703155  0.001000703155  0.001000703155  0.000000000000  0.000000000000  0.000000000000  0.000000000000  0.001001049653  0.001001049653  0.001001049653  0.000000000000  0.002004204501  0.001001049653  0.000000000000  0.000000000000  0.002505399912  0.002505399912  0.000000000000  
piranga_olivacea_ku4672 0.001501525728  0.003006340638  0.004012066669  0.001501741545  0.001501741545  0.003006977728  0.002002815337  0.002002815337  0.002002815337  0.004014858114  0.001000703155  0.002003306761  0.001000703155  0.001000703155  0.001000703155  0.000000000000  0.000000000000  0.000000000000  0.000000000000  0.001001049653  0.001001049653  0.001001049653  0.000000000000  0.002004204501  0.001001049653  0.000000000000  0.000000000000  0.002505399912  0.002505399912  0.000000000000  
piranga_roseogularis_ku2049 0.004012066669  0.005523023764  0.006533519053  0.004013258440  0.004013258440  0.005524642769  0.004515725972  0.004515725972  0.004515725972  0.006538286787  0.003509852736  0.004517195963  0.003509852736  0.003509852736  0.003509852736  0.002505399912  0.002505399912  0.002505399912  0.002505399912  0.003511174470  0.003511174470  0.003511174470  0.002505399912  0.004519074164  0.003511174470  0.002505399912  0.002505399912  0.000000000000  0.000000000000  0.002505399912  
piranga_roseogularis_ku2141 0.004012066669  0.005523023764  0.006533519053  0.004013258440  0.004013258440  0.005524642769  0.004515725972  0.004515725972  0.004515725972  0.006538286787  0.003509852736  0.004517195963  0.003509852736  0.003509852736  0.003509852736  0.002505399912  0.002505399912  0.002505399912  0.002505399912  0.003511174470  0.003511174470  0.003511174470  0.002505399912  0.004519074164  0.003511174470  0.002505399912  0.002505399912  0.000000000000  0.000000000000  0.002505399912  
piranga_rubra_ku26592 0.001501525728  0.003006340638  0.004012066669  0.001501741545  0.001501741545  0.003006977728  0.002002815337  0.002002815337  0.002002815337  0.004014858114  0.001000703155  0.002003306761  0.001000703155  0.001000703155  0.001000703155  0.000000000000  0.000000000000  0.000000000000  0.000000000000  0.001001049653  0.001001049653  0.001001049653  0.000000000000  0.002004204501  0.001001049653  0.000000000000  0.000000000000  0.002505399912  0.002505399912  0.000000000000  

