30
piranga_rubra_ku26592 0.000000000000  0.010157302839  0.007063079643  0.013306702319  0.014219788896  0.015245203425  0.004022229918  0.015307439904  0.003010758665  0.006077767443  0.005033526346  0.008315658989  0.005250231654  0.004695668024  0.005033526346  0.007383649820  0.003131177343  0.008081357861  0.004452000461  0.006041334201  0.015278972677  0.007050848753  0.014215365583  0.009712781229  0.009753024234  0.009914322663  0.002763432152  0.007056156182  0.005033526346  0.006041334201  
piranga_flava_ku90809 0.010157302839  0.000000000000  0.007079372413  0.011234448472  0.014248065240  0.012203957139  0.006061539122  0.012253808339  0.007091900861  0.006073811475  0.005046041741  0.008317520013  0.005252788386  0.008248908578  0.007086539425  0.003156477776  0.006285780090  0.008099552386  0.005587372931  0.006058943856  0.015304924761  0.005046041741  0.012194548732  0.009743091229  0.009790471152  0.007427166338  0.002768452060  0.008094707029  0.007086539425  0.006058943856  
piranga_ludoviciana_sdsu2385 0.007063079643  0.007079372413  0.000000000000  0.010191551802  0.011120614578  0.012142210677  0.003010216015  0.012191557656  0.006041334201  0.003025394559  0.002004533583  0.005918038797  0.002090435890  0.003514049876  0.004022229918  0.004200092956  0.001560380426  0.005028464110  0.002217938758  0.003007740130  0.013189741141  0.004012641424  0.009079324910  0.006445743084  0.006478382642  0.007415143726  0.002763432152  0.005023781543  0.004022229918  0.003007740130  
piranga_rubriceps_lsu265 0.013306702319  0.011234448472  0.010191551802  0.000000000000  0.009155416551  0.010191551802  0.009162516486  0.010233270367  0.010209153571  0.009162516486  0.008135868720  0.011903260336  0.008471890465  0.007056580137  0.010201949521  0.008513285101  0.003127809142  0.011222985799  0.007880164821  0.009158135410  0.010196409821  0.010182159853  0.001010234085  0.014189799630  0.005447364083  0.004936084790  0.008335145683  0.011204879172  0.010201949521  0.009158135410  
piranga_leucoptera_lsu7783 0.014219788896  0.014248065240  0.011120614578  0.009155416551  0.000000000000  0.014190295290  0.011120614578  0.014248065240  0.012162085630  0.011177114668  0.010099886987  0.013117283796  0.010536196625  0.010625463859  0.011136811279  0.011626031670  0.006280938258  0.013169160884  0.008929752509  0.011117326335  0.003013783264  0.012136508046  0.009072353917  0.016251648006  0.007573242606  0.006171583488  0.009727694414  0.013150282909  0.011136811279  0.011117326335  
cardinalis_cardinalis_ku25393 0.015245203425  0.012203957139  0.012142210677  0.010191551802  0.014190295290  0.000000000000  0.011117808777  0.000000000000  0.012165474208  0.010146995833  0.010095772998  0.011901937640  0.010531726514  0.010604084970  0.012154509931  0.009505787767  0.007838564689  0.013168989681  0.010048983186  0.011109632633  0.015242710050  0.012125216988  0.012145177865  0.015159076540  0.009737505849  0.007415143726  0.009748474028  0.013158534294  0.012154509931  0.011109632633  
piranga_olivacea_ku2699 0.004022229918  0.006061539122  0.003010216015  0.009162516486  0.011120614578  0.011117808777  0.000000000000  0.011162940885  0.003010758665  0.002014629582  0.001001131685  0.004728976751  0.001043983466  0.003514049876  0.001002134954  0.003146545745  0.001560380426  0.004018189370  0.001107579717  0.002003153528  0.012162085630  0.003006867318  0.010098917451  0.005365525121  0.005392198762  0.006170827702  0.001379558792  0.003007740130  0.001002134954  0.002003153528  
cardinalis_cardinalis_ku21828 0.015307439904  0.012253808339  0.012191557656  0.010233270367  0.014248065240  0.000000000000  0.011162940885  0.000000000000  0.012215011061  0.010188349881  0.010136709724  0.011901937640  0.010531726514  0.010604084970  0.012203957139  0.009505787767  0.007888030187  0.013222571153  0.010048983186  0.011154698003  0.015304924761  0.012174425055  0.012194548732  0.015159076540  0.009737505849  0.007415143726  0.009748474028  0.013212030222  0.012203957139  0.011154698003  
piranga_rubra_ku7046 0.003010758665  0.007091900861  0.006041334201  0.010209153571  0.012162085630  0.012165474208  0.003010758665  0.012215011061  0.000000000000  0.005054251578  0.004018646008  0.008310523765  0.004191290996  0.004695171748  0.004018646008  0.004208431322  0.003127809142  0.007056156182  0.004447609510  0.005025753472  0.013212030222  0.006034568245  0.011140329119  0.008617913531  0.008651385600  0.008662968764  0.002763432152  0.006037142599  0.004018646008  0.005025753472  
piranga_bidentata_hgoslp104 0.006077767443  0.006073811475  0.003025394559  0.009162516486  0.011177114668  0.010146995833  0.002014629582  0.010188349881  0.005054251578  0.000000000000  0.001006168221  0.004728976751  0.001047263444  0.003514049876  0.003028448655  0.003163134038  0.000000000000  0.004038473700  0.001113747541  0.002013235587  0.012224034173  0.003022011993  0.010150172020  0.005394469510  0.005421432521  0.006170827702  0.000000000000  0.004034860777  0.003028448655  0.002013235587  
piranga_ludoviciana_sdsu2648 0.005033526346  0.005046041741  0.002004533583  0.008135868720  0.010099886987  0.010095772998  0.001001131685  0.010136709724  0.004018646008  0.001006168221  0.000000000000  0.003543101428  0.000000000000  0.002341055396  0.002006544680  0.002095501044  0.000000000000  0.003010216015  0.000000000000  0.001000842499  0.011136811279  0.002003374162  0.009079324910  0.004287937816  0.004308674643  0.004930001013  0.001379558792  0.003007740130  0.002006544680  0.001000842499  
piranga_roseogularis_ku2049 0.008315658989  0.008317520013  0.005918038797  0.011903260336  0.013117283796  0.011901937640  0.004728976751  0.011901937640  0.008310523765  0.004728976751  0.003543101428  0.000000000000  0.003543101428  0.003848760073  0.005925051801  0.005930036783  0.001991405555  0.004728976751  0.003543101428  0.003543101428  0.014345136412  0.004728473387  0.013108525069  0.000000000000  0.008310523765  0.008660098616  0.002760808880  0.005916003836  0.005925051801  0.003543101428  
piranga_hepatica_ku4970 0.005250231654  0.005252788386  0.002090435890  0.008471890465  0.010536196625  0.010531726514  0.001043983466  0.010531726514  0.004191290996  0.001047263444  0.000000000000  0.003543101428  0.000000000000  0.002341055396  0.002092623141  0.002099901394  0.000000000000  0.003139368978  0.000000000000  0.001043668993  0.011619139053  0.002089174962  0.009471071682  0.004297150812  0.004317977082  0.004930001013  0.001379558792  0.003136676020  0.002092623141  0.001043668993  
piranga_hepatica_ku9084 0.004695668024  0.008248908578  0.003514049876  0.007056580137  0.010625463859  0.010604084970  0.003514049876  0.010604084970  0.004695171748  0.003514049876  0.002341055396  0.003848760073  0.002341055396  0.000000000000  0.003518170895  0.004700689408  0.000000000000  0.003514049876  0.002429202473  0.003515053205  0.010638023484  0.003515053205  0.007056580137  0.004689667026  0.005890152014  0.006730622068  0.004387791092  0.005867407252  0.003518170895  0.003515053205  
piranga_rubra_sdsu2654 0.005033526346  0.007086539425  0.004022229918  0.010201949521  0.011136811279  0.012154509931  0.001002134954  0.012203957139  0.004018646008  0.003028448655  0.002006544680  0.005925051801  0.002092623141  0.003518170895  0.000000000000  0.004204507814  0.001562819021  0.005033526346  0.002220401120  0.003010758665  0.012182168421  0.004016670803  0.011132119707  0.006452675220  0.006478382642  0.007415143726  0.002763432152  0.004018646008  0.000000000000  0.003010758665  
piranga_flava_lsu15408 0.007383649820  0.003156477776  0.004200092956  0.008513285101  0.011626031670  0.009505787767  0.003146545745  0.009505787767  0.004208431322  0.003163134038  0.002095501044  0.005930036783  0.002099901394  0.004700689408  0.004204507814  0.000000000000  0.003353312922  0.005256154622  0.002221171809  0.003145590374  0.012716298353  0.004197538637  0.009497530043  0.006456673753  0.006487560768  0.004942183601  0.001383375691  0.005252788386  0.004204507814  0.003145590374  
piranga_lutea_lsu5400 0.003131177343  0.006285780090  0.001560380426  0.003127809142  0.006280938258  0.007838564689  0.001560380426  0.007888030187  0.003127809142  0.000000000000  0.000000000000  0.001991405555  0.000000000000  0.000000000000  0.001562819021  0.003353312922  0.000000000000  0.001560380426  0.000000000000  0.001559677893  0.006290816404  0.001559677893  0.003127809142  0.003469661851  0.001745598933  0.002141927963  0.000000000000  0.003122925174  0.001562819021  0.001559677893  
piranga_olivacea_ku4672 0.008081357861  0.008099552386  0.005028464110  0.011222985799  0.013169160884  0.013168989681  0.004018189370  0.013222571153  0.007056156182  0.004038473700  0.003010216015  0.004728976751  0.003139368978  0.003514049876  0.005033526346  0.005256154622  0.001560380426  0.000000000000  0.003331091106  0.004014612659  0.014219788896  0.005020706870  0.012145177865  0.005365525121  0.007567239373  0.008662968764  0.002763432152  0.006035257281  0.005033526346  0.004014612659  
piranga_ludoviciana_sdsu2208 0.004452000461  0.005587372931  0.002217938758  0.007880164821  0.008929752509  0.010048983186  0.001107579717  0.010048983186  0.004447609510  0.001113747541  0.000000000000  0.003543101428  0.000000000000  0.002429202473  0.002220401120  0.002221171809  0.000000000000  0.003331091106  0.000000000000  0.000000000000  0.010070147165  0.001106001169  0.008925600464  0.003326990107  0.004447609510  0.004930001013  0.001379558792  0.002216249133  0.002220401120  0.000000000000  
piranga_bidentata_itm160 0.006041334201  0.006058943856  0.003007740130  0.009158135410  0.011117326335  0.011109632633  0.002003153528  0.011154698003  0.005025753472  0.002013235587  0.001000842499  0.003543101428  0.001043668993  0.003515053205  0.003010758665  0.003145590374  0.001559677893  0.004014612659  0.000000000000  0.000000000000  0.012156004285  0.003007601268  0.010093489586  0.005363853471  0.005388655676  0.004930001013  0.001379558792  0.004012641424  0.003010758665  0.000000000000  
piranga_leucoptera_fmnh481795 0.015278972677  0.015304924761  0.013189741141  0.010196409821  0.003013783264  0.015242710050  0.012162085630  0.015304924761  0.013212030222  0.012224034173  0.011136811279  0.014345136412  0.011619139053  0.010638023484  0.012182168421  0.012716298353  0.006290816404  0.014219788896  0.010070147165  0.012156004285  0.000000000000  0.013176942578  0.011125546954  0.017380762112  0.008679545119  0.007427166338  0.009745192164  0.014197001553  0.012182168421  0.012156004285  
piranga_lutea_ku89864 0.007050848753  0.005046041741  0.004012641424  0.010182159853  0.012136508046  0.012125216988  0.003006867318  0.012174425055  0.006034568245  0.003022011993  0.002003374162  0.004728473387  0.002089174962  0.003515053205  0.004016670803  0.004197538637  0.001559677893  0.005020706870  0.001106001169  0.003007601268  0.013176942578  0.000000000000  0.011109383038  0.005363853471  0.005388655676  0.006166184964  0.002760808880  0.005019243763  0.004016670803  0.003007601268  
piranga_rubriceps_lsu34818 0.014215365583  0.012194548732  0.009079324910  0.001010234085  0.009072353917  0.012145177865  0.010098917451  0.012194548732  0.011140329119  0.010150172020  0.009079324910  0.013108525069  0.009471071682  0.007056580137  0.011132119707  0.009497530043  0.003127809142  0.012145177865  0.008925600464  0.010093489586  0.011125546954  0.011109383038  0.000000000000  0.015149550824  0.006480553514  0.006178453044  0.009738695825  0.012125216988  0.011132119707  0.010093489586  
piranga_roseogularis_ku2141 0.009712781229  0.009743091229  0.006445743084  0.014189799630  0.016251648006  0.015159076540  0.005365525121  0.015159076540  0.008617913531  0.005394469510  0.004287937816  0.000000000000  0.004297150812  0.004689667026  0.006452675220  0.006456673753  0.003469661851  0.005365525121  0.003326990107  0.005363853471  0.017380762112  0.005363853471  0.015149550824  0.000000000000  0.008645855084  0.008649397747  0.002760808880  0.008599385950  0.006452675220  0.005363853471  
piranga_erythrocephala_fmnh343371 0.009753024234  0.009790471152  0.006478382642  0.005447364083  0.007573242606  0.009737505849  0.005392198762  0.009737505849  0.008651385600  0.005421432521  0.004308674643  0.008310523765  0.004317977082  0.005890152014  0.006478382642  0.006487560768  0.001745598933  0.007567239373  0.004447609510  0.005388655676  0.008679545119  0.005388655676  0.006480553514  0.008645855084  0.000000000000  0.000000000000  0.005537420387  0.007561133642  0.006478382642  0.005388655676  
piranga_erythrocephala_fmnh343370 0.009914322663  0.007427166338  0.007415143726  0.004936084790  0.006171583488  0.007415143726  0.006170827702  0.007415143726  0.008662968764  0.006170827702  0.004930001013  0.008660098616  0.004930001013  0.006730622068  0.007415143726  0.004942183601  0.002141927963  0.008662968764  0.004930001013  0.004930001013  0.007427166338  0.006166184964  0.006178453044  0.008649397747  0.000000000000  0.000000000000  0.005537420387  0.007408823841  0.007415143726  0.004930001013  
piranga_ludoviciana_sdsu2650 0.002763432152  0.002768452060  0.002763432152  0.008335145683  0.009727694414  0.009748474028  0.001379558792  0.009748474028  0.002763432152  0.000000000000  0.001379558792  0.002760808880  0.001379558792  0.004387791092  0.002763432152  0.001383375691  0.000000000000  0.002763432152  0.001379558792  0.001379558792  0.009745192164  0.002760808880  0.009738695825  0.002760808880  0.005537420387  0.005537420387  0.000000000000  0.002763432152  0.002763432152  0.001379558792  
piranga_bidentata_tepe59 0.007056156182  0.008094707029  0.005023781543  0.011204879172  0.013150282909  0.013158534294  0.003007740130  0.013212030222  0.006037142599  0.004034860777  0.003007740130  0.005916003836  0.003136676020  0.005867407252  0.004018646008  0.005252788386  0.003122925174  0.006035257281  0.002216249133  0.004012641424  0.014197001553  0.005019243763  0.012125216988  0.008599385950  0.007561133642  0.007408823841  0.002763432152  0.000000000000  0.004018646008  0.004012641424  
piranga_rubra_sdsu2635 0.005033526346  0.007086539425  0.004022229918  0.010201949521  0.011136811279  0.012154509931  0.001002134954  0.012203957139  0.004018646008  0.003028448655  0.002006544680  0.005925051801  0.002092623141  0.003518170895  0.000000000000  0.004204507814  0.001562819021  0.005033526346  0.002220401120  0.003010758665  0.012182168421  0.004016670803  0.011132119707  0.006452675220  0.006478382642  0.007415143726  0.002763432152  0.004018646008  0.000000000000  0.003010758665  
piranga_bidentata_itm141 0.006041334201  0.006058943856  0.003007740130  0.009158135410  0.011117326335  0.011109632633  0.002003153528  0.011154698003  0.005025753472  0.002013235587  0.001000842499  0.003543101428  0.001043668993  0.003515053205  0.003010758665  0.003145590374  0.001559677893  0.004014612659  0.000000000000  0.000000000000  0.012156004285  0.003007601268  0.010093489586  0.005363853471  0.005388655676  0.004930001013  0.001379558792  0.004012641424  0.003010758665  0.000000000000  

