30
piranga_rubra_ku26592 0.000000000000  0.010232329060  0.006818565395  0.020563646726  0.020641198673  0.025054690590  0.011439635476  0.024155719194  0.005215634918  0.007658261614  0.009423920262  0.017283381752  0.006797271479  0.007505793787  0.006801174757  0.008555336397  0.006496571766  0.011976524834  0.007905249008  0.006801174757  0.024197652820  0.009371194064  0.020777434705  0.019813457937  0.023630789019  0.026673977726  0.006844914071  0.010232329060  0.006806090792  0.006801174757  
piranga_flava_ku90809 0.010232329060  0.000000000000  0.007677861727  0.018739920538  0.018887409861  0.023284287656  0.011424255556  0.022390124817  0.010476686859  0.007658261614  0.011331605726  0.016344269859  0.006792512286  0.012555904875  0.008507380253  0.005115199601  0.010234399402  0.011959375309  0.012470954081  0.008516923666  0.022427669388  0.002540679356  0.019011355193  0.018827413170  0.021840225896  0.024072334495  0.011453152681  0.011959375309  0.008511643342  0.008516923666  
piranga_ludoviciana_sdsu2385 0.006818565395  0.007677861727  0.000000000000  0.014257541365  0.014574985604  0.018945859040  0.006654207227  0.018059454671  0.005226596625  0.003399296446  0.005652027478  0.014547390725  0.006811739026  0.006266041122  0.005957611562  0.011174497610  0.006509638885  0.007677861727  0.004516138763  0.003399296446  0.016336587409  0.006818565395  0.014670212838  0.016969005061  0.017447598150  0.018991967930  0.001137747831  0.005104699517  0.005960846586  0.003399296446  
piranga_rubriceps_lsu265 0.020563646726  0.018739920538  0.014257541365  0.000000000000  0.006169356653  0.023260799851  0.018246139007  0.024166662136  0.018729177244  0.016027155406  0.020040386903  0.020869250693  0.018719553651  0.019002296327  0.016914085860  0.020650839196  0.019557070563  0.016923285479  0.021714345457  0.016933599612  0.009736163415  0.017830720066  0.000877837034  0.022721400995  0.010782345469  0.012543954192  0.020783684445  0.016923285479  0.018739920538  0.016933599612  
piranga_leucoptera_lsu7783 0.020641198673  0.018887409861  0.014574985604  0.006169356653  0.000000000000  0.023241788486  0.019151124965  0.024114512857  0.019343658074  0.016276489793  0.020928674509  0.020949419011  0.018871287523  0.020196833011  0.017133025354  0.020729083891  0.019684753500  0.017140179714  0.022850476289  0.017148371843  0.010222054666  0.018012978022  0.006832263440  0.023601879244  0.011238604995  0.013808257342  0.021932499202  0.017140179714  0.018887409861  0.017148371843  
cardinalis_cardinalis_ku25393 0.025054690590  0.023284287656  0.018945859040  0.023260799851  0.023241788486  0.000000000000  0.024056035287  0.002524212328  0.023847729749  0.018897032350  0.025815145561  0.022825986013  0.023260936677  0.022789578112  0.019754180947  0.025158714106  0.024491012500  0.020641198673  0.025195878713  0.019773823056  0.026802594666  0.022401595574  0.023391863729  0.023624051628  0.024481856857  0.027937080702  0.024299720363  0.019763481358  0.021520568002  0.019773823056  
piranga_olivacea_ku2699 0.011439635476  0.011424255556  0.006654207227  0.018246139007  0.019151124965  0.024056035287  0.000000000000  0.023059677197  0.009506987547  0.008547790634  0.010699797674  0.014636657407  0.009501665684  0.006246607759  0.007590558947  0.013354789664  0.007004712559  0.007595428895  0.009045568983  0.009506987547  0.023097340395  0.010461971679  0.019215311616  0.015667758771  0.022087887678  0.021485098226  0.007995546596  0.011424255556  0.009513578432  0.009506987547  
cardinalis_cardinalis_ku21828 0.024155719194  0.022390124817  0.018059454671  0.024166662136  0.024114512857  0.002524212328  0.023059677197  0.000000000000  0.022932485168  0.018012978022  0.024818368735  0.021885369226  0.022370327134  0.021485098226  0.018871287523  0.024258477939  0.023512938627  0.019754180947  0.024005815001  0.018887409861  0.027678445299  0.021509823418  0.024269620639  0.022646196888  0.025368691033  0.029230864846  0.023099660179  0.018878827480  0.020631177533  0.018887409861  
piranga_rubra_ku7046 0.005215634918  0.010476686859  0.005226596625  0.018729177244  0.019343658074  0.023847729749  0.009506987547  0.022932485168  0.000000000000  0.006087129963  0.007519213863  0.015830678317  0.006959893942  0.004990806263  0.005212973466  0.010531858279  0.006664584272  0.010489613906  0.006761446891  0.005212973466  0.022968631484  0.009595003800  0.019403884619  0.017878863211  0.022376309418  0.025357828492  0.005691938342  0.008714981452  0.005215634918  0.005212973466  
piranga_bidentata_hgoslp104 0.007658261614  0.007658261614  0.003399296446  0.016027155406  0.016276489793  0.018897032350  0.008547790634  0.018012978022  0.006087129963  0.000000000000  0.006582095271  0.014507816482  0.007650096666  0.008761372392  0.005942438796  0.011145754553  0.009301201008  0.009377166716  0.006767705436  0.002540679356  0.019797621139  0.006801174757  0.016383309355  0.016921144713  0.019177094275  0.021496186446  0.005697108331  0.005945657329  0.005945657329  0.002540679356  
piranga_ludoviciana_sdsu2648 0.009423920262  0.011331605726  0.005652027478  0.020040386903  0.020928674509  0.025815145561  0.010699797674  0.024818368735  0.007519213863  0.006582095271  0.000000000000  0.019021884664  0.009412231444  0.011293826490  0.009417453236  0.015148527783  0.011304610011  0.011331605726  0.009045568983  0.005636099590  0.024868361409  0.010376789327  0.021001750558  0.020026832334  0.023968794496  0.025387152855  0.007995546596  0.007523992480  0.009423920262  0.005636099590  
piranga_roseogularis_ku2049 0.017283381752  0.016344269859  0.014547390725  0.020869250693  0.020949419011  0.022825986013  0.014636657407  0.021885369226  0.015830678317  0.014507816482  0.019021884664  0.000000000000  0.014502931678  0.016365303600  0.013589071969  0.016344269859  0.016832646903  0.011760671412  0.020516789029  0.015428371218  0.024697285676  0.015422693649  0.021089709671  0.007952761292  0.020949419011  0.027927323056  0.019577211632  0.017267667477  0.014513866407  0.015428371218  
piranga_hepatica_ku4970 0.006797271479  0.006792512286  0.006811739026  0.018719553651  0.018871287523  0.023260936677  0.009501665684  0.022370327134  0.006959893942  0.007650096666  0.009412231444  0.014502931678  0.000000000000  0.004990806263  0.005091703591  0.008547752233  0.006487690516  0.009371194064  0.009029985595  0.006794383227  0.022401595574  0.005939045811  0.018992927887  0.016911728547  0.021819165925  0.024050751759  0.007982090621  0.008511643342  0.005942438796  0.006794383227  
piranga_hepatica_ku9084 0.007505793787  0.012555904875  0.006266041122  0.019002296327  0.020196833011  0.022789578112  0.006246607759  0.021485098226  0.004990806263  0.008761372392  0.011293826490  0.016365303600  0.004990806263  0.000000000000  0.003741650647  0.012555904875  0.003738371153  0.011303842736  0.006807968341  0.008761372392  0.024103065580  0.011286023279  0.019002296327  0.017670230777  0.020206365429  0.022263910188  0.004002730850  0.008768382640  0.008768382640  0.008761372392  
piranga_rubra_sdsu2654 0.006801174757  0.008507380253  0.005957611562  0.016914085860  0.017133025354  0.019754180947  0.007590558947  0.018871287523  0.005212973466  0.005942438796  0.009417453236  0.013589071969  0.005091703591  0.003741650647  0.000000000000  0.008551029306  0.006491528252  0.008516923666  0.009036883926  0.006797271479  0.020652262285  0.007650096666  0.017243634413  0.015965385394  0.020046918448  0.022766556082  0.007987906086  0.008516923666  0.003388464394  0.006797271479  
piranga_flava_lsu15408 0.008555336397  0.005115199601  0.011174497610  0.020650839196  0.020729083891  0.025158714106  0.013354789664  0.024258477939  0.010531858279  0.011145754553  0.015148527783  0.016344269859  0.008547752233  0.012555904875  0.008551029306  0.000000000000  0.010234399402  0.012020991420  0.014761381230  0.012013875148  0.024294496201  0.005972862008  0.020864371599  0.018934370839  0.023606732153  0.026646072923  0.013765592436  0.013747470804  0.008555336397  0.012013875148  
piranga_lutea_lsu5400 0.006496571766  0.010234399402  0.006509638885  0.019557070563  0.019684753500  0.024491012500  0.007004712559  0.023512938627  0.006664584272  0.009301201008  0.011304610011  0.016832646903  0.006487690516  0.003738371153  0.006491528252  0.010234399402  0.000000000000  0.010249864106  0.006767705436  0.008362764772  0.023555253942  0.009294901600  0.019825576945  0.020791278072  0.021601328073  0.022776925470  0.005697108331  0.010234399402  0.008369448980  0.008362764772  
piranga_olivacea_ku4672 0.011976524834  0.011959375309  0.007677861727  0.016923285479  0.017140179714  0.020641198673  0.007595428895  0.019754180947  0.010489613906  0.009377166716  0.011331605726  0.011760671412  0.009371194064  0.011303842736  0.008516923666  0.012020991420  0.010249864106  0.000000000000  0.012483323684  0.010238996595  0.020664366074  0.011095054180  0.017251926420  0.014067813203  0.020056498835  0.022776925470  0.011464544978  0.010232329060  0.008523218961  0.010238996595  
piranga_ludoviciana_sdsu2208 0.007905249008  0.012470954081  0.004516138763  0.021714345457  0.022850476289  0.025195878713  0.009045568983  0.024005815001  0.006761446891  0.006767705436  0.009045568983  0.020516789029  0.009029985595  0.006807968341  0.009036883926  0.014761381230  0.006767705436  0.012483323684  0.000000000000  0.005632924779  0.026415503854  0.011323457192  0.022866924479  0.021714345457  0.024021705759  0.022581372268  0.005782766531  0.007897780163  0.009045568983  0.005632924779  
piranga_bidentata_itm160 0.006801174757  0.008516923666  0.003399296446  0.016933599612  0.017148371843  0.019773823056  0.009506987547  0.018887409861  0.005212973466  0.002540679356  0.005636099590  0.015428371218  0.006794383227  0.008761372392  0.006797271479  0.012013875148  0.008362764772  0.010238996595  0.005632924779  0.000000000000  0.020677507765  0.007658261614  0.017261266454  0.017878863211  0.020067151683  0.022789578112  0.004552115519  0.005091703591  0.006801174757  0.000000000000  
piranga_leucoptera_fmnh481795 0.024197652820  0.022427669388  0.016336587409  0.009736163415  0.010222054666  0.026802594666  0.023097340395  0.027678445299  0.022968631484  0.019797621139  0.024868361409  0.024697285676  0.022401595574  0.024103065580  0.020652262285  0.024294496201  0.023555253942  0.020664366074  0.026415503854  0.020677507765  0.000000000000  0.021545185869  0.010288057100  0.027512233655  0.014759375683  0.017646064018  0.023150155656  0.018907692647  0.022427669388  0.020677507765  
piranga_lutea_ku89864 0.009371194064  0.002540679356  0.006818565395  0.017830720066  0.018012978022  0.022401595574  0.010461971679  0.021509823418  0.009595003800  0.006801174757  0.010376789327  0.015422693649  0.005939045811  0.011286023279  0.007650096666  0.005972862008  0.009294901600  0.011095054180  0.011323457192  0.007658261614  0.021545185869  0.000000000000  0.018130812596  0.017868589008  0.020947511122  0.022776925470  0.010295212429  0.011095054180  0.007653671077  0.007658261614  
piranga_rubriceps_lsu34818 0.020777434705  0.019011355193  0.014670212838  0.000877837034  0.006832263440  0.023391863729  0.019215311616  0.024269620639  0.019403884619  0.016383309355  0.021001750558  0.021089709671  0.018992927887  0.019002296327  0.017243634413  0.020864371599  0.019825576945  0.017251926420  0.022866924479  0.017261266454  0.010288057100  0.018130812596  0.000000000000  0.023679438678  0.011310439846  0.013810137603  0.021948023035  0.017251926420  0.019011355193  0.017261266454  
piranga_roseogularis_ku2141 0.019813457937  0.018827413170  0.016969005061  0.022721400995  0.023601879244  0.023624051628  0.015667758771  0.022646196888  0.017878863211  0.016921144713  0.020026832334  0.007952761292  0.016911728547  0.017670230777  0.015965385394  0.018934370839  0.020791278072  0.014067813203  0.021714345457  0.017878863211  0.027512233655  0.017868589008  0.023679438678  0.000000000000  0.024970342836  0.029255891483  0.020783684445  0.019788209109  0.016931803301  0.017878863211  
piranga_erythrocephala_fmnh343371 0.023630789019  0.021840225896  0.017447598150  0.010782345469  0.011238604995  0.024481856857  0.022087887678  0.025368691033  0.022376309418  0.019177094275  0.023968794496  0.020949419011  0.021819165925  0.020206365429  0.020046918448  0.023606732153  0.021601328073  0.020056498835  0.024021705759  0.020067151683  0.014759375683  0.020947511122  0.011310439846  0.024970342836  0.000000000000  0.003737276388  0.023114610530  0.020056498835  0.021840225896  0.020067151683  
piranga_erythrocephala_fmnh343370 0.026673977726  0.024072334495  0.018991967930  0.012543954192  0.013808257342  0.027937080702  0.021485098226  0.029230864846  0.025357828492  0.021496186446  0.025387152855  0.027927323056  0.024050751759  0.022263910188  0.022766556082  0.026646072923  0.022776925470  0.022776925470  0.022581372268  0.022789578112  0.017646064018  0.022776925470  0.013810137603  0.029255891483  0.003737276388  0.000000000000  0.019536197782  0.022776925470  0.025371345219  0.022789578112  
piranga_ludoviciana_sdsu2650 0.006844914071  0.011453152681  0.001137747831  0.020783684445  0.021932499202  0.024299720363  0.007995546596  0.023099660179  0.005691938342  0.005697108331  0.007995546596  0.019577211632  0.007982090621  0.004002730850  0.007987906086  0.013765592436  0.005697108331  0.011464544978  0.005782766531  0.004552115519  0.023150155656  0.010295212429  0.021948023035  0.020783684445  0.023114610530  0.019536197782  0.000000000000  0.006838511859  0.007995546596  0.004552115519  
piranga_bidentata_tepe59 0.010232329060  0.011959375309  0.005104699517  0.016923285479  0.017140179714  0.019763481358  0.011424255556  0.018878827480  0.008714981452  0.005945657329  0.007523992480  0.017267667477  0.008511643342  0.008768382640  0.008516923666  0.013747470804  0.010234399402  0.010232329060  0.007897780163  0.005091703591  0.018907692647  0.011095054180  0.017251926420  0.019788209109  0.020056498835  0.022776925470  0.006838511859  0.000000000000  0.010232329060  0.005091703591  
piranga_rubra_sdsu2635 0.006806090792  0.008511643342  0.005960846586  0.018739920538  0.018887409861  0.021520568002  0.009513578432  0.020631177533  0.005215634918  0.005945657329  0.009423920262  0.014513866407  0.005942438796  0.008768382640  0.003388464394  0.008555336397  0.008369448980  0.008523218961  0.009045568983  0.006801174757  0.022427669388  0.007653671077  0.019011355193  0.016931803301  0.021840225896  0.025371345219  0.007995546596  0.010232329060  0.000000000000  0.006801174757  
piranga_bidentata_itm141 0.006801174757  0.008516923666  0.003399296446  0.016933599612  0.017148371843  0.019773823056  0.009506987547  0.018887409861  0.005212973466  0.002540679356  0.005636099590  0.015428371218  0.006794383227  0.008761372392  0.006797271479  0.012013875148  0.008362764772  0.010238996595  0.005632924779  0.000000000000  0.020677507765  0.007658261614  0.017261266454  0.017878863211  0.020067151683  0.022789578112  0.004552115519  0.005091703591  0.006801174757  0.000000000000  

