30
piranga_rubra_ku26592 0.000000000000  0.009432940523  0.006259401880  0.009462695571  0.008727838710  0.030515823040  0.002194379610  0.030515823040  0.002423011594  0.010234868480  0.002579251013  0.001796267721  0.007222465156  0.000000000000  0.004693918600  0.015623439299  0.009432940523  0.003122958834  0.000000000000  0.007867416787  0.011095247409  0.009432940523  0.009462695571  0.004693918600  0.014264800593  0.003763518598  0.009255909295  0.003127842922  0.004693918600  0.008936076779  
piranga_flava_ku90809 0.009432940523  0.000000000000  0.009418392237  0.015731941273  0.013981517597  0.036851140833  0.008837791505  0.036851140833  0.004861255180  0.005083675625  0.005175768720  0.009052371757  0.001793046923  0.000000000000  0.011027357093  0.007754155599  0.003093971640  0.009344787697  0.000000000000  0.004652288189  0.017390596434  0.000000000000  0.015731941273  0.011027357093  0.020554112595  0.011401914914  0.003060826085  0.006273460432  0.011027357093  0.005273861337  
piranga_ludoviciana_sdsu2385 0.006259401880  0.009418392237  0.000000000000  0.011042735572  0.012255797365  0.033810178378  0.006606479139  0.033810178378  0.004854129401  0.010209749550  0.002579251013  0.005404423940  0.007206721992  0.004405972040  0.007838449241  0.012983296879  0.009418392237  0.006259401880  0.003704183879  0.007850757093  0.014304494084  0.009418392237  0.011042735572  0.007838449241  0.017473481709  0.007546644521  0.009235371364  0.003125339200  0.007838449241  0.008914576430  
piranga_rubriceps_lsu265 0.009462695571  0.015731941273  0.011042735572  0.000000000000  0.005209751067  0.033619101320  0.013391163410  0.033619101320  0.007332803641  0.017214815612  0.005189197964  0.009085270408  0.014585585907  0.013446263959  0.011062212742  0.023718049992  0.015731941273  0.009373988324  0.011273367782  0.014168746250  0.007850757093  0.015731941273  0.000000000000  0.011062212742  0.017377320917  0.019207422369  0.022020140711  0.009477643604  0.011062212742  0.016094662511  
piranga_leucoptera_lsu7783 0.008727838710  0.013981517597  0.012255797365  0.005209751067  0.000000000000  0.031988434036  0.011936787847  0.031988434036  0.002606138656  0.016306869359  0.002811284188  0.007677002281  0.013476214234  0.004410951821  0.010495513599  0.018282418045  0.013981517597  0.008682370349  0.003707702143  0.014005998016  0.006991523151  0.013981517597  0.005209751067  0.008727838710  0.015736835024  0.011370730832  0.015551551103  0.008743100846  0.010495513599  0.015175099539  
cardinalis_cardinalis_ku25393 0.030515823040  0.036851140833  0.033810178378  0.033619101320  0.031988434036  0.000000000000  0.031692088918  0.000000000000  0.017223489054  0.038652196924  0.018352563712  0.027648450783  0.033376753649  0.008872644686  0.032186912620  0.026300475170  0.036851140833  0.030224443913  0.007451189799  0.035265743069  0.033755805908  0.036851140833  0.033619101320  0.032186912620  0.035262759731  0.026937756801  0.021892443355  0.030564933536  0.032186912620  0.034445578957  
piranga_olivacea_ku2699 0.002194379610  0.008837791505  0.006606479139  0.013391163410  0.011936787847  0.031692088918  0.000000000000  0.031692088918  0.000000000000  0.012452682292  0.000000000000  0.002194379610  0.008127457175  0.000000000000  0.002194379610  0.000000000000  0.011078212020  0.004401244877  0.000000000000  0.008853006436  0.015734285017  0.008837791505  0.013391163410  0.004401244877  0.013313642822  0.007592629541  0.007157841728  0.002194379610  0.002194379610  0.008853006436  
cardinalis_cardinalis_ku21828 0.030515823040  0.036851140833  0.033810178378  0.033619101320  0.031988434036  0.000000000000  0.031692088918  0.000000000000  0.017223489054  0.038652196924  0.018352563712  0.027648450783  0.033376753649  0.008872644686  0.032186912620  0.026300475170  0.036851140833  0.030224443913  0.007451189799  0.035265743069  0.033755805908  0.036851140833  0.033619101320  0.032186912620  0.035262759731  0.026937756801  0.021892443355  0.030564933536  0.032186912620  0.034445578957  
piranga_rubra_ku7046 0.002423011594  0.004861255180  0.004854129401  0.007332803641  0.002606138656  0.017223489054  0.000000000000  0.017223489054  0.000000000000  0.002423011594  0.000000000000  0.000000000000  0.002423011594  0.000000000000  0.004861255180  0.014079345178  0.004861255180  0.002423011594  0.000000000000  0.002423011594  0.002423011594  0.004861255180  0.007332803641  0.002423011594  0.009832316188  0.000000000000  0.007288266135  0.002423011594  0.004861255180  0.002943693750  
piranga_bidentata_hgoslp104 0.010234868480  0.005083675625  0.010209749550  0.017214815612  0.016306869359  0.038652196924  0.012452682292  0.038652196924  0.002423011594  0.000000000000  0.002579251013  0.009949717067  0.001793046923  0.000000000000  0.011967248639  0.010359550483  0.005083675625  0.010234868480  0.000000000000  0.001690017224  0.019064113167  0.005083675625  0.017214815612  0.011967248639  0.020758811153  0.007563913631  0.003060826085  0.006804706369  0.011967248639  0.001939075008  
piranga_ludoviciana_sdsu2648 0.002579251013  0.005175768720  0.002579251013  0.005189197964  0.002811284188  0.018352563712  0.000000000000  0.018352563712  0.000000000000  0.002579251013  0.000000000000  0.000000000000  0.002579251013  0.000000000000  0.005175768720  0.015284526282  0.005175768720  0.000000000000  0.000000000000  0.002579251013  0.002579251013  0.005175768720  0.005189197964  0.002579251013  0.010476131932  0.000000000000  0.008116462407  0.002579251013  0.005175768720  0.003208119315  
piranga_roseogularis_ku2049 0.001796267721  0.009052371757  0.005404423940  0.009085270408  0.007677002281  0.027648450783  0.002194379610  0.027648450783  0.000000000000  0.009949717067  0.000000000000  0.000000000000  0.006381321734  0.000000000000  0.003600893042  0.005564588752  0.009052371757  0.001796267721  0.000000000000  0.007248642449  0.010967955972  0.009052371757  0.009085270408  0.003600893042  0.012717188184  0.003763518598  0.009255909295  0.001799500111  0.003600893042  0.007248642449  
piranga_hepatica_ku4970 0.007222465156  0.001793046923  0.007206721992  0.014585585907  0.013476214234  0.033376753649  0.008127457175  0.033376753649  0.002423011594  0.001793046923  0.002579251013  0.006381321734  0.000000000000  0.000000000000  0.009049293099  0.010359550483  0.001793046923  0.007222465156  0.000000000000  0.000000000000  0.012786884744  0.001793046923  0.014585585907  0.009049293099  0.014635336790  0.011401914914  0.003060826085  0.003600893042  0.009049293099  0.000000000000  
piranga_hepatica_ku9084 0.000000000000  0.000000000000  0.004405972040  0.013446263959  0.004410951821  0.008872644686  0.000000000000  0.008872644686  0.000000000000  0.000000000000  0.000000000000  0.000000000000  0.000000000000  0.000000000000  0.000000000000  0.000000000000  0.004410951821  0.004410951821  0.000000000000  0.000000000000  0.004410951821  0.000000000000  0.013446263959  0.000000000000  0.004410951821  0.000000000000  0.004410951821  0.000000000000  0.000000000000  0.000000000000  
piranga_rubra_sdsu2654 0.004693918600  0.011027357093  0.007838449241  0.011062212742  0.010495513599  0.032186912620  0.002194379610  0.032186912620  0.004861255180  0.011967248639  0.005175768720  0.003600893042  0.009049293099  0.000000000000  0.000000000000  0.018282418045  0.011027357093  0.004693918600  0.000000000000  0.009460233008  0.012704240819  0.011027357093  0.011062212742  0.006271267118  0.015881871620  0.003763518598  0.009255909295  0.004701274490  0.000000000000  0.010748266188  
piranga_flava_lsu15408 0.015623439299  0.007754155599  0.012983296879  0.023718049992  0.018282418045  0.026300475170  0.000000000000  0.026300475170  0.014079345178  0.010359550483  0.015284526282  0.005564588752  0.010359550483  0.000000000000  0.018282418045  0.000000000000  0.012982565069  0.015623439299  0.000000000000  0.010386451139  0.018282418045  0.007754155599  0.023718049992  0.015623439299  0.023655694084  0.000000000000  0.003271083845  0.010386451139  0.018282418045  0.002712163171  
piranga_lutea_lsu5400 0.009432940523  0.003093971640  0.009418392237  0.015731941273  0.013981517597  0.036851140833  0.011078212020  0.036851140833  0.004861255180  0.005083675625  0.005175768720  0.009052371757  0.001793046923  0.004410951821  0.011027357093  0.012982565069  0.000000000000  0.009344787697  0.003707702143  0.004652288189  0.017390596434  0.003093971640  0.015731941273  0.011027357093  0.020554112595  0.015278274148  0.006145999038  0.006273460432  0.011027357093  0.005273861337  
piranga_olivacea_ku4672 0.003122958834  0.009344787697  0.006259401880  0.009373988324  0.008682370349  0.030224443913  0.004401244877  0.030224443913  0.002423011594  0.010234868480  0.000000000000  0.001796267721  0.007222465156  0.004410951821  0.004693918600  0.015623439299  0.009344787697  0.000000000000  0.003707702143  0.007793833484  0.010990718475  0.009344787697  0.009373988324  0.004693918600  0.014130409016  0.007563913631  0.012390956757  0.003127842922  0.004693918600  0.008841265160  
piranga_ludoviciana_sdsu2208 0.000000000000  0.000000000000  0.003704183879  0.011273367782  0.003707702143  0.007451189799  0.000000000000  0.007451189799  0.000000000000  0.000000000000  0.000000000000  0.000000000000  0.000000000000  0.000000000000  0.000000000000  0.000000000000  0.003707702143  0.003707702143  0.000000000000  0.000000000000  0.003707702143  0.000000000000  0.011273367782  0.003707702143  0.003707702143  0.000000000000  0.003707702143  0.000000000000  0.000000000000  0.000000000000  
piranga_bidentata_itm160 0.007867416787  0.004652288189  0.007850757093  0.014168746250  0.014005998016  0.035265743069  0.008853006436  0.035265743069  0.002423011594  0.001690017224  0.002579251013  0.007248642449  0.000000000000  0.000000000000  0.009460233008  0.010386451139  0.004652288189  0.007793833484  0.000000000000  0.000000000000  0.015816302093  0.004652288189  0.014168746250  0.009460233008  0.018984976045  0.011445417953  0.003070223554  0.004701274490  0.009460233008  0.000000000000  
piranga_leucoptera_fmnh481795 0.011095247409  0.017390596434  0.014304494084  0.007850757093  0.006991523151  0.033755805908  0.015734285017  0.033755805908  0.002423011594  0.019064113167  0.002579251013  0.010967955972  0.012786884744  0.004410951821  0.012704240819  0.018282418045  0.017390596434  0.010990718475  0.003707702143  0.015816302093  0.000000000000  0.017390596434  0.007850757093  0.012704240819  0.015841360090  0.015442475559  0.015551551103  0.011112862518  0.012704240819  0.017977550112  
piranga_lutea_ku89864 0.009432940523  0.000000000000  0.009418392237  0.015731941273  0.013981517597  0.036851140833  0.008837791505  0.036851140833  0.004861255180  0.005083675625  0.005175768720  0.009052371757  0.001793046923  0.000000000000  0.011027357093  0.007754155599  0.003093971640  0.009344787697  0.000000000000  0.004652288189  0.017390596434  0.000000000000  0.015731941273  0.011027357093  0.020554112595  0.011401914914  0.003060826085  0.006273460432  0.011027357093  0.005273861337  
piranga_rubriceps_lsu34818 0.009462695571  0.015731941273  0.011042735572  0.000000000000  0.005209751067  0.033619101320  0.013391163410  0.033619101320  0.007332803641  0.017214815612  0.005189197964  0.009085270408  0.014585585907  0.013446263959  0.011062212742  0.023718049992  0.015731941273  0.009373988324  0.011273367782  0.014168746250  0.007850757093  0.015731941273  0.000000000000  0.011062212742  0.017377320917  0.019207422369  0.022020140711  0.009477643604  0.011062212742  0.016094662511  
piranga_roseogularis_ku2141 0.004693918600  0.011027357093  0.007838449241  0.011062212742  0.008727838710  0.032186912620  0.004401244877  0.032186912620  0.002423011594  0.011967248639  0.002579251013  0.003600893042  0.009049293099  0.000000000000  0.006271267118  0.015623439299  0.011027357093  0.004693918600  0.003707702143  0.009460233008  0.012704240819  0.011027357093  0.011062212742  0.000000000000  0.015881871620  0.003763518598  0.012390956757  0.004701274490  0.006271267118  0.010748266188  
piranga_erythrocephala_fmnh343371 0.014264800593  0.020554112595  0.017473481709  0.017377320917  0.015736835024  0.035262759731  0.013313642822  0.035262759731  0.009832316188  0.020758811153  0.010476131932  0.012717188184  0.014635336790  0.004410951821  0.015881871620  0.023655694084  0.020554112595  0.014130409016  0.003707702143  0.018984976045  0.015841360090  0.020554112595  0.017377320917  0.015881871620  0.000000000000  0.003763518598  0.012390956757  0.014287448142  0.015881871620  0.019665535172  
piranga_erythrocephala_fmnh343370 0.003763518598  0.011401914914  0.007546644521  0.019207422369  0.011370730832  0.026937756801  0.007592629541  0.026937756801  0.000000000000  0.007563913631  0.000000000000  0.003763518598  0.011401914914  0.000000000000  0.003763518598  0.000000000000  0.015278274148  0.007563913631  0.000000000000  0.011445417953  0.015442475559  0.011401914914  0.019207422369  0.003763518598  0.003763518598  0.000000000000  0.004723481144  0.003777736291  0.003763518598  0.011445417953  
piranga_ludoviciana_sdsu2650 0.009255909295  0.003060826085  0.009235371364  0.022020140711  0.015551551103  0.021892443355  0.007157841728  0.021892443355  0.007288266135  0.003060826085  0.008116462407  0.009255909295  0.003060826085  0.004410951821  0.009255909295  0.003271083845  0.006145999038  0.012390956757  0.003707702143  0.003070223554  0.015551551103  0.003060826085  0.022020140711  0.012390956757  0.012390956757  0.004723481144  0.000000000000  0.006164944306  0.009255909295  0.003070223554  
piranga_bidentata_tepe59 0.003127842922  0.006273460432  0.003125339200  0.009477643604  0.008743100846  0.030564933536  0.002194379610  0.030564933536  0.002423011594  0.006804706369  0.002579251013  0.001799500111  0.003600893042  0.000000000000  0.004701274490  0.010386451139  0.006273460432  0.003127842922  0.000000000000  0.004701274490  0.011112862518  0.006273460432  0.009477643604  0.004701274490  0.014287448142  0.003777736291  0.006164944306  0.000000000000  0.004701274490  0.005336902872  
piranga_rubra_sdsu2635 0.004693918600  0.011027357093  0.007838449241  0.011062212742  0.010495513599  0.032186912620  0.002194379610  0.032186912620  0.004861255180  0.011967248639  0.005175768720  0.003600893042  0.009049293099  0.000000000000  0.000000000000  0.018282418045  0.011027357093  0.004693918600  0.000000000000  0.009460233008  0.012704240819  0.011027357093  0.011062212742  0.006271267118  0.015881871620  0.003763518598  0.009255909295  0.004701274490  0.000000000000  0.010748266188  
piranga_bidentata_itm141 0.008936076779  0.005273861337  0.008914576430  0.016094662511  0.015175099539  0.034445578957  0.008853006436  0.034445578957  0.002943693750  0.001939075008  0.003208119315  0.007248642449  0.000000000000  0.000000000000  0.010748266188  0.002712163171  0.005273861337  0.008841265160  0.000000000000  0.000000000000  0.017977550112  0.005273861337  0.016094662511  0.010748266188  0.019665535172  0.011445417953  0.003070223554  0.005336902872  0.010748266188  0.000000000000  

