30
piranga_rubra_ku26592 0.000000000000  0.011430202182  0.010280594446  0.020760046908  0.020774192193  0.028038202311  0.008950807147  0.029214573452  0.005381330931  0.007785701975  0.015256674425  0.014921329421  0.013754225661  0.012088929961  0.009119626502  0.009461275323  0.011430202182  0.011418683219  0.010357245967  0.012590523170  0.020774192193  0.011430202182  0.018427958238  0.016091854392  0.019738104302  0.016811557336  0.011710310414  0.010059549430  0.007969333128  0.011438950173  
piranga_flava_ku90809 0.011430202182  0.000000000000  0.007980470535  0.018414685605  0.018427958238  0.025645790404  0.010782577216  0.026719726087  0.010841769963  0.004658187224  0.010123686960  0.012600675941  0.002266306122  0.004802028412  0.009125589265  0.000000000000  0.000000000000  0.013744656733  0.008870789945  0.007973915302  0.018427958238  0.000000000000  0.016091854392  0.013765791415  0.017381819229  0.016845215310  0.003872279554  0.005723821293  0.014910342685  0.006830732675  
piranga_ludoviciana_sdsu2385 0.010280594446  0.007980470535  0.000000000000  0.017251973306  0.017265820689  0.024460081286  0.010782577216  0.025484841422  0.009482522496  0.007792877357  0.007571343282  0.011449681264  0.010289925516  0.007224873273  0.007980470535  0.006750174713  0.007980470535  0.010273243101  0.005892460753  0.004541140898  0.017265820689  0.007980470535  0.014934316437  0.012612815217  0.016216070882  0.016845215310  0.005822592644  0.005723821293  0.013754225661  0.003404300953  
piranga_rubriceps_lsu265 0.020760046908  0.018414685605  0.017251973306  0.000000000000  0.012590523170  0.030457134971  0.012587088556  0.031740563700  0.017748395034  0.009353684455  0.019143696274  0.014921329421  0.020774192193  0.017027066513  0.016091854392  0.014952521440  0.018414685605  0.018414685605  0.016377451487  0.017240140127  0.013754225661  0.018414685605  0.002264848879  0.016091854392  0.015007465544  0.018963231790  0.009735069522  0.014422064015  0.021959194497  0.016079441528  
piranga_leucoptera_lsu7783 0.020774192193  0.018427958238  0.017265820689  0.012590523170  0.000000000000  0.031691683370  0.012608324315  0.033033137557  0.020549433435  0.004658187224  0.017851879975  0.016106271018  0.020790369343  0.024501083343  0.017281675349  0.013583337144  0.018427958238  0.019607416723  0.013380354560  0.017251973306  0.007973915302  0.018427958238  0.010289925516  0.017281675349  0.011504755367  0.014649171792  0.007782478230  0.012967315681  0.023166840230  0.016091854392  
cardinalis_cardinalis_ku25393 0.028038202311  0.025645790404  0.024460081286  0.030457134971  0.031691683370  0.000000000000  0.018055500846  0.002349742377  0.023299032508  0.017442319732  0.023060932848  0.024474736376  0.028053173988  0.016997065315  0.023277068267  0.017714474914  0.025645790404  0.025645790404  0.022657566656  0.024447519486  0.030475159407  0.025645790404  0.028070257681  0.025676007508  0.029301657479  0.023225227468  0.015649159526  0.018995185291  0.029262330406  0.023263906170  
piranga_olivacea_ku2699 0.008950807147  0.010782577216  0.010782577216  0.012587088556  0.012608324315  0.018055500846  0.000000000000  0.016233432310  0.009195991230  0.011355678342  0.008950807147  0.010782577216  0.010782577216  0.005926110493  0.010782577216  0.010782577216  0.010782577216  0.010764808686  0.014417722661  0.010764808686  0.010782577216  0.010782577216  0.010782577216  0.010782577216  0.016285054295  0.012203833781  0.009752030743  0.010764808686  0.014397884966  0.008965139909  
cardinalis_cardinalis_ku21828 0.029214573452  0.026719726087  0.025484841422  0.031740563700  0.033033137557  0.002349742377  0.016233432310  0.000000000000  0.021911163154  0.018449713574  0.023075928479  0.025503011295  0.029233125012  0.014550364754  0.024252876417  0.018050097362  0.026719726087  0.026719726087  0.023907328755  0.025468934414  0.031762444406  0.026719726087  0.029253960573  0.026757072307  0.030543060710  0.021089877228  0.013675999763  0.020004586766  0.030495782055  0.024236333122  
piranga_rubra_ku7046 0.005381330931  0.010841769963  0.009482522496  0.017748395034  0.020549433435  0.023299032508  0.009195991230  0.021911163154  0.000000000000  0.009697306282  0.011365495991  0.013616423267  0.013598487926  0.009662508707  0.006750174713  0.009368300608  0.010841769963  0.008103953129  0.012747555817  0.012217750007  0.019146458188  0.010841769963  0.016374369809  0.013616423267  0.019195717693  0.014700289087  0.009752030743  0.012299552096  0.008096656755  0.010855739724  
piranga_bidentata_hgoslp104 0.007785701975  0.004658187224  0.007792877357  0.009353684455  0.004658187224  0.017442319732  0.011355678342  0.018449713574  0.009697306282  0.000000000000  0.011693042267  0.004658187224  0.004658187224  0.009739584150  0.006222456283  0.004862022956  0.004658187224  0.010931350920  0.007785701975  0.004656123698  0.004658187224  0.004658187224  0.006222456283  0.004658187224  0.007854085022  0.013102753682  0.008099958975  0.001548594032  0.012515275444  0.003100022168  
piranga_ludoviciana_sdsu2648 0.015256674425  0.010123686960  0.007571343282  0.019143696274  0.017851879975  0.023060932848  0.008950807147  0.023075928479  0.011365495991  0.011693042267  0.000000000000  0.012692449913  0.011406002835  0.007224873273  0.012692449913  0.009650339575  0.010123686960  0.015256674425  0.012645355701  0.005035811125  0.017851879975  0.010123686960  0.016563268502  0.013983054900  0.017880088278  0.016845215310  0.001931445908  0.009151665693  0.019155835330  0.006301263338  
piranga_roseogularis_ku2049 0.014921329421  0.012600675941  0.011449681264  0.014921329421  0.016106271018  0.024474736376  0.010782577216  0.025503011295  0.013616423267  0.004658187224  0.012692449913  0.000000000000  0.014934316437  0.019564641042  0.010301229465  0.009482522496  0.012600675941  0.012600675941  0.011871500583  0.011438950173  0.014934316437  0.012600675941  0.012612815217  0.001131545247  0.013874643555  0.019001725417  0.009752030743  0.008616011162  0.016106271018  0.010289925516  
piranga_hepatica_ku4970 0.013754225661  0.002266306122  0.010289925516  0.020774192193  0.020790369343  0.028053173988  0.010782577216  0.029233125012  0.013598487926  0.004658187224  0.011406002835  0.014934316437  0.000000000000  0.002393795719  0.011438950173  0.001340937089  0.002266306122  0.016079441528  0.008870789945  0.010280594446  0.020790369343  0.002266306122  0.018443248608  0.016106271018  0.019757080243  0.019001725417  0.003872279554  0.005723821293  0.017251973306  0.009133528405  
piranga_hepatica_ku9084 0.012088929961  0.004802028412  0.007224873273  0.017027066513  0.024501083343  0.016997065315  0.005926110493  0.014550364754  0.009662508707  0.009739584150  0.007224873273  0.019564641042  0.002393795719  0.000000000000  0.009662508707  0.004802028412  0.004802028412  0.012088929961  0.005805690261  0.009662508707  0.024501083343  0.004802028412  0.017027066513  0.019564641042  0.024609338650  0.022634442158  0.006069999140  0.008241234516  0.014550364754  0.009662508707  
piranga_rubra_sdsu2654 0.009119626502  0.009125589265  0.007980470535  0.016091854392  0.017281675349  0.023277068267  0.010782577216  0.024252876417  0.006750174713  0.006222456283  0.012692449913  0.010301229465  0.011438950173  0.009662508707  0.000000000000  0.006750174713  0.009125589265  0.009125589265  0.008870789945  0.010280594446  0.016106271018  0.009125589265  0.013779347111  0.011462388624  0.015052922563  0.019001725417  0.009752030743  0.008616011162  0.005680484554  0.009133528405  
piranga_flava_lsu15408 0.009461275323  0.000000000000  0.006750174713  0.014952521440  0.013583337144  0.017714474914  0.010782577216  0.018050097362  0.009368300608  0.004862022956  0.009650339575  0.009482522496  0.001340937089  0.004802028412  0.006750174713  0.000000000000  0.000000000000  0.010830573385  0.009239637460  0.006742051985  0.013583337144  0.000000000000  0.012217750007  0.009482522496  0.013616423267  0.016845215310  0.003872279554  0.005953856716  0.013583337144  0.005390980191  
piranga_lutea_lsu5400 0.011430202182  0.000000000000  0.007980470535  0.018414685605  0.018427958238  0.025645790404  0.010782577216  0.026719726087  0.010841769963  0.004658187224  0.010123686960  0.012600675941  0.002266306122  0.004802028412  0.009125589265  0.000000000000  0.000000000000  0.013744656733  0.008870789945  0.007973915302  0.018427958238  0.000000000000  0.016091854392  0.013765791415  0.017381819229  0.016845215310  0.003872279554  0.005723821293  0.014910342685  0.006830732675  
piranga_olivacea_ku4672 0.011418683219  0.013744656733  0.010273243101  0.018414685605  0.019607416723  0.025645790404  0.010764808686  0.026719726087  0.008103953129  0.010931350920  0.015256674425  0.012600675941  0.016079441528  0.012088929961  0.009125589265  0.010830573385  0.013744656733  0.000000000000  0.013352099434  0.012582363803  0.018427958238  0.013744656733  0.016091854392  0.013765791415  0.017381819229  0.016811557336  0.013695370684  0.012967315681  0.012582363803  0.011430202182  
piranga_ludoviciana_sdsu2208 0.010357245967  0.008870789945  0.005892460753  0.016377451487  0.013380354560  0.022657566656  0.014417722661  0.023907328755  0.012747555817  0.007785701975  0.012645355701  0.011871500583  0.008870789945  0.005805690261  0.008870789945  0.009239637460  0.008870789945  0.013352099434  0.000000000000  0.005899887475  0.014876744217  0.008870789945  0.013380354560  0.011871500583  0.016538695628  0.016901147527  0.011731346019  0.008862042813  0.014861910292  0.007378848555  
piranga_bidentata_itm160 0.012590523170  0.007973915302  0.004541140898  0.017240140127  0.017251973306  0.024447519486  0.010764808686  0.025468934414  0.012217750007  0.004656123698  0.005035811125  0.011438950173  0.010280594446  0.009662508707  0.010280594446  0.006742051985  0.007973915302  0.012582363803  0.005899887475  0.000000000000  0.017251973306  0.007973915302  0.014921329421  0.012600675941  0.016199466177  0.019001725417  0.003872279554  0.002852820293  0.016079441528  0.001131182004  
piranga_leucoptera_fmnh481795 0.020774192193  0.018427958238  0.017265820689  0.013754225661  0.007973915302  0.030475159407  0.010782577216  0.031762444406  0.019146458188  0.004658187224  0.017851879975  0.014934316437  0.020790369343  0.024501083343  0.016106271018  0.013583337144  0.018427958238  0.018427958238  0.014876744217  0.017251973306  0.000000000000  0.018427958238  0.011449681264  0.016106271018  0.010339651612  0.014649171792  0.005822592644  0.014432872224  0.021976836862  0.016091854392  
piranga_lutea_ku89864 0.011430202182  0.000000000000  0.007980470535  0.018414685605  0.018427958238  0.025645790404  0.010782577216  0.026719726087  0.010841769963  0.004658187224  0.010123686960  0.012600675941  0.002266306122  0.004802028412  0.009125589265  0.000000000000  0.000000000000  0.013744656733  0.008870789945  0.007973915302  0.018427958238  0.000000000000  0.016091854392  0.013765791415  0.017381819229  0.016845215310  0.003872279554  0.005723821293  0.014910342685  0.006830732675  
piranga_rubriceps_lsu34818 0.018427958238  0.016091854392  0.014934316437  0.002264848879  0.010289925516  0.028070257681  0.010782577216  0.029253960573  0.016374369809  0.006222456283  0.016563268502  0.012612815217  0.018443248608  0.017027066513  0.013779347111  0.012217750007  0.016091854392  0.016091854392  0.013380354560  0.014921329421  0.011449681264  0.016091854392  0.000000000000  0.013779347111  0.012685548631  0.018963231790  0.007782478230  0.011516635745  0.019624158622  0.013765791415  
piranga_roseogularis_ku2141 0.016091854392  0.013765791415  0.012612815217  0.016091854392  0.017281675349  0.025676007508  0.010782577216  0.026757072307  0.013616423267  0.004658187224  0.013983054900  0.001131545247  0.016106271018  0.019564641042  0.011462388624  0.009482522496  0.013765791415  0.013765791415  0.011871500583  0.012600675941  0.016106271018  0.013765791415  0.013779347111  0.000000000000  0.015052922563  0.019001725417  0.009752030743  0.008616011162  0.017281675349  0.011449681264  
piranga_erythrocephala_fmnh343371 0.019738104302  0.017381819229  0.016216070882  0.015007465544  0.011504755367  0.029301657479  0.016285054295  0.030543060710  0.019195717693  0.007854085022  0.017880088278  0.013874643555  0.019757080243  0.024609338650  0.015052922563  0.013616423267  0.017381819229  0.017381819229  0.016538695628  0.016199466177  0.010339651612  0.017381819229  0.012685548631  0.015052922563  0.000000000000  0.002067197303  0.011731346019  0.014569380926  0.020950030230  0.015035758368  
piranga_erythrocephala_fmnh343370 0.016811557336  0.016845215310  0.016845215310  0.018963231790  0.014649171792  0.023225227468  0.012203833781  0.021089877228  0.014700289087  0.013102753682  0.016845215310  0.019001725417  0.019001725417  0.022634442158  0.019001725417  0.016845215310  0.016845215310  0.016811557336  0.016901147527  0.019001725417  0.014649171792  0.016845215310  0.018963231790  0.019001725417  0.002067197303  0.000000000000  0.012446892773  0.020804711919  0.021126563330  0.019001725417  
piranga_ludoviciana_sdsu2650 0.011710310414  0.003872279554  0.005822592644  0.009735069522  0.007782478230  0.015649159526  0.009752030743  0.013675999763  0.009752030743  0.008099958975  0.001931445908  0.009752030743  0.003872279554  0.006069999140  0.009752030743  0.003872279554  0.003872279554  0.013695370684  0.011731346019  0.003872279554  0.005822592644  0.003872279554  0.007782478230  0.009752030743  0.011731346019  0.012446892773  0.000000000000  0.005813660619  0.017667652645  0.003872279554  
piranga_bidentata_tepe59 0.010059549430  0.005723821293  0.005723821293  0.014422064015  0.012967315681  0.018995185291  0.010764808686  0.020004586766  0.012299552096  0.001548594032  0.009151665693  0.008616011162  0.005723821293  0.008241234516  0.008616011162  0.005953856716  0.005723821293  0.012967315681  0.008862042813  0.002852820293  0.014432872224  0.005723821293  0.011516635745  0.008616011162  0.014569380926  0.020804711919  0.005813660619  0.000000000000  0.014432872224  0.001424438695  
piranga_rubra_sdsu2635 0.007969333128  0.014910342685  0.013754225661  0.021959194497  0.023166840230  0.029262330406  0.014397884966  0.030495782055  0.008096656755  0.012515275444  0.019155835330  0.016106271018  0.017251973306  0.014550364754  0.005680484554  0.013583337144  0.014910342685  0.012582363803  0.014861910292  0.016079441528  0.021976836862  0.014910342685  0.019624158622  0.017281675349  0.020950030230  0.021126563330  0.017667652645  0.014432872224  0.000000000000  0.014921329421  
piranga_bidentata_itm141 0.011438950173  0.006830732675  0.003404300953  0.016079441528  0.016091854392  0.023263906170  0.008965139909  0.024236333122  0.010855739724  0.003100022168  0.006301263338  0.010289925516  0.009133528405  0.009662508707  0.009133528405  0.005390980191  0.006830732675  0.011430202182  0.007378848555  0.001131182004  0.016091854392  0.006830732675  0.013765791415  0.011449681264  0.015035758368  0.019001725417  0.003872279554  0.001424438695  0.014921329421  0.000000000000  

