30
piranga_rubra_ku26592 0.000000000000  0.010391801856  0.014434197167  0.013026739155  0.009699213600  0.042941544355  0.015381261790  0.042941544355  0.007936347411  0.011501801403  0.011937229094  0.013538940139  0.009444646974  0.011113084308  0.002811735991  0.009080386846  0.009603628025  0.012874781637  0.011997614841  0.010683595777  0.010418379027  0.007772974739  0.013026739155  0.011113645680  0.011716460204  0.005354675898  0.010691837650  0.010426366398  0.006476552441  0.011758866804  
piranga_flava_ku90809 0.010391801856  0.000000000000  0.017074024820  0.015672047995  0.013888858733  0.044266649328  0.016947319067  0.044266649328  0.012733205882  0.011485287774  0.017104619144  0.015034366146  0.004025444364  0.003151281262  0.011326907616  0.001287279469  0.004095605396  0.018484866579  0.014675813058  0.010660815566  0.014922185701  0.002581767802  0.015672047995  0.011092622282  0.018321733591  0.016194588993  0.012222310367  0.013043731905  0.009086095378  0.014381858396  
piranga_ludoviciana_sdsu2385 0.014434197167  0.017074024820  0.000000000000  0.019705273320  0.015366389878  0.045845313747  0.013834253972  0.045845313747  0.020904752418  0.005708702522  0.001680396201  0.016639657438  0.016383402879  0.017598087840  0.012854460304  0.018413506199  0.018070954814  0.012846756486  0.002630904630  0.008552820814  0.016514737502  0.017096481149  0.019705273320  0.013898680311  0.019720183927  0.019889350069  0.006072712189  0.003883362143  0.018437759145  0.007793167088  
piranga_rubriceps_lsu265 0.013026739155  0.015672047995  0.019705273320  0.000000000000  0.004112257489  0.046931646374  0.023176761614  0.046931646374  0.017557274601  0.018744900672  0.015328610841  0.018045634961  0.014914614917  0.012727929606  0.011326907616  0.017003877861  0.017992430377  0.014691509281  0.017350357908  0.021553083818  0.002944664345  0.014363077919  0.000000000000  0.018108853691  0.009045185814  0.010694354669  0.019953483102  0.015657527631  0.016995997839  0.018339861784  
piranga_leucoptera_lsu7783 0.009699213600  0.013888858733  0.015366389878  0.004112257489  0.000000000000  0.045369771310  0.018256712934  0.045369771310  0.017949325993  0.012314955348  0.015401317737  0.016849423047  0.015287755055  0.014607072218  0.010089411763  0.015302254492  0.016251897545  0.016563573132  0.012794236001  0.011900898515  0.004487484086  0.012497442544  0.004112257489  0.014881006109  0.008265991774  0.007264748872  0.013166263248  0.011101535174  0.013908177104  0.013922467030  
cardinalis_cardinalis_ku25393 0.042941544355  0.044266649328  0.045845313747  0.046931646374  0.045369771310  0.000000000000  0.020162286150  0.002583329062  0.052958060388  0.027701013206  0.047082504684  0.052918403474  0.046127280547  0.049427822137  0.045384883317  0.045659139082  0.046910819314  0.054851002756  0.043816008476  0.015122710228  0.050904803596  0.044326135452  0.046931646374  0.047325625646  0.046929323197  0.023635078456  0.018477425319  0.041490835361  0.045720566940  0.042876772259  
piranga_olivacea_ku2699 0.015381261790  0.016947319067  0.013834253972  0.023176761614  0.018256712934  0.020162286150  0.000000000000  0.020162286150  0.017690882133  0.010688834272  0.010529694138  0.017773511210  0.019403728605  0.017656172561  0.013609388529  0.018519123177  0.016947319067  0.011605065321  0.010733588339  0.010664449739  0.020603207793  0.016947319067  0.023176761614  0.016962742883  0.023197455515  0.021643855255  0.010688834272  0.010684437411  0.016947319067  0.012235540918  
cardinalis_cardinalis_ku21828 0.042941544355  0.044266649328  0.045845313747  0.046931646374  0.045369771310  0.002583329062  0.020162286150  0.000000000000  0.052958060388  0.027701013206  0.047082504684  0.052918403474  0.046127280547  0.049427822137  0.045384883317  0.045659139082  0.046910819314  0.052872641881  0.043816008476  0.017309007747  0.050904803596  0.044326135452  0.046931646374  0.047325625646  0.046929323197  0.023635078456  0.018477425319  0.041490835361  0.045720566940  0.042876772259  
piranga_rubra_ku7046 0.007936347411  0.012733205882  0.020904752418  0.017557274601  0.017949325993  0.052958060388  0.017690882133  0.052958060388  0.000000000000  0.010774711654  0.020605031502  0.019672964003  0.011121653717  0.009516142155  0.011121653717  0.012733205882  0.011916905932  0.022277444493  0.016366837178  0.006055052931  0.016845273909  0.011139352797  0.017557274601  0.017252180540  0.019240740930  0.008614840367  0.011653715554  0.016025821584  0.004750657393  0.017661102257  
piranga_bidentata_hgoslp104 0.011501801403  0.011485287774  0.005708702522  0.018744900672  0.012314955348  0.027701013206  0.010688834272  0.027701013206  0.010774711654  0.000000000000  0.001908041315  0.009820460971  0.011988955893  0.008944372333  0.011062059665  0.012942652562  0.011485287774  0.006285920635  0.002847768343  0.000000000000  0.014282516729  0.011501801403  0.018744900672  0.011489592570  0.018767854563  0.017986094035  0.003018127141  0.002835655383  0.011501801403  0.001416767667  
piranga_ludoviciana_sdsu2648 0.011937229094  0.017104619144  0.001680396201  0.015328610841  0.015401317737  0.047082504684  0.010529694138  0.047082504684  0.020605031502  0.001908041315  0.000000000000  0.015713864157  0.015365082178  0.017104619144  0.011931112799  0.017104619144  0.016552025600  0.010998990399  0.001717924562  0.003435279888  0.016241555029  0.015391360884  0.015328610841  0.011039466380  0.015348780888  0.018900918585  0.004155381039  0.003365280802  0.015391360884  0.005056819278  
piranga_roseogularis_ku2049 0.013538940139  0.015034366146  0.016639657438  0.018045634961  0.016849423047  0.052918403474  0.017773511210  0.052918403474  0.019672964003  0.009820460971  0.015713864157  0.000000000000  0.015026525723  0.014653562320  0.013530910793  0.015034366146  0.010930612295  0.018916787563  0.013592220252  0.010517691595  0.013864443853  0.013530009783  0.018045634961  0.003128401304  0.019600371723  0.017471324970  0.010545421364  0.012006950723  0.016589463349  0.015060312349  
piranga_hepatica_ku4970 0.009444646974  0.004025444364  0.016383402879  0.014914614917  0.015287755055  0.046127280547  0.019403728605  0.046127280547  0.011121653717  0.011988955893  0.015365082178  0.015026525723  0.000000000000  0.001572742584  0.009888533258  0.002676285573  0.002835655383  0.016601096536  0.013876384443  0.011374572977  0.016430621796  0.002680265419  0.014914614917  0.013034795750  0.014903585157  0.014357675521  0.012794301829  0.012199200164  0.008087291451  0.014955172904  
piranga_hepatica_ku9084 0.011113084308  0.003151281262  0.017598087840  0.012727929606  0.014607072218  0.049427822137  0.017656172561  0.049427822137  0.009516142155  0.008944372333  0.017104619144  0.014653562320  0.001572742584  0.000000000000  0.011104010794  0.003151281262  0.003374603136  0.018484866579  0.014678548431  0.006036776257  0.015107148049  0.001575220003  0.012727929606  0.011988634201  0.015949134306  0.012917094577  0.011631123313  0.012753506257  0.004735402448  0.014373765649  
piranga_rubra_sdsu2654 0.002811735991  0.011326907616  0.012854460304  0.011326907616  0.010089411763  0.045384883317  0.013609388529  0.045384883317  0.011121653717  0.011062059665  0.011931112799  0.013530910793  0.009888533258  0.011104010794  0.000000000000  0.009895309103  0.010519919685  0.011012026184  0.010177430975  0.007380292275  0.011917512762  0.008480449170  0.011326907616  0.010659274007  0.011338771851  0.011080241375  0.010135675748  0.008510966038  0.009909317564  0.011385955059  
piranga_flava_lsu15408 0.009080386846  0.001287279469  0.018413506199  0.017003877861  0.015302254492  0.045659139082  0.018519123177  0.045659139082  0.012733205882  0.012942652562  0.017104619144  0.015034366146  0.002676285573  0.003151281262  0.009895309103  0.000000000000  0.002722337096  0.018484866579  0.016034146070  0.012824504542  0.016440681887  0.002576308791  0.017003877861  0.012496691450  0.016987559197  0.014367104392  0.013774695705  0.014369058220  0.007776945656  0.015713094933  
piranga_lutea_lsu5400 0.009603628025  0.004095605396  0.018070954814  0.017992430377  0.016251897545  0.046910819314  0.016947319067  0.046910819314  0.011916905932  0.011485287774  0.016552025600  0.010930612295  0.002835655383  0.003374603136  0.010519919685  0.002722337096  0.000000000000  0.015959502213  0.015266535866  0.010660815566  0.016715520735  0.002723666168  0.017992430377  0.012496691450  0.017974149263  0.012547383711  0.012222310367  0.015203230287  0.008224696401  0.016627645631  
piranga_olivacea_ku4672 0.012874781637  0.018484866579  0.012846756486  0.014691509281  0.016563573132  0.054851002756  0.011605065321  0.052872641881  0.022277444493  0.006285920635  0.010998990399  0.018916787563  0.016601096536  0.018484866579  0.011012026184  0.018484866579  0.015959502213  0.000000000000  0.009380689830  0.000000000000  0.017539430285  0.016601096536  0.014691509281  0.016055601317  0.018443854986  0.015833102311  0.006892488352  0.007310643255  0.016601096536  0.009157336573  
piranga_ludoviciana_sdsu2208 0.011997614841  0.014675813058  0.002630904630  0.017350357908  0.012794236001  0.043816008476  0.010733588339  0.043816008476  0.016366837178  0.002847768343  0.001717924562  0.013592220252  0.013876384443  0.014678548431  0.010177430975  0.016034146070  0.015266535866  0.009380689830  0.000000000000  0.004261633803  0.013490344192  0.014695420725  0.017350357908  0.011098227359  0.017367385126  0.016241555029  0.003028906878  0.001314350472  0.016055601317  0.005275996952  
piranga_bidentata_itm160 0.010683595777  0.010660815566  0.008552820814  0.021553083818  0.011900898515  0.015122710228  0.010664449739  0.017309007747  0.006055052931  0.000000000000  0.003435279888  0.010517691595  0.011374572977  0.006036776257  0.007380292275  0.012824504542  0.010660815566  0.000000000000  0.004261633803  0.000000000000  0.012468714861  0.010683595777  0.021553083818  0.012889344209  0.019381933472  0.016651250974  0.004240329163  0.004234564431  0.012851976465  0.000000000000  
piranga_leucoptera_fmnh481795 0.010418379027  0.014922185701  0.016514737502  0.002944664345  0.004487484086  0.050904803596  0.020603207793  0.050904803596  0.016845273909  0.014282516729  0.016241555029  0.013864443853  0.016430621796  0.015107148049  0.011917512762  0.016440681887  0.016715520735  0.017539430285  0.013490344192  0.012468714861  0.000000000000  0.013429062726  0.002944664345  0.013766761200  0.008877006566  0.009245315831  0.015302545470  0.011917512762  0.014944487654  0.014947743316  
piranga_lutea_ku89864 0.007772974739  0.002581767802  0.017096481149  0.014363077919  0.012497442544  0.044326135452  0.016947319067  0.044326135452  0.011139352797  0.011501801403  0.015391360884  0.013530009783  0.002680265419  0.001575220003  0.008480449170  0.002576308791  0.002723666168  0.016601096536  0.014695420725  0.010683595777  0.013429062726  0.000000000000  0.014363077919  0.011108024917  0.014350311303  0.010754604269  0.012241013258  0.013060769048  0.006471785040  0.014400688055  
piranga_rubriceps_lsu34818 0.013026739155  0.015672047995  0.019705273320  0.000000000000  0.004112257489  0.046931646374  0.023176761614  0.046931646374  0.017557274601  0.018744900672  0.015328610841  0.018045634961  0.014914614917  0.012727929606  0.011326907616  0.017003877861  0.017992430377  0.014691509281  0.017350357908  0.021553083818  0.002944664345  0.014363077919  0.000000000000  0.018108853691  0.009045185814  0.010694354669  0.019953483102  0.015657527631  0.016995997839  0.018339861784  
piranga_roseogularis_ku2141 0.011113645680  0.011092622282  0.013898680311  0.018108853691  0.014881006109  0.047325625646  0.016962742883  0.047325625646  0.017252180540  0.011489592570  0.011039466380  0.003128401304  0.013034795750  0.011988634201  0.010659274007  0.012496691450  0.012496691450  0.016055601317  0.011098227359  0.012889344209  0.013766761200  0.011108024917  0.018108853691  0.000000000000  0.019549986570  0.019889350069  0.012227179676  0.011098227359  0.015340077713  0.012514821750  
piranga_erythrocephala_fmnh343371 0.011716460204  0.018321733591  0.019720183927  0.009045185814  0.008265991774  0.046929323197  0.023197455515  0.046929323197  0.019240740930  0.018767854563  0.015348780888  0.019600371723  0.014903585157  0.015949134306  0.011338771851  0.016987559197  0.017974149263  0.018443854986  0.017367385126  0.019381933472  0.008877006566  0.014350311303  0.009045185814  0.019549986570  0.000000000000  0.003544189238  0.019979506325  0.015672047995  0.015677986074  0.018360549611  
piranga_erythrocephala_fmnh343370 0.005354675898  0.016194588993  0.019889350069  0.010694354669  0.007264748872  0.023635078456  0.021643855255  0.023635078456  0.008614840367  0.017986094035  0.018900918585  0.017471324970  0.014357675521  0.012917094577  0.011080241375  0.014367104392  0.012547383711  0.015833102311  0.016241555029  0.016651250974  0.009245315831  0.010754604269  0.010694354669  0.019889350069  0.003544189238  0.000000000000  0.017986094035  0.016154090183  0.007153744726  0.019825967201  
piranga_ludoviciana_sdsu2650 0.010691837650  0.012222310367  0.006072712189  0.019953483102  0.013166263248  0.018477425319  0.010688834272  0.018477425319  0.011653715554  0.003018127141  0.004155381039  0.010545421364  0.012794301829  0.011631123313  0.010135675748  0.013774695705  0.012222310367  0.006892488352  0.003028906878  0.004240329163  0.015302545470  0.012241013258  0.019953483102  0.012227179676  0.019979506325  0.017986094035  0.000000000000  0.003015207670  0.012241013258  0.004535203313  
piranga_bidentata_tepe59 0.010426366398  0.013043731905  0.003883362143  0.015657527631  0.011101535174  0.041490835361  0.010684437411  0.041490835361  0.016025821584  0.002835655383  0.003365280802  0.012006950723  0.012199200164  0.012753506257  0.008510966038  0.014369058220  0.015203230287  0.007310643255  0.001314350472  0.004234564431  0.011917512762  0.013060769048  0.015657527631  0.011098227359  0.015672047995  0.016154090183  0.003015207670  0.000000000000  0.014387854185  0.003869672054  
piranga_rubra_sdsu2635 0.006476552441  0.009086095378  0.018437759145  0.016995997839  0.013908177104  0.045720566940  0.016947319067  0.045720566940  0.004750657393  0.011501801403  0.015391360884  0.016589463349  0.008087291451  0.004735402448  0.009909317564  0.007776945656  0.008224696401  0.016601096536  0.016055601317  0.012851976465  0.014944487654  0.006471785040  0.016995997839  0.015340077713  0.015677986074  0.007153744726  0.012241013258  0.014387854185  0.000000000000  0.015733699146  
piranga_bidentata_itm141 0.011758866804  0.014381858396  0.007793167088  0.018339861784  0.013922467030  0.042876772259  0.012235540918  0.042876772259  0.017661102257  0.001416767667  0.005056819278  0.015060312349  0.014955172904  0.014373765649  0.011385955059  0.015713094933  0.016627645631  0.009157336573  0.005275996952  0.000000000000  0.014947743316  0.014400688055  0.018339861784  0.012514821750  0.018360549611  0.019825967201  0.004535203313  0.003869672054  0.015733699146  0.000000000000  

