30
piranga_rubra_ku26592 0.000000000000  0.002545415055  0.003397799094  0.012026893232  0.012869411360  0.010365255064  0.004265780208  0.010365255064  0.003568973642  0.005112313949  0.004980753136  0.004860560531  0.006812146499  0.004641612693  0.002545415055  0.002545415055  0.005957240175  0.004500751962  0.001818674945  0.003396480026  0.009612710304  0.003534537789  0.011133206804  0.010254186448  0.011810930854  0.007771736691  0.005020784687  0.005959701683  0.002545415055  0.003396480026  
piranga_flava_ku90809 0.002545415055  0.000000000000  0.004251272112  0.012897359671  0.013740116710  0.011239087523  0.005123864599  0.011239087523  0.003569230745  0.005969867131  0.003318398214  0.004863257996  0.004249211753  0.003477901540  0.003396480026  0.000000000000  0.003397799094  0.004500620233  0.001818674945  0.004249211753  0.010496366197  0.000881949879  0.012000443699  0.011118964870  0.011810930854  0.006470937217  0.003762606004  0.006817473084  0.003396480026  0.004249211753  
piranga_ludoviciana_sdsu2385 0.003397799094  0.004251272112  0.000000000000  0.013775608669  0.014620463781  0.012120362937  0.005988314618  0.012120362937  0.005363673345  0.003403581461  0.000000000000  0.006823587084  0.008533385334  0.006979720945  0.004251272112  0.004251272112  0.007676937641  0.006311764749  0.003644978153  0.003397799094  0.011388000858  0.005314481468  0.012875759560  0.011992127916  0.013661505668  0.007775730541  0.001251377759  0.004251272112  0.004251272112  0.003397799094  
piranga_rubriceps_lsu265 0.012026893232  0.012897359671  0.013775608669  0.000000000000  0.009411944293  0.011264521296  0.013823217508  0.011264521296  0.011704586419  0.015546058308  0.010039702265  0.011761847501  0.013769569804  0.005821016393  0.012897359671  0.012897359671  0.014650348172  0.014522812436  0.003640700732  0.013769569804  0.006978534262  0.013428509575  0.000849531529  0.017275987914  0.010892137583  0.005170042248  0.011386969025  0.016396732580  0.012897359671  0.013769569804  
piranga_leucoptera_lsu7783 0.012869411360  0.013740116710  0.014620463781  0.009411944293  0.000000000000  0.012114677200  0.014670937436  0.012114677200  0.013538196098  0.016390963132  0.015127929263  0.011768613811  0.014612566713  0.006992767555  0.013740116710  0.013740116710  0.015495444547  0.016373617920  0.003640700732  0.014612566713  0.001732583160  0.013398217543  0.008529765230  0.018119954001  0.009072612034  0.003878224310  0.010120872655  0.017240454906  0.013740116710  0.014612566713  
cardinalis_cardinalis_ku25393 0.010365255064  0.011239087523  0.012120362937  0.011264521296  0.012114677200  0.000000000000  0.012162483297  0.000000000000  0.009965833556  0.013895251036  0.011695095583  0.010861325753  0.012114677200  0.008249367810  0.011239087523  0.011239087523  0.012998501652  0.012808140405  0.003712641033  0.012114677200  0.008815509543  0.010794158105  0.010365255064  0.015634750383  0.012860321209  0.006543525297  0.012806502493  0.014752060581  0.011239087523  0.012114677200  
piranga_olivacea_ku2699 0.004265780208  0.005123864599  0.005988314618  0.013823217508  0.014670937436  0.012162483297  0.000000000000  0.012162483297  0.004481537670  0.007708310984  0.006706965650  0.005842319313  0.008562613292  0.004642048214  0.005123864599  0.005123864599  0.007703221406  0.006334612193  0.003644978153  0.005983643382  0.011388000858  0.006206470623  0.012920123903  0.012033360358  0.013661505668  0.007775730541  0.006288401671  0.008573213332  0.005123864599  0.005983643382  
cardinalis_cardinalis_ku21828 0.010365255064  0.011239087523  0.012120362937  0.011264521296  0.012114677200  0.000000000000  0.012162483297  0.000000000000  0.009965833556  0.013895251036  0.011695095583  0.010861325753  0.012114677200  0.008249367810  0.011239087523  0.011239087523  0.012998501652  0.012808140405  0.003712641033  0.012114677200  0.008815509543  0.010794158105  0.010365255064  0.015634750383  0.012860321209  0.006543525297  0.012806502493  0.014752060581  0.011239087523  0.012114677200  
piranga_rubra_ku7046 0.003568973642  0.003569230745  0.005363673345  0.011704586419  0.013538196098  0.009965833556  0.004481537670  0.009965833556  0.000000000000  0.006274905385  0.006647979241  0.004887025078  0.006263675526  0.003478986903  0.003568973642  0.003569230745  0.005366771683  0.006309920095  0.003644978153  0.004465527632  0.010121731422  0.004656845285  0.010798634405  0.009876352184  0.011425859836  0.006475725663  0.006283886873  0.007165541866  0.003568973642  0.004465527632  
piranga_bidentata_hgoslp104 0.005112313949  0.005969867131  0.003403581461  0.015546058308  0.016390963132  0.013895251036  0.007708310984  0.013895251036  0.006274905385  0.000000000000  0.003329446697  0.007807071275  0.010271741772  0.008153280693  0.005969867131  0.005969867131  0.009411576675  0.007233226456  0.005478973886  0.003405992556  0.013158145159  0.007095630024  0.014637732662  0.013747237793  0.015505615538  0.010397106203  0.003762606004  0.002551993373  0.005969867131  0.003405992556  
piranga_ludoviciana_sdsu2648 0.004980753136  0.003318398214  0.000000000000  0.010039702265  0.015127929263  0.011695095583  0.006706965650  0.011695095583  0.006647979241  0.003329446697  0.000000000000  0.007917248105  0.010006214705  0.008338807220  0.003318398214  0.003318398214  0.008331796933  0.010151860740  0.000000000000  0.003318398214  0.010478035329  0.005400074547  0.010039702265  0.011695095583  0.014953595028  0.008515104284  0.002277287853  0.001656037826  0.003318398214  0.003318398214  
piranga_roseogularis_ku2049 0.004860560531  0.004863257996  0.006823587084  0.011761847501  0.011768613811  0.010861325753  0.005842319313  0.010861325753  0.004887025078  0.007807071275  0.007917248105  0.000000000000  0.002913891124  0.003478986903  0.004860560531  0.004863257996  0.006829663618  0.007902243773  0.001818674945  0.005842319313  0.009792251345  0.005842319313  0.010776199455  0.002911715184  0.010755125976  0.006475725663  0.008821137150  0.008792781922  0.004860560531  0.005842319313  
piranga_hepatica_ku4970 0.006812146499  0.004249211753  0.008533385334  0.013769569804  0.014612566713  0.012114677200  0.008562613292  0.012114677200  0.006263675526  0.010271741772  0.010006214705  0.002913891124  0.000000000000  0.001157247698  0.007670108910  0.004249211753  0.005963253379  0.009035786350  0.000000000000  0.008529765230  0.010496366197  0.003534537789  0.012869411360  0.011985464249  0.010892137583  0.003874369084  0.006283886873  0.011118964870  0.007670108910  0.008529765230  
piranga_hepatica_ku9084 0.004641612693  0.003477901540  0.006979720945  0.005821016393  0.006992767555  0.008249367810  0.004642048214  0.008249367810  0.003478986903  0.008153280693  0.008338807220  0.003478986903  0.001157247698  0.000000000000  0.003477901540  0.003477901540  0.005813172599  0.008231794400  0.000000000000  0.005809315756  0.005822846591  0.004642048214  0.005821016393  0.003478986903  0.006976505663  0.004085415601  0.006283886873  0.009330012053  0.003477901540  0.005809315756  
piranga_rubra_sdsu2654 0.002545415055  0.003396480026  0.004251272112  0.012897359671  0.013740116710  0.011239087523  0.005123864599  0.011239087523  0.003568973642  0.005969867131  0.003318398214  0.004860560531  0.007670108910  0.003477901540  0.000000000000  0.003396480026  0.006814262804  0.004500751962  0.001818674945  0.004249211753  0.010496366197  0.004422084118  0.012000443699  0.011118964870  0.012731667025  0.006470937217  0.003762606004  0.006817473084  0.000847564437  0.004249211753  
piranga_flava_lsu15408 0.002545415055  0.000000000000  0.004251272112  0.012897359671  0.013740116710  0.011239087523  0.005123864599  0.011239087523  0.003569230745  0.005969867131  0.003318398214  0.004863257996  0.004249211753  0.003477901540  0.003396480026  0.000000000000  0.003397799094  0.004500620233  0.001818674945  0.004249211753  0.010496366197  0.000881949879  0.012000443699  0.011118964870  0.011810930854  0.006470937217  0.003762606004  0.006817473084  0.003396480026  0.004249211753  
piranga_lutea_lsu5400 0.005957240175  0.003397799094  0.007676937641  0.014650348172  0.015495444547  0.012998501652  0.007703221406  0.012998501652  0.005366771683  0.009411576675  0.008331796933  0.006829663618  0.005963253379  0.005813172599  0.006814262804  0.003397799094  0.000000000000  0.008127254073  0.003644978153  0.007672975630  0.012276060616  0.004424315905  0.013747237793  0.012861123605  0.013661505668  0.007782255377  0.008821137150  0.010259322292  0.006814262804  0.007672975630  
piranga_olivacea_ku4672 0.004500751962  0.004500620233  0.006311764749  0.014522812436  0.016373617920  0.012808140405  0.006334612193  0.012808140405  0.006309920095  0.007233226456  0.010151860740  0.007902243773  0.009035786350  0.008231794400  0.004500751962  0.004500620233  0.008127254073  0.000000000000  0.001818674945  0.005405250790  0.012986360576  0.005638931322  0.013606680738  0.012692020029  0.014431452697  0.011832013881  0.008913721692  0.008130474356  0.004500751962  0.005405250790  
piranga_ludoviciana_sdsu2208 0.001818674945  0.001818674945  0.003644978153  0.003640700732  0.003640700732  0.003712641033  0.003644978153  0.003712641033  0.003644978153  0.005478973886  0.000000000000  0.001818674945  0.000000000000  0.000000000000  0.001818674945  0.001818674945  0.003644978153  0.001818674945  0.000000000000  0.001818674945  0.003640700732  0.001818674945  0.003640700732  0.001818674945  0.001817788503  0.001817788503  0.003671745172  0.005478973886  0.001818674945  0.001818674945  
piranga_bidentata_itm160 0.003396480026  0.004249211753  0.003397799094  0.013769569804  0.014612566713  0.012114677200  0.005983643382  0.012114677200  0.004465527632  0.003405992556  0.003318398214  0.005842319313  0.008529765230  0.005809315756  0.004249211753  0.004249211753  0.007672975630  0.005405250790  0.001818674945  0.000000000000  0.011381819080  0.005311443312  0.012869411360  0.011985464249  0.013654354329  0.006470937217  0.003762606004  0.004254417593  0.004249211753  0.000000000000  
piranga_leucoptera_fmnh481795 0.009612710304  0.010496366197  0.011388000858  0.006978534262  0.001732583160  0.008815509543  0.011388000858  0.008815509543  0.010121731422  0.013158145159  0.010478035329  0.009792251345  0.010496366197  0.005822846591  0.010496366197  0.010496366197  0.012276060616  0.012986360576  0.003640700732  0.011381819080  0.000000000000  0.011595014665  0.006086742139  0.014057632461  0.007248255100  0.003878224310  0.011393313863  0.014049033136  0.010496366197  0.011381819080  
piranga_lutea_ku89864 0.003534537789  0.000881949879  0.005314481468  0.013428509575  0.013398217543  0.010794158105  0.006206470623  0.010794158105  0.004656845285  0.007095630024  0.005400074547  0.005842319313  0.003534537789  0.004642048214  0.004422084118  0.000881949879  0.004424315905  0.005638931322  0.001818674945  0.005311443312  0.011595014665  0.000000000000  0.012493068800  0.010679329362  0.012731667025  0.007775730541  0.005023672354  0.007990472521  0.004422084118  0.005311443312  
piranga_rubriceps_lsu34818 0.011133206804  0.012000443699  0.012875759560  0.000849531529  0.008529765230  0.010365255064  0.012920123903  0.010365255064  0.010798634405  0.014637732662  0.010039702265  0.010776199455  0.012869411360  0.005821016393  0.012000443699  0.012000443699  0.013747237793  0.013606680738  0.003640700732  0.012869411360  0.006086742139  0.012493068800  0.000000000000  0.016362728742  0.009978980416  0.005170042248  0.011386969025  0.015486768375  0.012000443699  0.012869411360  
piranga_roseogularis_ku2141 0.010254186448  0.011118964870  0.011992127916  0.017275987914  0.018119954001  0.015634750383  0.012033360358  0.015634750383  0.009876352184  0.013747237793  0.011695095583  0.002911715184  0.011985464249  0.003478986903  0.011118964870  0.011118964870  0.012861123605  0.012692020029  0.001818674945  0.011985464249  0.014057632461  0.010679329362  0.016362728742  0.000000000000  0.015514513912  0.006475725663  0.008821137150  0.014595356976  0.011118964870  0.011985464249  
piranga_erythrocephala_fmnh343371 0.011810930854  0.011810930854  0.013661505668  0.010892137583  0.009072612034  0.012860321209  0.013661505668  0.012860321209  0.011425859836  0.015505615538  0.014953595028  0.010755125976  0.010892137583  0.006976505663  0.012731667025  0.011810930854  0.013661505668  0.014431452697  0.001817788503  0.013654354329  0.007248255100  0.012731667025  0.009978980416  0.015514513912  0.000000000000  0.000000000000  0.012636581631  0.016434206175  0.012731667025  0.013654354329  
piranga_erythrocephala_fmnh343370 0.007771736691  0.006470937217  0.007775730541  0.005170042248  0.003878224310  0.006543525297  0.007775730541  0.006543525297  0.006475725663  0.010397106203  0.008515104284  0.006475725663  0.003874369084  0.004085415601  0.006470937217  0.006470937217  0.007782255377  0.011832013881  0.001817788503  0.006470937217  0.003878224310  0.007775730541  0.005170042248  0.006475725663  0.000000000000  0.000000000000  0.008455106128  0.010397106203  0.006470937217  0.006470937217  
piranga_ludoviciana_sdsu2650 0.005020784687  0.003762606004  0.001251377759  0.011386969025  0.010120872655  0.012806502493  0.006288401671  0.012806502493  0.006283886873  0.003762606004  0.002277287853  0.008821137150  0.006283886873  0.006283886873  0.003762606004  0.003762606004  0.008821137150  0.008913721692  0.003671745172  0.003762606004  0.011393313863  0.005023672354  0.011386969025  0.008821137150  0.012636581631  0.008455106128  0.000000000000  0.006288401671  0.003762606004  0.003762606004  
piranga_bidentata_tepe59 0.005959701683  0.006817473084  0.004251272112  0.016396732580  0.017240454906  0.014752060581  0.008573213332  0.014752060581  0.007165541866  0.002551993373  0.001656037826  0.008792781922  0.011118964870  0.009330012053  0.006817473084  0.006817473084  0.010259322292  0.008130474356  0.005478973886  0.004254417593  0.014049033136  0.007990472521  0.015486768375  0.014595356976  0.016434206175  0.010397106203  0.006288401671  0.000000000000  0.006817473084  0.004254417593  
piranga_rubra_sdsu2635 0.002545415055  0.003396480026  0.004251272112  0.012897359671  0.013740116710  0.011239087523  0.005123864599  0.011239087523  0.003568973642  0.005969867131  0.003318398214  0.004860560531  0.007670108910  0.003477901540  0.000847564437  0.003396480026  0.006814262804  0.004500751962  0.001818674945  0.004249211753  0.010496366197  0.004422084118  0.012000443699  0.011118964870  0.012731667025  0.006470937217  0.003762606004  0.006817473084  0.000000000000  0.004249211753  
piranga_bidentata_itm141 0.003396480026  0.004249211753  0.003397799094  0.013769569804  0.014612566713  0.012114677200  0.005983643382  0.012114677200  0.004465527632  0.003405992556  0.003318398214  0.005842319313  0.008529765230  0.005809315756  0.004249211753  0.004249211753  0.007672975630  0.005405250790  0.001818674945  0.000000000000  0.011381819080  0.005311443312  0.012869411360  0.011985464249  0.013654354329  0.006470937217  0.003762606004  0.004254417593  0.004249211753  0.000000000000  

