30
cardinalis_cardinalis_ku21828 0.000000000000  0.000000000000  0.004015715020  0.005025240509  0.005025240509  0.005025240509  0.006037047411  0.005025240509  0.006543809618  0.010101680762  0.012149474449  0.008571958700  0.009081285549  0.008063210598  0.008063210598  0.008063210598  0.008063210598  0.008063210598  0.008063210598  0.008063210598  0.009586351215  0.009591192462  0.008063210598  0.008063210598  0.008063210598  0.008063210598  0.009591192462  0.009081285549  0.008063210598  0.009076764231  
cardinalis_cardinalis_ku25393 0.000000000000  0.000000000000  0.004015715020  0.005025240509  0.005025240509  0.005025240509  0.006037047411  0.005025240509  0.006543809618  0.010101680762  0.012149474449  0.008571958700  0.009081285549  0.008063210598  0.008063210598  0.008063210598  0.008063210598  0.008063210598  0.008063210598  0.008063210598  0.009586351215  0.009591192462  0.008063210598  0.008063210598  0.008063210598  0.008063210598  0.009591192462  0.009081285549  0.008063210598  0.009076764231  
piranga_erythrocephala_fmnh343371 0.004015715020  0.004015715020  0.000000000000  0.001001118423  0.001001118423  0.001001118423  0.002004480376  0.001001118423  0.002507005824  0.006037047411  0.008067546862  0.004520193231  0.005025240509  0.004015715020  0.004015715020  0.004015715020  0.004015715020  0.004015715020  0.004015715020  0.004015715020  0.005528105453  0.005530858139  0.004015715020  0.004015715020  0.004015715020  0.004015715020  0.005530858139  0.005025240509  0.004015715020  0.005022802395  
piranga_erythrocephala_fmnh343370 0.005025240509  0.005025240509  0.001001118423  0.000000000000  0.000000000000  0.000000000000  0.001001118423  0.000000000000  0.001502518330  0.007051146060  0.009086260293  0.005530858139  0.006037047411  0.005025240509  0.005025240509  0.005025240509  0.005025240509  0.005025240509  0.005025240509  0.005025240509  0.006540425652  0.006543809618  0.005025240509  0.005025240509  0.005025240509  0.005025240509  0.006543809618  0.006037047411  0.005025240509  0.006033979442  
piranga_rubriceps_lsu265 0.005025240509  0.005025240509  0.001001118423  0.000000000000  0.000000000000  0.000000000000  0.001001118423  0.000000000000  0.001502518330  0.007051146060  0.009086260293  0.005530858139  0.006037047411  0.005025240509  0.005025240509  0.005025240509  0.005025240509  0.005025240509  0.005025240509  0.005025240509  0.006540425652  0.006543809618  0.005025240509  0.005025240509  0.005025240509  0.005025240509  0.006543809618  0.006037047411  0.005025240509  0.006033979442  
piranga_leucoptera_lsu7783 0.005025240509  0.005025240509  0.001001118423  0.000000000000  0.000000000000  0.000000000000  0.001001118423  0.000000000000  0.001502518330  0.007051146060  0.009086260293  0.005530858139  0.006037047411  0.005025240509  0.005025240509  0.005025240509  0.005025240509  0.005025240509  0.005025240509  0.005025240509  0.006540425652  0.006543809618  0.005025240509  0.005025240509  0.005025240509  0.005025240509  0.006543809618  0.006037047411  0.005025240509  0.006033979442  
piranga_leucoptera_fmnh481795 0.006037047411  0.006037047411  0.002004480376  0.001001118423  0.001001118423  0.001001118423  0.000000000000  0.001001118423  0.002507005824  0.008067546862  0.010107296901  0.006543809618  0.007051146060  0.006037047411  0.006037047411  0.006037047411  0.006037047411  0.006037047411  0.006037047411  0.006037047411  0.007555039928  0.007559058039  0.006037047411  0.006037047411  0.006037047411  0.006037047411  0.007559058039  0.007051146060  0.006037047411  0.007047445381  
piranga_rubriceps_lsu34818 0.005025240509  0.005025240509  0.001001118423  0.000000000000  0.000000000000  0.000000000000  0.001001118423  0.000000000000  0.001502518330  0.007051146060  0.009086260293  0.005530858139  0.006037047411  0.005025240509  0.005025240509  0.005025240509  0.005025240509  0.005025240509  0.005025240509  0.005025240509  0.006540425652  0.006543809618  0.005025240509  0.005025240509  0.005025240509  0.005025240509  0.006543809618  0.006037047411  0.005025240509  0.006033979442  
piranga_roseogularis_ku2141 0.006543809618  0.006543809618  0.002507005824  0.001502518330  0.001502518330  0.001502518330  0.002507005824  0.001502518330  0.000000000000  0.008576613841  0.010618689712  0.007051146060  0.007559058039  0.006543809618  0.006543809618  0.006543809618  0.006543809618  0.006543809618  0.006543809618  0.006543809618  0.008063210598  0.008067546862  0.006543809618  0.006543809618  0.006543809618  0.006543809618  0.008067546862  0.007559058039  0.006543809618  0.007555039928  
piranga_bidentata_itm160 0.010101680762  0.010101680762  0.006037047411  0.007051146060  0.007051146060  0.007051146060  0.008067546862  0.007051146060  0.008576613841  0.000000000000  0.002004480376  0.002507005824  0.003010095939  0.002004480376  0.002004480376  0.002004480376  0.002004480376  0.002004480376  0.002004480376  0.002004480376  0.003511804594  0.003513751991  0.002004480376  0.002004480376  0.002004480376  0.002004480376  0.003513751991  0.003010095939  0.002004480376  0.003008460678  
piranga_bidentata_itm141 0.012149474449  0.012149474449  0.008067546862  0.009086260293  0.009086260293  0.009086260293  0.010107296901  0.009086260293  0.010618689712  0.002004480376  0.000000000000  0.004522767012  0.005028128543  0.004017975256  0.004017975256  0.004017975256  0.004017975256  0.004017975256  0.004017975256  0.004017975256  0.005530858139  0.005534061137  0.004017975256  0.004017975256  0.004017975256  0.004017975256  0.005534061137  0.005028128543  0.004017975256  0.005025240509  
piranga_rubra_sdsu2635 0.008571958700  0.008571958700  0.004520193231  0.005530858139  0.005530858139  0.005530858139  0.006543809618  0.005530858139  0.007051146060  0.002507005824  0.004522767012  0.000000000000  0.001502518330  0.000500279397  0.000500279397  0.000500279397  0.000500279397  0.000500279397  0.000500279397  0.000500279397  0.002003467288  0.002004480376  0.000500279397  0.000500279397  0.000500279397  0.000500279397  0.002004480376  0.001502518330  0.000500279397  0.001501815283  
piranga_ludoviciana_sdsu2385 0.009081285549  0.009081285549  0.005025240509  0.006037047411  0.006037047411  0.006037047411  0.007051146060  0.006037047411  0.007559058039  0.003010095939  0.005028128543  0.001502518330  0.000000000000  0.001001118423  0.001001118423  0.001001118423  0.001001118423  0.001001118423  0.001001118423  0.001001118423  0.002505681999  0.002507005824  0.001001118423  0.001001118423  0.001001118423  0.001001118423  0.002507005824  0.002004480376  0.001001118423  0.002003467288  
piranga_olivacea_ku4672 0.008063210598  0.008063210598  0.004015715020  0.005025240509  0.005025240509  0.005025240509  0.006037047411  0.005025240509  0.006543809618  0.002004480376  0.004017975256  0.000500279397  0.001001118423  0.000000000000  0.000000000000  0.000000000000  0.000000000000  0.000000000000  0.000000000000  0.000000000000  0.001501815283  0.001502518330  0.000000000000  0.000000000000  0.000000000000  0.000000000000  0.001502518330  0.001001118423  0.000000000000  0.001000724722  
piranga_ludoviciana_sdsu2648 0.008063210598  0.008063210598  0.004015715020  0.005025240509  0.005025240509  0.005025240509  0.006037047411  0.005025240509  0.006543809618  0.002004480376  0.004017975256  0.000500279397  0.001001118423  0.000000000000  0.000000000000  0.000000000000  0.000000000000  0.000000000000  0.000000000000  0.000000000000  0.001501815283  0.001502518330  0.000000000000  0.000000000000  0.000000000000  0.000000000000  0.001502518330  0.001001118423  0.000000000000  0.001000724722  
piranga_bidentata_tepe59 0.008063210598  0.008063210598  0.004015715020  0.005025240509  0.005025240509  0.005025240509  0.006037047411  0.005025240509  0.006543809618  0.002004480376  0.004017975256  0.000500279397  0.001001118423  0.000000000000  0.000000000000  0.000000000000  0.000000000000  0.000000000000  0.000000000000  0.000000000000  0.001501815283  0.001502518330  0.000000000000  0.000000000000  0.000000000000  0.000000000000  0.001502518330  0.001001118423  0.000000000000  0.001000724722  
piranga_flava_ku90809 0.008063210598  0.008063210598  0.004015715020  0.005025240509  0.005025240509  0.005025240509  0.006037047411  0.005025240509  0.006543809618  0.002004480376  0.004017975256  0.000500279397  0.001001118423  0.000000000000  0.000000000000  0.000000000000  0.000000000000  0.000000000000  0.000000000000  0.000000000000  0.001501815283  0.001502518330  0.000000000000  0.000000000000  0.000000000000  0.000000000000  0.001502518330  0.001001118423  0.000000000000  0.001000724722  
piranga_lutea_ku89864 0.008063210598  0.008063210598  0.004015715020  0.005025240509  0.005025240509  0.005025240509  0.006037047411  0.005025240509  0.006543809618  0.002004480376  0.004017975256  0.000500279397  0.001001118423  0.000000000000  0.000000000000  0.000000000000  0.000000000000  0.000000000000  0.000000000000  0.000000000000  0.001501815283  0.001502518330  0.000000000000  0.000000000000  0.000000000000  0.000000000000  0.001502518330  0.001001118423  0.000000000000  0.001000724722  
piranga_roseogularis_ku2049 0.008063210598  0.008063210598  0.004015715020  0.005025240509  0.005025240509  0.005025240509  0.006037047411  0.005025240509  0.006543809618  0.002004480376  0.004017975256  0.000500279397  0.001001118423  0.000000000000  0.000000000000  0.000000000000  0.000000000000  0.000000000000  0.000000000000  0.000000000000  0.001501815283  0.001502518330  0.000000000000  0.000000000000  0.000000000000  0.000000000000  0.001502518330  0.001001118423  0.000000000000  0.001000724722  
piranga_flava_lsu15408 0.008063210598  0.008063210598  0.004015715020  0.005025240509  0.005025240509  0.005025240509  0.006037047411  0.005025240509  0.006543809618  0.002004480376  0.004017975256  0.000500279397  0.001001118423  0.000000000000  0.000000000000  0.000000000000  0.000000000000  0.000000000000  0.000000000000  0.000000000000  0.001501815283  0.001502518330  0.000000000000  0.000000000000  0.000000000000  0.000000000000  0.001502518330  0.001001118423  0.000000000000  0.001000724722  
piranga_lutea_lsu5400 0.009586351215  0.009586351215  0.005528105453  0.006540425652  0.006540425652  0.006540425652  0.007555039928  0.006540425652  0.008063210598  0.003511804594  0.005530858139  0.002003467288  0.002505681999  0.001501815283  0.001501815283  0.001501815283  0.001501815283  0.001501815283  0.001501815283  0.001501815283  0.000000000000  0.003008460678  0.001501815283  0.001501815283  0.001501815283  0.001501815283  0.003008460678  0.002505681999  0.001501815283  0.002504806154  
piranga_olivacea_ku2699 0.009591192462  0.009591192462  0.005530858139  0.006543809618  0.006543809618  0.006543809618  0.007559058039  0.006543809618  0.008067546862  0.003513751991  0.005534061137  0.002004480376  0.002507005824  0.001502518330  0.001502518330  0.001502518330  0.001502518330  0.001502518330  0.001502518330  0.001502518330  0.003008460678  0.000000000000  0.001502518330  0.001502518330  0.001502518330  0.001502518330  0.003010095939  0.002507005824  0.001502518330  0.002505681999  
piranga_hepatica_ku9084 0.008063210598  0.008063210598  0.004015715020  0.005025240509  0.005025240509  0.005025240509  0.006037047411  0.005025240509  0.006543809618  0.002004480376  0.004017975256  0.000500279397  0.001001118423  0.000000000000  0.000000000000  0.000000000000  0.000000000000  0.000000000000  0.000000000000  0.000000000000  0.001501815283  0.001502518330  0.000000000000  0.000000000000  0.000000000000  0.000000000000  0.001502518330  0.001001118423  0.000000000000  0.001000724722  
piranga_hepatica_ku4970 0.008063210598  0.008063210598  0.004015715020  0.005025240509  0.005025240509  0.005025240509  0.006037047411  0.005025240509  0.006543809618  0.002004480376  0.004017975256  0.000500279397  0.001001118423  0.000000000000  0.000000000000  0.000000000000  0.000000000000  0.000000000000  0.000000000000  0.000000000000  0.001501815283  0.001502518330  0.000000000000  0.000000000000  0.000000000000  0.000000000000  0.001502518330  0.001001118423  0.000000000000  0.001000724722  
piranga_rubra_sdsu2654 0.008063210598  0.008063210598  0.004015715020  0.005025240509  0.005025240509  0.005025240509  0.006037047411  0.005025240509  0.006543809618  0.002004480376  0.004017975256  0.000500279397  0.001001118423  0.000000000000  0.000000000000  0.000000000000  0.000000000000  0.000000000000  0.000000000000  0.000000000000  0.001501815283  0.001502518330  0.000000000000  0.000000000000  0.000000000000  0.000000000000  0.001502518330  0.001001118423  0.000000000000  0.001000724722  
piranga_rubra_ku7046 0.008063210598  0.008063210598  0.004015715020  0.005025240509  0.005025240509  0.005025240509  0.006037047411  0.005025240509  0.006543809618  0.002004480376  0.004017975256  0.000500279397  0.001001118423  0.000000000000  0.000000000000  0.000000000000  0.000000000000  0.000000000000  0.000000000000  0.000000000000  0.001501815283  0.001502518330  0.000000000000  0.000000000000  0.000000000000  0.000000000000  0.001502518330  0.001001118423  0.000000000000  0.001000724722  
piranga_ludoviciana_sdsu2208 0.009591192462  0.009591192462  0.005530858139  0.006543809618  0.006543809618  0.006543809618  0.007559058039  0.006543809618  0.008067546862  0.003513751991  0.005534061137  0.002004480376  0.002507005824  0.001502518330  0.001502518330  0.001502518330  0.001502518330  0.001502518330  0.001502518330  0.001502518330  0.003008460678  0.003010095939  0.001502518330  0.001502518330  0.001502518330  0.001502518330  0.000000000000  0.002507005824  0.001502518330  0.002505681999  
piranga_bidentata_hgoslp104 0.009081285549  0.009081285549  0.005025240509  0.006037047411  0.006037047411  0.006037047411  0.007051146060  0.006037047411  0.007559058039  0.003010095939  0.005028128543  0.001502518330  0.002004480376  0.001001118423  0.001001118423  0.001001118423  0.001001118423  0.001001118423  0.001001118423  0.001001118423  0.002505681999  0.002507005824  0.001001118423  0.001001118423  0.001001118423  0.001001118423  0.002507005824  0.000000000000  0.001001118423  0.002003467288  
piranga_ludoviciana_sdsu2650 0.008063210598  0.008063210598  0.004015715020  0.005025240509  0.005025240509  0.005025240509  0.006037047411  0.005025240509  0.006543809618  0.002004480376  0.004017975256  0.000500279397  0.001001118423  0.000000000000  0.000000000000  0.000000000000  0.000000000000  0.000000000000  0.000000000000  0.000000000000  0.001501815283  0.001502518330  0.000000000000  0.000000000000  0.000000000000  0.000000000000  0.001502518330  0.001001118423  0.000000000000  0.001000724722  
piranga_rubra_ku26592 0.009076764231  0.009076764231  0.005022802395  0.006033979442  0.006033979442  0.006033979442  0.007047445381  0.006033979442  0.007555039928  0.003008460678  0.005025240509  0.001501815283  0.002003467288  0.001000724722  0.001000724722  0.001000724722  0.001000724722  0.001000724722  0.001000724722  0.001000724722  0.002504806154  0.002505681999  0.001000724722  0.001000724722  0.001000724722  0.001000724722  0.002505681999  0.002003467288  0.001000724722  0.000000000000  

