30
piranga_rubra_ku26592 0.000000000000  0.002113509248  0.002113509248  0.004236916887  0.004236916887  0.007436483863  0.002156814552  0.006916930471  0.001165373750  0.003172852854  0.001055861570  0.001703305892  0.001055861570  0.001180506806  0.001055861570  0.001788609358  0.002122481025  0.001055861570  0.002385799745  0.003172852854  0.005302704586  0.002113509248  0.005299198707  0.005916459234  0.001656189460  0.003193394054  0.000000000000  0.001055861570  0.003172852854  0.006366466842  
piranga_flava_ku90809 0.002113509248  0.000000000000  0.002115079649  0.004240982692  0.004240982692  0.007442517890  0.002158450035  0.006922559813  0.001165778490  0.003173856415  0.001056193793  0.001704170831  0.001056193793  0.001180922130  0.001056193793  0.001789563154  0.002124064801  0.001056193793  0.002387801380  0.003173856415  0.005308027714  0.002115079649  0.005302704586  0.005924395433  0.003319007915  0.003196982955  0.001780006835  0.001056193793  0.003173856415  0.006371233541  
piranga_ludoviciana_sdsu2385 0.002113509248  0.002115079649  0.000000000000  0.004240982692  0.004240982692  0.007442517890  0.002158450035  0.006922559813  0.001165778490  0.003173856415  0.001056193793  0.001704170831  0.001056193793  0.001180922130  0.001056193793  0.001789563154  0.002124064801  0.001056193793  0.002387801380  0.003173856415  0.005308027714  0.002115079649  0.005302704586  0.005924395433  0.003319007915  0.003196982955  0.001780006835  0.001056193793  0.003173856415  0.006371233541  
piranga_rubriceps_lsu265 0.004236916887  0.004240982692  0.004240982692  0.000000000000  0.000000000000  0.005302704586  0.004328173074  0.004602556936  0.003507195601  0.005302704586  0.003176671328  0.000000000000  0.003176671328  0.003552884972  0.003176671328  0.001789563154  0.004259045387  0.003176671328  0.004789406390  0.005302704586  0.001056193793  0.004240982692  0.001055861570  0.002951637161  0.001656189460  0.000000000000  0.000000000000  0.003176671328  0.005302704586  0.008516571880  
piranga_leucoptera_lsu7783 0.004236916887  0.004240982692  0.004240982692  0.000000000000  0.000000000000  0.005302704586  0.004328173074  0.004602556936  0.003507195601  0.005302704586  0.003176671328  0.000000000000  0.003176671328  0.003552884972  0.003176671328  0.001789563154  0.004259045387  0.003176671328  0.004789406390  0.005302704586  0.001056193793  0.004240982692  0.001055861570  0.002951637161  0.001656189460  0.000000000000  0.000000000000  0.003176671328  0.005302704586  0.008516571880  
cardinalis_cardinalis_ku25393 0.007436483863  0.007442517890  0.007442517890  0.005302704586  0.005302704586  0.000000000000  0.007595968877  0.000000000000  0.005855391380  0.008509263968  0.006371233541  0.003411264953  0.006371233541  0.005931805196  0.006371233541  0.005383869786  0.007474305919  0.006371233541  0.007196568542  0.008509263968  0.006371233541  0.007442517890  0.006366466842  0.005916459234  0.004981564570  0.003193394054  0.003563203330  0.006371233541  0.008509263968  0.011744326412  
piranga_olivacea_ku2699 0.002156814552  0.002158450035  0.002158450035  0.004328173074  0.004328173074  0.007595968877  0.000000000000  0.007036215707  0.001172613533  0.003238963346  0.001077823218  0.001704170831  0.001077823218  0.001180922130  0.001077823218  0.001789563154  0.002158450035  0.001077823218  0.002387801380  0.003238963346  0.005417298887  0.002158450035  0.005411754264  0.005924395433  0.003346778021  0.003196982955  0.001780006835  0.001077823218  0.003238963346  0.006502426106  
cardinalis_cardinalis_ku21828 0.006916930471  0.006922559813  0.006922559813  0.004602556936  0.004602556936  0.000000000000  0.007036215707  0.000000000000  0.005127670687  0.008080310262  0.005760938882  0.003411264953  0.005760938882  0.005037266700  0.005760938882  0.005383869786  0.006922559813  0.005760938882  0.006469036877  0.008080310262  0.005760938882  0.006922559813  0.005756799466  0.005916459234  0.005690227526  0.003193394054  0.003563203330  0.005760938882  0.008080310262  0.011590125594  
piranga_rubra_ku7046 0.001165373750  0.001165778490  0.001165778490  0.003507195601  0.003507195601  0.005855391380  0.001172613533  0.005127670687  0.000000000000  0.001165373750  0.000000000000  0.000000000000  0.000000000000  0.000000000000  0.000000000000  0.000000000000  0.001171240120  0.000000000000  0.001192185160  0.002332923723  0.004682871409  0.001165778490  0.004677913859  0.004435357283  0.001656189460  0.001595416217  0.000000000000  0.000000000000  0.002332923723  0.004677913859  
piranga_bidentata_hgoslp104 0.003172852854  0.003173856415  0.003173856415  0.005302704586  0.005302704586  0.008509263968  0.003238963346  0.008080310262  0.001165373750  0.000000000000  0.002113509248  0.000000000000  0.002113509248  0.002363246777  0.002113509248  0.000000000000  0.003187344695  0.002113509248  0.002385799745  0.004234665371  0.006371233541  0.003173856415  0.006366466842  0.004435357283  0.003315139694  0.001595416217  0.001779063200  0.002113509248  0.004234665371  0.005299198707  
piranga_ludoviciana_sdsu2648 0.001055861570  0.001056193793  0.001056193793  0.003176671328  0.003176671328  0.006371233541  0.001077823218  0.005760938882  0.000000000000  0.002113509248  0.000000000000  0.000000000000  0.000000000000  0.000000000000  0.000000000000  0.000000000000  0.001060674908  0.000000000000  0.001192185160  0.002113509248  0.004240982692  0.001056193793  0.004236916887  0.004435357283  0.001656189460  0.001595416217  0.000000000000  0.000000000000  0.002113509248  0.005302704586  
piranga_roseogularis_ku2049 0.001703305892  0.001704170831  0.001704170831  0.000000000000  0.000000000000  0.003411264953  0.001704170831  0.003411264953  0.000000000000  0.000000000000  0.000000000000  0.000000000000  0.000000000000  0.000000000000  0.000000000000  0.000000000000  0.000000000000  0.000000000000  0.001704170831  0.003411264953  0.000000000000  0.001704170831  0.000000000000  0.003486813916  0.000000000000  0.000000000000  0.000000000000  0.000000000000  0.003411264953  0.005126274792  
piranga_hepatica_ku4970 0.001055861570  0.001056193793  0.001056193793  0.003176671328  0.003176671328  0.006371233541  0.001077823218  0.005760938882  0.000000000000  0.002113509248  0.000000000000  0.000000000000  0.000000000000  0.000000000000  0.000000000000  0.000000000000  0.001060674908  0.000000000000  0.001192185160  0.002113509248  0.004240982692  0.001056193793  0.004236916887  0.004435357283  0.001656189460  0.001595416217  0.000000000000  0.000000000000  0.002113509248  0.005302704586  
piranga_hepatica_ku9084 0.001180506806  0.001180922130  0.001180922130  0.003552884972  0.003552884972  0.005931805196  0.001180922130  0.005037266700  0.000000000000  0.002363246777  0.000000000000  0.000000000000  0.000000000000  0.000000000000  0.000000000000  0.000000000000  0.001180922130  0.000000000000  0.001209488382  0.002363246777  0.004743964345  0.001180922130  0.004738876552  0.004435357283  0.001727725581  0.001595416217  0.000000000000  0.000000000000  0.002363246777  0.005931805196  
piranga_rubra_sdsu2654 0.001055861570  0.001056193793  0.001056193793  0.003176671328  0.003176671328  0.006371233541  0.001077823218  0.005760938882  0.000000000000  0.002113509248  0.000000000000  0.000000000000  0.000000000000  0.000000000000  0.000000000000  0.000000000000  0.001060674908  0.000000000000  0.001192185160  0.002113509248  0.004240982692  0.001056193793  0.004236916887  0.004435357283  0.001656189460  0.001595416217  0.000000000000  0.000000000000  0.002113509248  0.005302704586  
piranga_flava_lsu15408 0.001788609358  0.001789563154  0.001789563154  0.001789563154  0.001789563154  0.005383869786  0.001789563154  0.005383869786  0.000000000000  0.000000000000  0.000000000000  0.000000000000  0.000000000000  0.000000000000  0.000000000000  0.000000000000  0.000000000000  0.000000000000  0.001789563154  0.003582350359  0.003586868464  0.001789563154  0.001789563154  0.005391983210  0.000000000000  0.001795991243  0.000000000000  0.000000000000  0.001789563154  0.005383869786  
piranga_lutea_lsu5400 0.002122481025  0.002124064801  0.002124064801  0.004259045387  0.004259045387  0.007474305919  0.002158450035  0.006922559813  0.001171240120  0.003187344695  0.001060674908  0.000000000000  0.001060674908  0.001180922130  0.001060674908  0.000000000000  0.000000000000  0.001060674908  0.002387801380  0.003187344695  0.005330664274  0.002124064801  0.005325295633  0.005924395433  0.001667234499  0.003196982955  0.000000000000  0.001060674908  0.003187344695  0.006398411211  
piranga_olivacea_ku4672 0.001055861570  0.001056193793  0.001056193793  0.003176671328  0.003176671328  0.006371233541  0.001077823218  0.005760938882  0.000000000000  0.002113509248  0.000000000000  0.000000000000  0.000000000000  0.000000000000  0.000000000000  0.000000000000  0.001060674908  0.000000000000  0.001192185160  0.002113509248  0.004240982692  0.001056193793  0.004236916887  0.004435357283  0.001656189460  0.001595416217  0.000000000000  0.000000000000  0.002113509248  0.005302704586  
piranga_ludoviciana_sdsu2208 0.002385799745  0.002387801380  0.002387801380  0.004789406390  0.004789406390  0.007196568542  0.002387801380  0.006469036877  0.001192185160  0.002385799745  0.001192185160  0.001704170831  0.001192185160  0.001209488382  0.001192185160  0.001789563154  0.002387801380  0.001192185160  0.000000000000  0.003583279361  0.005995435311  0.002387801380  0.005988643601  0.005977516095  0.001692632674  0.003196982955  0.000000000000  0.001192185160  0.003583279361  0.005988643601  
piranga_bidentata_itm160 0.003172852854  0.003173856415  0.003173856415  0.005302704586  0.005302704586  0.008509263968  0.003238963346  0.008080310262  0.002332923723  0.004234665371  0.002113509248  0.003411264953  0.002113509248  0.002363246777  0.002113509248  0.003582350359  0.003187344695  0.002113509248  0.003583279361  0.000000000000  0.006371233541  0.003173856415  0.006366466842  0.007408388728  0.003319007915  0.004798306146  0.003563203330  0.002113509248  0.004234665371  0.003176671328  
piranga_leucoptera_fmnh481795 0.005302704586  0.005308027714  0.005308027714  0.001056193793  0.001056193793  0.006371233541  0.005417298887  0.005760938882  0.004682871409  0.006371233541  0.004240982692  0.000000000000  0.004240982692  0.004743964345  0.004240982692  0.003586868464  0.005330664274  0.004240982692  0.005995435311  0.006371233541  0.000000000000  0.005308027714  0.002113509248  0.004435357283  0.001656189460  0.001595416217  0.000000000000  0.004240982692  0.006371233541  0.009593409868  
piranga_lutea_ku89864 0.002113509248  0.002115079649  0.002115079649  0.004240982692  0.004240982692  0.007442517890  0.002158450035  0.006922559813  0.001165778490  0.003173856415  0.001056193793  0.001704170831  0.001056193793  0.001180922130  0.001056193793  0.001789563154  0.002124064801  0.001056193793  0.002387801380  0.003173856415  0.005308027714  0.000000000000  0.005302704586  0.005924395433  0.003319007915  0.003196982955  0.001780006835  0.001056193793  0.003173856415  0.006371233541  
piranga_rubriceps_lsu34818 0.005299198707  0.005302704586  0.005302704586  0.001055861570  0.001055861570  0.006366466842  0.005411754264  0.005756799466  0.004677913859  0.006366466842  0.004236916887  0.000000000000  0.004236916887  0.004738876552  0.004236916887  0.001789563154  0.005325295633  0.004236916887  0.005988643601  0.006366466842  0.002113509248  0.005302704586  0.000000000000  0.004429868404  0.001656189460  0.001594658156  0.000000000000  0.004236916887  0.006366466842  0.009584821464  
piranga_roseogularis_ku2141 0.005916459234  0.005924395433  0.005924395433  0.002951637161  0.002951637161  0.005916459234  0.005924395433  0.005916459234  0.004435357283  0.004435357283  0.004435357283  0.003486813916  0.004435357283  0.004435357283  0.004435357283  0.005391983210  0.005924395433  0.004435357283  0.005977516095  0.007408388728  0.004435357283  0.005924395433  0.004429868404  0.000000000000  0.002354074908  0.003196982955  0.001965426165  0.004435357283  0.007408388728  0.010408418055  
piranga_erythrocephala_fmnh343371 0.001656189460  0.003319007915  0.003319007915  0.001656189460  0.001656189460  0.004981564570  0.003346778021  0.005690227526  0.001656189460  0.003315139694  0.001656189460  0.000000000000  0.001656189460  0.001727725581  0.001656189460  0.000000000000  0.001667234499  0.001656189460  0.001692632674  0.003319007915  0.001656189460  0.003319007915  0.001656189460  0.002354074908  0.000000000000  0.000000000000  0.000000000000  0.001656189460  0.004981564570  0.004988508647  
piranga_erythrocephala_fmnh343370 0.003193394054  0.003196982955  0.003196982955  0.000000000000  0.000000000000  0.003193394054  0.003196982955  0.003193394054  0.001595416217  0.001595416217  0.001595416217  0.000000000000  0.001595416217  0.001595416217  0.001595416217  0.001795991243  0.003196982955  0.001595416217  0.003196982955  0.004798306146  0.001595416217  0.003196982955  0.001594658156  0.003196982955  0.000000000000  0.000000000000  0.000000000000  0.001595416217  0.003196982955  0.008026851085  
piranga_ludoviciana_sdsu2650 0.000000000000  0.001780006835  0.001780006835  0.000000000000  0.000000000000  0.003563203330  0.001780006835  0.003563203330  0.000000000000  0.001779063200  0.000000000000  0.000000000000  0.000000000000  0.000000000000  0.000000000000  0.000000000000  0.000000000000  0.000000000000  0.000000000000  0.003563203330  0.000000000000  0.001780006835  0.000000000000  0.001965426165  0.000000000000  0.000000000000  0.000000000000  0.000000000000  0.003563203330  0.005355038663  
piranga_bidentata_tepe59 0.001055861570  0.001056193793  0.001056193793  0.003176671328  0.003176671328  0.006371233541  0.001077823218  0.005760938882  0.000000000000  0.002113509248  0.000000000000  0.000000000000  0.000000000000  0.000000000000  0.000000000000  0.000000000000  0.001060674908  0.000000000000  0.001192185160  0.002113509248  0.004240982692  0.001056193793  0.004236916887  0.004435357283  0.001656189460  0.001595416217  0.000000000000  0.000000000000  0.002113509248  0.005302704586  
piranga_rubra_sdsu2635 0.003172852854  0.003173856415  0.003173856415  0.005302704586  0.005302704586  0.008509263968  0.003238963346  0.008080310262  0.002332923723  0.004234665371  0.002113509248  0.003411264953  0.002113509248  0.002363246777  0.002113509248  0.001789563154  0.003187344695  0.002113509248  0.003583279361  0.004234665371  0.006371233541  0.003173856415  0.006366466842  0.007408388728  0.004981564570  0.003196982955  0.003563203330  0.002113509248  0.000000000000  0.007436483863  
piranga_bidentata_itm141 0.006366466842  0.006371233541  0.006371233541  0.008516571880  0.008516571880  0.011744326412  0.006502426106  0.011590125594  0.004677913859  0.005299198707  0.005302704586  0.005126274792  0.005302704586  0.005931805196  0.005302704586  0.005383869786  0.006398411211  0.005302704586  0.005988643601  0.003176671328  0.009593409868  0.006371233541  0.009584821464  0.010408418055  0.004988508647  0.008026851085  0.005355038663  0.005302704586  0.007436483863  0.000000000000  

