30
cardinalis_cardinalis_ku21828 0.000000000000  0.000000000000  0.006542420354  0.013660081997  0.005527314312  0.005527314312  0.014185905700  0.014185905700  0.009074551743  0.009074551743  0.009074551743  0.011105459969  0.009074551743  0.015180195801  0.020312434642  0.019282972691  0.013133733822  0.011101314573  0.014168003297  0.010595096386  0.010595096386  0.010595096386  0.009074551743  0.009074551743  0.015190300489  0.017768795343  0.018783255300  0.015190300489  0.014168003297  0.013665744201  
cardinalis_cardinalis_ku25393 0.000000000000  0.000000000000  0.006542420354  0.013660081997  0.005527314312  0.005527314312  0.014185905700  0.014185905700  0.009074551743  0.009074551743  0.009074551743  0.011105459969  0.009074551743  0.015180195801  0.020312434642  0.019282972691  0.013133733822  0.011101314573  0.014168003297  0.010595096386  0.010595096386  0.010595096386  0.009074551743  0.009074551743  0.015190300489  0.017768795343  0.018783255300  0.015190300489  0.014168003297  0.013665744201  
piranga_hepatica_ku4970 0.006542420354  0.006542420354  0.000000000000  0.014168003297  0.006030555873  0.006030555873  0.014693832208  0.014693832208  0.009579727679  0.009579727679  0.009579727679  0.011611938893  0.009579727679  0.015689434055  0.021862408054  0.019794867638  0.013641787094  0.011607925072  0.014676318924  0.011101314573  0.011101314573  0.011101314573  0.009579727679  0.009579727679  0.015699275564  0.018279101514  0.019294487250  0.015699275564  0.014676318924  0.014173535482  
piranga_leucoptera_lsu7783 0.013660081997  0.013660081997  0.014168003297  0.000000000000  0.008054454584  0.008054454584  0.015717318596  0.015717318596  0.011616386312  0.011616386312  0.011616386312  0.013654854830  0.011616386312  0.017744193322  0.023937207133  0.021862408054  0.015689434055  0.013650063054  0.016729482941  0.013142274027  0.013142274027  0.013142274027  0.011616386312  0.011616386312  0.017755615577  0.020345430078  0.021362423965  0.017755615577  0.016729482941  0.016226299038  
piranga_rubriceps_lsu34818 0.005527314312  0.005527314312  0.006030555873  0.008054454584  0.000000000000  0.000000000000  0.008569765854  0.008569765854  0.003511457408  0.003511457408  0.003511457408  0.005525161759  0.003511457408  0.009567619527  0.015681345621  0.013635256982  0.007540995124  0.005523437521  0.008559244953  0.005020318291  0.005020318291  0.005020318291  0.003511457408  0.003511457408  0.009572809247  0.012123126549  0.013133733822  0.009572809247  0.008559244953  0.008057662900  
piranga_rubriceps_lsu265 0.005527314312  0.005527314312  0.006030555873  0.008054454584  0.000000000000  0.000000000000  0.008569765854  0.008569765854  0.003511457408  0.003511457408  0.003511457408  0.005525161759  0.003511457408  0.009567619527  0.015681345621  0.013635256982  0.007540995124  0.005523437521  0.008559244953  0.005020318291  0.005020318291  0.005020318291  0.003511457408  0.003511457408  0.009572809247  0.012123126549  0.013133733822  0.009572809247  0.008559244953  0.008057662900  
piranga_erythrocephala_fmnh343371 0.014185905700  0.014185905700  0.014693832208  0.015717318596  0.008569765854  0.008569765854  0.000000000000  0.000000000000  0.012138677334  0.012138677334  0.012138677334  0.014179503066  0.012138677334  0.017755615577  0.023951682034  0.021355643401  0.015699275564  0.014173535482  0.017258885817  0.013665744201  0.013665744201  0.012639932254  0.012138677334  0.012138677334  0.018286220662  0.020882049976  0.021897872895  0.018286220662  0.017258885817  0.016756876963  
piranga_ludoviciana_sdsu2648 0.014185905700  0.014185905700  0.014693832208  0.015717318596  0.008569765854  0.008569765854  0.000000000000  0.000000000000  0.012138677334  0.012138677334  0.012138677334  0.014179503066  0.012138677334  0.017755615577  0.023951682034  0.021355643401  0.015699275564  0.014173535482  0.017258885817  0.013665744201  0.013665744201  0.012639932254  0.012138677334  0.012138677334  0.018286220662  0.020882049976  0.021897872895  0.018286220662  0.017258885817  0.016756876963  
piranga_roseogularis_ku2049 0.009074551743  0.009074551743  0.009579727679  0.011616386312  0.003511457408  0.003511457408  0.012138677334  0.012138677334  0.000000000000  0.000000000000  0.000000000000  0.002002853622  0.000000000000  0.006025052378  0.012103751464  0.010070529422  0.004011037199  0.002002754201  0.005018888929  0.001501540565  0.001501540565  0.001501540565  0.000000000000  0.000000000000  0.006026945373  0.008559244953  0.009567619527  0.006026945373  0.005018888929  0.004517587023  
piranga_leucoptera_fmnh481795 0.009074551743  0.009074551743  0.009579727679  0.011616386312  0.003511457408  0.003511457408  0.012138677334  0.012138677334  0.000000000000  0.000000000000  0.000000000000  0.002002853622  0.000000000000  0.006025052378  0.012103751464  0.010070529422  0.004011037199  0.002002754201  0.005018888929  0.001501540565  0.001501540565  0.001501540565  0.000000000000  0.000000000000  0.006026945373  0.008559244953  0.009567619527  0.006026945373  0.005018888929  0.004517587023  
piranga_ludoviciana_sdsu2208 0.009074551743  0.009074551743  0.009579727679  0.011616386312  0.003511457408  0.003511457408  0.012138677334  0.012138677334  0.000000000000  0.000000000000  0.000000000000  0.002002853622  0.000000000000  0.006025052378  0.012103751464  0.010070529422  0.004011037199  0.002002754201  0.005018888929  0.001501540565  0.001501540565  0.001501540565  0.000000000000  0.000000000000  0.006026945373  0.008559244953  0.009567619527  0.006026945373  0.005018888929  0.004517587023  
piranga_olivacea_ku2699 0.011105459969  0.011105459969  0.011611938893  0.013654854830  0.005525161759  0.005525161759  0.014179503066  0.014179503066  0.002002853622  0.002002853622  0.002002853622  0.000000000000  0.002002853622  0.008044876310  0.014141499065  0.012102046571  0.006024750847  0.004011023084  0.007036452132  0.003508531225  0.003508531225  0.003508531225  0.002002853622  0.002002853622  0.008047413525  0.010587841197  0.011598488763  0.008047413525  0.007036452132  0.006534185912  
piranga_rubra_ku7046 0.009074551743  0.009074551743  0.009579727679  0.011616386312  0.003511457408  0.003511457408  0.012138677334  0.012138677334  0.000000000000  0.000000000000  0.000000000000  0.002002853622  0.000000000000  0.006025052378  0.012103751464  0.010070529422  0.004011037199  0.002002754201  0.005018888929  0.001501540565  0.001501540565  0.001501540565  0.000000000000  0.000000000000  0.006026945373  0.008559244953  0.009567619527  0.006026945373  0.005018888929  0.004517587023  
piranga_flava_ku90809 0.015180195801  0.015180195801  0.015689434055  0.017744193322  0.009567619527  0.009567619527  0.017755615577  0.017755615577  0.006025052378  0.006025052378  0.006025052378  0.008044876310  0.006025052378  0.000000000000  0.010078640174  0.008049329540  0.002003378607  0.005017315548  0.008047413525  0.004514182002  0.004514182002  0.007033777275  0.006025052378  0.006025052378  0.012103751464  0.014659080136  0.015675013156  0.012103751464  0.011087093366  0.010582318980  
piranga_roseogularis_ku2141 0.020312434642  0.020312434642  0.021862408054  0.023937207133  0.015681345621  0.015681345621  0.023951682034  0.023951682034  0.012103751464  0.012103751464  0.012103751464  0.014141499065  0.012103751464  0.010078640174  0.000000000000  0.013133733822  0.008049329540  0.011087093366  0.014146885781  0.010580208633  0.010580208633  0.013120015141  0.012103751464  0.012103751464  0.018237996448  0.020819860030  0.021842035188  0.018237996448  0.017212246842  0.015677959710  
piranga_flava_lsu15408 0.019282972691  0.019282972691  0.019794867638  0.021862408054  0.013635256982  0.013635256982  0.021355643401  0.021355643401  0.010070529422  0.010070529422  0.010070529422  0.012102046571  0.010070529422  0.008049329540  0.013133733822  0.000000000000  0.006026945373  0.009056972047  0.012105892472  0.008551254412  0.008551254412  0.011084447644  0.010070529422  0.010070529422  0.016185184864  0.018757121014  0.019777681067  0.016185184864  0.013628741627  0.014655864299  
piranga_lutea_ku89864 0.013133733822  0.013133733822  0.013641787094  0.015689434055  0.007540995124  0.007540995124  0.015699275564  0.015699275564  0.004011037199  0.004011037199  0.004011037199  0.006024750847  0.004011037199  0.002003378607  0.008049329540  0.006026945373  0.000000000000  0.003006341432  0.006025784007  0.002504354270  0.002504354270  0.005017458364  0.004011037199  0.004011037199  0.010070529422  0.012616133287  0.013630475616  0.010070529422  0.009056972047  0.008552604115  
piranga_bidentata_itm160 0.011101314573  0.011101314573  0.011607925072  0.013650063054  0.005523437521  0.005523437521  0.014173535482  0.014173535482  0.002002754201  0.002002754201  0.002002754201  0.004011023084  0.002002754201  0.005017315548  0.011087093366  0.009056972047  0.003006341432  0.000000000000  0.003008218907  0.000500192217  0.000500192217  0.003508409955  0.002002754201  0.002002754201  0.008045928994  0.010584863288  0.011596212910  0.008045928994  0.007035129603  0.006532299351  
piranga_lutea_lsu5400 0.014168003297  0.014168003297  0.014676318924  0.016729482941  0.008559244953  0.008559244953  0.017258885817  0.017258885817  0.005018888929  0.005018888929  0.005018888929  0.007036452132  0.005018888929  0.008047413525  0.014146885781  0.012105892472  0.006025784007  0.003008218907  0.000000000000  0.003510055310  0.003510055310  0.006530842512  0.005018888929  0.005018888929  0.011091479260  0.013645707023  0.014659080136  0.011091479260  0.010075962252  0.009572809247  
piranga_bidentata_tepe59 0.010595096386  0.010595096386  0.011101314573  0.013142274027  0.005020318291  0.005020318291  0.013665744201  0.013665744201  0.001501540565  0.001501540565  0.001501540565  0.003508531225  0.001501540565  0.004514182002  0.010580208633  0.008551254412  0.002504354270  0.000500192217  0.003510055310  0.000000000000  0.000000000000  0.003006170718  0.001501540565  0.001501540565  0.007540995124  0.010078640174  0.011089068974  0.007540995124  0.006530842512  0.006028536115  
piranga_rubra_sdsu2635 0.010595096386  0.010595096386  0.011101314573  0.013142274027  0.005020318291  0.005020318291  0.013665744201  0.013665744201  0.001501540565  0.001501540565  0.001501540565  0.003508531225  0.001501540565  0.004514182002  0.010580208633  0.008551254412  0.002504354270  0.000500192217  0.003510055310  0.000000000000  0.000000000000  0.003006170718  0.001501540565  0.001501540565  0.007540995124  0.010078640174  0.011089068974  0.007540995124  0.006530842512  0.006028536115  
piranga_olivacea_ku4672 0.010595096386  0.010595096386  0.011101314573  0.013142274027  0.005020318291  0.005020318291  0.012639932254  0.012639932254  0.001501540565  0.001501540565  0.001501540565  0.003508531225  0.001501540565  0.007033777275  0.013120015141  0.011084447644  0.005017458364  0.003508409955  0.006530842512  0.003006170718  0.003006170718  0.000000000000  0.001501540565  0.001501540565  0.007540995124  0.010078640174  0.011089068974  0.007540995124  0.006530842512  0.006028536115  
piranga_rubra_sdsu2654 0.009074551743  0.009074551743  0.009579727679  0.011616386312  0.003511457408  0.003511457408  0.012138677334  0.012138677334  0.000000000000  0.000000000000  0.000000000000  0.002002853622  0.000000000000  0.006025052378  0.012103751464  0.010070529422  0.004011037199  0.002002754201  0.005018888929  0.001501540565  0.001501540565  0.001501540565  0.000000000000  0.000000000000  0.006026945373  0.008559244953  0.009567619527  0.006026945373  0.005018888929  0.004517587023  
piranga_erythrocephala_fmnh343370 0.009074551743  0.009074551743  0.009579727679  0.011616386312  0.003511457408  0.003511457408  0.012138677334  0.012138677334  0.000000000000  0.000000000000  0.000000000000  0.002002853622  0.000000000000  0.006025052378  0.012103751464  0.010070529422  0.004011037199  0.002002754201  0.005018888929  0.001501540565  0.001501540565  0.001501540565  0.000000000000  0.000000000000  0.006026945373  0.008559244953  0.009567619527  0.006026945373  0.005018888929  0.004517587023  
piranga_ludoviciana_sdsu2650 0.015190300489  0.015190300489  0.015699275564  0.017755615577  0.009572809247  0.009572809247  0.018286220662  0.018286220662  0.006026945373  0.006026945373  0.006026945373  0.008047413525  0.006026945373  0.012103751464  0.018237996448  0.016185184864  0.010070529422  0.008045928994  0.011091479260  0.007540995124  0.007540995124  0.007540995124  0.006026945373  0.006026945373  0.000000000000  0.002506768637  0.003509079797  0.000000000000  0.006030555873  0.009569998119  
piranga_hepatica_ku9084 0.017768795343  0.017768795343  0.018279101514  0.020345430078  0.012123126549  0.012123126549  0.020882049976  0.020882049976  0.008559244953  0.008559244953  0.008559244953  0.010587841197  0.008559244953  0.014659080136  0.020819860030  0.018757121014  0.012616133287  0.010584863288  0.013645707023  0.010078640174  0.010078640174  0.010078640174  0.008559244953  0.008559244953  0.002506768637  0.000000000000  0.005020318291  0.002506768637  0.008565828361  0.012118810396  
piranga_bidentata_itm141 0.018783255300  0.018783255300  0.019294487250  0.021362423965  0.013133733822  0.013133733822  0.021897872895  0.021897872895  0.009567619527  0.009567619527  0.009567619527  0.011598488763  0.009567619527  0.015675013156  0.021842035188  0.019777681067  0.013630475616  0.011596212910  0.014659080136  0.011089068974  0.011089068974  0.011089068974  0.009567619527  0.009567619527  0.003509079797  0.005020318291  0.000000000000  0.003509079797  0.009572809247  0.013130117156  
piranga_ludoviciana_sdsu2385 0.015190300489  0.015190300489  0.015699275564  0.017755615577  0.009572809247  0.009572809247  0.018286220662  0.018286220662  0.006026945373  0.006026945373  0.006026945373  0.008047413525  0.006026945373  0.012103751464  0.018237996448  0.016185184864  0.010070529422  0.008045928994  0.011091479260  0.007540995124  0.007540995124  0.007540995124  0.006026945373  0.006026945373  0.000000000000  0.002506768637  0.003509079797  0.000000000000  0.006030555873  0.009569998119  
piranga_bidentata_hgoslp104 0.014168003297  0.014168003297  0.014676318924  0.016729482941  0.008559244953  0.008559244953  0.017258885817  0.017258885817  0.005018888929  0.005018888929  0.005018888929  0.007036452132  0.005018888929  0.011087093366  0.017212246842  0.013628741627  0.009056972047  0.007035129603  0.010075962252  0.006530842512  0.006530842512  0.006530842512  0.005018888929  0.005018888929  0.006030555873  0.008565828361  0.009572809247  0.006030555873  0.000000000000  0.008556599746  
piranga_rubra_ku26592 0.013665744201  0.013665744201  0.014173535482  0.016226299038  0.008057662900  0.008057662900  0.016756876963  0.016756876963  0.004517587023  0.004517587023  0.004517587023  0.006534185912  0.004517587023  0.010582318980  0.015677959710  0.014655864299  0.008552604115  0.006532299351  0.009572809247  0.006028536115  0.006028536115  0.006028536115  0.004517587023  0.004517587023  0.009569998119  0.012118810396  0.013130117156  0.009569998119  0.008556599746  0.000000000000  

