30
cardinalis_cardinalis_ku21828 0.000000000000  0.000000000000  0.000000000000  0.001502516759  0.005530835398  0.003008453655  0.004013890879  0.004013890879  0.004013890879  0.004013890879  0.004015702791  0.005525778420  0.005528081506  0.005528081506  0.005528081506  0.005528081506  0.008567699113  0.008567699113  0.008567699113  0.008567699113  0.009586279939  0.009586279939  0.009586279939  0.012131370283  0.014178249634  0.014178249634  0.011619521953  0.011619521953  0.011619521953  0.011619521953  
piranga_hepatica_ku9084 0.000000000000  0.000000000000  0.000000000000  0.001502516759  0.005530835398  0.003008453655  0.004013890879  0.004013890879  0.004013890879  0.004013890879  0.004015702791  0.005525778420  0.005528081506  0.005528081506  0.005528081506  0.005528081506  0.008567699113  0.008567699113  0.008567699113  0.008567699113  0.009586279939  0.009586279939  0.009586279939  0.012131370283  0.014178249634  0.014178249634  0.011619521953  0.011619521953  0.011619521953  0.011619521953  
piranga_ludoviciana_sdsu2650 0.000000000000  0.000000000000  0.000000000000  0.001502516759  0.005530835398  0.003008453655  0.004013890879  0.004013890879  0.004013890879  0.004013890879  0.004015702791  0.005525778420  0.005528081506  0.005528081506  0.005528081506  0.005528081506  0.008567699113  0.008567699113  0.008567699113  0.008567699113  0.009586279939  0.009586279939  0.009586279939  0.012131370283  0.014178249634  0.014178249634  0.011619521953  0.011619521953  0.011619521953  0.011619521953  
cardinalis_cardinalis_ku25393 0.001502516759  0.001502516759  0.001502516759  0.000000000000  0.007051109523  0.004520177861  0.005528081506  0.005528081506  0.005528081506  0.005528081506  0.005530835398  0.007044156963  0.007047407248  0.007047407248  0.007047407248  0.007047407248  0.010096440112  0.010096440112  0.010096440112  0.010096440112  0.011118506593  0.011118506593  0.011118506593  0.013670433401  0.015723413963  0.015723413963  0.013156824664  0.013156824664  0.013156824664  0.013156824664  
piranga_ludoviciana_sdsu2648 0.005530835398  0.005530835398  0.005530835398  0.007051109523  0.000000000000  0.005528081506  0.006537458778  0.006537458778  0.006537458778  0.006537458778  0.006540392615  0.008055843614  0.008059275827  0.008059275827  0.008059275827  0.008059275827  0.011113154236  0.011113154236  0.011113154236  0.011113154236  0.012136911864  0.012136911864  0.012136911864  0.014692712497  0.016748932607  0.016748932607  0.014178249634  0.014178249634  0.014178249634  0.014178249634  
piranga_erythrocephala_fmnh343371 0.003008453655  0.003008453655  0.003008453655  0.004520177861  0.005528081506  0.000000000000  0.001000723839  0.001000723839  0.001000723839  0.001000723839  0.001001117726  0.002504800772  0.002505677042  0.002505677042  0.002505677042  0.002505677042  0.005528081506  0.005528081506  0.005528081506  0.005528081506  0.006540392615  0.006540392615  0.006540392615  0.009072630694  0.011108257748  0.011108257748  0.008563948693  0.008563948693  0.008563948693  0.008563948693  
piranga_roseogularis_ku2049 0.004013890879  0.004013890879  0.004013890879  0.005528081506  0.006537458778  0.001000723839  0.000000000000  0.000000000000  0.002002898257  0.002002898257  0.002003464042  0.003509245736  0.003510295817  0.003510295817  0.003510295817  0.003510295817  0.006537458778  0.006537458778  0.006537458778  0.006537458778  0.007551428879  0.007551428879  0.007551428879  0.010087476386  0.012126285718  0.012126285718  0.009577956581  0.009577956581  0.009577956581  0.009577956581  
piranga_roseogularis_ku2141 0.004013890879  0.004013890879  0.004013890879  0.005528081506  0.006537458778  0.001000723839  0.000000000000  0.000000000000  0.002002898257  0.002002898257  0.002003464042  0.003509245736  0.003510295817  0.003510295817  0.003510295817  0.003510295817  0.006537458778  0.006537458778  0.006537458778  0.006537458778  0.007551428879  0.007551428879  0.007551428879  0.010087476386  0.012126285718  0.012126285718  0.009577956581  0.009577956581  0.009577956581  0.009577956581  
piranga_rubriceps_lsu265 0.004013890879  0.004013890879  0.004013890879  0.005528081506  0.006537458778  0.001000723839  0.002002898257  0.002002898257  0.000000000000  0.000000000000  0.002003464042  0.003509245736  0.003510295817  0.003510295817  0.003510295817  0.003510295817  0.006537458778  0.006537458778  0.006537458778  0.006537458778  0.007551428879  0.007551428879  0.007551428879  0.010087476386  0.012126285718  0.012126285718  0.009577956581  0.009577956581  0.009577956581  0.009577956581  
piranga_rubriceps_lsu34818 0.004013890879  0.004013890879  0.004013890879  0.005528081506  0.006537458778  0.001000723839  0.002002898257  0.002002898257  0.000000000000  0.000000000000  0.002003464042  0.003509245736  0.003510295817  0.003510295817  0.003510295817  0.003510295817  0.006537458778  0.006537458778  0.006537458778  0.006537458778  0.007551428879  0.007551428879  0.007551428879  0.010087476386  0.012126285718  0.012126285718  0.009577956581  0.009577956581  0.009577956581  0.009577956581  
piranga_leucoptera_lsu7783 0.004015702791  0.004015702791  0.004015702791  0.005530835398  0.006540392615  0.001001117726  0.002003464042  0.002003464042  0.002003464042  0.002003464042  0.000000000000  0.003510295817  0.003511795148  0.003511795148  0.003511795148  0.003511795148  0.006540392615  0.006540392615  0.006540392615  0.006540392615  0.007554996329  0.007554996329  0.007554996329  0.010091730719  0.012131370283  0.012131370283  0.009581890931  0.009581890931  0.009581890931  0.009581890931  
piranga_leucoptera_fmnh481795 0.005525778420  0.005525778420  0.005525778420  0.007044156963  0.008055843614  0.002504800772  0.003509245736  0.003509245736  0.003509245736  0.003509245736  0.003510295817  0.000000000000  0.005020793669  0.005020793669  0.005020793669  0.005020793669  0.008055843614  0.008055843614  0.008055843614  0.008055843614  0.009072630694  0.009072630694  0.009072630694  0.011614759897  0.013658778928  0.013658778928  0.011103817463  0.011103817463  0.011103817463  0.011103817463  
piranga_hepatica_ku4970 0.005528081506  0.005528081506  0.005528081506  0.007047407248  0.008059275827  0.002505677042  0.003510295817  0.003510295817  0.003510295817  0.003510295817  0.003511795148  0.005020793669  0.000000000000  0.000000000000  0.000000000000  0.000000000000  0.003008453655  0.003008453655  0.003008453655  0.003008453655  0.004015702791  0.004015702791  0.004015702791  0.006537458778  0.008563948693  0.008563948693  0.006031333027  0.006031333027  0.006031333027  0.006031333027  
piranga_bidentata_itm141 0.005528081506  0.005528081506  0.005528081506  0.007047407248  0.008059275827  0.002505677042  0.003510295817  0.003510295817  0.003510295817  0.003510295817  0.003511795148  0.005020793669  0.000000000000  0.000000000000  0.000000000000  0.000000000000  0.003008453655  0.003008453655  0.003008453655  0.003008453655  0.004015702791  0.004015702791  0.004015702791  0.006537458778  0.008563948693  0.008563948693  0.006031333027  0.006031333027  0.006031333027  0.006031333027  
piranga_bidentata_hgoslp104 0.005528081506  0.005528081506  0.005528081506  0.007047407248  0.008059275827  0.002505677042  0.003510295817  0.003510295817  0.003510295817  0.003510295817  0.003511795148  0.005020793669  0.000000000000  0.000000000000  0.000000000000  0.000000000000  0.003008453655  0.003008453655  0.003008453655  0.003008453655  0.004015702791  0.004015702791  0.004015702791  0.006537458778  0.008563948693  0.008563948693  0.006031333027  0.006031333027  0.006031333027  0.006031333027  
piranga_bidentata_itm160 0.005528081506  0.005528081506  0.005528081506  0.007047407248  0.008059275827  0.002505677042  0.003510295817  0.003510295817  0.003510295817  0.003510295817  0.003511795148  0.005020793669  0.000000000000  0.000000000000  0.000000000000  0.000000000000  0.003008453655  0.003008453655  0.003008453655  0.003008453655  0.004015702791  0.004015702791  0.004015702791  0.006537458778  0.008563948693  0.008563948693  0.006031333027  0.006031333027  0.006031333027  0.006031333027  
piranga_bidentata_tepe59 0.008567699113  0.008567699113  0.008567699113  0.010096440112  0.011113154236  0.005528081506  0.006537458778  0.006537458778  0.006537458778  0.006537458778  0.006540392615  0.008055843614  0.003008453655  0.003008453655  0.003008453655  0.003008453655  0.000000000000  0.000000000000  0.000000000000  0.000000000000  0.001001117726  0.001001117726  0.001001117726  0.003510295817  0.005525778420  0.005525778420  0.003007266205  0.003007266205  0.003007266205  0.003007266205  
piranga_olivacea_ku2699 0.008567699113  0.008567699113  0.008567699113  0.010096440112  0.011113154236  0.005528081506  0.006537458778  0.006537458778  0.006537458778  0.006537458778  0.006540392615  0.008055843614  0.003008453655  0.003008453655  0.003008453655  0.003008453655  0.000000000000  0.000000000000  0.000000000000  0.000000000000  0.001001117726  0.001001117726  0.001001117726  0.003510295817  0.005525778420  0.005525778420  0.003007266205  0.003007266205  0.003007266205  0.003007266205  
piranga_ludoviciana_sdsu2208 0.008567699113  0.008567699113  0.008567699113  0.010096440112  0.011113154236  0.005528081506  0.006537458778  0.006537458778  0.006537458778  0.006537458778  0.006540392615  0.008055843614  0.003008453655  0.003008453655  0.003008453655  0.003008453655  0.000000000000  0.000000000000  0.000000000000  0.000000000000  0.001001117726  0.001001117726  0.001001117726  0.003510295817  0.005525778420  0.005525778420  0.003007266205  0.003007266205  0.003007266205  0.003007266205  
piranga_erythrocephala_fmnh343370 0.008567699113  0.008567699113  0.008567699113  0.010096440112  0.011113154236  0.005528081506  0.006537458778  0.006537458778  0.006537458778  0.006537458778  0.006540392615  0.008055843614  0.003008453655  0.003008453655  0.003008453655  0.003008453655  0.000000000000  0.000000000000  0.000000000000  0.000000000000  0.001001117726  0.001001117726  0.001001117726  0.003510295817  0.005525778420  0.005525778420  0.003007266205  0.003007266205  0.003007266205  0.003007266205  
piranga_rubra_sdsu2635 0.009586279939  0.009586279939  0.009586279939  0.011118506593  0.012136911864  0.006540392615  0.007551428879  0.007551428879  0.007551428879  0.007551428879  0.007554996329  0.009072630694  0.004015702791  0.004015702791  0.004015702791  0.004015702791  0.001001117726  0.001001117726  0.001001117726  0.001001117726  0.000000000000  0.000000000000  0.000000000000  0.004518052662  0.006537458778  0.006537458778  0.004013890879  0.004013890879  0.004013890879  0.004013890879  
piranga_rubra_ku7046 0.009586279939  0.009586279939  0.009586279939  0.011118506593  0.012136911864  0.006540392615  0.007551428879  0.007551428879  0.007551428879  0.007551428879  0.007554996329  0.009072630694  0.004015702791  0.004015702791  0.004015702791  0.004015702791  0.001001117726  0.001001117726  0.001001117726  0.001001117726  0.000000000000  0.000000000000  0.000000000000  0.004518052662  0.006537458778  0.006537458778  0.004013890879  0.004013890879  0.004013890879  0.004013890879  
piranga_rubra_sdsu2654 0.009586279939  0.009586279939  0.009586279939  0.011118506593  0.012136911864  0.006540392615  0.007551428879  0.007551428879  0.007551428879  0.007551428879  0.007554996329  0.009072630694  0.004015702791  0.004015702791  0.004015702791  0.004015702791  0.001001117726  0.001001117726  0.001001117726  0.001001117726  0.000000000000  0.000000000000  0.000000000000  0.004518052662  0.006537458778  0.006537458778  0.004013890879  0.004013890879  0.004013890879  0.004013890879  
piranga_olivacea_ku4672 0.012131370283  0.012131370283  0.012131370283  0.013670433401  0.014692712497  0.009072630694  0.010087476386  0.010087476386  0.010087476386  0.010087476386  0.010091730719  0.011614759897  0.006537458778  0.006537458778  0.006537458778  0.006537458778  0.003510295817  0.003510295817  0.003510295817  0.003510295817  0.004518052662  0.004518052662  0.004518052662  0.000000000000  0.005020793669  0.005020793669  0.002504800772  0.002504800772  0.002504800772  0.002504800772  
piranga_flava_ku90809 0.014178249634  0.014178249634  0.014178249634  0.015723413963  0.016748932607  0.011108257748  0.012126285718  0.012126285718  0.012126285718  0.012126285718  0.012131370283  0.013658778928  0.008563948693  0.008563948693  0.008563948693  0.008563948693  0.005525778420  0.005525778420  0.005525778420  0.005525778420  0.006537458778  0.006537458778  0.006537458778  0.005020793669  0.000000000000  0.000000000000  0.002505677042  0.002505677042  0.002505677042  0.002505677042  
piranga_flava_lsu15408 0.014178249634  0.014178249634  0.014178249634  0.015723413963  0.016748932607  0.011108257748  0.012126285718  0.012126285718  0.012126285718  0.012126285718  0.012131370283  0.013658778928  0.008563948693  0.008563948693  0.008563948693  0.008563948693  0.005525778420  0.005525778420  0.005525778420  0.005525778420  0.006537458778  0.006537458778  0.006537458778  0.005020793669  0.000000000000  0.000000000000  0.002505677042  0.002505677042  0.002505677042  0.002505677042  
piranga_ludoviciana_sdsu2385 0.011619521953  0.011619521953  0.011619521953  0.013156824664  0.014178249634  0.008563948693  0.009577956581  0.009577956581  0.009577956581  0.009577956581  0.009581890931  0.011103817463  0.006031333027  0.006031333027  0.006031333027  0.006031333027  0.003007266205  0.003007266205  0.003007266205  0.003007266205  0.004013890879  0.004013890879  0.004013890879  0.002504800772  0.002505677042  0.002505677042  0.000000000000  0.000000000000  0.000000000000  0.000000000000  
piranga_lutea_ku89864 0.011619521953  0.011619521953  0.011619521953  0.013156824664  0.014178249634  0.008563948693  0.009577956581  0.009577956581  0.009577956581  0.009577956581  0.009581890931  0.011103817463  0.006031333027  0.006031333027  0.006031333027  0.006031333027  0.003007266205  0.003007266205  0.003007266205  0.003007266205  0.004013890879  0.004013890879  0.004013890879  0.002504800772  0.002505677042  0.002505677042  0.000000000000  0.000000000000  0.000000000000  0.000000000000  
piranga_lutea_lsu5400 0.011619521953  0.011619521953  0.011619521953  0.013156824664  0.014178249634  0.008563948693  0.009577956581  0.009577956581  0.009577956581  0.009577956581  0.009581890931  0.011103817463  0.006031333027  0.006031333027  0.006031333027  0.006031333027  0.003007266205  0.003007266205  0.003007266205  0.003007266205  0.004013890879  0.004013890879  0.004013890879  0.002504800772  0.002505677042  0.002505677042  0.000000000000  0.000000000000  0.000000000000  0.000000000000  
piranga_rubra_ku26592 0.011619521953  0.011619521953  0.011619521953  0.013156824664  0.014178249634  0.008563948693  0.009577956581  0.009577956581  0.009577956581  0.009577956581  0.009581890931  0.011103817463  0.006031333027  0.006031333027  0.006031333027  0.006031333027  0.003007266205  0.003007266205  0.003007266205  0.003007266205  0.004013890879  0.004013890879  0.004013890879  0.002504800772  0.002505677042  0.002505677042  0.000000000000  0.000000000000  0.000000000000  0.000000000000  

