30
cardinalis_cardinalis_ku21828 0.000000000000  0.001001077152  0.014137749500  0.013118486079  0.019277401079  0.018245231856  0.014655639614  0.023908280994  0.015674791318  0.014141331338  0.013124021993  0.018743929571  0.018746466859  0.018746466859  0.017209016612  0.017720253111  0.014652892138  0.016184964694  0.015674791318  0.015674791318  0.018752866374  0.018752866374  0.022345549303  0.018746466859  0.018746466859  0.023381381569  0.020287155652  0.020290167406  0.023893837372  0.019771477575  
cardinalis_cardinalis_ku25393 0.001001077152  0.000000000000  0.013627351345  0.012608907616  0.018761029987  0.017730005417  0.014143777470  0.023388877820  0.015162404430  0.013630332880  0.012613545439  0.018229657792  0.018231890533  0.018231890533  0.016695537339  0.017206509941  0.014141331338  0.015672315032  0.015162404430  0.015162404430  0.018237679870  0.018237679870  0.021828497440  0.018231890533  0.018231890533  0.022863176918  0.019771477575  0.019774183113  0.023375673120  0.019256370923  
piranga_roseogularis_ku2049 0.014137749500  0.013627351345  0.000000000000  0.001000711877  0.013126738266  0.012105745645  0.008551201442  0.017211963223  0.009563032060  0.008044229644  0.007034209351  0.012608233179  0.012608907616  0.012608907616  0.011084384539  0.011591937829  0.008550299165  0.010069537621  0.009563032060  0.009563032060  0.012611564119  0.012611564119  0.016178241296  0.012608907616  0.012608907616  0.017202817923  0.014136614539  0.014137749500  0.017713421260  0.013626516007  
piranga_roseogularis_ku2141 0.013118486079  0.012608907616  0.001000711877  0.000000000000  0.012108296607  0.011088944000  0.007539766981  0.016187743609  0.008550299165  0.007033759906  0.006025032919  0.011591423454  0.011591937829  0.011591937829  0.010069537621  0.010576437587  0.007539023568  0.009056154106  0.008550299165  0.008550299165  0.011594270992  0.011594270992  0.015156337468  0.011591937829  0.011591937829  0.016179262555  0.013117512980  0.013118486079  0.016689364914  0.012608233179  
piranga_erythrocephala_fmnh343370 0.019277401079  0.018761029987  0.013126738266  0.012108296607  0.000000000000  0.001001077152  0.007547036389  0.016194616505  0.008556492782  0.007038133809  0.012118550831  0.017730005417  0.017734135797  0.017734135797  0.016198709750  0.016708743121  0.013645416052  0.015175475681  0.014666500587  0.014666500587  0.017743713765  0.017743713765  0.021327927591  0.017734135797  0.017734135797  0.022364539260  0.019272792272  0.019277401079  0.022874161992  0.018756727854  
piranga_erythrocephala_fmnh343371 0.018245231856  0.017730005417  0.012105745645  0.011088944000  0.001001077152  0.000000000000  0.006534114314  0.015681057884  0.007542543263  0.006026902875  0.011097401351  0.016701262553  0.016704783602  0.016704783602  0.015171552513  0.015681057884  0.012622097243  0.014149978307  0.013641528966  0.013641528966  0.016713140741  0.016713140741  0.020293622396  0.016704783602  0.016704783602  0.021327927591  0.018241235718  0.018245231856  0.021837631151  0.017726314596  
piranga_leucoptera_lsu7783 0.014655639614  0.014143777470  0.008551201442  0.007539766981  0.007547036389  0.006534114314  0.000000000000  0.011091330506  0.003007095838  0.001501770964  0.007544575402  0.013121740957  0.013124021993  0.013124021993  0.011598340893  0.012105745645  0.009061807365  0.010582193065  0.010075835556  0.010075835556  0.013129889410  0.013129889410  0.016695537339  0.013124021993  0.013124021993  0.017723063703  0.014652892138  0.014655639614  0.018231890533  0.014141331338  
piranga_leucoptera_fmnh481795 0.023908280994  0.023388877820  0.017211963223  0.016187743609  0.016194616505  0.015681057884  0.011091330506  0.000000000000  0.011601026199  0.010075835556  0.016704783602  0.022351809296  0.022355607664  0.022355607664  0.020810487326  0.021323857394  0.018241235718  0.019780922430  0.019268624481  0.019268624481  0.022364539260  0.022364539260  0.025972289652  0.022355607664  0.022355607664  0.027015011150  0.023903999298  0.023908280994  0.027528355920  0.023384906409  
piranga_rubriceps_lsu265 0.015674791318  0.015162404430  0.009563032060  0.008550299165  0.008556492782  0.007542543263  0.003007095838  0.011601026199  0.000000000000  0.001501770964  0.008554298617  0.014139321891  0.014141331338  0.014141331338  0.012613545439  0.013121740957  0.010073612654  0.011596089035  0.011088944000  0.011088944000  0.014146659915  0.014146659915  0.017717883194  0.014141331338  0.014141331338  0.018746466859  0.015672315032  0.015674791318  0.019256370923  0.015160230106  
piranga_rubriceps_lsu34818 0.014141331338  0.013630332880  0.008044229644  0.007033759906  0.007038133809  0.006026902875  0.001501770964  0.010075835556  0.001501770964  0.000000000000  0.007036396668  0.012610018054  0.012611564119  0.012611564119  0.011086990591  0.011594270992  0.008552534715  0.010071821786  0.009565588054  0.009565588054  0.012615961645  0.012615961645  0.016180723793  0.012611564119  0.012611564119  0.017206509941  0.014139321891  0.014141331338  0.017715954327  0.013628623761  
piranga_olivacea_ku4672 0.013124021993  0.012613545439  0.007034209351  0.006025032919  0.012118550831  0.011097401351  0.007544575402  0.016704783602  0.008554298617  0.007036396668  0.000000000000  0.005520827064  0.005520827002  0.005520827002  0.004011016593  0.004513897447  0.001501539929  0.003006168167  0.002504315814  0.002504315814  0.005522111141  0.005522111141  0.009055820065  0.005520827002  0.005520827002  0.010069537621  0.007033759906  0.007034209351  0.010576082438  0.006529044834  
piranga_flava_ku90809 0.018743929571  0.018229657792  0.012608233179  0.011591423454  0.017730005417  0.016701262553  0.013121740957  0.022351809296  0.014139321891  0.012610018054  0.005520827064  0.000000000000  0.003006419471  0.004011016593  0.002504315814  0.003006168167  0.004011036035  0.006529318346  0.006024877162  0.006024877162  0.009056154106  0.009056154106  0.012608193817  0.009055918475  0.009055918475  0.013626118125  0.010576161524  0.010576082438  0.014135838014  0.010069360868  
piranga_lutea_ku89864 0.018746466859  0.018231890533  0.012608907616  0.011591937829  0.017734135797  0.016704783602  0.013124021993  0.022355607664  0.014141331338  0.012611564119  0.005520827002  0.003006419471  0.000000000000  0.004011423615  0.002504701879  0.003006419471  0.004011016593  0.006529044834  0.006024740582  0.006024740582  0.009056920226  0.009056920226  0.012607995120  0.009055820065  0.009055820065  0.013626516007  0.010576082438  0.010576437587  0.014135658417  0.010068986022  
piranga_flava_lsu15408 0.018746466859  0.018231890533  0.012608907616  0.011591937829  0.017734135797  0.016704783602  0.013124021993  0.022355607664  0.014141331338  0.012611564119  0.005520827002  0.004011016593  0.004011423615  0.000000000000  0.002504701879  0.003006419471  0.004011016593  0.006529044834  0.006024740582  0.006024740582  0.009056920226  0.009056920226  0.012607995120  0.009055820065  0.009055820065  0.013626516007  0.010576082438  0.010576437587  0.014135658417  0.010068986022  
piranga_hepatica_ku4970 0.017209016612  0.016695537339  0.011084384539  0.010069537621  0.016198709750  0.015171552513  0.011598340893  0.020810487326  0.012613545439  0.011086990591  0.004011016593  0.002504315814  0.002504701879  0.002504701879  0.000000000000  0.001501770964  0.002504315814  0.005017167382  0.004513897447  0.004513897447  0.007539766981  0.007539766981  0.011083515317  0.007538710464  0.007538710464  0.012099887148  0.009055820065  0.009056154106  0.012607995120  0.008549789073  
piranga_lutea_lsu5400 0.017720253111  0.017206509941  0.011591937829  0.010576437587  0.016708743121  0.015681057884  0.012105745645  0.021323857394  0.013121740957  0.011594270992  0.004513897447  0.003006168167  0.003006419471  0.003006419471  0.001501770964  0.000000000000  0.003006168167  0.005520827064  0.005017167382  0.005017167382  0.008044837014  0.008044837014  0.011591344382  0.008044053294  0.008044053294  0.012608233179  0.009562205762  0.009562402513  0.013116877343  0.009055918475  
piranga_hepatica_ku9084 0.014652892138  0.014141331338  0.008550299165  0.007539023568  0.013645416052  0.012622097243  0.009061807365  0.018241235718  0.010073612654  0.008552534715  0.001501539929  0.004011036035  0.004011016593  0.004011016593  0.002504315814  0.003006168167  0.000000000000  0.002504354477  0.002002753910  0.002002753910  0.005017866973  0.005017866973  0.008549789073  0.005017167382  0.005017167382  0.009562402513  0.006529044834  0.006529200948  0.010068986022  0.006024877162  
piranga_olivacea_ku2699 0.016184964694  0.015672315032  0.010069537621  0.009056154106  0.015175475681  0.014149978307  0.010582193065  0.019780922430  0.011596089035  0.010071821786  0.003006168167  0.006529318346  0.006529044834  0.006529044834  0.005017167382  0.005520827064  0.002504354477  0.000000000000  0.000500192292  0.000500192292  0.003509066053  0.003509066053  0.007033740429  0.003508408020  0.003508408020  0.008044229644  0.005017167382  0.005017303425  0.008549789073  0.004514052876  
piranga_ludoviciana_sdsu2208 0.015674791318  0.015162404430  0.009563032060  0.008550299165  0.014666500587  0.013641528966  0.010075835556  0.019268624481  0.011088944000  0.009565588054  0.002504315814  0.006024877162  0.006024740582  0.006024740582  0.004513897447  0.005017167382  0.002002753910  0.000500192292  0.000000000000  0.000000000000  0.003007095838  0.003007095838  0.006529044834  0.003006168167  0.003006168167  0.007539023568  0.004513897447  0.004514169185  0.008044053294  0.004011036035  
piranga_ludoviciana_sdsu2648 0.015674791318  0.015162404430  0.009563032060  0.008550299165  0.014666500587  0.013641528966  0.010075835556  0.019268624481  0.011088944000  0.009565588054  0.002504315814  0.006024877162  0.006024740582  0.006024740582  0.004513897447  0.005017167382  0.002002753910  0.000500192292  0.000000000000  0.000000000000  0.003007095838  0.003007095838  0.006529044834  0.003006168167  0.003006168167  0.007539023568  0.004513897447  0.004514169185  0.008044053294  0.004011036035  
piranga_bidentata_itm160 0.018752866374  0.018237679870  0.012611564119  0.011594270992  0.017743713765  0.016713140741  0.013129889410  0.022364539260  0.014146659915  0.012615961645  0.005522111141  0.009056154106  0.009056920226  0.009056920226  0.007539766981  0.008044837014  0.005017866973  0.003509066053  0.003007095838  0.003007095838  0.000000000000  0.000000000000  0.009563032060  0.006025753805  0.006025753805  0.010578449091  0.007539766981  0.007540940335  0.011084384539  0.007034209351  
piranga_bidentata_itm141 0.018752866374  0.018237679870  0.012611564119  0.011594270992  0.017743713765  0.016713140741  0.013129889410  0.022364539260  0.014146659915  0.012615961645  0.005522111141  0.009056154106  0.009056920226  0.009056920226  0.007539766981  0.008044837014  0.005017866973  0.003509066053  0.003007095838  0.003007095838  0.000000000000  0.000000000000  0.009563032060  0.006025753805  0.006025753805  0.010578449091  0.007539766981  0.007540940335  0.011084384539  0.007034209351  
piranga_ludoviciana_sdsu2650 0.022345549303  0.021828497440  0.016178241296  0.015156337468  0.021327927591  0.020293622396  0.016695537339  0.025972289652  0.017717883194  0.016180723793  0.009055820065  0.012608193817  0.012607995120  0.012607995120  0.011083515317  0.011591344382  0.008549789073  0.007033740429  0.006529044834  0.006529044834  0.009563032060  0.009563032060  0.000000000000  0.003508408020  0.003508408020  0.009055820065  0.006024877162  0.006024740582  0.009562442180  0.005521255705  
piranga_bidentata_tepe59 0.018746466859  0.018231890533  0.012608907616  0.011591937829  0.017734135797  0.016704783602  0.013124021993  0.022355607664  0.014141331338  0.012611564119  0.005520827002  0.009055918475  0.009055820065  0.009055820065  0.007538710464  0.008044053294  0.005017167382  0.003508408020  0.003006168167  0.003006168167  0.006025753805  0.006025753805  0.003508408020  0.000000000000  0.000000000000  0.005520827002  0.002504354477  0.002504315814  0.006024877162  0.002003081914  
piranga_bidentata_hgoslp104 0.018746466859  0.018231890533  0.012608907616  0.011591937829  0.017734135797  0.016704783602  0.013124021993  0.022355607664  0.014141331338  0.012611564119  0.005520827002  0.009055918475  0.009055820065  0.009055820065  0.007538710464  0.008044053294  0.005017167382  0.003508408020  0.003006168167  0.003006168167  0.006025753805  0.006025753805  0.003508408020  0.000000000000  0.000000000000  0.005520827002  0.002504354477  0.002504315814  0.006024877162  0.002003081914  
piranga_ludoviciana_sdsu2385 0.023381381569  0.022863176918  0.017202817923  0.016179262555  0.022364539260  0.021327927591  0.017723063703  0.027015011150  0.018746466859  0.017206509941  0.010069537621  0.013626118125  0.013626516007  0.013626516007  0.012099887148  0.012608233179  0.009562402513  0.008044229644  0.007539023568  0.007539023568  0.010578449091  0.010578449091  0.009055820065  0.005520827002  0.005520827002  0.000000000000  0.005017866973  0.005018857660  0.008550299165  0.004514169185  
piranga_rubra_sdsu2635 0.020287155652  0.019771477575  0.014136614539  0.013117512980  0.019272792272  0.018241235718  0.014652892138  0.023903999298  0.015672315032  0.014139321891  0.007033759906  0.010576161524  0.010576082438  0.010576082438  0.009055820065  0.009562205762  0.006529044834  0.005017167382  0.004513897447  0.004513897447  0.007539766981  0.007539766981  0.006024877162  0.002504354477  0.002504354477  0.005017866973  0.000000000000  0.002003370719  0.005520827002  0.001501539929  
piranga_rubra_sdsu2654 0.020290167406  0.019774183113  0.014137749500  0.013118486079  0.019277401079  0.018245231856  0.014655639614  0.023908280994  0.015674791318  0.014141331338  0.007034209351  0.010576082438  0.010576437587  0.010576437587  0.009056154106  0.009562402513  0.006529200948  0.005017303425  0.004514169185  0.004514169185  0.007540940335  0.007540940335  0.006024740582  0.002504315814  0.002504315814  0.005018857660  0.002003370719  0.000000000000  0.005521255150  0.001501770964  
piranga_rubra_ku7046 0.023893837372  0.023375673120  0.017713421260  0.016689364914  0.022874161992  0.021837631151  0.018231890533  0.027528355920  0.019256370923  0.017715954327  0.010576082438  0.014135838014  0.014135658417  0.014135658417  0.012607995120  0.013116877343  0.010068986022  0.008549789073  0.008044053294  0.008044053294  0.011084384539  0.011084384539  0.009562442180  0.006024877162  0.006024877162  0.008550299165  0.005520827002  0.005521255150  0.000000000000  0.005017167382  
piranga_rubra_ku26592 0.019771477575  0.019256370923  0.013626516007  0.012608233179  0.018756727854  0.017726314596  0.014141331338  0.023384906409  0.015160230106  0.013628623761  0.006529044834  0.010069360868  0.010068986022  0.010068986022  0.008549789073  0.009055918475  0.006024877162  0.004514052876  0.004011036035  0.004011036035  0.007034209351  0.007034209351  0.005521255705  0.002003081914  0.002003081914  0.004514169185  0.001501539929  0.001501770964  0.005017167382  0.000000000000  

