30
cardinalis_cardinalis_ku21828 0.000000000000  0.000000000000  0.001001099400  0.001001099400  0.001001099400  0.002506886399  0.002506886399  0.006039870988  0.006039870988  0.001502475464  0.001502475464  0.008071092265  0.008071092265  0.009090110030  0.008071092265  0.008071092265  0.008580316162  0.008580316162  0.008071092265  0.008071092265  0.008071092265  0.010616748803  0.009084866243  0.009084866243  0.006546827690  0.006546827690  0.006546827690  0.006546827690  0.006546827690  0.006546827690  
cardinalis_cardinalis_ku25393 0.000000000000  0.000000000000  0.001001099400  0.001001099400  0.001001099400  0.002506886399  0.002506886399  0.006039870988  0.006039870988  0.001502475464  0.001502475464  0.008071092265  0.008071092265  0.009090110030  0.008071092265  0.008071092265  0.008580316162  0.008580316162  0.008071092265  0.008071092265  0.008071092265  0.010616748803  0.009084866243  0.009084866243  0.006546827690  0.006546827690  0.006546827690  0.006546827690  0.006546827690  0.006546827690  
piranga_ludoviciana_sdsu2208 0.001001099400  0.001001099400  0.000000000000  0.000000000000  0.000000000000  0.001502475464  0.001502475464  0.005027647276  0.005027647276  0.000500274649  0.000500274649  0.007054349295  0.007054349295  0.008071092265  0.007054349295  0.007054349295  0.007562437066  0.007562437066  0.007054349295  0.007054349295  0.007054349295  0.009594921501  0.008066466119  0.008066466119  0.005533477934  0.005533477934  0.005533477934  0.005533477934  0.005533477934  0.005533477934  
piranga_roseogularis_ku2141 0.001001099400  0.001001099400  0.000000000000  0.000000000000  0.000000000000  0.001502475464  0.001502475464  0.005027647276  0.005027647276  0.000500274649  0.000500274649  0.007054349295  0.007054349295  0.008071092265  0.007054349295  0.007054349295  0.007562437066  0.007562437066  0.007054349295  0.007054349295  0.007054349295  0.009594921501  0.008066466119  0.008066466119  0.005533477934  0.005533477934  0.005533477934  0.005533477934  0.005533477934  0.005533477934  
piranga_roseogularis_ku2049 0.001001099400  0.001001099400  0.000000000000  0.000000000000  0.000000000000  0.001502475464  0.001502475464  0.005027647276  0.005027647276  0.000500274649  0.000500274649  0.007054349295  0.007054349295  0.008071092265  0.007054349295  0.007054349295  0.007562437066  0.007562437066  0.007054349295  0.007054349295  0.007054349295  0.009594921501  0.008066466119  0.008066466119  0.005533477934  0.005533477934  0.005533477934  0.005533477934  0.005533477934  0.005533477934  
piranga_leucoptera_fmnh481795 0.002506886399  0.002506886399  0.001502475464  0.001502475464  0.001502475464  0.000000000000  0.000000000000  0.006546827690  0.006546827690  0.002004404057  0.002004404057  0.008580316162  0.008580316162  0.009600475147  0.008580316162  0.008580316162  0.008071092265  0.008071092265  0.008580316162  0.008580316162  0.008580316162  0.011128523420  0.009594921501  0.009594921501  0.007054349295  0.007054349295  0.007054349295  0.007054349295  0.007054349295  0.007054349295  
piranga_leucoptera_lsu7783 0.002506886399  0.002506886399  0.001502475464  0.001502475464  0.001502475464  0.000000000000  0.000000000000  0.006546827690  0.006546827690  0.002004404057  0.002004404057  0.008580316162  0.008580316162  0.009600475147  0.008580316162  0.008580316162  0.008071092265  0.008071092265  0.008580316162  0.008580316162  0.008580316162  0.011128523420  0.009594921501  0.009594921501  0.007054349295  0.007054349295  0.007054349295  0.007054349295  0.007054349295  0.007054349295  
piranga_erythrocephala_fmnh343371 0.006039870988  0.006039870988  0.005027647276  0.005027647276  0.005027647276  0.006546827690  0.006546827690  0.000000000000  0.000000000000  0.005533477934  0.005533477934  0.012160914463  0.012160914463  0.013189134120  0.012160914463  0.012160914463  0.012674734136  0.012674734136  0.012160914463  0.012160914463  0.012160914463  0.014727138214  0.013181391859  0.013181391859  0.010622924256  0.010622924256  0.010622924256  0.010622924256  0.010622924256  0.010622924256  
piranga_erythrocephala_fmnh343370 0.006039870988  0.006039870988  0.005027647276  0.005027647276  0.005027647276  0.006546827690  0.006546827690  0.000000000000  0.000000000000  0.005533477934  0.005533477934  0.012160914463  0.012160914463  0.013189134120  0.012160914463  0.012160914463  0.012674734136  0.012674734136  0.012160914463  0.012160914463  0.012160914463  0.014727138214  0.013181391859  0.013181391859  0.010622924256  0.010622924256  0.010622924256  0.010622924256  0.010622924256  0.010622924256  
piranga_rubriceps_lsu265 0.001502475464  0.001502475464  0.000500274649  0.000500274649  0.000500274649  0.002004404057  0.002004404057  0.005533477934  0.005533477934  0.000000000000  0.000000000000  0.007562437066  0.007562437066  0.008580316162  0.007562437066  0.007562437066  0.008071092265  0.008071092265  0.007562437066  0.007562437066  0.007562437066  0.010105548593  0.008575381541  0.008575381541  0.006039870988  0.006039870988  0.006039870988  0.006039870988  0.006039870988  0.006039870988  
piranga_rubriceps_lsu34818 0.001502475464  0.001502475464  0.000500274649  0.000500274649  0.000500274649  0.002004404057  0.002004404057  0.005533477934  0.005533477934  0.000000000000  0.000000000000  0.007562437066  0.007562437066  0.008580316162  0.007562437066  0.007562437066  0.008071092265  0.008071092265  0.007562437066  0.007562437066  0.007562437066  0.010105548593  0.008575381541  0.008575381541  0.006039870988  0.006039870988  0.006039870988  0.006039870988  0.006039870988  0.006039870988  
piranga_ludoviciana_sdsu2648 0.008071092265  0.008071092265  0.007054349295  0.007054349295  0.007054349295  0.008580316162  0.008580316162  0.012160914463  0.012160914463  0.007562437066  0.007562437066  0.000000000000  0.000000000000  0.001001099400  0.000000000000  0.000000000000  0.000500274649  0.000500274649  0.000000000000  0.000000000000  0.000000000000  0.003511636646  0.002003426567  0.002003426567  0.001502475464  0.001502475464  0.001502475464  0.001502475464  0.001502475464  0.001502475464  
piranga_bidentata_itm141 0.008071092265  0.008071092265  0.007054349295  0.007054349295  0.007054349295  0.008580316162  0.008580316162  0.012160914463  0.012160914463  0.007562437066  0.007562437066  0.000000000000  0.000000000000  0.001001099400  0.000000000000  0.000000000000  0.000500274649  0.000500274649  0.000000000000  0.000000000000  0.000000000000  0.003511636646  0.002003426567  0.002003426567  0.001502475464  0.001502475464  0.001502475464  0.001502475464  0.001502475464  0.001502475464  
piranga_lutea_lsu5400 0.009090110030  0.009090110030  0.008071092265  0.008071092265  0.008071092265  0.009600475147  0.009600475147  0.013189134120  0.013189134120  0.008580316162  0.008580316162  0.001001099400  0.001001099400  0.000000000000  0.001001099400  0.001001099400  0.001502475464  0.001502475464  0.001001099400  0.001001099400  0.001001099400  0.004519891798  0.003008344829  0.003008344829  0.002506886399  0.002506886399  0.002506886399  0.002506886399  0.002506886399  0.002506886399  
piranga_hepatica_ku4970 0.008071092265  0.008071092265  0.007054349295  0.007054349295  0.007054349295  0.008580316162  0.008580316162  0.012160914463  0.012160914463  0.007562437066  0.007562437066  0.000000000000  0.000000000000  0.001001099400  0.000000000000  0.000000000000  0.000500274649  0.000500274649  0.000000000000  0.000000000000  0.000000000000  0.003511636646  0.002003426567  0.002003426567  0.001502475464  0.001502475464  0.001502475464  0.001502475464  0.001502475464  0.001502475464  
piranga_ludoviciana_sdsu2650 0.008071092265  0.008071092265  0.007054349295  0.007054349295  0.007054349295  0.008580316162  0.008580316162  0.012160914463  0.012160914463  0.007562437066  0.007562437066  0.000000000000  0.000000000000  0.001001099400  0.000000000000  0.000000000000  0.000500274649  0.000500274649  0.000000000000  0.000000000000  0.000000000000  0.003511636646  0.002003426567  0.002003426567  0.001502475464  0.001502475464  0.001502475464  0.001502475464  0.001502475464  0.001502475464  
piranga_flava_ku90809 0.008580316162  0.008580316162  0.007562437066  0.007562437066  0.007562437066  0.008071092265  0.008071092265  0.012674734136  0.012674734136  0.008071092265  0.008071092265  0.000500274649  0.000500274649  0.001502475464  0.000500274649  0.000500274649  0.000000000000  0.000000000000  0.000500274649  0.000500274649  0.000500274649  0.004015485225  0.002505608544  0.002505608544  0.002004404057  0.002004404057  0.002004404057  0.002004404057  0.002004404057  0.002004404057  
piranga_flava_lsu15408 0.008580316162  0.008580316162  0.007562437066  0.007562437066  0.007562437066  0.008071092265  0.008071092265  0.012674734136  0.012674734136  0.008071092265  0.008071092265  0.000500274649  0.000500274649  0.001502475464  0.000500274649  0.000500274649  0.000000000000  0.000000000000  0.000500274649  0.000500274649  0.000500274649  0.004015485225  0.002505608544  0.002505608544  0.002004404057  0.002004404057  0.002004404057  0.002004404057  0.002004404057  0.002004404057  
piranga_hepatica_ku9084 0.008071092265  0.008071092265  0.007054349295  0.007054349295  0.007054349295  0.008580316162  0.008580316162  0.012160914463  0.012160914463  0.007562437066  0.007562437066  0.000000000000  0.000000000000  0.001001099400  0.000000000000  0.000000000000  0.000500274649  0.000500274649  0.000000000000  0.000000000000  0.000000000000  0.003511636646  0.002003426567  0.002003426567  0.001502475464  0.001502475464  0.001502475464  0.001502475464  0.001502475464  0.001502475464  
piranga_lutea_ku89864 0.008071092265  0.008071092265  0.007054349295  0.007054349295  0.007054349295  0.008580316162  0.008580316162  0.012160914463  0.012160914463  0.007562437066  0.007562437066  0.000000000000  0.000000000000  0.001001099400  0.000000000000  0.000000000000  0.000500274649  0.000500274649  0.000000000000  0.000000000000  0.000000000000  0.003511636646  0.002003426567  0.002003426567  0.001502475464  0.001502475464  0.001502475464  0.001502475464  0.001502475464  0.001502475464  
piranga_ludoviciana_sdsu2385 0.008071092265  0.008071092265  0.007054349295  0.007054349295  0.007054349295  0.008580316162  0.008580316162  0.012160914463  0.012160914463  0.007562437066  0.007562437066  0.000000000000  0.000000000000  0.001001099400  0.000000000000  0.000000000000  0.000500274649  0.000500274649  0.000000000000  0.000000000000  0.000000000000  0.003511636646  0.002003426567  0.002003426567  0.001502475464  0.001502475464  0.001502475464  0.001502475464  0.001502475464  0.001502475464  
piranga_bidentata_tepe59 0.010616748803  0.010616748803  0.009594921501  0.009594921501  0.009594921501  0.011128523420  0.011128523420  0.014727138214  0.014727138214  0.010105548593  0.010105548593  0.003511636646  0.003511636646  0.004519891798  0.003511636646  0.003511636646  0.004015485225  0.004015485225  0.003511636646  0.003511636646  0.003511636646  0.000000000000  0.001502475464  0.001502475464  0.005024857604  0.005024857604  0.005024857604  0.005024857604  0.005024857604  0.005024857604  
piranga_bidentata_hgoslp104 0.009084866243  0.009084866243  0.008066466119  0.008066466119  0.008066466119  0.009594921501  0.009594921501  0.013181391859  0.013181391859  0.008575381541  0.008575381541  0.002003426567  0.002003426567  0.003008344829  0.002003426567  0.002003426567  0.002505608544  0.002505608544  0.002003426567  0.002003426567  0.002003426567  0.001502475464  0.000000000000  0.000000000000  0.003511636646  0.003511636646  0.003511636646  0.003511636646  0.003511636646  0.003511636646  
piranga_bidentata_itm160 0.009084866243  0.009084866243  0.008066466119  0.008066466119  0.008066466119  0.009594921501  0.009594921501  0.013181391859  0.013181391859  0.008575381541  0.008575381541  0.002003426567  0.002003426567  0.003008344829  0.002003426567  0.002003426567  0.002505608544  0.002505608544  0.002003426567  0.002003426567  0.002003426567  0.001502475464  0.000000000000  0.000000000000  0.003511636646  0.003511636646  0.003511636646  0.003511636646  0.003511636646  0.003511636646  
piranga_olivacea_ku4672 0.006546827690  0.006546827690  0.005533477934  0.005533477934  0.005533477934  0.007054349295  0.007054349295  0.010622924256  0.010622924256  0.006039870988  0.006039870988  0.001502475464  0.001502475464  0.002506886399  0.001502475464  0.001502475464  0.002004404057  0.002004404057  0.001502475464  0.001502475464  0.001502475464  0.005024857604  0.003511636646  0.003511636646  0.000000000000  0.000000000000  0.000000000000  0.000000000000  0.000000000000  0.000000000000  
piranga_rubra_sdsu2654 0.006546827690  0.006546827690  0.005533477934  0.005533477934  0.005533477934  0.007054349295  0.007054349295  0.010622924256  0.010622924256  0.006039870988  0.006039870988  0.001502475464  0.001502475464  0.002506886399  0.001502475464  0.001502475464  0.002004404057  0.002004404057  0.001502475464  0.001502475464  0.001502475464  0.005024857604  0.003511636646  0.003511636646  0.000000000000  0.000000000000  0.000000000000  0.000000000000  0.000000000000  0.000000000000  
piranga_olivacea_ku2699 0.006546827690  0.006546827690  0.005533477934  0.005533477934  0.005533477934  0.007054349295  0.007054349295  0.010622924256  0.010622924256  0.006039870988  0.006039870988  0.001502475464  0.001502475464  0.002506886399  0.001502475464  0.001502475464  0.002004404057  0.002004404057  0.001502475464  0.001502475464  0.001502475464  0.005024857604  0.003511636646  0.003511636646  0.000000000000  0.000000000000  0.000000000000  0.000000000000  0.000000000000  0.000000000000  
piranga_rubra_sdsu2635 0.006546827690  0.006546827690  0.005533477934  0.005533477934  0.005533477934  0.007054349295  0.007054349295  0.010622924256  0.010622924256  0.006039870988  0.006039870988  0.001502475464  0.001502475464  0.002506886399  0.001502475464  0.001502475464  0.002004404057  0.002004404057  0.001502475464  0.001502475464  0.001502475464  0.005024857604  0.003511636646  0.003511636646  0.000000000000  0.000000000000  0.000000000000  0.000000000000  0.000000000000  0.000000000000  
piranga_rubra_ku7046 0.006546827690  0.006546827690  0.005533477934  0.005533477934  0.005533477934  0.007054349295  0.007054349295  0.010622924256  0.010622924256  0.006039870988  0.006039870988  0.001502475464  0.001502475464  0.002506886399  0.001502475464  0.001502475464  0.002004404057  0.002004404057  0.001502475464  0.001502475464  0.001502475464  0.005024857604  0.003511636646  0.003511636646  0.000000000000  0.000000000000  0.000000000000  0.000000000000  0.000000000000  0.000000000000  
piranga_rubra_ku26592 0.006546827690  0.006546827690  0.005533477934  0.005533477934  0.005533477934  0.007054349295  0.007054349295  0.010622924256  0.010622924256  0.006039870988  0.006039870988  0.001502475464  0.001502475464  0.002506886399  0.001502475464  0.001502475464  0.002004404057  0.002004404057  0.001502475464  0.001502475464  0.001502475464  0.005024857604  0.003511636646  0.003511636646  0.000000000000  0.000000000000  0.000000000000  0.000000000000  0.000000000000  0.000000000000  

