30
cardinalis_cardinalis_ku21828 0.000000000000  0.000000000000  0.003006906037  0.004515564075  0.006530151221  0.006530151221  0.011105993171  0.009576917905  0.003006294750  0.004514544206  0.004514544206  0.003006294750  0.003006294750  0.003006294750  0.003006294750  0.004011952185  0.005522799889  0.005522799889  0.005522799889  0.005522799889  0.003006294750  0.005522799889  0.008052648988  0.007039125019  0.004514544206  0.004514544206  0.005521638993  0.010582614396  0.008557414128  0.008050129989  
cardinalis_cardinalis_ku25393 0.000000000000  0.000000000000  0.003006906037  0.004515564075  0.006530151221  0.006530151221  0.011105993171  0.009576917905  0.003006294750  0.004514544206  0.004514544206  0.003006294750  0.003006294750  0.003006294750  0.003006294750  0.004011952185  0.005522799889  0.005522799889  0.005522799889  0.005522799889  0.003006294750  0.005522799889  0.008052648988  0.007039125019  0.004514544206  0.004514544206  0.005521638993  0.010582614396  0.008557414128  0.008050129989  
piranga_leucoptera_lsu7783 0.003006906037  0.003006906037  0.000000000000  0.001501723688  0.003508380535  0.003508380535  0.008058887524  0.006537759077  0.004011952185  0.005522799889  0.005522799889  0.004011952185  0.004011952185  0.004011952185  0.004011952185  0.005019699526  0.006533156300  0.006533156300  0.006533156300  0.006533156300  0.004011952185  0.006533156300  0.009068295720  0.008052648988  0.005522799889  0.005522799889  0.006531453862  0.010582614396  0.009573577205  0.009065229495  
piranga_leucoptera_fmnh481795 0.004515564075  0.004515564075  0.001501723688  0.000000000000  0.005017519033  0.005017519033  0.009580659794  0.008055568290  0.005522799889  0.007037150962  0.007037150962  0.005522799889  0.005522799889  0.005522799889  0.005522799889  0.006533156300  0.008050129989  0.008050129989  0.008050129989  0.008050129989  0.005522799889  0.008050129989  0.010591874126  0.009573577205  0.007037150962  0.007037150962  0.008048011664  0.012108487339  0.011098060446  0.010588384901  
piranga_erythrocephala_fmnh343371 0.006530151221  0.006530151221  0.003508380535  0.005017519033  0.000000000000  0.000000000000  0.011608272243  0.010079244481  0.007540084998  0.009058439889  0.009058439889  0.007540084998  0.007540084998  0.007540084998  0.007540084998  0.008553032753  0.010074023748  0.010074023748  0.010074023748  0.010074023748  0.007540084998  0.010074023748  0.012622327936  0.011601398727  0.009058439889  0.009058439889  0.010072017656  0.014143327765  0.013129938280  0.012618943861  
piranga_erythrocephala_fmnh343370 0.006530151221  0.006530151221  0.003508380535  0.005017519033  0.000000000000  0.000000000000  0.011608272243  0.010079244481  0.007540084998  0.009058439889  0.009058439889  0.007540084998  0.007540084998  0.007540084998  0.007540084998  0.008553032753  0.010074023748  0.010074023748  0.010074023748  0.010074023748  0.007540084998  0.010074023748  0.012622327936  0.011601398727  0.009058439889  0.009058439889  0.010072017656  0.014143327765  0.013129938280  0.012618943861  
piranga_rubriceps_lsu265 0.011105993171  0.011105993171  0.008058887524  0.009580659794  0.011608272243  0.011608272243  0.000000000000  0.001502324737  0.012123340125  0.013654504599  0.013654504599  0.012123340125  0.012123340125  0.012123340125  0.012123340125  0.013147011069  0.014680867828  0.014680867828  0.014680867828  0.014680867828  0.012123340125  0.014680867828  0.017256320289  0.016224497331  0.013654504599  0.013654504599  0.013649755487  0.017747505712  0.016733701630  0.016218346686  
piranga_rubriceps_lsu34818 0.009576917905  0.009576917905  0.006537759077  0.008055568290  0.010079244481  0.010079244481  0.001502324737  0.000000000000  0.010591874126  0.012119021422  0.012119021422  0.010591874126  0.010591874126  0.010591874126  0.010591874126  0.011612313871  0.013142136461  0.013142136461  0.013142136461  0.013142136461  0.010591874126  0.013142136461  0.015709408001  0.014680867828  0.012119021422  0.012119021422  0.012115106143  0.016202333588  0.015189276971  0.014675559884  
piranga_roseogularis_ku2141 0.003006294750  0.003006294750  0.004011952185  0.005522799889  0.007540084998  0.007540084998  0.012123340125  0.010591874126  0.000000000000  0.001501723688  0.001501723688  0.000000000000  0.000000000000  0.000000000000  0.000000000000  0.001001032505  0.002505330566  0.002505330566  0.002505330566  0.002505330566  0.000000000000  0.002505330566  0.005023472745  0.004014646175  0.001501723688  0.001501723688  0.002504590617  0.007543375970  0.005526317838  0.005021387230  
piranga_bidentata_itm160 0.004514544206  0.004514544206  0.005522799889  0.007037150962  0.009058439889  0.009058439889  0.013654504599  0.012119021422  0.001501723688  0.000000000000  0.000000000000  0.001501723688  0.001501723688  0.001501723688  0.001501723688  0.002505330566  0.004013100564  0.004013100564  0.004013100564  0.004013100564  0.001501723688  0.004013100564  0.006537759077  0.005526317838  0.003006906037  0.003006906037  0.004011952185  0.009062564533  0.007041498791  0.006535258162  
piranga_bidentata_itm141 0.004514544206  0.004514544206  0.005522799889  0.007037150962  0.009058439889  0.009058439889  0.013654504599  0.012119021422  0.001501723688  0.000000000000  0.000000000000  0.001501723688  0.001501723688  0.001501723688  0.001501723688  0.002505330566  0.004013100564  0.004013100564  0.004013100564  0.004013100564  0.001501723688  0.004013100564  0.006537759077  0.005526317838  0.003006906037  0.003006906037  0.004011952185  0.009062564533  0.007041498791  0.006535258162  
piranga_olivacea_ku4672 0.003006294750  0.003006294750  0.004011952185  0.005522799889  0.007540084998  0.007540084998  0.012123340125  0.010591874126  0.000000000000  0.001501723688  0.001501723688  0.000000000000  0.000000000000  0.000000000000  0.000000000000  0.001001032505  0.002505330566  0.002505330566  0.002505330566  0.002505330566  0.000000000000  0.002505330566  0.005023472745  0.004014646175  0.001501723688  0.001501723688  0.002504590617  0.007543375970  0.005526317838  0.005021387230  
piranga_ludoviciana_sdsu2385 0.003006294750  0.003006294750  0.004011952185  0.005522799889  0.007540084998  0.007540084998  0.012123340125  0.010591874126  0.000000000000  0.001501723688  0.001501723688  0.000000000000  0.000000000000  0.000000000000  0.000000000000  0.001001032505  0.002505330566  0.002505330566  0.002505330566  0.002505330566  0.000000000000  0.002505330566  0.005023472745  0.004014646175  0.001501723688  0.001501723688  0.002504590617  0.007543375970  0.005526317838  0.005021387230  
piranga_lutea_lsu5400 0.003006294750  0.003006294750  0.004011952185  0.005522799889  0.007540084998  0.007540084998  0.012123340125  0.010591874126  0.000000000000  0.001501723688  0.001501723688  0.000000000000  0.000000000000  0.000000000000  0.000000000000  0.001001032505  0.002505330566  0.002505330566  0.002505330566  0.002505330566  0.000000000000  0.002505330566  0.005023472745  0.004014646175  0.001501723688  0.001501723688  0.002504590617  0.007543375970  0.005526317838  0.005021387230  
piranga_olivacea_ku2699 0.003006294750  0.003006294750  0.004011952185  0.005522799889  0.007540084998  0.007540084998  0.012123340125  0.010591874126  0.000000000000  0.001501723688  0.001501723688  0.000000000000  0.000000000000  0.000000000000  0.000000000000  0.001001032505  0.002505330566  0.002505330566  0.002505330566  0.002505330566  0.000000000000  0.002505330566  0.005023472745  0.004014646175  0.001501723688  0.001501723688  0.002504590617  0.007543375970  0.005526317838  0.005021387230  
piranga_hepatica_ku9084 0.004011952185  0.004011952185  0.005019699526  0.006533156300  0.008553032753  0.008553032753  0.013147011069  0.011612313871  0.001001032505  0.002505330566  0.002505330566  0.001001032505  0.001001032505  0.001001032505  0.001001032505  0.000000000000  0.003511018825  0.003511018825  0.003511018825  0.003511018825  0.001001032505  0.003511018825  0.006034402425  0.005023472745  0.002505330566  0.002505330566  0.003509742326  0.008050129989  0.006537759077  0.006031774754  
piranga_ludoviciana_sdsu2648 0.005522799889  0.005522799889  0.006533156300  0.008050129989  0.010074023748  0.010074023748  0.014680867828  0.013142136461  0.002505330566  0.004013100564  0.004013100564  0.002505330566  0.002505330566  0.002505330566  0.002505330566  0.003511018825  0.000000000000  0.000000000000  0.000000000000  0.001001032505  0.002505330566  0.005021387230  0.007551314355  0.006537759077  0.004013100564  0.004013100564  0.005019699526  0.010079244481  0.008055568290  0.007548268465  
piranga_bidentata_hgoslp104 0.005522799889  0.005522799889  0.006533156300  0.008050129989  0.010074023748  0.010074023748  0.014680867828  0.013142136461  0.002505330566  0.004013100564  0.004013100564  0.002505330566  0.002505330566  0.002505330566  0.002505330566  0.003511018825  0.000000000000  0.000000000000  0.000000000000  0.001001032505  0.002505330566  0.005021387230  0.007551314355  0.006537759077  0.004013100564  0.004013100564  0.005019699526  0.010079244481  0.008055568290  0.007548268465  
piranga_roseogularis_ku2049 0.005522799889  0.005522799889  0.006533156300  0.008050129989  0.010074023748  0.010074023748  0.014680867828  0.013142136461  0.002505330566  0.004013100564  0.004013100564  0.002505330566  0.002505330566  0.002505330566  0.002505330566  0.003511018825  0.000000000000  0.000000000000  0.000000000000  0.001001032505  0.002505330566  0.005021387230  0.007551314355  0.006537759077  0.004013100564  0.004013100564  0.005019699526  0.010079244481  0.008055568290  0.007548268465  
piranga_bidentata_tepe59 0.005522799889  0.005522799889  0.006533156300  0.008050129989  0.010074023748  0.010074023748  0.014680867828  0.013142136461  0.002505330566  0.004013100564  0.004013100564  0.002505330566  0.002505330566  0.002505330566  0.002505330566  0.003511018825  0.001001032505  0.001001032505  0.001001032505  0.000000000000  0.002505330566  0.005021387230  0.007551314355  0.006537759077  0.004013100564  0.004013100564  0.005019699526  0.010079244481  0.008055568290  0.007548268465  
piranga_ludoviciana_sdsu2208 0.003006294750  0.003006294750  0.004011952185  0.005522799889  0.007540084998  0.007540084998  0.012123340125  0.010591874126  0.000000000000  0.001501723688  0.001501723688  0.000000000000  0.000000000000  0.000000000000  0.000000000000  0.001001032505  0.002505330566  0.002505330566  0.002505330566  0.002505330566  0.000000000000  0.002505330566  0.005023472745  0.004014646175  0.001501723688  0.001501723688  0.002504590617  0.007543375970  0.005526317838  0.005021387230  
piranga_hepatica_ku4970 0.005522799889  0.005522799889  0.006533156300  0.008050129989  0.010074023748  0.010074023748  0.014680867828  0.013142136461  0.002505330566  0.004013100564  0.004013100564  0.002505330566  0.002505330566  0.002505330566  0.002505330566  0.003511018825  0.005021387230  0.005021387230  0.005021387230  0.005021387230  0.002505330566  0.000000000000  0.007551314355  0.006537759077  0.004013100564  0.004013100564  0.005019699526  0.010079244481  0.008055568290  0.007548268465  
piranga_flava_lsu15408 0.008052648988  0.008052648988  0.009068295720  0.010591874126  0.012622327936  0.012622327936  0.017256320289  0.015709408001  0.005023472745  0.006537759077  0.006537759077  0.005023472745  0.005023472745  0.005023472745  0.005023472745  0.006034402425  0.007551314355  0.007551314355  0.007551314355  0.007551314355  0.005023472745  0.007551314355  0.000000000000  0.002004135716  0.003512691901  0.003512691901  0.004518797118  0.009576917905  0.007554759516  0.007047444004  
piranga_flava_ku90809 0.007039125019  0.007039125019  0.008052648988  0.009573577205  0.011601398727  0.011601398727  0.016224497331  0.014680867828  0.004014646175  0.005526317838  0.005526317838  0.004014646175  0.004014646175  0.004014646175  0.004014646175  0.005023472745  0.006537759077  0.006537759077  0.006537759077  0.006537759077  0.004014646175  0.006537759077  0.002004135716  0.000000000000  0.002506466517  0.002506466517  0.003511018825  0.008560206453  0.006540658676  0.006034402425  
piranga_lutea_ku89864 0.004514544206  0.004514544206  0.005522799889  0.007037150962  0.009058439889  0.009058439889  0.013654504599  0.012119021422  0.001501723688  0.003006906037  0.003006906037  0.001501723688  0.001501723688  0.001501723688  0.001501723688  0.002505330566  0.004013100564  0.004013100564  0.004013100564  0.004013100564  0.001501723688  0.004013100564  0.003512691901  0.002506466517  0.000000000000  0.000000000000  0.001000698078  0.006027714957  0.004014646175  0.003511018825  
piranga_ludoviciana_sdsu2650 0.004514544206  0.004514544206  0.005522799889  0.007037150962  0.009058439889  0.009058439889  0.013654504599  0.012119021422  0.001501723688  0.003006906037  0.003006906037  0.001501723688  0.001501723688  0.001501723688  0.001501723688  0.002505330566  0.004013100564  0.004013100564  0.004013100564  0.004013100564  0.001501723688  0.004013100564  0.003512691901  0.002506466517  0.000000000000  0.000000000000  0.001000698078  0.006027714957  0.004014646175  0.003511018825  
piranga_rubra_sdsu2635 0.005521638993  0.005521638993  0.006531453862  0.008048011664  0.010072017656  0.010072017656  0.013649755487  0.012115106143  0.002504590617  0.004011952185  0.004011952185  0.002504590617  0.002504590617  0.002504590617  0.002504590617  0.003509742326  0.005019699526  0.005019699526  0.005019699526  0.005019699526  0.002504590617  0.005019699526  0.004518797118  0.003511018825  0.001000698078  0.001000698078  0.000000000000  0.005019699526  0.003009318218  0.002506466517  
piranga_rubra_ku7046 0.010582614396  0.010582614396  0.010582614396  0.012108487339  0.014143327765  0.014143327765  0.017747505712  0.016202333588  0.007543375970  0.009062564533  0.009062564533  0.007543375970  0.007543375970  0.007543375970  0.007543375970  0.008050129989  0.010079244481  0.010079244481  0.010079244481  0.010079244481  0.007543375970  0.010079244481  0.009576917905  0.008560206453  0.006027714957  0.006027714957  0.005019699526  0.000000000000  0.008055568290  0.007548268465  
piranga_rubra_sdsu2654 0.008557414128  0.008557414128  0.009573577205  0.011098060446  0.013129938280  0.013129938280  0.016733701630  0.015189276971  0.005526317838  0.007041498791  0.007041498791  0.005526317838  0.005526317838  0.005526317838  0.005526317838  0.006537759077  0.008055568290  0.008055568290  0.008055568290  0.008055568290  0.005526317838  0.008055568290  0.007554759516  0.006540658676  0.004014646175  0.004014646175  0.003009318218  0.008055568290  0.000000000000  0.000500257949  
piranga_rubra_ku26592 0.008050129989  0.008050129989  0.009065229495  0.010588384901  0.012618943861  0.012618943861  0.016218346686  0.014675559884  0.005021387230  0.006535258162  0.006535258162  0.005021387230  0.005021387230  0.005021387230  0.005021387230  0.006031774754  0.007548268465  0.007548268465  0.007548268465  0.007548268465  0.005021387230  0.007548268465  0.007047444004  0.006034402425  0.003511018825  0.003511018825  0.002506466517  0.007548268465  0.000500257949  0.000000000000  

