30
piranga_rubra_ku26592 0.000000000000  0.004832554262  0.002411818118  0.013038086187  0.006046042957  0.004832554262  0.002468374301  0.004850133261  0.006870627752  0.003620541368  0.004028981242  0.000000000000  0.003620541368  0.004275910553  0.001204998227  0.003013173776  0.002505481174  0.002411818118  0.000000000000  0.003621554284  0.007263255108  0.003620541368  0.009707705978  0.000000000000  0.008483803336  0.009408803679  0.000000000000  0.004832554262  0.002414406323  0.003621554284  
piranga_flava_ku90809 0.004832554262  0.000000000000  0.002315477978  0.013061406304  0.005805861964  0.004643058058  0.002367557354  0.004659283198  0.006870627752  0.003477747354  0.004034282510  0.001486156552  0.003477747354  0.004281882974  0.005802234037  0.001428823216  0.002410357402  0.002315477978  0.001742535155  0.003474812819  0.006975978168  0.001156234097  0.009325474622  0.001396888678  0.008149176959  0.011006729211  0.000000000000  0.004643058058  0.002316527993  0.003474812819  
piranga_ludoviciana_sdsu2385 0.002411818118  0.002315477978  0.000000000000  0.010418542916  0.003474812819  0.002315477978  0.000000000000  0.002323548183  0.006870627752  0.001156234097  0.001340704198  0.000000000000  0.001156234097  0.001422724745  0.003473808523  0.002862245476  0.000000000000  0.000000000000  0.000000000000  0.001155901783  0.004638812191  0.001156234097  0.006975978168  0.000000000000  0.005805861964  0.007834598520  0.000000000000  0.002315477978  0.002316527993  0.001155901783  
piranga_rubriceps_lsu265 0.013038086187  0.013061406304  0.010418542916  0.000000000000  0.007791271301  0.010418542916  0.010682892577  0.010459409120  0.018062504003  0.009102969644  0.009668798534  0.003431993961  0.011738014080  0.012954576731  0.013038086187  0.006595241306  0.010856874876  0.010418542916  0.003651291284  0.011726822872  0.009102969644  0.011738014080  0.002584806466  0.003201271278  0.011726822872  0.014185218214  0.002558354982  0.010418542916  0.013065573836  0.011726822872  
piranga_leucoptera_lsu7783 0.006046042957  0.005805861964  0.003474812819  0.007791271301  0.000000000000  0.003474812819  0.003553004618  0.003486929291  0.009646639146  0.004638812191  0.004034282510  0.002974593786  0.004638812191  0.004281882974  0.006968023384  0.005736509202  0.003617265683  0.003474812819  0.001742535155  0.004636499511  0.002315477978  0.004638812191  0.005802234037  0.002795791997  0.004636499511  0.004684903339  0.000000000000  0.005805861964  0.005808975108  0.004636499511  
cardinalis_cardinalis_ku25393 0.004832554262  0.004643058058  0.002315477978  0.010418542916  0.003474812819  0.000000000000  0.002367557354  0.000000000000  0.009646639146  0.003477747354  0.004034282510  0.001486156552  0.003477747354  0.004281882974  0.005802234037  0.004300296482  0.002410357402  0.002315477978  0.001742535155  0.003474812819  0.004638812191  0.003477747354  0.006975978168  0.001396888678  0.005805861964  0.007834598520  0.000000000000  0.004643058058  0.004644198123  0.003474812819  
piranga_olivacea_ku2699 0.002468374301  0.002367557354  0.000000000000  0.010682892577  0.003553004618  0.002367557354  0.000000000000  0.002367557354  0.007054820229  0.001182205328  0.001340704198  0.000000000000  0.001182205328  0.001462252040  0.003551954523  0.002862245476  0.000000000000  0.000000000000  0.000000000000  0.001181857917  0.004743329210  0.001182205328  0.007133565920  0.000000000000  0.005936843929  0.007834598520  0.000000000000  0.002367557354  0.002368655093  0.001181857917  
cardinalis_cardinalis_ku21828 0.004850133261  0.004659283198  0.002323548183  0.010459409120  0.003486929291  0.000000000000  0.002367557354  0.000000000000  0.009686687816  0.003489884352  0.004034282510  0.001486156552  0.003489884352  0.004300296482  0.005822504349  0.004300296482  0.002410357402  0.002323548183  0.001742535155  0.003486929291  0.004655007593  0.003489884352  0.007000395932  0.001396888678  0.005826157740  0.007834598520  0.000000000000  0.004659283198  0.004660431220  0.003486929291  
piranga_rubra_ku7046 0.006870627752  0.006870627752  0.006870627752  0.018062504003  0.009646639146  0.009646639146  0.007054820229  0.009686687816  0.000000000000  0.008256470400  0.007323486722  0.003712287526  0.008256470400  0.008587349981  0.006870627752  0.003541380488  0.005732969040  0.006870627752  0.003970214215  0.008252249704  0.011041161083  0.005489084361  0.015237452957  0.003443813166  0.013831619586  0.014172389806  0.002558354982  0.009646639146  0.004118869159  0.008252249704  
piranga_bidentata_hgoslp104 0.003620541368  0.003477747354  0.001156234097  0.009102969644  0.004638812191  0.003477747354  0.001182205328  0.003489884352  0.008256470400  0.000000000000  0.000000000000  0.000000000000  0.002315477978  0.002850009295  0.004636499511  0.002862245476  0.001203547953  0.001156234097  0.000000000000  0.002313847943  0.005805861964  0.002315477978  0.005805861964  0.000000000000  0.006975978168  0.009417839468  0.000000000000  0.001156234097  0.003478842276  0.002313847943  
piranga_ludoviciana_sdsu2648 0.004028981242  0.004034282510  0.001340704198  0.009668798534  0.004034282510  0.004034282510  0.001340704198  0.004034282510  0.007323486722  0.000000000000  0.000000000000  0.000000000000  0.002685456860  0.003045289856  0.004028981242  0.003201271278  0.001340704198  0.001340704198  0.000000000000  0.002683264070  0.005387205894  0.002685456860  0.006736757361  0.000000000000  0.008096162462  0.009417839468  0.000000000000  0.001340704198  0.004035754995  0.002683264070  
piranga_roseogularis_ku2049 0.000000000000  0.001486156552  0.000000000000  0.003431993961  0.002974593786  0.001486156552  0.000000000000  0.001486156552  0.003712287526  0.000000000000  0.000000000000  0.000000000000  0.001486156552  0.000000000000  0.001486156552  0.001486156552  0.000000000000  0.000000000000  0.000000000000  0.000000000000  0.004468575219  0.001486156552  0.001486156552  0.000000000000  0.001486156552  0.001965113650  0.000000000000  0.000000000000  0.001486156552  0.000000000000  
piranga_hepatica_ku4970 0.003620541368  0.003477747354  0.001156234097  0.011738014080  0.004638812191  0.003477747354  0.001182205328  0.003489884352  0.008256470400  0.002315477978  0.002685456860  0.001486156552  0.000000000000  0.002850009295  0.004636499511  0.004300296482  0.001203547953  0.001156234097  0.001742535155  0.002313847943  0.005805861964  0.002315477978  0.008149176959  0.001396888678  0.006975978168  0.009417839468  0.002558354982  0.003477747354  0.003478842276  0.002313847943  
piranga_hepatica_ku9084 0.004275910553  0.004281882974  0.001422724745  0.012954576731  0.004281882974  0.004281882974  0.001462252040  0.004300296482  0.008587349981  0.002850009295  0.003045289856  0.000000000000  0.002850009295  0.000000000000  0.004275910553  0.003726120035  0.001488368503  0.001422724745  0.000000000000  0.002847539429  0.005718375386  0.002850009295  0.010043369643  0.001805456672  0.008594871746  0.009417839468  0.000000000000  0.004281882974  0.004283541294  0.002847539429  
piranga_rubra_sdsu2654 0.001204998227  0.005802234037  0.003473808523  0.013038086187  0.006968023384  0.005802234037  0.003551954523  0.005822504349  0.006870627752  0.004636499511  0.004028981242  0.001486156552  0.004636499511  0.004275910553  0.000000000000  0.004300296482  0.003616177183  0.003473808523  0.000000000000  0.004636126282  0.008138566913  0.004636499511  0.010488924800  0.001396888678  0.009312195284  0.009408803679  0.000000000000  0.005802234037  0.003478842276  0.004636126282  
piranga_flava_lsu15408 0.003013173776  0.001428823216  0.002862245476  0.006595241306  0.005736509202  0.004300296482  0.002862245476  0.004300296482  0.003541380488  0.002862245476  0.003201271278  0.001486156552  0.004300296482  0.003726120035  0.004300296482  0.000000000000  0.002874587180  0.002862245476  0.001742535155  0.002862245476  0.007181885470  0.001428823216  0.004300296482  0.002862245476  0.004300296482  0.005632484462  0.000000000000  0.004300296482  0.001428823216  0.002862245476  
piranga_lutea_lsu5400 0.002505481174  0.002410357402  0.000000000000  0.010856874876  0.003617265683  0.002410357402  0.000000000000  0.002410357402  0.005732969040  0.001203547953  0.001340704198  0.000000000000  0.001203547953  0.001488368503  0.003616177183  0.002874587180  0.000000000000  0.000000000000  0.000000000000  0.001203187885  0.004829229747  0.001203547953  0.007263097974  0.000000000000  0.006044501144  0.007834598520  0.000000000000  0.002410357402  0.002411495155  0.001203187885  
piranga_olivacea_ku4672 0.002411818118  0.002315477978  0.000000000000  0.010418542916  0.003474812819  0.002315477978  0.000000000000  0.002323548183  0.006870627752  0.001156234097  0.001340704198  0.000000000000  0.001156234097  0.001422724745  0.003473808523  0.002862245476  0.000000000000  0.000000000000  0.000000000000  0.001155901783  0.004638812191  0.001156234097  0.006975978168  0.000000000000  0.005805861964  0.007834598520  0.000000000000  0.002315477978  0.002316527993  0.001155901783  
piranga_ludoviciana_sdsu2208 0.000000000000  0.001742535155  0.000000000000  0.003651291284  0.001742535155  0.001742535155  0.000000000000  0.001742535155  0.003970214215  0.000000000000  0.000000000000  0.000000000000  0.001742535155  0.000000000000  0.000000000000  0.001742535155  0.000000000000  0.000000000000  0.000000000000  0.000000000000  0.003491915426  0.001742535155  0.001742535155  0.000000000000  0.001742535155  0.002110255091  0.000000000000  0.000000000000  0.001742535155  0.000000000000  
piranga_bidentata_itm160 0.003621554284  0.003474812819  0.001155901783  0.011726822872  0.004636499511  0.003474812819  0.001181857917  0.003486929291  0.008252249704  0.002313847943  0.002683264070  0.000000000000  0.002313847943  0.002847539429  0.004636126282  0.002862245476  0.001203187885  0.001155901783  0.000000000000  0.000000000000  0.005802234037  0.002313847943  0.008142897733  0.000000000000  0.006971028077  0.009408803679  0.000000000000  0.003474812819  0.003477835645  0.000000000000  
piranga_leucoptera_fmnh481795 0.007263255108  0.006975978168  0.004638812191  0.009102969644  0.002315477978  0.004638812191  0.004743329210  0.004655007593  0.011041161083  0.005805861964  0.005387205894  0.004468575219  0.005805861964  0.005718375386  0.008138566913  0.007181885470  0.004829229747  0.004638812191  0.003491915426  0.005802234037  0.000000000000  0.005805861964  0.006971028077  0.004199591579  0.005802234037  0.006256966343  0.002558354982  0.006975978168  0.006979136827  0.005802234037  
piranga_lutea_ku89864 0.003620541368  0.001156234097  0.001156234097  0.011738014080  0.004638812191  0.003477747354  0.001182205328  0.003489884352  0.005489084361  0.002315477978  0.002685456860  0.001486156552  0.002315477978  0.002850009295  0.004636499511  0.001428823216  0.001203547953  0.001156234097  0.001742535155  0.002313847943  0.005805861964  0.000000000000  0.008149176959  0.001396888678  0.006975978168  0.009417839468  0.000000000000  0.003477747354  0.001157239439  0.002313847943  
piranga_rubriceps_lsu34818 0.009707705978  0.009325474622  0.006975978168  0.002584806466  0.005802234037  0.006975978168  0.007133565920  0.007000395932  0.015237452957  0.005805861964  0.006736757361  0.001486156552  0.008149176959  0.010043369643  0.010488924800  0.004300296482  0.007263097974  0.006975978168  0.001742535155  0.008142897733  0.006971028077  0.008149176959  0.000000000000  0.001396888678  0.008142897733  0.010995256512  0.000000000000  0.006975978168  0.009328725034  0.008142897733  
piranga_roseogularis_ku2141 0.000000000000  0.001396888678  0.000000000000  0.003201271278  0.002795791997  0.001396888678  0.000000000000  0.001396888678  0.003443813166  0.000000000000  0.000000000000  0.000000000000  0.001396888678  0.001805456672  0.001396888678  0.002862245476  0.000000000000  0.000000000000  0.000000000000  0.000000000000  0.004199591579  0.001396888678  0.001396888678  0.000000000000  0.004203880119  0.005468217535  0.000000000000  0.001396888678  0.001396888678  0.000000000000  
piranga_erythrocephala_fmnh343371 0.008483803336  0.008149176959  0.005805861964  0.011726822872  0.004636499511  0.005805861964  0.005936843929  0.005826157740  0.013831619586  0.006975978168  0.008096162462  0.001486156552  0.006975978168  0.008594871746  0.009312195284  0.004300296482  0.006044501144  0.005805861964  0.001742535155  0.006971028077  0.005802234037  0.006975978168  0.008142897733  0.004203880119  0.000000000000  0.000000000000  0.000000000000  0.008149176959  0.008152381373  0.006971028077  
piranga_erythrocephala_fmnh343370 0.009408803679  0.011006729211  0.007834598520  0.014185218214  0.004684903339  0.007834598520  0.007834598520  0.007834598520  0.014172389806  0.009417839468  0.009417839468  0.001965113650  0.009417839468  0.009417839468  0.009408803679  0.005632484462  0.007834598520  0.007834598520  0.002110255091  0.009408803679  0.006256966343  0.009417839468  0.010995256512  0.005468217535  0.000000000000  0.000000000000  0.000000000000  0.011006729211  0.011012555193  0.009408803679  
piranga_ludoviciana_sdsu2650 0.000000000000  0.000000000000  0.000000000000  0.002558354982  0.000000000000  0.000000000000  0.000000000000  0.000000000000  0.002558354982  0.000000000000  0.000000000000  0.000000000000  0.002558354982  0.000000000000  0.000000000000  0.000000000000  0.000000000000  0.000000000000  0.000000000000  0.000000000000  0.002558354982  0.000000000000  0.000000000000  0.000000000000  0.000000000000  0.000000000000  0.000000000000  0.000000000000  0.000000000000  0.000000000000  
piranga_bidentata_tepe59 0.004832554262  0.004643058058  0.002315477978  0.010418542916  0.005805861964  0.004643058058  0.002367557354  0.004659283198  0.009646639146  0.001156234097  0.001340704198  0.000000000000  0.003477747354  0.004281882974  0.005802234037  0.004300296482  0.002410357402  0.002315477978  0.000000000000  0.003474812819  0.006975978168  0.003477747354  0.006975978168  0.001396888678  0.008149176959  0.011006729211  0.000000000000  0.000000000000  0.004644198123  0.003474812819  
piranga_rubra_sdsu2635 0.002414406323  0.002316527993  0.002316527993  0.013065573836  0.005808975108  0.004644198123  0.002368655093  0.004660431220  0.004118869159  0.003478842276  0.004035754995  0.001486156552  0.003478842276  0.004283541294  0.003478842276  0.001428823216  0.002411495155  0.002316527993  0.001742535155  0.003477835645  0.006979136827  0.001157239439  0.009328725034  0.001396888678  0.008152381373  0.011012555193  0.000000000000  0.004644198123  0.000000000000  0.003477835645  
piranga_bidentata_itm141 0.003621554284  0.003474812819  0.001155901783  0.011726822872  0.004636499511  0.003474812819  0.001181857917  0.003486929291  0.008252249704  0.002313847943  0.002683264070  0.000000000000  0.002313847943  0.002847539429  0.004636126282  0.002862245476  0.001203187885  0.001155901783  0.000000000000  0.000000000000  0.005802234037  0.002313847943  0.008142897733  0.000000000000  0.006971028077  0.009408803679  0.000000000000  0.003474812819  0.003477835645  0.000000000000  

