30
cardinalis_cardinalis_ku21828 0.000000000000  0.007538583750  0.025452790008  0.024932711263  0.023902478826  0.026494579604  0.022865025105  0.024417396838  0.025964532061  0.026485152288  0.019778293653  0.020807140459  0.021837450733  0.024409352212  0.026477328599  0.020807140459  0.021837450733  0.035916528661  0.032255742059  0.031202386989  0.029655200573  0.025457556782  0.023379404727  0.025968772123  0.022351040664  0.023907225187  0.022869228755  0.028578705021  0.024422017216  0.023387956554  
cardinalis_cardinalis_ku25393 0.007538583750  0.000000000000  0.022884219819  0.022365218502  0.020303871822  0.022884219819  0.019270709470  0.020816157640  0.022355370467  0.022873829350  0.016198702333  0.017222814842  0.018248377774  0.020807140459  0.022865025105  0.017222814842  0.018248377774  0.032263704121  0.028620801469  0.027571870047  0.026033120688  0.021852003844  0.019782461345  0.022360096542  0.018759348499  0.020309095933  0.019275395352  0.024438265921  0.020303871822  0.019275395352  
piranga_roseogularis_ku2049 0.025452790008  0.022884219819  0.000000000000  0.000500251150  0.010577424697  0.013119737606  0.009562155887  0.011084213489  0.012606895139  0.013116342662  0.006529744844  0.006528909971  0.007538583750  0.010067385397  0.012097176507  0.006528909971  0.007538583750  0.021320069027  0.017728856129  0.016700491524  0.015176036040  0.011592883656  0.010576062316  0.013117845452  0.009563385393  0.011087846187  0.011087846187  0.015674245916  0.011594767371  0.010579173945  
piranga_roseogularis_ku2141 0.024932711263  0.022365218502  0.000500251150  0.000000000000  0.010069531588  0.012609766352  0.009055296543  0.010576062316  0.012097968196  0.012606895139  0.006024936366  0.006024358216  0.007033265137  0.009560786924  0.011589289606  0.006024358216  0.007033265137  0.020803224233  0.017214408405  0.016187104391  0.014663173344  0.011084213489  0.010068429076  0.012608136198  0.009056266970  0.010579173945  0.010579173945  0.015161915011  0.011085836271  0.010071020699  
piranga_leucoptera_fmnh481795 0.023902478826  0.020303871822  0.010577424697  0.010069531588  0.000000000000  0.003509562576  0.001001005272  0.002505218843  0.004011061854  0.004514342025  0.004011061854  0.005017300516  0.006024936366  0.008548626434  0.010574300228  0.005017300516  0.006024936366  0.020294604787  0.016708364995  0.015681056748  0.014159173317  0.010071020699  0.009056266970  0.011592883656  0.008045639366  0.009567001875  0.009567001875  0.014144056631  0.010072896028  0.009059364501  
piranga_leucoptera_lsu7783 0.026494579604  0.022884219819  0.013119737606  0.012609766352  0.003509562576  0.000000000000  0.003509562576  0.005019343728  0.006529744844  0.007035065505  0.006529744844  0.007539549505  0.008550761678  0.011082130865  0.013114506726  0.007539549505  0.008550761678  0.022873829350  0.019275395352  0.018243835793  0.016717800490  0.012611785214  0.011592883656  0.014138831576  0.010579173945  0.012106751909  0.012106751909  0.016700491524  0.012614192398  0.011597038487  
piranga_erythrocephala_fmnh343370 0.022865025105  0.019270709470  0.009562155887  0.009055296543  0.001001005272  0.003509562576  0.000000000000  0.001501694392  0.003006024662  0.003508289742  0.003006024662  0.004010741951  0.005016851815  0.007537995093  0.009561105080  0.004010741951  0.005016851815  0.019262517213  0.015681056748  0.014655863152  0.013135025370  0.009056266970  0.008043576574  0.010576062316  0.007033973387  0.008552244015  0.008552244015  0.013122018738  0.009057623084  0.008045639366  
piranga_erythrocephala_fmnh343371 0.024417396838  0.020816157640  0.011084213489  0.010576062316  0.002505218843  0.005019343728  0.001501694392  0.000000000000  0.004513766949  0.005017300516  0.004513766949  0.005520639034  0.006528909971  0.009054514284  0.011081601413  0.005520639034  0.006528909971  0.020807140459  0.017218416042  0.016190579887  0.014667411599  0.010577424697  0.009562155887  0.012100316747  0.008550761678  0.010072896028  0.010072896028  0.014652791976  0.010579173945  0.009565000849  
piranga_rubriceps_lsu265 0.025964532061  0.022355370467  0.012606895139  0.012097968196  0.004011061854  0.006529744844  0.003006024662  0.004513766949  0.000000000000  0.000500251150  0.006024163412  0.007032941136  0.008043122724  0.010574489179  0.012605829647  0.007032941136  0.008043122724  0.022347107523  0.018750906054  0.017721482916  0.016194445995  0.012098948058  0.011082130865  0.013624936793  0.010068429076  0.011592883656  0.011592883656  0.016181326771  0.012100316747  0.011084213489  
piranga_rubriceps_lsu34818 0.026485152288  0.022873829350  0.013116342662  0.012606895139  0.004514342025  0.007035065505  0.003508289742  0.005017300516  0.000500251150  0.000000000000  0.006528458703  0.007538002507  0.008548952504  0.011081601413  0.013114232927  0.007538002507  0.008548952504  0.022865025105  0.019266416629  0.018235928517  0.016708364995  0.012608136198  0.011590279968  0.014135166140  0.010576062316  0.012102073876  0.012102073876  0.016694183136  0.012609766352  0.011592883656  
piranga_lutea_ku89864 0.019778293653  0.016198702333  0.006529744844  0.006024936366  0.004011061854  0.006529744844  0.003006024662  0.004513766949  0.006024163412  0.006528458703  0.000000000000  0.001000689410  0.002002760243  0.004513762587  0.006528708519  0.001000689410  0.002002760243  0.016190579887  0.012623740064  0.011602741396  0.010088052623  0.006025897478  0.005017300516  0.007539549505  0.004011762923  0.005523899566  0.005523899566  0.010075157192  0.006027241174  0.005019343728  
piranga_flava_ku90809 0.020807140459  0.017222814842  0.006528909971  0.006024358216  0.005017300516  0.007539549505  0.004010741951  0.005520639034  0.007032941136  0.007538002507  0.001000689410  0.000000000000  0.001000689410  0.003508540535  0.005520822836  0.000000000000  0.001000689410  0.015168196163  0.011606172430  0.010586739065  0.009073837870  0.005018131280  0.004011061854  0.006529744844  0.003006788435  0.004516636070  0.004516636070  0.009061490840  0.005019343728  0.004012844778  
piranga_hepatica_ku4970 0.021837450733  0.018248377774  0.007538583750  0.007033265137  0.006024936366  0.008550761678  0.005016851815  0.006528909971  0.008043122724  0.008548952504  0.002002760243  0.001000689410  0.000000000000  0.004513762587  0.006528708519  0.001000689410  0.002002760243  0.016190579887  0.012623740064  0.011602741396  0.010088052623  0.006025897478  0.005017300516  0.007539549505  0.004011762923  0.005523899566  0.005523899566  0.010075157192  0.006027241174  0.005019343728  
piranga_hepatica_ku9084 0.024409352212  0.020807140459  0.010067385397  0.009560786924  0.008548626434  0.011082130865  0.007537995093  0.009054514284  0.010574489179  0.011081601413  0.004513762587  0.003508540535  0.004513762587  0.000000000000  0.002002696001  0.003508540535  0.004513762587  0.018744036201  0.015164860555  0.014141249344  0.012620170204  0.008548952504  0.007537806159  0.010067713550  0.006528458703  0.008044415582  0.008044415582  0.012609766352  0.008549664380  0.007538583750  
piranga_ludoviciana_sdsu2208 0.026477328599  0.022865025105  0.012097176507  0.011589289606  0.010574300228  0.013114506726  0.009561105080  0.011081601413  0.012605829647  0.013114232927  0.006528708519  0.005520822836  0.006528708519  0.002002696001  0.000000000000  0.005520822836  0.006528708519  0.020796578457  0.017207568154  0.016181326771  0.014655863152  0.010574499693  0.009560786924  0.012097377548  0.008548626434  0.010068429076  0.010068429076  0.014645918735  0.010575087185  0.009561312717  
piranga_flava_lsu15408 0.020807140459  0.017222814842  0.006528909971  0.006024358216  0.005017300516  0.007539549505  0.004010741951  0.005520639034  0.007032941136  0.007538002507  0.001000689410  0.000000000000  0.001000689410  0.003508540535  0.005520822836  0.000000000000  0.001000689410  0.015168196163  0.011606172430  0.010586739065  0.009073837870  0.005018131280  0.004011061854  0.006529744844  0.003006788435  0.004516636070  0.004516636070  0.009061490840  0.005019343728  0.004012844778  
piranga_lutea_lsu5400 0.021837450733  0.018248377774  0.007538583750  0.007033265137  0.006024936366  0.008550761678  0.005016851815  0.006528909971  0.008043122724  0.008548952504  0.002002760243  0.001000689410  0.002002760243  0.004513762587  0.006528708519  0.001000689410  0.000000000000  0.016190579887  0.012623740064  0.011602741396  0.010088052623  0.006025897478  0.005017300516  0.007539549505  0.004011762923  0.005523899566  0.005523899566  0.010075157192  0.006027241174  0.005019343728  
piranga_ludoviciana_sdsu2650 0.035916528661  0.032263704121  0.021320069027  0.020803224233  0.020294604787  0.022873829350  0.019262517213  0.020807140459  0.022347107523  0.022865025105  0.016190579887  0.015168196163  0.016190579887  0.018744036201  0.020796578457  0.015168196163  0.016190579887  0.000000000000  0.005521343682  0.004513766949  0.008043576574  0.019266416629  0.018235928517  0.020807140459  0.017214408405  0.018759348499  0.018759348499  0.023398097296  0.019270709470  0.018243835793  
piranga_ludoviciana_sdsu2648 0.032255742059  0.028620801469  0.017728856129  0.017214408405  0.016708364995  0.019275395352  0.015681056748  0.017218416042  0.018750906054  0.019266416629  0.012623740064  0.011606172430  0.012623740064  0.015164860555  0.017207568154  0.011606172430  0.012623740064  0.005521343682  0.000000000000  0.001001005272  0.004514342025  0.015685047288  0.014659323735  0.017218416042  0.013642738989  0.015180539548  0.015180539548  0.019797325116  0.015689427401  0.014667411599  
piranga_ludoviciana_sdsu2385 0.031202386989  0.027571870047  0.016700491524  0.016187104391  0.015681056748  0.018243835793  0.014655863152  0.016190579887  0.017721482916  0.018235928517  0.011602741396  0.010586739065  0.011602741396  0.014141249344  0.016181326771  0.010586739065  0.011602741396  0.004513766949  0.001001005272  0.000000000000  0.003508289742  0.014659323735  0.013635708321  0.016190579887  0.012620170204  0.014154811775  0.014154811775  0.018764158482  0.014663173344  0.013642738989  
piranga_olivacea_ku2699 0.029655200573  0.026033120688  0.015176036040  0.014663173344  0.014159173317  0.016717800490  0.013135025370  0.014667411599  0.016194445995  0.016708364995  0.010088052623  0.009073837870  0.010088052623  0.012620170204  0.014655863152  0.009073837870  0.010088052623  0.008043576574  0.004514342025  0.003508289742  0.000000000000  0.013139245655  0.012116672675  0.014667411599  0.011103689434  0.012636768944  0.012636768944  0.017238354420  0.013143852635  0.012125217915  
piranga_bidentata_tepe59 0.025457556782  0.021852003844  0.011592883656  0.011084213489  0.010071020699  0.012611785214  0.009056266970  0.010577424697  0.012098948058  0.012608136198  0.006025897478  0.005018131280  0.006025897478  0.008548952504  0.010574499693  0.005018131280  0.006025897478  0.019266416629  0.015685047288  0.014659323735  0.013139245655  0.000000000000  0.008044415582  0.010577424697  0.007035065505  0.008554111009  0.008047247543  0.013124688462  0.009059364501  0.008047247543  
piranga_bidentata_itm160 0.023379404727  0.019782461345  0.010576062316  0.010068429076  0.009056266970  0.011592883656  0.008043576574  0.009562155887  0.011082130865  0.011590279968  0.005017300516  0.004011061854  0.005017300516  0.007537806159  0.009560786924  0.004011061854  0.005017300516  0.018235928517  0.014659323735  0.013635708321  0.012116672675  0.008044415582  0.000000000000  0.004513573676  0.001000752040  0.005522430652  0.005522430652  0.010072896028  0.006025897478  0.005018131280  
piranga_bidentata_hgoslp104 0.025968772123  0.022360096542  0.013117845452  0.012608136198  0.011592883656  0.014138831576  0.010576062316  0.012100316747  0.013624936793  0.014135166140  0.007539549505  0.006529744844  0.007539549505  0.010067713550  0.012097377548  0.006529744844  0.007539549505  0.020807140459  0.017218416042  0.016190579887  0.014667411599  0.010577424697  0.004513573676  0.000000000000  0.003508289742  0.008047247543  0.008047247543  0.012614192398  0.008552244015  0.007540899390  
piranga_bidentata_itm141 0.022351040664  0.018759348499  0.009563385393  0.009056266970  0.008045639366  0.010579173945  0.007033973387  0.008550761678  0.010068429076  0.010576062316  0.004011762923  0.003006788435  0.004011762923  0.006528458703  0.008548626434  0.003006788435  0.004011762923  0.017214408405  0.013642738989  0.012620170204  0.011103689434  0.007035065505  0.001000752040  0.003508289742  0.000000000000  0.004516636070  0.004516636070  0.009061490840  0.005019343728  0.004012844778  
piranga_rubra_ku7046 0.023907225187  0.020309095933  0.011087846187  0.010579173945  0.009567001875  0.012106751909  0.008552244015  0.010072896028  0.011592883656  0.012102073876  0.005523899566  0.004516636070  0.005523899566  0.008044415582  0.010068429076  0.004516636070  0.005523899566  0.018759348499  0.015180539548  0.014154811775  0.012636768944  0.008554111009  0.005522430652  0.008047247543  0.004516636070  0.000000000000  0.006031074807  0.010586739065  0.006534547295  0.005525750048  
piranga_olivacea_ku4672 0.022869228755  0.019275395352  0.011087846187  0.010579173945  0.009567001875  0.012106751909  0.008552244015  0.010072896028  0.011592883656  0.012102073876  0.005523899566  0.004516636070  0.005523899566  0.008044415582  0.010068429076  0.004516636070  0.005523899566  0.018759348499  0.015180539548  0.014154811775  0.012636768944  0.008047247543  0.005522430652  0.008047247543  0.004516636070  0.006031074807  0.000000000000  0.010586739065  0.006534547295  0.005525750048  
piranga_rubra_sdsu2635 0.028578705021  0.024438265921  0.015674245916  0.015161915011  0.014144056631  0.016700491524  0.013122018738  0.014652791976  0.016181326771  0.016694183136  0.010075157192  0.009061490840  0.010075157192  0.012609766352  0.014645918735  0.009061490840  0.010075157192  0.023398097296  0.019797325116  0.018764158482  0.017238354420  0.013124688462  0.010072896028  0.012614192398  0.009061490840  0.010586739065  0.010586739065  0.000000000000  0.004011762923  0.007038399822  
piranga_rubra_sdsu2654 0.024422017216  0.020303871822  0.011594767371  0.011085836271  0.010072896028  0.012614192398  0.009057623084  0.010579173945  0.012100316747  0.012609766352  0.006027241174  0.005019343728  0.006027241174  0.008549664380  0.010575087185  0.005019343728  0.006027241174  0.019270709470  0.015689427401  0.014663173344  0.013143852635  0.009059364501  0.006025897478  0.008552244015  0.005019343728  0.006534547295  0.006534547295  0.004011762923  0.000000000000  0.003007740351  
piranga_rubra_ku26592 0.023387956554  0.019275395352  0.010579173945  0.010071020699  0.009059364501  0.011597038487  0.008045639366  0.009565000849  0.011084213489  0.011592883656  0.005019343728  0.004012844778  0.005019343728  0.007538583750  0.009561312717  0.004012844778  0.005019343728  0.018243835793  0.014667411599  0.013642738989  0.012125217915  0.008047247543  0.005018131280  0.007540899390  0.004012844778  0.005525750048  0.005525750048  0.007038399822  0.003007740351  0.000000000000  

