30
cardinalis_cardinalis_ku21828 0.000000000000  0.004017228776  0.020907845062  0.018826883152  0.017280344877  0.016246164077  0.020386734628  0.018826883152  0.018826883152  0.016762968205  0.017789869143  0.015214268393  0.015214268393  0.014706205787  0.014706205787  0.014706205787  0.016771214601  0.018325985613  0.018325985613  0.017798295362  0.017798295362  0.014706205787  0.014706205787  0.016771214601  0.018826883152  0.020396699739  0.018316820935  0.016254105733  0.016254105733  0.018316820935  
cardinalis_cardinalis_ku25393 0.004017228776  0.000000000000  0.020907845062  0.018826883152  0.017280344877  0.016246164077  0.020386734628  0.018826883152  0.018826883152  0.016762968205  0.017789869143  0.015214268393  0.015214268393  0.014706205787  0.014706205787  0.014706205787  0.016771214601  0.018325985613  0.018325985613  0.017798295362  0.017798295362  0.014706205787  0.014706205787  0.016771214601  0.018826883152  0.020396699739  0.018316820935  0.016254105733  0.016254105733  0.018316820935  
piranga_hepatica_ku4970 0.020907845062  0.020907845062  0.000000000000  0.005022039113  0.003511381047  0.004519440886  0.008569281836  0.007045734538  0.007045734538  0.008057299679  0.009579241612  0.006536287234  0.006536287234  0.006032790661  0.006032790661  0.006032790661  0.008060880275  0.009587748369  0.009587748369  0.009074067094  0.009074067094  0.006032790661  0.006032790661  0.008060880275  0.010088716352  0.011625712950  0.009583282146  0.007553031576  0.007553031576  0.009583282146  
piranga_lutea_lsu5400 0.018826883152  0.018826883152  0.005022039113  0.000000000000  0.001501765820  0.002505492470  0.006538987964  0.005022039113  0.005022039113  0.006030381949  0.007546882557  0.004515946059  0.004515946059  0.004013470424  0.004013470424  0.004013470424  0.006032790661  0.007553031576  0.007553031576  0.007042741156  0.007042741156  0.004013470424  0.004013470424  0.006032790661  0.008054143744  0.009583282146  0.007549744906  0.005527141439  0.005527141439  0.007549744906  
piranga_hepatica_ku9084 0.017280344877  0.017280344877  0.003511381047  0.001501765820  0.000000000000  0.001001072176  0.005024287961  0.003511381047  0.003511381047  0.004517482500  0.006030381949  0.003007075186  0.003007075186  0.002505492470  0.002505492470  0.002505492470  0.004519440886  0.006035622323  0.006035622323  0.005527141439  0.005527141439  0.002505492470  0.002505492470  0.004519440886  0.006536287234  0.008060880275  0.006032790661  0.004015138973  0.004015138973  0.006032790661  
piranga_bidentata_hgoslp104 0.016246164077  0.016246164077  0.004519440886  0.002505492470  0.001001072176  0.000000000000  0.004015138973  0.002505492470  0.002505492470  0.003510001709  0.005020212543  0.002002844052  0.002002844052  0.001501765820  0.001501765820  0.001501765820  0.003511381047  0.005024287961  0.005024287961  0.004517482500  0.004517482500  0.001501765820  0.001501765820  0.003511381047  0.005525024113  0.007045734538  0.005022039113  0.003008165936  0.003008165936  0.005022039113  
piranga_lutea_ku89864 0.020386734628  0.020386734628  0.008569281836  0.006538987964  0.005024287961  0.004015138973  0.000000000000  0.001502414123  0.001502414123  0.006536287234  0.008054143744  0.006030381949  0.006030381949  0.005527141439  0.005527141439  0.005527141439  0.007553031576  0.009078237464  0.009078237464  0.008565406674  0.008565406674  0.005527141439  0.005527141439  0.007553031576  0.009579241612  0.011114267222  0.009074067094  0.007045734538  0.007045734538  0.009074067094  
piranga_flava_lsu15408 0.018826883152  0.018826883152  0.007045734538  0.005022039113  0.003511381047  0.002505492470  0.001502414123  0.000000000000  0.000000000000  0.005020212543  0.006534010149  0.004515946059  0.004515946059  0.004013470424  0.004013470424  0.004013470424  0.006032790661  0.007553031576  0.007553031576  0.007042741156  0.007042741156  0.004013470424  0.004013470424  0.006032790661  0.008054143744  0.009583282146  0.007549744906  0.005527141439  0.005527141439  0.007549744906  
piranga_flava_ku90809 0.018826883152  0.018826883152  0.007045734538  0.005022039113  0.003511381047  0.002505492470  0.001502414123  0.000000000000  0.000000000000  0.005020212543  0.006534010149  0.004515946059  0.004515946059  0.004013470424  0.004013470424  0.004013470424  0.006032790661  0.007553031576  0.007553031576  0.007042741156  0.007042741156  0.004013470424  0.004013470424  0.006032790661  0.008054143744  0.009583282146  0.007549744906  0.005527141439  0.005527141439  0.007549744906  
piranga_ludoviciana_sdsu2208 0.016762968205  0.016762968205  0.008057299679  0.006030381949  0.004517482500  0.003510001709  0.006536287234  0.005020212543  0.005020212543  0.000000000000  0.002003359485  0.001502414123  0.001502414123  0.002003359485  0.002003359485  0.002003359485  0.004015138973  0.005529681379  0.005529681379  0.005022039113  0.005022039113  0.002003359485  0.002003359485  0.004015138973  0.006030381949  0.007553031576  0.005527141439  0.003511381047  0.003511381047  0.005527141439  
piranga_bidentata_tepe59 0.017789869143  0.017789869143  0.009579241612  0.007546882557  0.006030381949  0.005020212543  0.008054143744  0.006534010149  0.006534010149  0.002003359485  0.000000000000  0.003511381047  0.003511381047  0.004013470424  0.004013470424  0.004013470424  0.006032790661  0.007553031576  0.007553031576  0.007042741156  0.007042741156  0.004013470424  0.004013470424  0.006032790661  0.008054143744  0.009583282146  0.007549744906  0.005527141439  0.005527141439  0.007549744906  
piranga_bidentata_itm141 0.015214268393  0.015214268393  0.006536287234  0.004515946059  0.003007075186  0.002002844052  0.006030381949  0.004515946059  0.004515946059  0.001502414123  0.003511381047  0.000000000000  0.000000000000  0.000500191825  0.000500191825  0.000500191825  0.002505492470  0.004015138973  0.004015138973  0.003510001709  0.003510001709  0.000500191825  0.000500191825  0.002505492470  0.004515946059  0.006032790661  0.004013470424  0.002003359485  0.002003359485  0.004013470424  
piranga_bidentata_itm160 0.015214268393  0.015214268393  0.006536287234  0.004515946059  0.003007075186  0.002002844052  0.006030381949  0.004515946059  0.004515946059  0.001502414123  0.003511381047  0.000000000000  0.000000000000  0.000500191825  0.000500191825  0.000500191825  0.002505492470  0.004015138973  0.004015138973  0.003510001709  0.003510001709  0.000500191825  0.000500191825  0.002505492470  0.004515946059  0.006032790661  0.004013470424  0.002003359485  0.002003359485  0.004013470424  
piranga_ludoviciana_sdsu2385 0.014706205787  0.014706205787  0.006032790661  0.004013470424  0.002505492470  0.001501765820  0.005527141439  0.004013470424  0.004013470424  0.002003359485  0.004013470424  0.000500191825  0.000500191825  0.000000000000  0.000000000000  0.000000000000  0.002004294848  0.003513181306  0.003513181306  0.003008165936  0.003008165936  0.000000000000  0.000000000000  0.002004294848  0.004013470424  0.005529681379  0.003511381047  0.001502414123  0.001502414123  0.003511381047  
piranga_ludoviciana_sdsu2648 0.014706205787  0.014706205787  0.006032790661  0.004013470424  0.002505492470  0.001501765820  0.005527141439  0.004013470424  0.004013470424  0.002003359485  0.004013470424  0.000500191825  0.000500191825  0.000000000000  0.000000000000  0.000000000000  0.002004294848  0.003513181306  0.003513181306  0.003008165936  0.003008165936  0.000000000000  0.000000000000  0.002004294848  0.004013470424  0.005529681379  0.003511381047  0.001502414123  0.001502414123  0.003511381047  
piranga_leucoptera_fmnh481795 0.014706205787  0.014706205787  0.006032790661  0.004013470424  0.002505492470  0.001501765820  0.005527141439  0.004013470424  0.004013470424  0.002003359485  0.004013470424  0.000500191825  0.000500191825  0.000000000000  0.000000000000  0.000000000000  0.002004294848  0.003513181306  0.003513181306  0.003008165936  0.003008165936  0.000000000000  0.000000000000  0.002004294848  0.004013470424  0.005529681379  0.003511381047  0.001502414123  0.001502414123  0.003511381047  
piranga_leucoptera_lsu7783 0.016771214601  0.016771214601  0.008060880275  0.006032790661  0.004519440886  0.003511381047  0.007553031576  0.006032790661  0.006032790661  0.004015138973  0.006032790661  0.002505492470  0.002505492470  0.002004294848  0.002004294848  0.002004294848  0.000000000000  0.005532643576  0.005532643576  0.005024287961  0.005024287961  0.002004294848  0.002004294848  0.004017228776  0.006032790661  0.007556742211  0.005529681379  0.003513181306  0.003513181306  0.005529681379  
piranga_rubriceps_lsu265 0.018325985613  0.018325985613  0.009587748369  0.007553031576  0.006035622323  0.005024287961  0.009078237464  0.007553031576  0.007553031576  0.005529681379  0.007553031576  0.004015138973  0.004015138973  0.003513181306  0.003513181306  0.003513181306  0.005532643576  0.000000000000  0.000000000000  0.006542111982  0.006542111982  0.003513181306  0.003513181306  0.005532643576  0.007553031576  0.009082832825  0.007049151546  0.005026958731  0.005026958731  0.007049151546  
piranga_rubriceps_lsu34818 0.018325985613  0.018325985613  0.009587748369  0.007553031576  0.006035622323  0.005024287961  0.009078237464  0.007553031576  0.007553031576  0.005529681379  0.007553031576  0.004015138973  0.004015138973  0.003513181306  0.003513181306  0.003513181306  0.005532643576  0.000000000000  0.000000000000  0.006542111982  0.006542111982  0.003513181306  0.003513181306  0.005532643576  0.007553031576  0.009082832825  0.007049151546  0.005026958731  0.005026958731  0.007049151546  
piranga_erythrocephala_fmnh343371 0.017798295362  0.017798295362  0.009074067094  0.007042741156  0.005527141439  0.004517482500  0.008565406674  0.007042741156  0.007042741156  0.005022039113  0.007042741156  0.003510001709  0.003510001709  0.003008165936  0.003008165936  0.003008165936  0.005024287961  0.006542111982  0.006542111982  0.000000000000  0.000000000000  0.003008165936  0.003008165936  0.005024287961  0.007042741156  0.008569281836  0.006538987964  0.004519440886  0.004519440886  0.006538987964  
piranga_erythrocephala_fmnh343370 0.017798295362  0.017798295362  0.009074067094  0.007042741156  0.005527141439  0.004517482500  0.008565406674  0.007042741156  0.007042741156  0.005022039113  0.007042741156  0.003510001709  0.003510001709  0.003008165936  0.003008165936  0.003008165936  0.005024287961  0.006542111982  0.006542111982  0.000000000000  0.000000000000  0.003008165936  0.003008165936  0.005024287961  0.007042741156  0.008569281836  0.006538987964  0.004519440886  0.004519440886  0.006538987964  
piranga_roseogularis_ku2141 0.014706205787  0.014706205787  0.006032790661  0.004013470424  0.002505492470  0.001501765820  0.005527141439  0.004013470424  0.004013470424  0.002003359485  0.004013470424  0.000500191825  0.000500191825  0.000000000000  0.000000000000  0.000000000000  0.002004294848  0.003513181306  0.003513181306  0.003008165936  0.003008165936  0.000000000000  0.000000000000  0.002004294848  0.004013470424  0.005529681379  0.003511381047  0.001502414123  0.001502414123  0.003511381047  
piranga_ludoviciana_sdsu2650 0.014706205787  0.014706205787  0.006032790661  0.004013470424  0.002505492470  0.001501765820  0.005527141439  0.004013470424  0.004013470424  0.002003359485  0.004013470424  0.000500191825  0.000500191825  0.000000000000  0.000000000000  0.000000000000  0.002004294848  0.003513181306  0.003513181306  0.003008165936  0.003008165936  0.000000000000  0.000000000000  0.002004294848  0.004013470424  0.005529681379  0.003511381047  0.001502414123  0.001502414123  0.003511381047  
piranga_roseogularis_ku2049 0.016771214601  0.016771214601  0.008060880275  0.006032790661  0.004519440886  0.003511381047  0.007553031576  0.006032790661  0.006032790661  0.004015138973  0.006032790661  0.002505492470  0.002505492470  0.002004294848  0.002004294848  0.002004294848  0.004017228776  0.005532643576  0.005532643576  0.005024287961  0.005024287961  0.002004294848  0.002004294848  0.000000000000  0.006032790661  0.007556742211  0.005529681379  0.003513181306  0.003513181306  0.005529681379  
piranga_rubra_sdsu2654 0.018826883152  0.018826883152  0.010088716352  0.008054143744  0.006536287234  0.005525024113  0.009579241612  0.008054143744  0.008054143744  0.006030381949  0.008054143744  0.004515946059  0.004515946059  0.004013470424  0.004013470424  0.004013470424  0.006032790661  0.007553031576  0.007553031576  0.007042741156  0.007042741156  0.004013470424  0.004013470424  0.006032790661  0.000000000000  0.003511381047  0.001501765820  0.004517482500  0.004517482500  0.006536287234  
piranga_rubra_ku7046 0.020396699739  0.020396699739  0.011625712950  0.009583282146  0.008060880275  0.007045734538  0.011114267222  0.009583282146  0.009583282146  0.007553031576  0.009583282146  0.006032790661  0.006032790661  0.005529681379  0.005529681379  0.005529681379  0.007556742211  0.009082832825  0.009082832825  0.008569281836  0.008569281836  0.005529681379  0.005529681379  0.007556742211  0.003511381047  0.000000000000  0.002004294848  0.006035622323  0.006035622323  0.008060880275  
piranga_olivacea_ku4672 0.018316820935  0.018316820935  0.009583282146  0.007549744906  0.006032790661  0.005022039113  0.009074067094  0.007549744906  0.007549744906  0.005527141439  0.007549744906  0.004013470424  0.004013470424  0.003511381047  0.003511381047  0.003511381047  0.005529681379  0.007049151546  0.007049151546  0.006538987964  0.006538987964  0.003511381047  0.003511381047  0.005529681379  0.001501765820  0.002004294848  0.000000000000  0.004015138973  0.004015138973  0.006032790661  
piranga_rubra_sdsu2635 0.016254105733  0.016254105733  0.007553031576  0.005527141439  0.004015138973  0.003008165936  0.007045734538  0.005527141439  0.005527141439  0.003511381047  0.005527141439  0.002003359485  0.002003359485  0.001502414123  0.001502414123  0.001502414123  0.003513181306  0.005026958731  0.005026958731  0.004519440886  0.004519440886  0.001502414123  0.001502414123  0.003513181306  0.004517482500  0.006035622323  0.004015138973  0.000000000000  0.000000000000  0.004015138973  
piranga_olivacea_ku2699 0.016254105733  0.016254105733  0.007553031576  0.005527141439  0.004015138973  0.003008165936  0.007045734538  0.005527141439  0.005527141439  0.003511381047  0.005527141439  0.002003359485  0.002003359485  0.001502414123  0.001502414123  0.001502414123  0.003513181306  0.005026958731  0.005026958731  0.004519440886  0.004519440886  0.001502414123  0.001502414123  0.003513181306  0.004517482500  0.006035622323  0.004015138973  0.000000000000  0.000000000000  0.004015138973  
piranga_rubra_ku26592 0.018316820935  0.018316820935  0.009583282146  0.007549744906  0.006032790661  0.005022039113  0.009074067094  0.007549744906  0.007549744906  0.005527141439  0.007549744906  0.004013470424  0.004013470424  0.003511381047  0.003511381047  0.003511381047  0.005529681379  0.007049151546  0.007049151546  0.006538987964  0.006538987964  0.003511381047  0.003511381047  0.005529681379  0.006536287234  0.008060880275  0.006032790661  0.004015138973  0.004015138973  0.000000000000  

