30
piranga_rubra_ku26592 0.000000000000  0.006699281106  0.005855823620  0.010290107318  0.007323917048  0.013297665272  0.005855823620  0.013297665272  0.011031524295  0.007333021796  0.005855823620  0.006556524948  0.007333021796  0.006588925993  0.007323917048  0.003347040248  0.010349282153  0.007743607919  0.008789763890  0.007333021796  0.007323917048  0.010303579145  0.010290107318  0.004011696565  0.008066528753  0.002316037452  0.000000000000  0.010303579145  0.005855823620  0.007333021796  
piranga_flava_ku90809 0.006699281106  0.000000000000  0.001664524219  0.006690190037  0.006690190037  0.010075894919  0.001664524219  0.013489963301  0.008128789870  0.001664524219  0.002332242177  0.001792846583  0.005014108200  0.004767109603  0.003335874878  0.000000000000  0.003335874878  0.003555285984  0.008789763890  0.003335874878  0.003332381256  0.001664524219  0.006690190037  0.002101846863  0.003335874878  0.002316037452  0.000000000000  0.003335874878  0.001664524219  0.003335874878  
piranga_ludoviciana_sdsu2385 0.005855823620  0.001664524219  0.000000000000  0.004379159947  0.004379159947  0.010305256962  0.002917394172  0.010305256962  0.008804051965  0.001456086516  0.000000000000  0.001629268727  0.004383960545  0.002184493529  0.004379159947  0.003347040248  0.004403264470  0.004629182340  0.004371185020  0.001456086516  0.001455528489  0.004383960545  0.004379159947  0.000000000000  0.003207477275  0.002316037452  0.000000000000  0.004383960545  0.002917394172  0.001456086516  
piranga_rubriceps_lsu265 0.010290107318  0.006690190037  0.004379159947  0.000000000000  0.005855823620  0.014785110012  0.007323917048  0.014785110012  0.011025023552  0.005848878728  0.003889755859  0.006547817431  0.008804313555  0.006578076186  0.008796161386  0.003347040248  0.008843244305  0.009300673464  0.004371185020  0.005848878728  0.002917394172  0.008804313555  0.000000000000  0.004006642877  0.008055510195  0.004645312329  0.002633160314  0.008804313555  0.007323917048  0.005848878728  
piranga_leucoptera_lsu7783 0.007323917048  0.006690190037  0.004379159947  0.005855823620  0.000000000000  0.011786139175  0.007323917048  0.011786139175  0.015506850881  0.005848878728  0.005847255372  0.006547817431  0.008804313555  0.008793396949  0.008796161386  0.003347040248  0.008843244305  0.009300673464  0.008789763890  0.005848878728  0.002917394172  0.008804313555  0.005855823620  0.006023358299  0.008055510195  0.004645312329  0.002633160314  0.008804313555  0.007323917048  0.005848878728  
cardinalis_cardinalis_ku25393 0.013297665272  0.010075894919  0.010305256962  0.014785110012  0.011786139175  0.000000000000  0.013297665272  0.002921656001  0.024676384515  0.011798714572  0.013799808539  0.013200566506  0.014802149619  0.017777103359  0.014785110012  0.003347040248  0.014868181000  0.015640828827  0.026959325326  0.011798714572  0.011786139175  0.011798714572  0.014785110012  0.014191525434  0.014615020604  0.004645312329  0.002633160314  0.011798714572  0.013297665272  0.011798714572  
piranga_olivacea_ku2699 0.005855823620  0.001664524219  0.002917394172  0.007323917048  0.007323917048  0.013297665272  0.000000000000  0.013297665272  0.008804051965  0.004383960545  0.003894518449  0.003265077213  0.007333021796  0.004380759668  0.004379159947  0.003347040248  0.007365429186  0.004629182340  0.004371185020  0.004383960545  0.004379159947  0.007333021796  0.007323917048  0.002000911996  0.004820732462  0.002316037452  0.000000000000  0.007333021796  0.000000000000  0.004383960545  
cardinalis_cardinalis_ku21828 0.013297665272  0.013489963301  0.010305256962  0.014785110012  0.011786139175  0.002921656001  0.013297665272  0.000000000000  0.024676384515  0.011798714572  0.013799808539  0.013200566506  0.014802149619  0.017777103359  0.014785110012  0.006721797219  0.014868181000  0.015640828827  0.026959325326  0.011798714572  0.011786139175  0.014802149619  0.014785110012  0.014191525434  0.014615020604  0.004645312329  0.002633160314  0.014802149619  0.013297665272  0.011798714572  
piranga_rubra_ku7046 0.011031524295  0.008128789870  0.008804051965  0.011025023552  0.015506850881  0.024676384515  0.008804051965  0.024676384515  0.000000000000  0.011031524295  0.008804051965  0.009426503209  0.013271238332  0.007383248523  0.006592531816  0.006707596633  0.013359895493  0.002188014457  0.008765465262  0.011031524295  0.011025023552  0.015523329375  0.011025023552  0.007627279932  0.012779765197  0.006730168568  0.004064469162  0.015523329375  0.008804051965  0.011031524295  
piranga_bidentata_hgoslp104 0.007333021796  0.001664524219  0.001456086516  0.005848878728  0.005848878728  0.011798714572  0.004383960545  0.011798714572  0.011031524295  0.000000000000  0.001942607094  0.003265077213  0.002917394172  0.002184493529  0.005848878728  0.003347040248  0.002930217125  0.006183420034  0.004371185020  0.002917394172  0.002914722473  0.002917394172  0.005848878728  0.000000000000  0.003207477275  0.002316037452  0.000000000000  0.005855823620  0.004383960545  0.002917394172  
piranga_ludoviciana_sdsu2648 0.005855823620  0.002332242177  0.000000000000  0.003889755859  0.005847255372  0.013799808539  0.003894518449  0.013799808539  0.008804051965  0.001942607094  0.000000000000  0.002062825096  0.005855823620  0.002184493529  0.005847255372  0.003347040248  0.005890316874  0.005847255372  0.004371185020  0.001942607094  0.001941613831  0.005855823620  0.003889755859  0.000000000000  0.004429269048  0.002810791313  0.000000000000  0.005855823620  0.003894518449  0.001942607094  
piranga_roseogularis_ku2049 0.006556524948  0.001792846583  0.001629268727  0.006547817431  0.006547817431  0.013200566506  0.003265077213  0.013200566506  0.009426503209  0.003265077213  0.002062825096  0.000000000000  0.006556524948  0.002184493529  0.004901461812  0.003347040248  0.006556524948  0.004901461812  0.004371185020  0.003265077213  0.003261730385  0.006556524948  0.006547817431  0.000000000000  0.003445052001  0.002316037452  0.000000000000  0.006556524948  0.003265077213  0.003265077213  
piranga_hepatica_ku4970 0.007333021796  0.005014108200  0.004383960545  0.008804313555  0.008804313555  0.014802149619  0.007333021796  0.014802149619  0.013271238332  0.002917394172  0.005855823620  0.006556524948  0.000000000000  0.002184493529  0.008804313555  0.003347040248  0.002930217125  0.009309791728  0.004371185020  0.005855823620  0.005848878728  0.005855823620  0.008804313555  0.004011696565  0.006440399232  0.004645312329  0.002633160314  0.008815593890  0.007333021796  0.005855823620  
piranga_hepatica_ku9084 0.006588925993  0.004767109603  0.002184493529  0.006578076186  0.008793396949  0.017777103359  0.004380759668  0.017777103359  0.007383248523  0.002184493529  0.002184493529  0.002184493529  0.002184493529  0.000000000000  0.006578076186  0.003347040248  0.002184493529  0.006578076186  0.004371185020  0.004380759668  0.004374732638  0.006588925993  0.006578076186  0.002248343068  0.006782586841  0.005771332426  0.003380989364  0.008809122168  0.004380759668  0.004380759668  
piranga_rubra_sdsu2654 0.007323917048  0.003335874878  0.004379159947  0.008796161386  0.008796161386  0.014785110012  0.004379159947  0.014785110012  0.006592531816  0.005848878728  0.005847255372  0.004901461812  0.008804313555  0.006578076186  0.000000000000  0.003347040248  0.008843244305  0.003083835026  0.008789763890  0.005848878728  0.005845049320  0.008804313555  0.008796161386  0.004006642877  0.006431997614  0.002316037452  0.000000000000  0.008804313555  0.004379159947  0.005848878728  
piranga_flava_lsu15408 0.003347040248  0.000000000000  0.003347040248  0.003347040248  0.003347040248  0.003347040248  0.003347040248  0.006721797219  0.006707596633  0.003347040248  0.003347040248  0.003347040248  0.003347040248  0.003347040248  0.003347040248  0.000000000000  0.003347040248  0.003347040248  0.009636856856  0.003347040248  0.003347040248  0.003347040248  0.003347040248  0.003347040248  0.006721797219  0.003380989364  0.000000000000  0.003347040248  0.003347040248  0.003347040248  
piranga_lutea_lsu5400 0.010349282153  0.003335874878  0.004403264470  0.008843244305  0.008843244305  0.014868181000  0.007365429186  0.014868181000  0.013359895493  0.002930217125  0.005890316874  0.006556524948  0.002930217125  0.002184493529  0.008843244305  0.003347040248  0.000000000000  0.009353332269  0.004371185020  0.005881655520  0.005874649186  0.005881655520  0.008843244305  0.002000911996  0.004820732462  0.004645312329  0.002633160314  0.008854624807  0.007365429186  0.005881655520  
piranga_olivacea_ku4672 0.007743607919  0.003555285984  0.004629182340  0.009300673464  0.009300673464  0.015640828827  0.004629182340  0.015640828827  0.002188014457  0.006183420034  0.005847255372  0.004901461812  0.009309791728  0.006578076186  0.003083835026  0.003347040248  0.009353332269  0.000000000000  0.004371185020  0.006183420034  0.006179138626  0.009309791728  0.009300673464  0.004006642877  0.006838891745  0.002316037452  0.000000000000  0.009309791728  0.004629182340  0.006183420034  
piranga_ludoviciana_sdsu2208 0.008789763890  0.008789763890  0.004371185020  0.004371185020  0.008789763890  0.026959325326  0.004371185020  0.026959325326  0.008765465262  0.004371185020  0.004371185020  0.004371185020  0.004371185020  0.004371185020  0.008789763890  0.009636856856  0.004371185020  0.004371185020  0.000000000000  0.004371185020  0.004371185020  0.013256775604  0.004371185020  0.004371185020  0.008789763890  0.009778210359  0.006503225606  0.004371185020  0.004371185020  0.004371185020  
piranga_bidentata_itm160 0.007333021796  0.003335874878  0.001456086516  0.005848878728  0.005848878728  0.011798714572  0.004383960545  0.011798714572  0.011031524295  0.002917394172  0.001942607094  0.003265077213  0.005855823620  0.004380759668  0.005848878728  0.003347040248  0.005881655520  0.006183420034  0.004371185020  0.000000000000  0.002914722473  0.005855823620  0.005848878728  0.002000911996  0.004820732462  0.002316037452  0.000000000000  0.002917394172  0.004383960545  0.000000000000  
piranga_leucoptera_fmnh481795 0.007323917048  0.003332381256  0.001455528489  0.002917394172  0.002917394172  0.011786139175  0.004379159947  0.011786139175  0.011025023552  0.002914722473  0.001941613831  0.003261730385  0.005848878728  0.004374732638  0.005845049320  0.003347040248  0.005874649186  0.006179138626  0.004371185020  0.002914722473  0.000000000000  0.005848878728  0.002917394172  0.001999858211  0.004814927039  0.002316037452  0.000000000000  0.005848878728  0.004379159947  0.002914722473  
piranga_lutea_ku89864 0.010303579145  0.001664524219  0.004383960545  0.008804313555  0.008804313555  0.011798714572  0.007333021796  0.014802149619  0.015523329375  0.002917394172  0.005855823620  0.006556524948  0.005855823620  0.006588925993  0.008804313555  0.003347040248  0.005881655520  0.009309791728  0.013256775604  0.005855823620  0.005848878728  0.000000000000  0.008804313555  0.004011696565  0.006440399232  0.004645312329  0.000000000000  0.005855823620  0.007333021796  0.005855823620  
piranga_rubriceps_lsu34818 0.010290107318  0.006690190037  0.004379159947  0.000000000000  0.005855823620  0.014785110012  0.007323917048  0.014785110012  0.011025023552  0.005848878728  0.003889755859  0.006547817431  0.008804313555  0.006578076186  0.008796161386  0.003347040248  0.008843244305  0.009300673464  0.004371185020  0.005848878728  0.002917394172  0.008804313555  0.000000000000  0.004006642877  0.008055510195  0.004645312329  0.002633160314  0.008804313555  0.007323917048  0.005848878728  
piranga_roseogularis_ku2141 0.004011696565  0.002101846863  0.000000000000  0.004006642877  0.006023358299  0.014191525434  0.002000911996  0.014191525434  0.007627279932  0.000000000000  0.000000000000  0.000000000000  0.004011696565  0.002248343068  0.004006642877  0.003347040248  0.002000911996  0.004006642877  0.004371185020  0.002000911996  0.001999858211  0.004011696565  0.004006642877  0.000000000000  0.004011696565  0.002482795079  0.000000000000  0.006032451614  0.002000911996  0.002000911996  
piranga_erythrocephala_fmnh343371 0.008066528753  0.003335874878  0.003207477275  0.008055510195  0.008055510195  0.014615020604  0.004820732462  0.014615020604  0.012779765197  0.003207477275  0.004429269048  0.003445052001  0.006440399232  0.006782586841  0.006431997614  0.006721797219  0.004820732462  0.006838891745  0.008789763890  0.004820732462  0.004814927039  0.006440399232  0.008055510195  0.004011696565  0.000000000000  0.000000000000  0.000000000000  0.008066528753  0.004820732462  0.004820732462  
piranga_erythrocephala_fmnh343370 0.002316037452  0.002316037452  0.002316037452  0.004645312329  0.004645312329  0.004645312329  0.002316037452  0.004645312329  0.006730168568  0.002316037452  0.002810791313  0.002316037452  0.004645312329  0.005771332426  0.002316037452  0.003380989364  0.004645312329  0.002316037452  0.009778210359  0.002316037452  0.002316037452  0.004645312329  0.004645312329  0.002482795079  0.000000000000  0.000000000000  0.000000000000  0.004645312329  0.002316037452  0.002316037452  
piranga_ludoviciana_sdsu2650 0.000000000000  0.000000000000  0.000000000000  0.002633160314  0.002633160314  0.002633160314  0.000000000000  0.002633160314  0.004064469162  0.000000000000  0.000000000000  0.000000000000  0.002633160314  0.003380989364  0.000000000000  0.000000000000  0.002633160314  0.000000000000  0.006503225606  0.000000000000  0.000000000000  0.000000000000  0.002633160314  0.000000000000  0.000000000000  0.000000000000  0.000000000000  0.002633160314  0.000000000000  0.000000000000  
piranga_bidentata_tepe59 0.010303579145  0.003335874878  0.004383960545  0.008804313555  0.008804313555  0.011798714572  0.007333021796  0.014802149619  0.015523329375  0.005855823620  0.005855823620  0.006556524948  0.008815593890  0.008809122168  0.008804313555  0.003347040248  0.008854624807  0.009309791728  0.004371185020  0.002917394172  0.005848878728  0.005855823620  0.008804313555  0.006032451614  0.008066528753  0.004645312329  0.002633160314  0.000000000000  0.007333021796  0.002917394172  
piranga_rubra_sdsu2635 0.005855823620  0.001664524219  0.002917394172  0.007323917048  0.007323917048  0.013297665272  0.000000000000  0.013297665272  0.008804051965  0.004383960545  0.003894518449  0.003265077213  0.007333021796  0.004380759668  0.004379159947  0.003347040248  0.007365429186  0.004629182340  0.004371185020  0.004383960545  0.004379159947  0.007333021796  0.007323917048  0.002000911996  0.004820732462  0.002316037452  0.000000000000  0.007333021796  0.000000000000  0.004383960545  
piranga_bidentata_itm141 0.007333021796  0.003335874878  0.001456086516  0.005848878728  0.005848878728  0.011798714572  0.004383960545  0.011798714572  0.011031524295  0.002917394172  0.001942607094  0.003265077213  0.005855823620  0.004380759668  0.005848878728  0.003347040248  0.005881655520  0.006183420034  0.004371185020  0.000000000000  0.002914722473  0.005855823620  0.005848878728  0.002000911996  0.004820732462  0.002316037452  0.000000000000  0.002917394172  0.004383960545  0.000000000000  

