30
cardinalis_cardinalis_ku21828 0.000000000000  0.000500252453  0.014164608814  0.007550361718  0.011108508353  0.012637379123  0.011614692269  0.016220575195  0.012130672378  0.010084609029  0.005023020409  0.005023020409  0.007046496735  0.005023020409  0.008559236316  0.007040809864  0.011603123127  0.006029081807  0.012117138394  0.010594111948  0.012125771836  0.008049419916  0.007550361718  0.009070484800  0.007550361718  0.010092676003  0.012125771836  0.006537077332  0.011104139334  0.008556573744  
cardinalis_cardinalis_ku25393 0.000500252453  0.000000000000  0.013651947459  0.007043460495  0.010598216025  0.012125771836  0.011104139334  0.015705783246  0.011619326775  0.009575629499  0.004518439900  0.004518439900  0.006539852405  0.004518439900  0.008051820524  0.006534687600  0.011093365002  0.005523991432  0.011606590069  0.010084609029  0.011614692269  0.007542784665  0.007043460495  0.008562286058  0.007043460495  0.009583168493  0.011614692269  0.006031211173  0.010594111948  0.008049419916  
piranga_roseogularis_ku2049 0.014164608814  0.013651947459  0.000000000000  0.008559236316  0.015186190660  0.016724007604  0.015694967378  0.020328445628  0.016214701543  0.014155403205  0.010081157336  0.010081157336  0.012121260383  0.010081157336  0.013643276384  0.012113406244  0.016709114438  0.011093365002  0.017228467662  0.015694967378  0.017239330274  0.013128196066  0.012628213342  0.014159810346  0.012628213342  0.015191525605  0.017239330274  0.011606590069  0.016209220342  0.013639527797  
piranga_roseogularis_ku2141 0.007550361718  0.007043460495  0.008559236316  0.000000000000  0.008562286058  0.010084609029  0.009067172285  0.013651947459  0.009579205326  0.007544923845  0.003510817828  0.003510817828  0.005528115297  0.003510817828  0.007038545217  0.005523991432  0.010075419419  0.004515352739  0.010587068955  0.009067172285  0.010594111948  0.006531065659  0.006031211173  0.007547449655  0.006031211173  0.008565722596  0.010594111948  0.005021025648  0.009575629499  0.007036666931  
piranga_leucoptera_fmnh481795 0.011108508353  0.010598216025  0.015186190660  0.008562286058  0.000000000000  0.001501700374  0.002505240748  0.007040809864  0.004016233550  0.002003216488  0.007043460495  0.007043460495  0.009074184382  0.007043460495  0.009572441387  0.008051820524  0.012620608027  0.008051820524  0.014159810346  0.012632601362  0.014169798233  0.010078094007  0.009579205326  0.011104139334  0.009579205326  0.012130672378  0.014169798233  0.008562286058  0.013144470601  0.010587068955  
piranga_leucoptera_lsu7783 0.012637379123  0.012125771836  0.016724007604  0.010084609029  0.001501700374  0.000000000000  0.004012895522  0.008559236316  0.005528115297  0.003509598623  0.008562286058  0.008562286058  0.010598216025  0.008562286058  0.011096567283  0.009572441387  0.014151387769  0.009572441387  0.015694967378  0.014164608814  0.015705783246  0.011603123127  0.011104139334  0.012632601362  0.011104139334  0.013662181224  0.015705783246  0.010084609029  0.014677801162  0.012113406244  
piranga_rubriceps_lsu265 0.011614692269  0.011104139334  0.015694967378  0.009067172285  0.002505240748  0.004012895522  0.000000000000  0.004516704183  0.004518439900  0.002504535960  0.007547449655  0.007547449655  0.009579205326  0.007547449655  0.010078094007  0.008556573744  0.013128196066  0.008556573744  0.014668059912  0.013139816000  0.014677801162  0.010584130792  0.010084609029  0.011610446576  0.010084609029  0.012637379123  0.014677801162  0.009067172285  0.013651947459  0.011093365002  
piranga_rubriceps_lsu34818 0.016220575195  0.015705783246  0.020328445628  0.013651947459  0.007040809864  0.008559236316  0.004516704183  0.000000000000  0.009070484800  0.007038545217  0.012121260383  0.012121260383  0.014169798233  0.012121260383  0.014668059912  0.013135551792  0.017738675179  0.013135551792  0.019292963115  0.017755189467  0.019305997390  0.015176696809  0.014677801162  0.016214701543  0.014677801162  0.017251766461  0.019305997390  0.013651947459  0.018271586303  0.015690148073  
piranga_erythrocephala_fmnh343371 0.012130672378  0.011619326775  0.016214701543  0.009579205326  0.004016233550  0.005528115297  0.004518439900  0.009070484800  0.000000000000  0.003007774183  0.008057782064  0.008057782064  0.010092676003  0.008057782064  0.010590396133  0.009067172285  0.013643276384  0.009067172285  0.015186190660  0.013656869193  0.015197252062  0.011096567283  0.010598216025  0.012125771836  0.010598216025  0.013154949486  0.015197252062  0.009579205326  0.014169798233  0.011096567283  
piranga_erythrocephala_fmnh343370 0.010084609029  0.009575629499  0.014155403205  0.007544923845  0.002003216488  0.003509598623  0.002504535960  0.007038545217  0.003007774183  0.000000000000  0.006029081807  0.006029081807  0.008054608032  0.006029081807  0.008554298720  0.007036666931  0.011597359446  0.007036666931  0.013131678355  0.011606590069  0.013139816000  0.009059560902  0.008559236316  0.010081157336  0.008559236316  0.011104139334  0.013139816000  0.007544923845  0.012117138394  0.009567229813  
piranga_flava_ku90809 0.005023020409  0.004518439900  0.010081157336  0.003510817828  0.007043460495  0.008562286058  0.007547449655  0.012121260383  0.008057782064  0.006029081807  0.000000000000  0.000000000000  0.002004047426  0.000000000000  0.004515352739  0.003006812448  0.007541032492  0.002002768129  0.008049419916  0.006534687600  0.008054608032  0.004011093524  0.003510817828  0.005021025648  0.003510817828  0.006033725611  0.008054608032  0.002505240748  0.007040809864  0.004514385943  
piranga_flava_lsu15408 0.005023020409  0.004518439900  0.010081157336  0.003510817828  0.007043460495  0.008562286058  0.007547449655  0.012121260383  0.008057782064  0.006029081807  0.000000000000  0.000000000000  0.002004047426  0.000000000000  0.004515352739  0.003006812448  0.007541032492  0.002002768129  0.008049419916  0.006534687600  0.008054608032  0.004011093524  0.003510817828  0.005021025648  0.003510817828  0.006033725611  0.008054608032  0.002505240748  0.007040809864  0.004514385943  
piranga_lutea_ku89864 0.007046496735  0.006539852405  0.012121260383  0.005528115297  0.009074184382  0.010598216025  0.009579205326  0.014169798233  0.010092676003  0.008054608032  0.002004047426  0.002004047426  0.000000000000  0.002004047426  0.006534687600  0.005021025648  0.009569641365  0.004012895522  0.010081157336  0.008562286058  0.010088448709  0.006027337889  0.005528115297  0.007043460495  0.005528115297  0.008061342246  0.010088448709  0.004518439900  0.009070484800  0.006532683583  
piranga_lutea_lsu5400 0.005023020409  0.004518439900  0.010081157336  0.003510817828  0.007043460495  0.008562286058  0.007547449655  0.012121260383  0.008057782064  0.006029081807  0.000000000000  0.000000000000  0.002004047426  0.000000000000  0.004515352739  0.003006812448  0.007541032492  0.002002768129  0.008049419916  0.006534687600  0.008054608032  0.004011093524  0.003510817828  0.005021025648  0.003510817828  0.006033725611  0.008054608032  0.002505240748  0.007040809864  0.004514385943  
piranga_rubra_sdsu2635 0.008559236316  0.008051820524  0.013643276384  0.007038545217  0.009572441387  0.011096567283  0.010078094007  0.014668059912  0.010590396133  0.008554298720  0.004515352739  0.004515352739  0.006534687600  0.004515352739  0.000000000000  0.001501700374  0.006025979795  0.002505240748  0.009569641365  0.008051820524  0.009575629499  0.005521408291  0.005021025648  0.006534687600  0.005021025648  0.007550361718  0.009575629499  0.004012895522  0.008559236316  0.006025979795  
piranga_rubra_sdsu2654 0.007040809864  0.006534687600  0.012113406244  0.005523991432  0.008051820524  0.009572441387  0.008556573744  0.013135551792  0.009067172285  0.007036666931  0.003006812448  0.003006812448  0.005021025648  0.003006812448  0.001501700374  0.000000000000  0.004514385943  0.001001010492  0.008049419916  0.006534687600  0.008054608032  0.004011093524  0.003510817828  0.005021025648  0.003510817828  0.006033725611  0.008054608032  0.002505240748  0.007040809864  0.004514385943  
piranga_hepatica_ku9084 0.011603123127  0.011093365002  0.016709114438  0.010075419419  0.012620608027  0.014151387769  0.013128196066  0.017738675179  0.013643276384  0.011597359446  0.007541032492  0.007541032492  0.009569641365  0.007541032492  0.006025979795  0.004514385943  0.000000000000  0.005522507082  0.012617391488  0.011093365002  0.012624215438  0.008550912832  0.008049419916  0.009067172285  0.008049419916  0.010590396133  0.012624215438  0.007036666931  0.011603123127  0.009057800423  
piranga_hepatica_ku4970 0.006029081807  0.005523991432  0.011093365002  0.004515352739  0.008051820524  0.009572441387  0.008556573744  0.013135551792  0.009067172285  0.007036666931  0.002002768129  0.002002768129  0.004012895522  0.002002768129  0.002505240748  0.001001010492  0.005522507082  0.000000000000  0.007036666931  0.005523991432  0.007040809864  0.003006039793  0.002505240748  0.004012895522  0.002505240748  0.005023020409  0.007040809864  0.001501700374  0.006029081807  0.003508311819  
piranga_ludoviciana_sdsu2385 0.012117138394  0.011606590069  0.017228467662  0.010587068955  0.014159810346  0.015694967378  0.014668059912  0.019292963115  0.015186190660  0.013131678355  0.008049419916  0.008049419916  0.010081157336  0.008049419916  0.009569641365  0.008049419916  0.012617391488  0.007036666931  0.000000000000  0.002504535960  0.004012895522  0.009059560902  0.008559236316  0.010081157336  0.008559236316  0.011104139334  0.013139816000  0.007544923845  0.012117138394  0.009567229813  
piranga_ludoviciana_sdsu2648 0.010594111948  0.010084609029  0.015694967378  0.009067172285  0.012632601362  0.014164608814  0.013139816000  0.017755189467  0.013656869193  0.011606590069  0.006534687600  0.006534687600  0.008562286058  0.006534687600  0.008051820524  0.006534687600  0.011093365002  0.005523991432  0.002504535960  0.000000000000  0.001502275141  0.007542784665  0.007043460495  0.008562286058  0.007043460495  0.009583168493  0.011614692269  0.006031211173  0.010594111948  0.008049419916  
piranga_ludoviciana_sdsu2208 0.012125771836  0.011614692269  0.017239330274  0.010594111948  0.014169798233  0.015705783246  0.014677801162  0.019305997390  0.015197252062  0.013139816000  0.008054608032  0.008054608032  0.010088448709  0.008054608032  0.009575629499  0.008054608032  0.012624215438  0.007040809864  0.004012895522  0.001502275141  0.000000000000  0.009064247213  0.008565722596  0.010088448709  0.008565722596  0.011113265535  0.013149515221  0.007550361718  0.012125771836  0.009572441387  
piranga_olivacea_ku2699 0.008049419916  0.007542784665  0.013128196066  0.006531065659  0.010078094007  0.011603123127  0.010584130792  0.015176696809  0.011096567283  0.009059560902  0.004011093524  0.004011093524  0.006027337889  0.004011093524  0.005521408291  0.004011093524  0.008550912832  0.003006039793  0.009059560902  0.007542784665  0.009064247213  0.000000000000  0.004515352739  0.006027337889  0.004515352739  0.007040809864  0.009064247213  0.003508763161  0.008049419916  0.005520695437  
piranga_olivacea_ku4672 0.007550361718  0.007043460495  0.012628213342  0.006031211173  0.009579205326  0.011104139334  0.010084609029  0.014677801162  0.010598216025  0.008559236316  0.003510817828  0.003510817828  0.005528115297  0.003510817828  0.005021025648  0.003510817828  0.008049419916  0.002505240748  0.008559236316  0.007043460495  0.008565722596  0.004515352739  0.000000000000  0.003510817828  0.002004047426  0.004520559513  0.006537077332  0.001001010492  0.005525860962  0.003006234192  
piranga_bidentata_hgoslp104 0.009070484800  0.008562286058  0.014159810346  0.007547449655  0.011104139334  0.012632601362  0.011610446576  0.016214701543  0.012125771836  0.010081157336  0.005021025648  0.005021025648  0.007043460495  0.005021025648  0.006534687600  0.005021025648  0.009067172285  0.004012895522  0.010081157336  0.008562286058  0.010088448709  0.006027337889  0.003510817828  0.000000000000  0.001501700374  0.004014372720  0.006029081807  0.002505240748  0.007040809864  0.004514385943  
piranga_bidentata_itm160 0.007550361718  0.007043460495  0.012628213342  0.006031211173  0.009579205326  0.011104139334  0.010084609029  0.014677801162  0.010598216025  0.008559236316  0.003510817828  0.003510817828  0.005528115297  0.003510817828  0.005021025648  0.003510817828  0.008049419916  0.002505240748  0.008559236316  0.007043460495  0.008565722596  0.004515352739  0.002004047426  0.001501700374  0.000000000000  0.002506328375  0.004516704183  0.001001010492  0.005525860962  0.003006234192  
piranga_ludoviciana_sdsu2650 0.010092676003  0.009583168493  0.015191525605  0.008565722596  0.012130672378  0.013662181224  0.012637379123  0.017251766461  0.013154949486  0.011104139334  0.006033725611  0.006033725611  0.008061342246  0.006033725611  0.007550361718  0.006033725611  0.010590396133  0.005023020409  0.011104139334  0.009583168493  0.011113265535  0.007040809864  0.004520559513  0.004014372720  0.002506328375  0.000000000000  0.007043460495  0.003512420400  0.008057782064  0.005523991432  
piranga_bidentata_tepe59 0.012125771836  0.011614692269  0.017239330274  0.010594111948  0.014169798233  0.015705783246  0.014677801162  0.019305997390  0.015197252062  0.013139816000  0.008054608032  0.008054608032  0.010088448709  0.008054608032  0.009575629499  0.008054608032  0.012624215438  0.007040809864  0.013139816000  0.011614692269  0.013149515221  0.009064247213  0.006537077332  0.006029081807  0.004516704183  0.007043460495  0.000000000000  0.005525860962  0.010084609029  0.007542784665  
piranga_bidentata_itm141 0.006537077332  0.006031211173  0.011606590069  0.005021025648  0.008562286058  0.010084609029  0.009067172285  0.013651947459  0.009579205326  0.007544923845  0.002505240748  0.002505240748  0.004518439900  0.002505240748  0.004012895522  0.002505240748  0.007036666931  0.001501700374  0.007544923845  0.006031211173  0.007550361718  0.003508763161  0.001001010492  0.002505240748  0.001001010492  0.003512420400  0.005525860962  0.000000000000  0.004516704183  0.002002702724  
piranga_rubra_ku7046 0.011104139334  0.010594111948  0.016209220342  0.009575629499  0.013144470601  0.014677801162  0.013651947459  0.018271586303  0.014169798233  0.012117138394  0.007040809864  0.007040809864  0.009070484800  0.007040809864  0.008559236316  0.007040809864  0.011603123127  0.006029081807  0.012117138394  0.010594111948  0.012125771836  0.008049419916  0.005525860962  0.007040809864  0.005525860962  0.008057782064  0.010084609029  0.004516704183  0.000000000000  0.006531065659  
piranga_rubra_ku26592 0.008556573744  0.008049419916  0.013639527797  0.007036666931  0.010587068955  0.012113406244  0.011093365002  0.015690148073  0.011096567283  0.009567229813  0.004514385943  0.004514385943  0.006532683583  0.004514385943  0.006025979795  0.004514385943  0.009057800423  0.003508311819  0.009567229813  0.008049419916  0.009572441387  0.005520695437  0.003006234192  0.004514385943  0.003006234192  0.005523991432  0.007542784665  0.002002702724  0.006531065659  0.000000000000  

