30
piranga_rubra_ku26592 0.000000000000  0.005474227994  0.008778444831  0.008778444831  0.012110926052  0.008775374701  0.006902043913  0.010992087120  0.004377950584  0.004377950584  0.006784966614  0.013869761469  0.002311034203  0.005896063531  0.003387242726  0.008102681792  0.004374354096  0.003279572318  0.006200630973  0.003279572318  0.011516732483  0.006697271931  0.013209298652  0.009147519488  0.009892495096  0.010954125875  0.007623920227  0.006576723341  0.004372421109  0.002183795983  
piranga_flava_ku90809 0.005474227994  0.000000000000  0.007676554420  0.007676554420  0.011004458980  0.007672931614  0.005749874307  0.009886606481  0.005474227994  0.005474227994  0.005652371791  0.011075451705  0.003473214357  0.008871756583  0.004522735394  0.000000000000  0.001090609281  0.003277089212  0.004958665719  0.004374354096  0.010359364322  0.001110929070  0.012099648305  0.006522453296  0.008789628579  0.009577714197  0.007623920227  0.007676554420  0.005474227994  0.003277089212  
piranga_ludoviciana_sdsu2385 0.008778444831  0.007676554420  0.000000000000  0.013219473546  0.016580793312  0.013213534803  0.008062309747  0.015449387070  0.008778444831  0.006570054200  0.003380485637  0.015279753171  0.006961471747  0.008871756583  0.007933831644  0.008102681792  0.008783197830  0.006570054200  0.002472688405  0.005469800052  0.016190624137  0.008945316057  0.017680072364  0.011794327693  0.014345993194  0.010954125875  0.003796253466  0.008775374701  0.008778444831  0.006570054200  
piranga_rubriceps_lsu265 0.008778444831  0.007676554420  0.013219473546  0.000000000000  0.005472945904  0.010976375991  0.011551070014  0.013199000370  0.010997429284  0.010997429284  0.011354329144  0.016676543537  0.006961471747  0.008859601362  0.007933831644  0.012173405784  0.006572552200  0.008778444831  0.009952390799  0.009886606481  0.004578391882  0.008945316057  0.004362619653  0.010459900401  0.005468241052  0.006813120385  0.013404212040  0.013219473546  0.008778444831  0.008778444831  
piranga_leucoptera_lsu7783 0.012110926052  0.011004458980  0.016580793312  0.005472945904  0.000000000000  0.013199000370  0.015072269341  0.015432355905  0.014345993194  0.014345993194  0.014814606550  0.020939978861  0.010479997738  0.014852403109  0.011372653372  0.014231887631  0.009892495096  0.012110926052  0.013738807641  0.013227109689  0.003429538571  0.012341939605  0.009875757539  0.014442348084  0.006569522242  0.008186827887  0.013404212040  0.016580793312  0.012110926052  0.012110926052  
cardinalis_cardinalis_ku25393 0.008775374701  0.007672931614  0.013213534803  0.010976375991  0.013199000370  0.000000000000  0.011543321825  0.002181414097  0.010992087120  0.010992087120  0.011346843618  0.015264086240  0.005793005262  0.007375965158  0.006792338792  0.006055173026  0.006570054200  0.008775374701  0.008697108241  0.009882403058  0.012656540424  0.008942127510  0.015417902611  0.011775210360  0.012091133996  0.010934367945  0.007623920227  0.013213534803  0.008775374701  0.008775374701  
piranga_olivacea_ku2699 0.006902043913  0.005749874307  0.008062309747  0.011551070014  0.015072269341  0.011543321825  0.000000000000  0.013885271126  0.006902043913  0.006902043913  0.006908475881  0.013886251174  0.004880020214  0.007381517253  0.005949760360  0.004033599665  0.006908475881  0.004590206793  0.003714007027  0.005744681091  0.014588202088  0.006958073959  0.016219062822  0.009291111271  0.012732696873  0.012349521791  0.003796253466  0.009218407403  0.006902043913  0.004590206793  
cardinalis_cardinalis_ku21828 0.010992087120  0.009886606481  0.015449387070  0.013199000370  0.015432355905  0.002181414097  0.013885271126  0.000000000000  0.013219473546  0.013219473546  0.013648367442  0.016676543537  0.006958668245  0.008864155708  0.007931754409  0.006055173026  0.008778444831  0.010992087120  0.011211089100  0.012104439661  0.013822371069  0.011201409529  0.017655136080  0.013101059705  0.014321406228  0.012316883590  0.009549696900  0.015449387070  0.010992087120  0.010992087120  
piranga_rubra_ku7046 0.004377950584  0.005474227994  0.008778444831  0.010997429284  0.014345993194  0.010992087120  0.006902043913  0.013219473546  0.000000000000  0.004377950584  0.006784966614  0.012464054595  0.003470429253  0.007381517253  0.005656878859  0.006063666448  0.006576723341  0.003279572318  0.006200630973  0.003279572318  0.012683495960  0.006697271931  0.015442844228  0.007829773146  0.012119102331  0.012340328393  0.005706127726  0.006576723341  0.006572552200  0.002183795983  
piranga_bidentata_hgoslp104 0.004377950584  0.005474227994  0.006570054200  0.010997429284  0.014345993194  0.010992087120  0.006902043913  0.013219473546  0.004377950584  0.000000000000  0.004512530835  0.013869761469  0.004632737533  0.008871756583  0.005656878859  0.008102681792  0.006576723341  0.003279572318  0.003710822203  0.001090609281  0.013853209860  0.006697271931  0.015442844228  0.009147519488  0.012119102331  0.013730697482  0.003796253466  0.004374354096  0.006572552200  0.002183795983  
piranga_ludoviciana_sdsu2648 0.006784966614  0.005652371791  0.003380485637  0.011354329144  0.014814606550  0.011346843618  0.006908475881  0.013648367442  0.006784966614  0.004512530835  0.000000000000  0.013886251174  0.004792319603  0.007381517253  0.005845422521  0.006063666448  0.006791181946  0.004512530835  0.001234691975  0.003380485637  0.014326927456  0.006839104454  0.015942009483  0.010480532097  0.012515382078  0.012349521791  0.001894232330  0.006780526578  0.006784966614  0.004512530835  
piranga_roseogularis_ku2049 0.013869761469  0.011075451705  0.015279753171  0.016676543537  0.020939978861  0.015264086240  0.013886251174  0.016676543537  0.012464054595  0.013869761469  0.013886251174  0.000000000000  0.012478716474  0.013973607164  0.013869761469  0.006063666448  0.012478716474  0.011062606585  0.013115216766  0.012464054595  0.019514463143  0.012464054595  0.019495912137  0.008281628878  0.016694055903  0.018245710823  0.009549696900  0.015264086240  0.015279753171  0.011062606585  
piranga_hepatica_ku4970 0.002311034203  0.003473214357  0.006961471747  0.006961471747  0.010479997738  0.005793005262  0.004880020214  0.006958668245  0.003470429253  0.004632737533  0.004792319603  0.012478716474  0.000000000000  0.004415364781  0.001154537816  0.006063666448  0.002312576199  0.002311034203  0.003964307375  0.003470429253  0.009304179508  0.004687022275  0.011640820062  0.007838053362  0.006966152600  0.008198014059  0.005706127726  0.005794552171  0.002311034203  0.002311034203  
piranga_hepatica_ku9084 0.005896063531  0.008871756583  0.008871756583  0.008859601362  0.014852403109  0.007375965158  0.007381517253  0.008864155708  0.007381517253  0.008871756583  0.007381517253  0.013973607164  0.004415364781  0.000000000000  0.004415364781  0.012187779590  0.007381517253  0.005896063531  0.008871756583  0.007381517253  0.014852403109  0.008871756583  0.011840687488  0.009254936337  0.011854977780  0.012503510143  0.011465743490  0.008871756583  0.005896063531  0.005896063531  
piranga_rubra_sdsu2654 0.003387242726  0.004522735394  0.007933831644  0.007933831644  0.011372653372  0.006792338792  0.005949760360  0.007931754409  0.005656878859  0.005656878859  0.005845422521  0.013869761469  0.001154537816  0.004415364781  0.000000000000  0.006063666448  0.003388121326  0.003387242726  0.005145225831  0.004520668778  0.010352904584  0.005721612341  0.012509258622  0.009147519488  0.009082350890  0.009572065032  0.005706127726  0.006793215416  0.001127499129  0.003387242726  
piranga_flava_lsu15408 0.008102681792  0.000000000000  0.008102681792  0.012173405784  0.014231887631  0.006055173026  0.004033599665  0.006055173026  0.006063666448  0.008102681792  0.006063666448  0.006063666448  0.006063666448  0.012187779590  0.006063666448  0.000000000000  0.002012403243  0.004033599665  0.008102681792  0.006063666448  0.016299570869  0.000000000000  0.014231887631  0.004033599665  0.012187779590  0.012187779590  0.008287348426  0.008102681792  0.008102681792  0.004033599665  
piranga_lutea_lsu5400 0.004374354096  0.001090609281  0.008783197830  0.006572552200  0.009892495096  0.006570054200  0.006908475881  0.008778444831  0.006576723341  0.006576723341  0.006791181946  0.012478716474  0.002312576199  0.007381517253  0.003388121326  0.002012403243  0.000000000000  0.004374354096  0.006206682503  0.005474227994  0.009197210911  0.002223671430  0.010988437642  0.007838053362  0.007681852664  0.008198014059  0.009549696900  0.008783197830  0.004374354096  0.004374354096  
piranga_olivacea_ku4672 0.003279572318  0.003277089212  0.006570054200  0.008778444831  0.012110926052  0.008775374701  0.004590206793  0.010992087120  0.003279572318  0.003279572318  0.004512530835  0.011062606585  0.002311034203  0.005896063531  0.003387242726  0.004033599665  0.004374354096  0.000000000000  0.003710822203  0.002183795983  0.011516732483  0.004455211736  0.013209298652  0.006515770066  0.009892495096  0.010954125875  0.003796253466  0.005474227994  0.004372421109  0.001090609281  
piranga_ludoviciana_sdsu2208 0.006200630973  0.004958665719  0.002472688405  0.009952390799  0.013738807641  0.008697108241  0.003714007027  0.011211089100  0.006200630973  0.003710822203  0.001234691975  0.013115216766  0.003964307375  0.008871756583  0.005145225831  0.008102681792  0.006206682503  0.003710822203  0.000000000000  0.002470925418  0.013145524667  0.006254930016  0.012464181599  0.008689428498  0.011220817339  0.013200921571  0.003796253466  0.004954051401  0.006200630973  0.003710822203  
piranga_bidentata_itm160 0.003279572318  0.004374354096  0.005469800052  0.009886606481  0.013227109689  0.009882403058  0.005744681091  0.012104439661  0.003279572318  0.001090609281  0.003380485637  0.012464054595  0.003470429253  0.007381517253  0.004520668778  0.006063666448  0.005474227994  0.002183795983  0.002470925418  0.000000000000  0.012683495960  0.005574883440  0.014324723344  0.007829773146  0.011004458980  0.012340328393  0.001894232330  0.003277089212  0.005471178592  0.001090609281  
piranga_leucoptera_fmnh481795 0.011516732483  0.010359364322  0.016190624137  0.004578391882  0.003429538571  0.012656540424  0.014588202088  0.013822371069  0.012683495960  0.013853209860  0.014326927456  0.019514463143  0.009304179508  0.014852403109  0.010352904584  0.016299570869  0.009197210911  0.011516732483  0.013145524667  0.012683495960  0.000000000000  0.011650918456  0.009181447805  0.013111052287  0.004574458403  0.006813120385  0.015350838215  0.015016239873  0.011516732483  0.011516732483  
piranga_lutea_ku89864 0.006697271931  0.001110929070  0.008945316057  0.008945316057  0.012341939605  0.008942127510  0.006958073959  0.011201409529  0.006697271931  0.006697271931  0.006839104454  0.012464054595  0.004687022275  0.008871756583  0.005721612341  0.000000000000  0.002223671430  0.004455211736  0.006254930016  0.005574883440  0.011650918456  0.000000000000  0.013461210740  0.007829773146  0.010080870784  0.010954125875  0.007623920227  0.008945316057  0.006697271931  0.004455211736  
piranga_rubriceps_lsu34818 0.013209298652  0.012099648305  0.017680072364  0.004362619653  0.009875757539  0.015417902611  0.016219062822  0.017655136080  0.015442844228  0.015442844228  0.015942009483  0.019495912137  0.011640820062  0.011840687488  0.012509258622  0.014231887631  0.010988437642  0.013209298652  0.012464181599  0.014324723344  0.009181447805  0.013461210740  0.000000000000  0.015744891299  0.009871563381  0.012312968045  0.015350838215  0.017680072364  0.013209298652  0.013209298652  
piranga_roseogularis_ku2141 0.009147519488  0.006522453296  0.011794327693  0.010459900401  0.014442348084  0.011775210360  0.009291111271  0.013101059705  0.007829773146  0.009147519488  0.010480532097  0.008281628878  0.007838053362  0.009254936337  0.009147519488  0.004033599665  0.007838053362  0.006515770066  0.008689428498  0.007829773146  0.013111052287  0.007829773146  0.015744891299  0.000000000000  0.010469030480  0.012349521791  0.007623920227  0.010459900401  0.010469030480  0.006515770066  
piranga_erythrocephala_fmnh343371 0.009892495096  0.008789628579  0.014345993194  0.005468241052  0.006569522242  0.012091133996  0.012732696873  0.014321406228  0.012119102331  0.012119102331  0.012515382078  0.016694055903  0.006966152600  0.011854977780  0.009082350890  0.012187779590  0.007681852664  0.009892495096  0.011220817339  0.011004458980  0.004574458403  0.010080870784  0.009871563381  0.010469030480  0.000000000000  0.004079158231  0.011483524502  0.014345993194  0.009892495096  0.009892495096  
piranga_erythrocephala_fmnh343370 0.010954125875  0.009577714197  0.010954125875  0.006813120385  0.008186827887  0.010934367945  0.012349521791  0.012316883590  0.012340328393  0.013730697482  0.012349521791  0.018245710823  0.008198014059  0.012503510143  0.009572065032  0.012187779590  0.008198014059  0.010954125875  0.013200921571  0.012340328393  0.006813120385  0.010954125875  0.012312968045  0.012349521791  0.004079158231  0.000000000000  0.013425470632  0.015115115520  0.010954125875  0.010954125875  
piranga_ludoviciana_sdsu2650 0.007623920227  0.007623920227  0.003796253466  0.013404212040  0.013404212040  0.007623920227  0.003796253466  0.009549696900  0.005706127726  0.003796253466  0.001894232330  0.009549696900  0.005706127726  0.011465743490  0.005706127726  0.008287348426  0.009549696900  0.003796253466  0.003796253466  0.001894232330  0.015350838215  0.007623920227  0.015350838215  0.007623920227  0.011483524502  0.013425470632  0.000000000000  0.003796253466  0.007623920227  0.003796253466  
piranga_bidentata_tepe59 0.006576723341  0.007676554420  0.008775374701  0.013219473546  0.016580793312  0.013213534803  0.009218407403  0.015449387070  0.006576723341  0.004374354096  0.006780526578  0.015264086240  0.005794552171  0.008871756583  0.006793215416  0.008102681792  0.008783197830  0.005474227994  0.004954051401  0.003277089212  0.015016239873  0.008945316057  0.017680072364  0.010459900401  0.014345993194  0.015115115520  0.003796253466  0.000000000000  0.008778444831  0.004374354096  
piranga_rubra_sdsu2635 0.004372421109  0.005474227994  0.008778444831  0.008778444831  0.012110926052  0.008775374701  0.006902043913  0.010992087120  0.006572552200  0.006572552200  0.006784966614  0.015279753171  0.002311034203  0.005896063531  0.001127499129  0.008102681792  0.004374354096  0.004372421109  0.006200630973  0.005471178592  0.011516732483  0.006697271931  0.013209298652  0.010469030480  0.009892495096  0.010954125875  0.007623920227  0.008778444831  0.000000000000  0.004372421109  
piranga_bidentata_itm141 0.002183795983  0.003277089212  0.006570054200  0.008778444831  0.012110926052  0.008775374701  0.004590206793  0.010992087120  0.002183795983  0.002183795983  0.004512530835  0.011062606585  0.002311034203  0.005896063531  0.003387242726  0.004033599665  0.004374354096  0.001090609281  0.003710822203  0.001090609281  0.011516732483  0.004455211736  0.013209298652  0.006515770066  0.009892495096  0.010954125875  0.003796253466  0.004374354096  0.004372421109  0.000000000000  

