30
cardinalis_cardinalis_ku21828 0.000000000000  0.000000000000  0.006536530512  0.011101391006  0.009579792063  0.009070801550  0.009070801550  0.010595170868  0.011616479801  0.010089342885  0.009583906389  0.011612024481  0.009576110407  0.009576110407  0.010085360198  0.009576110407  0.010591320222  0.010591320222  0.010591320222  0.010085360198  0.010085360198  0.010085360198  0.012634984479  0.009579792063  0.009579792063  0.010081810890  0.009070801550  0.010595170868  0.009070801550  0.010089342885  
cardinalis_cardinalis_ku25393 0.000000000000  0.000000000000  0.006536530512  0.011101391006  0.009579792063  0.009070801550  0.009070801550  0.010595170868  0.011616479801  0.010089342885  0.009583906389  0.011612024481  0.009576110407  0.009576110407  0.010085360198  0.009576110407  0.010591320222  0.010591320222  0.010591320222  0.010085360198  0.010085360198  0.010085360198  0.012634984479  0.009579792063  0.009579792063  0.010081810890  0.009070801550  0.010595170868  0.009070801550  0.010089342885  
piranga_erythrocephala_fmnh343371 0.006536530512  0.006536530512  0.000000000000  0.004516035587  0.003008225839  0.002505530844  0.002505530844  0.004013557697  0.005022193644  0.005529922562  0.006033032246  0.007043035309  0.005022193644  0.005022193644  0.005527337012  0.005022193644  0.006030579348  0.006030579348  0.006030579348  0.005527337012  0.005527337012  0.005527337012  0.008057710660  0.005024483000  0.005024483000  0.005525180609  0.004519594746  0.006033032246  0.004519594746  0.005529922562  
piranga_erythrocephala_fmnh343370 0.011101391006  0.011101391006  0.004516035587  0.000000000000  0.002504712820  0.002002855518  0.002002855518  0.003509085853  0.004516035587  0.010089342885  0.010595170868  0.011612024481  0.009576110407  0.009576110407  0.010085360198  0.009576110407  0.010591320222  0.010591320222  0.010591320222  0.010085360198  0.010085360198  0.010085360198  0.012634984479  0.009579792063  0.009579792063  0.010081810890  0.009070801550  0.010595170868  0.009070801550  0.010089342885  
piranga_leucoptera_fmnh481795 0.009579792063  0.009579792063  0.003008225839  0.002504712820  0.000000000000  0.000500270242  0.000500270242  0.002003381190  0.003008225839  0.008569828793  0.009074615151  0.010089342885  0.008057710660  0.008057710660  0.008565883651  0.008057710660  0.009070801550  0.009070801550  0.009070801550  0.008565883651  0.008565883651  0.008565883651  0.011110130399  0.008061356043  0.008061356043  0.008562370114  0.007553441234  0.009074615151  0.007553441234  0.008569828793  
piranga_leucoptera_lsu7783 0.009070801550  0.009070801550  0.002505530844  0.002002855518  0.000500270242  0.000000000000  0.000000000000  0.001501775694  0.002505530844  0.008061356043  0.008565883651  0.009579792063  0.007550094953  0.007550094953  0.008057710660  0.007550094953  0.008562370114  0.008562370114  0.008562370114  0.008057710660  0.008057710660  0.008057710660  0.010599455251  0.007553441234  0.007553441234  0.008054496529  0.007046083144  0.008565883651  0.007046083144  0.008061356043  
piranga_ludoviciana_sdsu2650 0.009070801550  0.009070801550  0.002505530844  0.002002855518  0.000500270242  0.000000000000  0.000000000000  0.001501775694  0.002505530844  0.008061356043  0.008565883651  0.009579792063  0.007550094953  0.007550094953  0.008057710660  0.007550094953  0.008562370114  0.008562370114  0.008562370114  0.008057710660  0.008057710660  0.008057710660  0.010599455251  0.007553441234  0.007553441234  0.008054496529  0.007046083144  0.008565883651  0.007046083144  0.008061356043  
piranga_rubriceps_lsu265 0.010595170868  0.010595170868  0.004013557697  0.003509085853  0.002003381190  0.001501775694  0.001501775694  0.000000000000  0.001001081748  0.009583906389  0.010089342885  0.011105543656  0.009070801550  0.009070801550  0.009579792063  0.009070801550  0.010085360198  0.010085360198  0.010085360198  0.009579792063  0.009579792063  0.009579792063  0.012127980548  0.009074615151  0.009074615151  0.009576110407  0.008565883651  0.010089342885  0.008565883651  0.009583906389  
piranga_rubriceps_lsu34818 0.011616479801  0.011616479801  0.005022193644  0.004516035587  0.003008225839  0.002505530844  0.002505530844  0.001001081748  0.000000000000  0.010604173016  0.011110130399  0.012127980548  0.010089342885  0.010089342885  0.010599455251  0.010089342885  0.011105543656  0.011105543656  0.011105543656  0.010599455251  0.010599455251  0.010599455251  0.013152680853  0.010093758599  0.010093758599  0.010595170868  0.009583906389  0.011110130399  0.009583906389  0.010604173016  
piranga_roseogularis_ku2049 0.010089342885  0.010089342885  0.005529922562  0.010089342885  0.008569828793  0.008061356043  0.008061356043  0.009583906389  0.010604173016  0.000000000000  0.000500192469  0.004517600939  0.002505530844  0.002505530844  0.003008225839  0.002505530844  0.003510062724  0.003510062724  0.003510062724  0.003008225839  0.003008225839  0.003008225839  0.005527337012  0.002506775593  0.002506775593  0.003007114827  0.002004333245  0.003511467361  0.002004333245  0.003009763918  
piranga_roseogularis_ku2141 0.009583906389  0.009583906389  0.006033032246  0.010595170868  0.009074615151  0.008565883651  0.008565883651  0.010089342885  0.011110130399  0.000500192469  0.000000000000  0.005020333089  0.003007114827  0.003007114827  0.003510062724  0.003007114827  0.004012286906  0.004012286906  0.004012286906  0.003510062724  0.003510062724  0.003510062724  0.006030579348  0.003008225839  0.003008225839  0.003509085853  0.002505530844  0.004013557697  0.002505530844  0.003511467361  
piranga_bidentata_itm160 0.011612024481  0.011612024481  0.007043035309  0.011612024481  0.010089342885  0.009579792063  0.009579792063  0.011105543656  0.012127980548  0.004517600939  0.005020333089  0.000000000000  0.002003381190  0.002003381190  0.002505530844  0.002003381190  0.003007114827  0.003007114827  0.005018901691  0.004516035587  0.004516035587  0.004516035587  0.006028556302  0.004013557697  0.004013557697  0.004514899047  0.003510062724  0.005020333089  0.003510062724  0.004517600939  
piranga_ludoviciana_sdsu2385 0.009576110407  0.009576110407  0.005022193644  0.009576110407  0.008057710660  0.007550094953  0.007550094953  0.009070801550  0.010089342885  0.002505530844  0.003007114827  0.002003381190  0.000000000000  0.000000000000  0.000500270242  0.000000000000  0.001000713178  0.001000713178  0.003006431239  0.002504712820  0.002504712820  0.002504712820  0.005020333089  0.002003381190  0.002003381190  0.002504321878  0.001501775694  0.003007114827  0.001501775694  0.002505530844  
piranga_ludoviciana_sdsu2648 0.009576110407  0.009576110407  0.005022193644  0.009576110407  0.008057710660  0.007550094953  0.007550094953  0.009070801550  0.010089342885  0.002505530844  0.003007114827  0.002003381190  0.000000000000  0.000000000000  0.000500270242  0.000000000000  0.001000713178  0.001000713178  0.003006431239  0.002504712820  0.002504712820  0.002504712820  0.005020333089  0.002003381190  0.002003381190  0.002504321878  0.001501775694  0.003007114827  0.001501775694  0.002505530844  
piranga_bidentata_tepe59 0.010085360198  0.010085360198  0.005527337012  0.010085360198  0.008565883651  0.008057710660  0.008057710660  0.009579792063  0.010599455251  0.003008225839  0.003510062724  0.002505530844  0.000500270242  0.000500270242  0.000000000000  0.000500270242  0.001501775694  0.001501775694  0.003509085853  0.003007114827  0.003007114827  0.003007114827  0.005525180609  0.002505530844  0.002505530844  0.003006431239  0.002003381190  0.003510062724  0.002003381190  0.002003381190  
piranga_olivacea_ku2699 0.009576110407  0.009576110407  0.005022193644  0.009576110407  0.008057710660  0.007550094953  0.007550094953  0.009070801550  0.010089342885  0.002505530844  0.003007114827  0.002003381190  0.000000000000  0.000000000000  0.000500270242  0.000000000000  0.001000713178  0.001000713178  0.003006431239  0.002504712820  0.002504712820  0.002504712820  0.005020333089  0.002003381190  0.002003381190  0.002504321878  0.001501775694  0.003007114827  0.001501775694  0.002505530844  
piranga_bidentata_hgoslp104 0.010591320222  0.010591320222  0.006030579348  0.010591320222  0.009070801550  0.008562370114  0.008562370114  0.010085360198  0.011105543656  0.003510062724  0.004012286906  0.003007114827  0.001000713178  0.001000713178  0.001501775694  0.001000713178  0.000000000000  0.000000000000  0.004011444583  0.003509085853  0.003509085853  0.003509085853  0.006028556302  0.003007114827  0.003007114827  0.003508537108  0.002504712820  0.004012286906  0.002504712820  0.003510062724  
piranga_bidentata_itm141 0.010591320222  0.010591320222  0.006030579348  0.010591320222  0.009070801550  0.008562370114  0.008562370114  0.010085360198  0.011105543656  0.003510062724  0.004012286906  0.003007114827  0.001000713178  0.001000713178  0.001501775694  0.001000713178  0.000000000000  0.000000000000  0.004011444583  0.003509085853  0.003509085853  0.003509085853  0.006028556302  0.003007114827  0.003007114827  0.003508537108  0.002504712820  0.004012286906  0.002504712820  0.003510062724  
piranga_lutea_ku89864 0.010591320222  0.010591320222  0.006030579348  0.010591320222  0.009070801550  0.008562370114  0.008562370114  0.010085360198  0.011105543656  0.003510062724  0.004012286906  0.005018901691  0.003006431239  0.003006431239  0.003509085853  0.003006431239  0.004011444583  0.004011444583  0.000000000000  0.000500192469  0.000500192469  0.000500192469  0.006028556302  0.003007114827  0.003007114827  0.003508537108  0.002504712820  0.004012286906  0.002504712820  0.003510062724  
piranga_flava_ku90809 0.010085360198  0.010085360198  0.005527337012  0.010085360198  0.008565883651  0.008057710660  0.008057710660  0.009579792063  0.010599455251  0.003008225839  0.003510062724  0.004516035587  0.002504712820  0.002504712820  0.003007114827  0.002504712820  0.003509085853  0.003509085853  0.000500192469  0.000000000000  0.000000000000  0.000000000000  0.005525180609  0.002505530844  0.002505530844  0.003006431239  0.002003381190  0.003510062724  0.002003381190  0.003008225839  
piranga_flava_lsu15408 0.010085360198  0.010085360198  0.005527337012  0.010085360198  0.008565883651  0.008057710660  0.008057710660  0.009579792063  0.010599455251  0.003008225839  0.003510062724  0.004516035587  0.002504712820  0.002504712820  0.003007114827  0.002504712820  0.003509085853  0.003509085853  0.000500192469  0.000000000000  0.000000000000  0.000000000000  0.005525180609  0.002505530844  0.002505530844  0.003006431239  0.002003381190  0.003510062724  0.002003381190  0.003008225839  
piranga_ludoviciana_sdsu2208 0.010085360198  0.010085360198  0.005527337012  0.010085360198  0.008565883651  0.008057710660  0.008057710660  0.009579792063  0.010599455251  0.003008225839  0.003510062724  0.004516035587  0.002504712820  0.002504712820  0.003007114827  0.002504712820  0.003509085853  0.003509085853  0.000500192469  0.000000000000  0.000000000000  0.000000000000  0.005525180609  0.002505530844  0.002505530844  0.003006431239  0.002003381190  0.003510062724  0.002003381190  0.003008225839  
piranga_rubra_ku7046 0.012634984479  0.012634984479  0.008057710660  0.012634984479  0.011110130399  0.010599455251  0.010599455251  0.012127980548  0.013152680853  0.005527337012  0.006030579348  0.006028556302  0.005020333089  0.005020333089  0.005525180609  0.005020333089  0.006028556302  0.006028556302  0.006028556302  0.005525180609  0.005525180609  0.005525180609  0.000000000000  0.004013557697  0.004013557697  0.004514899047  0.003510062724  0.005020333089  0.003510062724  0.004517600939  
piranga_rubra_sdsu2635 0.009579792063  0.009579792063  0.005024483000  0.009579792063  0.008061356043  0.007553441234  0.007553441234  0.009074615151  0.010093758599  0.002506775593  0.003008225839  0.004013557697  0.002003381190  0.002003381190  0.002505530844  0.002003381190  0.003007114827  0.003007114827  0.003007114827  0.002505530844  0.002505530844  0.002505530844  0.004013557697  0.000000000000  0.000000000000  0.001501541741  0.000500270242  0.002003381190  0.000500270242  0.001502435690  
piranga_rubra_sdsu2654 0.009579792063  0.009579792063  0.005024483000  0.009579792063  0.008061356043  0.007553441234  0.007553441234  0.009074615151  0.010093758599  0.002506775593  0.003008225839  0.004013557697  0.002003381190  0.002003381190  0.002505530844  0.002003381190  0.003007114827  0.003007114827  0.003007114827  0.002505530844  0.002505530844  0.002505530844  0.004013557697  0.000000000000  0.000000000000  0.001501541741  0.000500270242  0.002003381190  0.000500270242  0.001502435690  
piranga_lutea_lsu5400 0.010081810890  0.010081810890  0.005525180609  0.010081810890  0.008562370114  0.008054496529  0.008054496529  0.009576110407  0.010595170868  0.003007114827  0.003509085853  0.004514899047  0.002504321878  0.002504321878  0.003006431239  0.002504321878  0.003508537108  0.003508537108  0.003508537108  0.003006431239  0.003006431239  0.003006431239  0.004514899047  0.001501541741  0.001501541741  0.000000000000  0.001000770314  0.002504321878  0.001000770314  0.002002855518  
piranga_hepatica_ku9084 0.009070801550  0.009070801550  0.004519594746  0.009070801550  0.007553441234  0.007046083144  0.007046083144  0.008565883651  0.009583906389  0.002004333245  0.002505530844  0.003510062724  0.001501775694  0.001501775694  0.002003381190  0.001501775694  0.002504712820  0.002504712820  0.002504712820  0.002003381190  0.002003381190  0.002003381190  0.003510062724  0.000500270242  0.000500270242  0.001000770314  0.000000000000  0.001501775694  0.000000000000  0.001001081748  
piranga_olivacea_ku4672 0.010595170868  0.010595170868  0.006033032246  0.010595170868  0.009074615151  0.008565883651  0.008565883651  0.010089342885  0.011110130399  0.003511467361  0.004013557697  0.005020333089  0.003007114827  0.003007114827  0.003510062724  0.003007114827  0.004012286906  0.004012286906  0.004012286906  0.003510062724  0.003510062724  0.003510062724  0.005020333089  0.002003381190  0.002003381190  0.002504321878  0.001501775694  0.000000000000  0.001501775694  0.002505530844  
piranga_hepatica_ku4970 0.009070801550  0.009070801550  0.004519594746  0.009070801550  0.007553441234  0.007046083144  0.007046083144  0.008565883651  0.009583906389  0.002004333245  0.002505530844  0.003510062724  0.001501775694  0.001501775694  0.002003381190  0.001501775694  0.002504712820  0.002504712820  0.002504712820  0.002003381190  0.002003381190  0.002003381190  0.003510062724  0.000500270242  0.000500270242  0.001000770314  0.000000000000  0.001501775694  0.000000000000  0.001001081748  
piranga_rubra_ku26592 0.010089342885  0.010089342885  0.005529922562  0.010089342885  0.008569828793  0.008061356043  0.008061356043  0.009583906389  0.010604173016  0.003009763918  0.003511467361  0.004517600939  0.002505530844  0.002505530844  0.002003381190  0.002505530844  0.003510062724  0.003510062724  0.003510062724  0.003008225839  0.003008225839  0.003008225839  0.004517600939  0.001502435690  0.001502435690  0.002002855518  0.001001081748  0.002505530844  0.001001081748  0.000000000000  

