30
piranga_rubra_ku26592 0.000000000000  0.006698557700  0.006688104308  0.011762257657  0.011822205514  0.022271839414  0.006680399929  0.020479838690  0.005108035130  0.003324789862  0.004314614974  0.005056378146  0.003794536198  0.000000000000  0.005005755517  0.004241414027  0.034851348888  0.011782405257  0.006461229168  0.006688104308  0.008417013644  0.005025569135  0.010061251117  0.004019768592  0.010340009632  0.010716561197  0.007188954725  0.006688104308  0.008391490297  0.006680399929  
piranga_flava_ku90809 0.006698557700  0.000000000000  0.008012362648  0.014520624462  0.014553853946  0.027955251562  0.006397903938  0.026214505242  0.006852057662  0.003189911443  0.008655368831  0.012966601177  0.003795238460  0.000000000000  0.012913401792  0.000000000000  0.024875039393  0.011265485003  0.006480243237  0.006398527163  0.011284347486  0.001594924208  0.012883071082  0.011496912668  0.014531976247  0.014330062498  0.007212496980  0.008012362648  0.016205082352  0.008009542117  
piranga_ludoviciana_sdsu2385 0.006688104308  0.008012362648  0.000000000000  0.012863861701  0.012924701162  0.026317635871  0.004777468620  0.027974105652  0.008563971278  0.004782320955  0.004314614974  0.014642144267  0.005704002123  0.000000000000  0.014542227776  0.002115186743  0.029974614180  0.012883071082  0.000000000000  0.004782320955  0.009663647115  0.006412650750  0.011233690142  0.013458479610  0.016670745866  0.014349610186  0.000000000000  0.000000000000  0.014542227776  0.003179275997  
piranga_rubriceps_lsu265 0.011762257657  0.014520624462  0.012863861701  0.000000000000  0.009663647115  0.026285920267  0.011223235631  0.027940057388  0.013771882147  0.011233690142  0.008655368831  0.014626893232  0.015369751514  0.000000000000  0.011251748180  0.004241414027  0.029974614180  0.019457759505  0.013005619710  0.011233690142  0.006422947965  0.012913401792  0.004782320955  0.009568273714  0.010355466140  0.014385315392  0.014481039931  0.012863861701  0.011251748180  0.012851165205  
piranga_leucoptera_lsu7783 0.011822205514  0.014553853946  0.012924701162  0.009663647115  0.000000000000  0.026232513669  0.011284347486  0.027927794322  0.017372462586  0.011288366685  0.008730940211  0.016312126037  0.011496912668  0.000000000000  0.014591255114  0.002115186743  0.035119921094  0.019531888463  0.010903763702  0.011288366685  0.003199621021  0.012918423007  0.008038125005  0.011489723330  0.010398541165  0.014489544637  0.012149061542  0.012924701162  0.014591255114  0.012918423007  
cardinalis_cardinalis_ku25393 0.022271839414  0.027955251562  0.026317635871  0.026285920267  0.026232513669  0.000000000000  0.024592836073  0.004813011129  0.026399391343  0.024622126505  0.008751343977  0.026459859080  0.023318173806  0.005005755517  0.028066510627  0.010687506943  0.051155127600  0.033111137648  0.024381908232  0.024622126505  0.022883195464  0.026285920267  0.024592836073  0.021352151786  0.023165618935  0.029362739435  0.024667784777  0.026317635871  0.028066510627  0.026285920267  
piranga_olivacea_ku2699 0.006680399929  0.006397903938  0.004777468620  0.011223235631  0.011284347486  0.024592836073  0.000000000000  0.026242792415  0.008553403664  0.003179275997  0.004314614974  0.012976244166  0.005701629083  0.000000000000  0.012884581541  0.002114214928  0.029956912553  0.011248081138  0.004291170389  0.003179275997  0.008035286204  0.004798723827  0.009601785991  0.011496912668  0.016649377950  0.014349610186  0.002382249223  0.004777468620  0.012884581541  0.004775805897  
cardinalis_cardinalis_ku21828 0.020479838690  0.026214505242  0.027974105652  0.027940057388  0.027927794322  0.004813011129  0.026242792415  0.000000000000  0.024542214753  0.022896128775  0.008713216340  0.024714431140  0.021282720557  0.005005755517  0.026317635871  0.010687506943  0.051155127600  0.031339669417  0.026613095335  0.026274403507  0.024566873486  0.024552569914  0.026242792415  0.021352151786  0.020961343434  0.025485664978  0.027151160440  0.027974105652  0.029729974162  0.027940057388  
piranga_rubra_ku7046 0.005108035130  0.006852057662  0.008563971278  0.013771882147  0.017372462586  0.026399391343  0.008553403664  0.024542214753  0.000000000000  0.005108035130  0.004314614974  0.010405755202  0.005704002123  0.000000000000  0.010298584881  0.004241414027  0.037779447689  0.013793883614  0.006461229168  0.008563971278  0.013852618057  0.005143063525  0.012024950705  0.008297488809  0.014549549719  0.014349610186  0.007188954725  0.008563971278  0.013813944282  0.008553403664  
piranga_bidentata_hgoslp104 0.003324789862  0.003189911443  0.004782320955  0.011233690142  0.011288366685  0.024622126505  0.003179275997  0.022896128775  0.005108035130  0.000000000000  0.004314614974  0.009703268989  0.001893979184  0.000000000000  0.009621454208  0.000000000000  0.024847198304  0.008009542117  0.004296078875  0.003181967561  0.008038125005  0.001594924208  0.009610016343  0.009568273714  0.012439342061  0.010716561197  0.004778512182  0.004782320955  0.012900549263  0.004777468620  
piranga_ludoviciana_sdsu2648 0.004314614974  0.008655368831  0.004314614974  0.008655368831  0.008730940211  0.008751343977  0.004314614974  0.008713216340  0.004314614974  0.004314614974  0.000000000000  0.004314614974  0.004333311721  0.000000000000  0.004314614974  0.000000000000  NA          0.004314614974  0.004314614974  0.004314614974  0.008730940211  0.004333311721  0.013047008164  0.000000000000  0.008655368831  0.008655368831  0.004314614974  0.004314614974  0.004314614974  0.004314614974  
piranga_roseogularis_ku2049 0.005056378146  0.012966601177  0.014642144267  0.014626893232  0.016312126037  0.026459859080  0.012976244166  0.024714431140  0.010405755202  0.009703268989  0.004314614974  0.000000000000  0.009623524341  0.000000000000  0.009703268989  0.006378797714  0.040363572013  0.017947786331  0.010968875343  0.012989190157  0.013008773760  0.011350633255  0.014626893232  0.001898355931  0.004123087154  0.003546248099  0.012229960024  0.014642144267  0.012989190157  0.014626893232  
piranga_hepatica_ku4970 0.003794536198  0.003795238460  0.005704002123  0.015369751514  0.011496912668  0.023318173806  0.005701629083  0.021282720557  0.005704002123  0.001893979184  0.004333311721  0.009623524341  0.000000000000  0.000000000000  0.009568273714  0.000000000000  0.028806031709  0.009555605644  0.006494271625  0.005704002123  0.009559629499  0.001893979184  0.013417682707  0.007053727475  0.014562210025  0.014381588246  0.007229879167  0.005704002123  0.011508732744  0.003794536198  
piranga_hepatica_ku9084 0.000000000000  0.000000000000  0.000000000000  0.000000000000  0.000000000000  0.005005755517  0.000000000000  0.005005755517  0.000000000000  0.000000000000  0.000000000000  0.000000000000  0.000000000000  0.000000000000  0.000000000000  0.000000000000  NA          NA          0.000000000000  0.000000000000  0.000000000000  0.000000000000  0.000000000000  0.005005755517  0.000000000000  0.000000000000  0.000000000000  0.000000000000  0.000000000000  0.000000000000  0.000000000000  
piranga_rubra_sdsu2654 0.005005755517  0.012913401792  0.014542227776  0.011251748180  0.014591255114  0.028066510627  0.012884581541  0.026317635871  0.010298584881  0.009621454208  0.004314614974  0.009703268989  0.009568273714  0.000000000000  0.000000000000  0.004241414027  0.035167393544  0.017844518352  0.013054943602  0.012900549263  0.011313939746  0.011306272341  0.012884581541  0.007637014452  0.010340009632  0.010716561197  0.014542227776  0.014542227776  0.003187038113  0.014523986328  
piranga_flava_lsu15408 0.004241414027  0.000000000000  0.002115186743  0.004241414027  0.002115186743  0.010687506943  0.002114214928  0.010687506943  0.004241414027  0.000000000000  0.000000000000  0.006378797714  0.000000000000  0.000000000000  0.004241414027  0.000000000000  0.027949437195  0.008525109691  0.002711708535  0.002115186743  0.002115186743  0.000000000000  0.006378797714  0.008619335135  0.005095022184  0.000000000000  0.003107800295  0.002115186743  0.006378797714  0.000000000000  
piranga_lutea_lsu5400 0.034851348888  0.024875039393  0.029974614180  0.029974614180  0.035119921094  0.051155127600  0.029956912553  0.051155127600  0.037779447689  0.024847198304  NA          NA          NA          0.040363572013  0.028806031709  NA          NA          NA          NA          0.035167393544  0.027949437195  0.000000000000  0.040333417955  0.074805597345  0.024847198304  0.029956912553  0.024875039393  0.029974614180  0.045668327781  0.046062071593  NA          NA          NA          NA          NA          NA          NA          NA          NA          NA          NA          0.029974614180  0.040427224425  0.035127010634  
piranga_olivacea_ku4672 0.011782405257  0.011265485003  0.012883071082  0.019457759505  0.019531888463  0.033111137648  0.011248081138  0.031339669417  0.013793883614  0.008009542117  0.004314614974  0.017947786331  0.009555605644  0.000000000000  0.017844518352  0.008525109691  0.040333417955  0.000000000000  0.010845270262  0.011252074324  0.016225141444  0.009656800822  0.017802533958  0.017369081449  0.018797276369  0.014349610186  0.009644099040  0.012883071082  0.021171903973  0.012876833642  
piranga_ludoviciana_sdsu2208 0.006461229168  0.006480243237  0.000000000000  0.013005619710  0.010903763702  0.024381908232  0.004291170389  0.026613095335  0.006461229168  0.004296078875  0.004314614974  0.010968875343  0.006494271625  0.000000000000  0.013054943602  0.002711708535  0.074805597345  0.010845270262  0.000000000000  0.004296078875  0.008700133908  0.004323943136  0.010809467533  0.008303230338  0.017587094111  0.014349610186  0.000000000000  0.000000000000  0.010849857495  0.002142375956  
piranga_bidentata_itm160 0.006688104308  0.006398527163  0.004782320955  0.011233690142  0.011288366685  0.024622126505  0.003179275997  0.026274403507  0.008563971278  0.003181967561  0.004314614974  0.012989190157  0.005704002123  0.000000000000  0.012900549263  0.002115186743  0.024847198304  0.011252074324  0.004296078875  0.000000000000  0.008038125005  0.004800402601  0.009610016343  0.011508732744  0.016670745866  0.014349610186  0.004778512182  0.004782320955  0.012900549263  0.004777468620  
piranga_leucoptera_fmnh481795 0.008417013644  0.011284347486  0.009663647115  0.006422947965  0.003199621021  0.022883195464  0.008035286204  0.024566873486  0.013852618057  0.008038125005  0.008730940211  0.013008773760  0.009559629499  0.000000000000  0.011313939746  0.002115186743  0.029956912553  0.016225141444  0.008700133908  0.008038125005  0.000000000000  0.009658579091  0.004808096271  0.009559629499  0.008297488809  0.010818554377  0.009690830603  0.009663647115  0.011313939746  0.009658579091  
piranga_lutea_ku89864 0.005025569135  0.001594924208  0.006412650750  0.012913401792  0.012918423007  0.026285920267  0.004798723827  0.024552569914  0.005143063525  0.001594924208  0.004333311721  0.011350633255  0.001893979184  0.000000000000  0.011306272341  0.000000000000  0.024875039393  0.009656800822  0.004323943136  0.004800402601  0.009658579091  0.000000000000  0.011277482724  0.011496912668  0.012465187059  0.010754981760  0.004813011129  0.006412650750  0.014594651114  0.006408778988  
piranga_rubriceps_lsu34818 0.010061251117  0.012883071082  0.011233690142  0.004782320955  0.008038125005  0.024592836073  0.009601785991  0.026242792415  0.012024950705  0.009610016343  0.013047008164  0.014626893232  0.013417682707  0.005005755517  0.012884581541  0.006378797714  0.029974614180  0.017802533958  0.010809467533  0.009610016343  0.004808096271  0.011277482724  0.000000000000  0.011508732744  0.010355466140  0.014385315392  0.012032110669  0.011233690142  0.012884581541  0.011223235631  
piranga_roseogularis_ku2141 0.004019768592  0.011496912668  0.013458479610  0.009568273714  0.011489723330  0.021352151786  0.011496912668  0.021352151786  0.008297488809  0.009568273714  0.000000000000  0.001898355931  0.007053727475  0.000000000000  0.007637014452  0.008619335135  0.045668327781  0.017369081449  0.008303230338  0.011508732744  0.009559629499  0.011496912668  0.011508732744  0.000000000000  0.005160758500  0.000000000000  0.006338365740  0.013458479610  0.009568273714  0.013443453223  
piranga_erythrocephala_fmnh343371 0.010340009632  0.014531976247  0.016670745866  0.010355466140  0.010398541165  0.023165618935  0.016649377950  0.020961343434  0.014549549719  0.012439342061  0.008655368831  0.004123087154  0.014562210025  0.000000000000  0.010340009632  0.005095022184  0.046062071593  0.018797276369  0.017587094111  0.016670745866  0.008297488809  0.012465187059  0.010355466140  0.005160758500  0.000000000000  0.000000000000  0.019614035432  0.016670745866  0.012439342061  0.014549549719  
piranga_erythrocephala_fmnh343370 0.010716561197  0.014330062498  0.014349610186  0.014385315392  0.014489544637  0.029362739435  0.014349610186  0.025485664978  0.014349610186  0.010716561197  0.008655368831  0.003546248099  0.014381588246  0.000000000000  0.010716561197  0.000000000000  NA          NA          NA          NA          NA          NA          NA          0.014349610186  0.014349610186  0.014349610186  0.010818554377  0.010754981760  0.014385315392  0.000000000000  0.000000000000  0.000000000000  0.014349610186  0.014349610186  0.014349610186  0.014349610186  
piranga_ludoviciana_sdsu2650 0.007188954725  0.007212496980  0.000000000000  0.014481039931  0.012149061542  0.024667784777  0.002382249223  0.027151160440  0.007188954725  0.004778512182  0.004314614974  0.012229960024  0.007229879167  0.000000000000  0.014542227776  0.003107800295  NA          NA          NA          NA          NA          NA          NA          NA          0.009644099040  0.000000000000  0.004778512182  0.009690830603  0.004813011129  0.012032110669  0.006338365740  0.019614035432  0.014349610186  0.000000000000  0.000000000000  0.012082184426  0.002382249223  
piranga_bidentata_tepe59 0.006688104308  0.008012362648  0.000000000000  0.012863861701  0.012924701162  0.026317635871  0.004777468620  0.027974105652  0.008563971278  0.004782320955  0.004314614974  0.014642144267  0.005704002123  0.000000000000  0.014542227776  0.002115186743  0.029974614180  0.012883071082  0.000000000000  0.004782320955  0.009663647115  0.006412650750  0.011233690142  0.013458479610  0.016670745866  0.014349610186  0.000000000000  0.000000000000  0.014542227776  0.003179275997  
piranga_rubra_sdsu2635 0.008391490297  0.016205082352  0.014542227776  0.011251748180  0.014591255114  0.028066510627  0.012884581541  0.029729974162  0.013813944282  0.012900549263  0.004314614974  0.012989190157  0.011508732744  0.000000000000  0.003187038113  0.006378797714  0.040427224425  0.021171903973  0.010849857495  0.012900549263  0.011313939746  0.014594651114  0.012884581541  0.009568273714  0.012439342061  0.014349610186  0.012082184426  0.014542227776  0.000000000000  0.014523986328  
piranga_bidentata_itm141 0.006680399929  0.008009542117  0.003179275997  0.012851165205  0.012918423007  0.026285920267  0.004775805897  0.027940057388  0.008553403664  0.004777468620  0.004314614974  0.014626893232  0.003794536198  0.000000000000  0.014523986328  0.000000000000  0.035127010634  0.012876833642  0.002142375956  0.004777468620  0.009658579091  0.006408778988  0.011223235631  0.013443453223  0.014549549719  0.014349610186  0.002382249223  0.003179275997  0.014523986328  0.000000000000  

