30
cardinalis_cardinalis_ku21828 0.000000000000  0.000000000000  0.015679430940  0.015679430940  0.017731838786  0.016706647750  0.014654432050  0.014654432050  0.013633991843  0.015676349704  0.014654432050  0.018751011470  0.015671486048  0.016702981745  0.016699749207  0.021321706788  0.014145401544  0.014657362770  0.014145401544  0.012612822277  0.012612822277  0.015163865056  0.015673701270  0.016189388201  0.015163865056  0.017721685308  0.015671486048  0.015671486048  0.013121071425  0.013631641523  
cardinalis_cardinalis_ku25393 0.000000000000  0.000000000000  0.015679430940  0.015679430940  0.017731838786  0.016706647750  0.014654432050  0.014654432050  0.013633991843  0.015676349704  0.014654432050  0.018751011470  0.015671486048  0.016702981745  0.016699749207  0.021321706788  0.014145401544  0.014657362770  0.014145401544  0.012612822277  0.012612822277  0.015163865056  0.015673701270  0.016189388201  0.015163865056  0.017721685308  0.015671486048  0.015671486048  0.013121071425  0.013631641523  
piranga_roseogularis_ku2049 0.015679430940  0.015679430940  0.000000000000  0.000000000000  0.009066266802  0.008053508995  0.006028133218  0.006028133218  0.005020004859  0.007037702771  0.006028133218  0.010075101081  0.007034897681  0.008050901241  0.008048717758  0.012615024701  0.005524747248  0.006030026869  0.005524747248  0.004012127215  0.004012127215  0.006531913309  0.007036088210  0.007544031698  0.006531913309  0.010075101081  0.007034897681  0.007034897681  0.004514752051  0.005018676569  
piranga_roseogularis_ku2141 0.015679430940  0.015679430940  0.000000000000  0.000000000000  0.009066266802  0.008053508995  0.006028133218  0.006028133218  0.005020004859  0.007037702771  0.006028133218  0.010075101081  0.007034897681  0.008050901241  0.008048717758  0.012615024701  0.005524747248  0.006030026869  0.005524747248  0.004012127215  0.004012127215  0.006531913309  0.007036088210  0.007544031698  0.006531913309  0.010075101081  0.007034897681  0.007034897681  0.004514752051  0.005018676569  
piranga_leucoptera_fmnh481795 0.017731838786  0.017731838786  0.009066266802  0.009066266802  0.000000000000  0.003006384851  0.006030026869  0.006030026869  0.007039740964  0.009063511962  0.008050901241  0.012110089697  0.009059278624  0.010080480097  0.010077577409  0.014657362770  0.007546354367  0.008053508995  0.007546354367  0.006028133218  0.006028133218  0.008555843700  0.009061182436  0.009571723706  0.008555843700  0.012110089697  0.009059278624  0.009059278624  0.006531913309  0.007037702771  
piranga_leucoptera_lsu7783 0.016706647750  0.016706647750  0.008053508995  0.008053508995  0.003006384851  0.000000000000  0.005021754714  0.005021754714  0.006030026869  0.008050901241  0.007039740964  0.011093101880  0.008046958947  0.009066266802  0.009063511962  0.013636772829  0.006535844866  0.007042202389  0.006535844866  0.005020004859  0.005020004859  0.007544031698  0.008048717758  0.008558312556  0.007544031698  0.011093101880  0.008046958947  0.008046958947  0.005523136578  0.006028133218  
piranga_rubriceps_lsu265 0.014654432050  0.014654432050  0.006028133218  0.006028133218  0.006030026869  0.005021754714  0.000000000000  0.000000000000  0.004012127215  0.006026662162  0.005018676569  0.009059278624  0.006024989440  0.007037702771  0.007036088210  0.011595470966  0.004515798561  0.005020004859  0.004515798561  0.003006384851  0.003006384851  0.005521948187  0.006025614102  0.006531913309  0.005521948187  0.009059278624  0.006024989440  0.006024989440  0.003508504950  0.004011361888  
piranga_rubriceps_lsu34818 0.014654432050  0.014654432050  0.006028133218  0.006028133218  0.006030026869  0.005021754714  0.000000000000  0.000000000000  0.004012127215  0.006026662162  0.005018676569  0.009059278624  0.006024989440  0.007037702771  0.007036088210  0.011595470966  0.004515798561  0.005020004859  0.004515798561  0.003006384851  0.003006384851  0.005521948187  0.006025614102  0.006531913309  0.005521948187  0.009059278624  0.006024989440  0.006024989440  0.003508504950  0.004011361888  
piranga_rubra_ku7046 0.013633991843  0.013633991843  0.005020004859  0.005020004859  0.007039740964  0.006030026869  0.004012127215  0.004012127215  0.000000000000  0.002002834958  0.001000708052  0.008046958947  0.005017286278  0.006028133218  0.006026662162  0.010579583253  0.003509895050  0.004013313477  0.003509895050  0.002002834958  0.002002834958  0.004514752051  0.005017770241  0.005523136578  0.004514752051  0.008046958947  0.005017286278  0.005017286278  0.002504311576  0.003006384851  
piranga_rubra_sdsu2635 0.015676349704  0.015676349704  0.007037702771  0.007037702771  0.009063511962  0.008050901241  0.006026662162  0.006026662162  0.002002834958  0.000000000000  0.003006384851  0.010073051516  0.007034131588  0.008048717758  0.008046958947  0.012612822277  0.005523136578  0.006028133218  0.005523136578  0.004011361888  0.004011361888  0.006530582300  0.007034897681  0.007542132979  0.006530582300  0.010073051516  0.007034131588  0.007034131588  0.004514127189  0.005017770241  
piranga_rubra_sdsu2654 0.014654432050  0.014654432050  0.006028133218  0.006028133218  0.008050901241  0.007039740964  0.005018676569  0.005018676569  0.001000708052  0.003006384851  0.000000000000  0.009059278624  0.006024989440  0.007037702771  0.007036088210  0.011595470966  0.004515798561  0.005020004859  0.004515798561  0.003006384851  0.003006384851  0.005521948187  0.006025614102  0.006531913309  0.005521948187  0.009059278624  0.006024989440  0.006024989440  0.003508504950  0.004011361888  
piranga_erythrocephala_fmnh343371 0.018751011470  0.018751011470  0.010075101081  0.010075101081  0.012110089697  0.011093101880  0.009059278624  0.009059278624  0.008046958947  0.010073051516  0.009059278624  0.000000000000  0.003008054870  0.010073051516  0.010071429117  0.014649866213  0.008553799836  0.009061182436  0.008553799836  0.007034897681  0.007034897681  0.009565154819  0.010071429117  0.010581492184  0.009565154819  0.012612822277  0.010070234291  0.010070234291  0.007539608999  0.008045625208  
piranga_erythrocephala_fmnh343370 0.015671486048  0.015671486048  0.007034897681  0.007034897681  0.009059278624  0.008046958947  0.006024989440  0.006024989440  0.005017286278  0.007034131588  0.006024989440  0.003008054870  0.000000000000  0.008045625208  0.008044716946  0.012609707867  0.005521182475  0.006025614102  0.005521182475  0.004011095641  0.004011095641  0.006529191830  0.007033790336  0.007539608999  0.006529191830  0.009562909111  0.007033874332  0.007033874332  0.004514144020  0.005017225083  
piranga_flava_ku90809 0.016702981745  0.016702981745  0.008050901241  0.008050901241  0.010080480097  0.009066266802  0.007037702771  0.007037702771  0.006028133218  0.008048717758  0.007037702771  0.010073051516  0.008045625208  0.000000000000  0.003008054870  0.007542132979  0.005526779799  0.006032342718  0.005526779799  0.004013313477  0.004013313477  0.006533667631  0.007037702771  0.007546354367  0.006533667631  0.010077577409  0.007036088210  0.007036088210  0.004515798561  0.005020004859  
piranga_flava_lsu15408 0.016699749207  0.016699749207  0.008048717758  0.008048717758  0.010077577409  0.009063511962  0.007036088210  0.007036088210  0.006026662162  0.008046958947  0.007036088210  0.010071429117  0.008044716946  0.003008054870  0.000000000000  0.004514127189  0.005524747248  0.006030026869  0.005524747248  0.004012127215  0.004012127215  0.006531913309  0.007036088210  0.007544031698  0.006531913309  0.010075101081  0.007034897681  0.007034897681  0.004514752051  0.005018676569  
piranga_lutea_ku89864 0.021321706788  0.021321706788  0.012615024701  0.012615024701  0.014657362770  0.013636772829  0.011595470966  0.011595470966  0.010579583253  0.012612822277  0.011595470966  0.014649866213  0.012609707867  0.007542132979  0.004514127189  0.000000000000  0.010075101081  0.010583828604  0.010075101081  0.008552181365  0.008552181365  0.011088281912  0.011595470966  0.012107317476  0.011088281912  0.014654432050  0.011593844621  0.011593844621  0.009057800931  0.009565154819  
piranga_hepatica_ku4970 0.014145401544  0.014145401544  0.005524747248  0.005524747248  0.007546354367  0.006535844866  0.004515798561  0.004515798561  0.003509895050  0.005523136578  0.004515798561  0.008553799836  0.005521182475  0.005526779799  0.005524747248  0.010075101081  0.000000000000  0.003512966041  0.003009519346  0.001502374809  0.001502374809  0.004013313477  0.004515798561  0.005021754714  0.004013313477  0.007544031698  0.004514752051  0.004514752051  0.002003320463  0.002505421856  
piranga_hepatica_ku9084 0.014657362770  0.014657362770  0.006030026869  0.006030026869  0.008053508995  0.007042202389  0.005020004859  0.005020004859  0.004013313477  0.006028133218  0.005020004859  0.009061182436  0.006025614102  0.006032342718  0.006030026869  0.010583828604  0.003512966041  0.000000000000  0.001502374809  0.002004224857  0.002004224857  0.004517266319  0.005020004859  0.005526779799  0.004517266319  0.008050901241  0.005018676569  0.005018676569  0.002505421856  0.003008054870  
piranga_olivacea_ku2699 0.014145401544  0.014145401544  0.005524747248  0.005524747248  0.007546354367  0.006535844866  0.004515798561  0.004515798561  0.003509895050  0.005523136578  0.004515798561  0.008553799836  0.005521182475  0.005526779799  0.005524747248  0.010075101081  0.003009519346  0.001502374809  0.000000000000  0.001502374809  0.001502374809  0.004013313477  0.004515798561  0.005021754714  0.004013313477  0.007544031698  0.004514752051  0.004514752051  0.002003320463  0.002505421856  
piranga_lutea_lsu5400 0.012612822277  0.012612822277  0.004012127215  0.004012127215  0.006028133218  0.005020004859  0.003006384851  0.003006384851  0.002002834958  0.004011361888  0.003006384851  0.007034897681  0.004011095641  0.004013313477  0.004012127215  0.008552181365  0.001502374809  0.002004224857  0.001502374809  0.000000000000  0.000000000000  0.002504656917  0.003006384851  0.003509895050  0.002504656917  0.006026662162  0.003006180106  0.003006180106  0.000500194798  0.001000708052  
piranga_olivacea_ku4672 0.012612822277  0.012612822277  0.004012127215  0.004012127215  0.006028133218  0.005020004859  0.003006384851  0.003006384851  0.002002834958  0.004011361888  0.003006384851  0.007034897681  0.004011095641  0.004013313477  0.004012127215  0.008552181365  0.001502374809  0.002004224857  0.001502374809  0.000000000000  0.000000000000  0.002504656917  0.003006384851  0.003509895050  0.002504656917  0.006026662162  0.003006180106  0.003006180106  0.000500194798  0.001000708052  
piranga_ludoviciana_sdsu2385 0.015163865056  0.015163865056  0.006531913309  0.006531913309  0.008555843700  0.007544031698  0.005521948187  0.005521948187  0.004514752051  0.006530582300  0.005521948187  0.009565154819  0.006529191830  0.006533667631  0.006531913309  0.011088281912  0.004013313477  0.004517266319  0.004013313477  0.002504656917  0.002504656917  0.000000000000  0.000500194798  0.001001054728  0.004013313477  0.007544031698  0.004514752051  0.004514752051  0.002003320463  0.003508989689  
piranga_ludoviciana_sdsu2648 0.015673701270  0.015673701270  0.007036088210  0.007036088210  0.009061182436  0.008048717758  0.006025614102  0.006025614102  0.005017770241  0.007034897681  0.006025614102  0.010071429117  0.007033790336  0.007037702771  0.007036088210  0.011595470966  0.004515798561  0.005020004859  0.004515798561  0.003006384851  0.003006384851  0.000500194798  0.000000000000  0.001501749568  0.004515798561  0.008048717758  0.005017770241  0.005017770241  0.002504656917  0.004011361888  
piranga_ludoviciana_sdsu2208 0.016189388201  0.016189388201  0.007544031698  0.007544031698  0.009571723706  0.008558312556  0.006531913309  0.006531913309  0.005523136578  0.007542132979  0.006531913309  0.010581492184  0.007539608999  0.007546354367  0.007544031698  0.012107317476  0.005021754714  0.005526779799  0.005021754714  0.003509895050  0.003509895050  0.001001054728  0.001501749568  0.000000000000  0.005021754714  0.008558312556  0.005523136578  0.005523136578  0.003008054870  0.004515798561  
piranga_bidentata_tepe59 0.015163865056  0.015163865056  0.006531913309  0.006531913309  0.008555843700  0.007544031698  0.005521948187  0.005521948187  0.004514752051  0.006530582300  0.005521948187  0.009565154819  0.006529191830  0.006533667631  0.006531913309  0.011088281912  0.004013313477  0.004517266319  0.004013313477  0.002504656917  0.002504656917  0.004013313477  0.004515798561  0.005021754714  0.000000000000  0.007544031698  0.004514752051  0.004514752051  0.002003320463  0.003508989689  
piranga_bidentata_itm141 0.017721685308  0.017721685308  0.010075101081  0.010075101081  0.012110089697  0.011093101880  0.009059278624  0.009059278624  0.008046958947  0.010073051516  0.009059278624  0.012612822277  0.009562909111  0.010077577409  0.010075101081  0.014654432050  0.007544031698  0.008050901241  0.007544031698  0.006026662162  0.006026662162  0.007544031698  0.008048717758  0.008558312556  0.007544031698  0.000000000000  0.004012127215  0.006026662162  0.005523136578  0.007036088210  
piranga_bidentata_itm160 0.015671486048  0.015671486048  0.007034897681  0.007034897681  0.009059278624  0.008046958947  0.006024989440  0.006024989440  0.005017286278  0.007034131588  0.006024989440  0.010070234291  0.007033874332  0.007036088210  0.007034897681  0.011593844621  0.004514752051  0.005018676569  0.004514752051  0.003006180106  0.003006180106  0.004514752051  0.005017770241  0.005523136578  0.004514752051  0.004012127215  0.000000000000  0.003006180106  0.002504311576  0.004011017896  
piranga_bidentata_hgoslp104 0.015671486048  0.015671486048  0.007034897681  0.007034897681  0.009059278624  0.008046958947  0.006024989440  0.006024989440  0.005017286278  0.007034131588  0.006024989440  0.010070234291  0.007033874332  0.007036088210  0.007034897681  0.011593844621  0.004514752051  0.005018676569  0.004514752051  0.003006180106  0.003006180106  0.004514752051  0.005017770241  0.005523136578  0.004514752051  0.006026662162  0.003006180106  0.000000000000  0.002504311576  0.004011017896  
piranga_ludoviciana_sdsu2650 0.013121071425  0.013121071425  0.004514752051  0.004514752051  0.006531913309  0.005523136578  0.003508504950  0.003508504950  0.002504311576  0.004514127189  0.003508504950  0.007539608999  0.004514144020  0.004515798561  0.004514752051  0.009057800931  0.002003320463  0.002505421856  0.002003320463  0.000500194798  0.000500194798  0.002003320463  0.002504656917  0.003008054870  0.002003320463  0.005523136578  0.002504311576  0.002504311576  0.000000000000  0.001501542906  
piranga_rubra_ku26592 0.013631641523  0.013631641523  0.005018676569  0.005018676569  0.007037702771  0.006028133218  0.004011361888  0.004011361888  0.003006384851  0.005017770241  0.004011361888  0.008045625208  0.005017225083  0.005020004859  0.005018676569  0.009565154819  0.002505421856  0.003008054870  0.002505421856  0.001000708052  0.001000708052  0.003508989689  0.004011361888  0.004515798561  0.003508989689  0.007036088210  0.004011017896  0.004011017896  0.001501542906  0.000000000000  

