30
cardinalis_cardinalis_ku21828 0.000000000000  0.000000000000  0.007033886920  0.007033886920  0.007033886920  0.007033886920  0.007033886920  0.010072729016  0.009562444855  0.005521044833  0.010072729016  0.010072729016  0.010577634480  0.010577634480  0.009563432532  0.008550676827  0.008550676827  0.005521044833  0.005521044833  0.006025474943  0.006025474943  0.006529487190  0.007539363120  0.007539363120  0.010071040418  0.006529487190  0.006529487190  0.006529487190  0.006529487190  0.008553598629  
cardinalis_cardinalis_ku25393 0.000000000000  0.000000000000  0.007033886920  0.007033886920  0.007033886920  0.007033886920  0.007033886920  0.010072729016  0.009562444855  0.005521044833  0.010072729016  0.010072729016  0.010577634480  0.010577634480  0.009563432532  0.008550676827  0.008550676827  0.005521044833  0.005521044833  0.006025474943  0.006025474943  0.006529487190  0.007539363120  0.007539363120  0.010071040418  0.006529487190  0.006529487190  0.006529487190  0.006529487190  0.008553598629  
piranga_erythrocephala_fmnh343370 0.007033886920  0.007033886920  0.000000000000  0.000000000000  0.000000000000  0.000000000000  0.000000000000  0.013120411779  0.012607929196  0.008549839209  0.013120411779  0.013120411779  0.013627364767  0.013627364767  0.012608951638  0.011591996803  0.011591996803  0.008549839209  0.008549839209  0.009056365847  0.009056365847  0.009562444855  0.010576495967  0.010576495967  0.013628960479  0.009562444855  0.009562444855  0.009562444855  0.009562444855  0.011594995739  
piranga_leucoptera_lsu7783 0.007033886920  0.007033886920  0.000000000000  0.000000000000  0.000000000000  0.000000000000  0.000000000000  0.013120411779  0.012607929196  0.008549839209  0.013120411779  0.013120411779  0.013627364767  0.013627364767  0.012608951638  0.011591996803  0.011591996803  0.008549839209  0.008549839209  0.009056365847  0.009056365847  0.009562444855  0.010576495967  0.010576495967  0.013628960479  0.009562444855  0.009562444855  0.009562444855  0.009562444855  0.011594995739  
piranga_rubriceps_lsu34818 0.007033886920  0.007033886920  0.000000000000  0.000000000000  0.000000000000  0.000000000000  0.000000000000  0.013120411779  0.012607929196  0.008549839209  0.013120411779  0.013120411779  0.013627364767  0.013627364767  0.012608951638  0.011591996803  0.011591996803  0.008549839209  0.008549839209  0.009056365847  0.009056365847  0.009562444855  0.010576495967  0.010576495967  0.013628960479  0.009562444855  0.009562444855  0.009562444855  0.009562444855  0.011594995739  
piranga_leucoptera_fmnh481795 0.007033886920  0.007033886920  0.000000000000  0.000000000000  0.000000000000  0.000000000000  0.000000000000  0.013120411779  0.012607929196  0.008549839209  0.013120411779  0.013120411779  0.013627364767  0.013627364767  0.012608951638  0.011591996803  0.011591996803  0.008549839209  0.008549839209  0.009056365847  0.009056365847  0.009562444855  0.010576495967  0.010576495967  0.013628960479  0.009562444855  0.009562444855  0.009562444855  0.009562444855  0.011594995739  
piranga_rubriceps_lsu265 0.007033886920  0.007033886920  0.000000000000  0.000000000000  0.000000000000  0.000000000000  0.000000000000  0.013120411779  0.012607929196  0.008549839209  0.013120411779  0.013120411779  0.013627364767  0.013627364767  0.012608951638  0.011591996803  0.011591996803  0.008549839209  0.008549839209  0.009056365847  0.009056365847  0.009562444855  0.010576495967  0.010576495967  0.013628960479  0.009562444855  0.009562444855  0.009562444855  0.009562444855  0.011594995739  
piranga_erythrocephala_fmnh343371 0.010072729016  0.010072729016  0.013120411779  0.013120411779  0.013120411779  0.013120411779  0.013120411779  0.000000000000  0.008551930091  0.004515756520  0.009063342830  0.009063342830  0.009566657479  0.009566657479  0.008553598629  0.007541983331  0.007541983331  0.004515756520  0.004515756520  0.005019958383  0.005019958383  0.005523066480  0.006531807352  0.006531807352  0.009568894001  0.005523066480  0.005523066480  0.005523066480  0.005523066480  0.007546259140  
piranga_lutea_ku89864 0.009562444855  0.009562444855  0.012607929196  0.012607929196  0.012607929196  0.012607929196  0.012607929196  0.008551930091  0.000000000000  0.004010922771  0.008551930091  0.008551930091  0.009056365847  0.009056365847  0.008044406633  0.007033886920  0.007033886920  0.004010922771  0.004010922771  0.004514031863  0.004514031863  0.005017149172  0.006024802497  0.006024802497  0.009057486520  0.005017149172  0.005017149172  0.005017149172  0.005017149172  0.007035943052  
piranga_hepatica_ku4970 0.005521044833  0.005521044833  0.008549839209  0.008549839209  0.008549839209  0.008549839209  0.008549839209  0.004515756520  0.004010922771  0.000000000000  0.004515756520  0.004515756520  0.005017673737  0.005017673737  0.004011300210  0.003006350205  0.003006350205  0.000000000000  0.000000000000  0.000500263014  0.000500263014  0.001000704213  0.002002819580  0.002002819580  0.005018610263  0.001000704213  0.001000704213  0.001000704213  0.001000704213  0.003008041925  
piranga_olivacea_ku2699 0.010072729016  0.010072729016  0.013120411779  0.013120411779  0.013120411779  0.013120411779  0.013120411779  0.009063342830  0.008551930091  0.004515756520  0.000000000000  0.000000000000  0.003509873297  0.003509873297  0.002505412653  0.001502370452  0.001502370452  0.004515756520  0.004515756520  0.005019958383  0.005019958383  0.005523066480  0.006531807352  0.006531807352  0.009568894001  0.005523066480  0.005523066480  0.005523066480  0.005523066480  0.007546259140  
piranga_olivacea_ku4672 0.010072729016  0.010072729016  0.013120411779  0.013120411779  0.013120411779  0.013120411779  0.013120411779  0.009063342830  0.008551930091  0.004515756520  0.000000000000  0.000000000000  0.003509873297  0.003509873297  0.002505412653  0.001502370452  0.001502370452  0.004515756520  0.004515756520  0.005019958383  0.005019958383  0.005523066480  0.006531807352  0.006531807352  0.009568894001  0.005523066480  0.005523066480  0.005523066480  0.005523066480  0.007546259140  
piranga_bidentata_itm141 0.010577634480  0.010577634480  0.013627364767  0.013627364767  0.013627364767  0.013627364767  0.013627364767  0.009566657479  0.009056365847  0.005017673737  0.003509873297  0.003509873297  0.000000000000  0.000000000000  0.001000704213  0.002002819580  0.002002819580  0.005017673737  0.005017673737  0.005521849520  0.005521849520  0.006025474943  0.007034708008  0.007034708008  0.010072729016  0.006025474943  0.006025474943  0.006025474943  0.006025474943  0.008048562620  
piranga_bidentata_itm160 0.010577634480  0.010577634480  0.013627364767  0.013627364767  0.013627364767  0.013627364767  0.013627364767  0.009566657479  0.009056365847  0.005017673737  0.003509873297  0.003509873297  0.000000000000  0.000000000000  0.001000704213  0.002002819580  0.002002819580  0.005017673737  0.005017673737  0.005521849520  0.005521849520  0.006025474943  0.007034708008  0.007034708008  0.010072729016  0.006025474943  0.006025474943  0.006025474943  0.006025474943  0.008048562620  
piranga_bidentata_hgoslp104 0.009563432532  0.009563432532  0.012608951638  0.012608951638  0.012608951638  0.012608951638  0.012608951638  0.008553598629  0.008044406633  0.004011300210  0.002505412653  0.002505412653  0.001000704213  0.001000704213  0.000000000000  0.001000704213  0.001000704213  0.004011300210  0.004011300210  0.004514688551  0.004514688551  0.005017673737  0.006025474943  0.006025474943  0.009059023157  0.005017673737  0.005017673737  0.005017673737  0.005017673737  0.007037591679  
piranga_ludoviciana_sdsu2385 0.008550676827  0.008550676827  0.011591996803  0.011591996803  0.011591996803  0.011591996803  0.011591996803  0.007541983331  0.007033886920  0.003006350205  0.001502370452  0.001502370452  0.002002819580  0.002002819580  0.001000704213  0.000000000000  0.000000000000  0.003006350205  0.003006350205  0.003508953559  0.003508953559  0.004011300210  0.005017673737  0.005017673737  0.008046762582  0.004011300210  0.004011300210  0.004011300210  0.004011300210  0.006028058335  
piranga_bidentata_tepe59 0.008550676827  0.008550676827  0.011591996803  0.011591996803  0.011591996803  0.011591996803  0.011591996803  0.007541983331  0.007033886920  0.003006350205  0.001502370452  0.001502370452  0.002002819580  0.002002819580  0.001000704213  0.000000000000  0.000000000000  0.003006350205  0.003006350205  0.003508953559  0.003508953559  0.004011300210  0.005017673737  0.005017673737  0.008046762582  0.004011300210  0.004011300210  0.004011300210  0.004011300210  0.006028058335  
piranga_roseogularis_ku2049 0.005521044833  0.005521044833  0.008549839209  0.008549839209  0.008549839209  0.008549839209  0.008549839209  0.004515756520  0.004010922771  0.000000000000  0.004515756520  0.004515756520  0.005017673737  0.005017673737  0.004011300210  0.003006350205  0.003006350205  0.000000000000  0.000000000000  0.000500263014  0.000500263014  0.001000704213  0.002002819580  0.002002819580  0.005018610263  0.001000704213  0.001000704213  0.001000704213  0.001000704213  0.003008041925  
piranga_roseogularis_ku2141 0.005521044833  0.005521044833  0.008549839209  0.008549839209  0.008549839209  0.008549839209  0.008549839209  0.004515756520  0.004010922771  0.000000000000  0.004515756520  0.004515756520  0.005017673737  0.005017673737  0.004011300210  0.003006350205  0.003006350205  0.000000000000  0.000000000000  0.000500263014  0.000500263014  0.001000704213  0.002002819580  0.002002819580  0.005018610263  0.001000704213  0.001000704213  0.001000704213  0.001000704213  0.003008041925  
piranga_ludoviciana_sdsu2650 0.006025474943  0.006025474943  0.009056365847  0.009056365847  0.009056365847  0.009056365847  0.009056365847  0.005019958383  0.004514031863  0.000500263014  0.005019958383  0.005019958383  0.005521849520  0.005521849520  0.004514688551  0.003508953559  0.003508953559  0.000500263014  0.000500263014  0.000000000000  0.000000000000  0.000500190806  0.001501527706  0.001501527706  0.004514688551  0.000500190806  0.000500190806  0.000500190806  0.000500190806  0.002505412653  
piranga_ludoviciana_sdsu2208 0.006025474943  0.006025474943  0.009056365847  0.009056365847  0.009056365847  0.009056365847  0.009056365847  0.005019958383  0.004514031863  0.000500263014  0.005019958383  0.005019958383  0.005521849520  0.005521849520  0.004514688551  0.003508953559  0.003508953559  0.000500263014  0.000500263014  0.000000000000  0.000000000000  0.000500190806  0.001501527706  0.001501527706  0.004514688551  0.000500190806  0.000500190806  0.000500190806  0.000500190806  0.002505412653  
piranga_ludoviciana_sdsu2648 0.006529487190  0.006529487190  0.009562444855  0.009562444855  0.009562444855  0.009562444855  0.009562444855  0.005523066480  0.005017149172  0.001000704213  0.005523066480  0.005523066480  0.006025474943  0.006025474943  0.005017673737  0.004011300210  0.004011300210  0.001000704213  0.001000704213  0.000500190806  0.000500190806  0.000000000000  0.001000704213  0.001000704213  0.004012088622  0.000000000000  0.000000000000  0.000000000000  0.000000000000  0.002004217100  
piranga_hepatica_ku9084 0.007539363120  0.007539363120  0.010576495967  0.010576495967  0.010576495967  0.010576495967  0.010576495967  0.006531807352  0.006024802497  0.002002819580  0.006531807352  0.006531807352  0.007034708008  0.007034708008  0.006025474943  0.005017673737  0.005017673737  0.002002819580  0.002002819580  0.001501527706  0.001501527706  0.001000704213  0.000000000000  0.000000000000  0.003006991257  0.001000704213  0.001000704213  0.001000704213  0.001000704213  0.003008041925  
piranga_flava_ku90809 0.007539363120  0.007539363120  0.010576495967  0.010576495967  0.010576495967  0.010576495967  0.010576495967  0.006531807352  0.006024802497  0.002002819580  0.006531807352  0.006531807352  0.007034708008  0.007034708008  0.006025474943  0.005017673737  0.005017673737  0.002002819580  0.002002819580  0.001501527706  0.001501527706  0.001000704213  0.000000000000  0.000000000000  0.003006991257  0.001000704213  0.001000704213  0.001000704213  0.001000704213  0.003008041925  
piranga_flava_lsu15408 0.010071040418  0.010071040418  0.013628960479  0.013628960479  0.013628960479  0.013628960479  0.013628960479  0.009568894001  0.009057486520  0.005018610263  0.009568894001  0.009568894001  0.010072729016  0.010072729016  0.009059023157  0.008046762582  0.008046762582  0.005018610263  0.005018610263  0.004514688551  0.004514688551  0.004012088622  0.003006991257  0.003006991257  0.000000000000  0.004012088622  0.004012088622  0.004012088622  0.004012088622  0.006029968543  
piranga_rubra_ku7046 0.006529487190  0.006529487190  0.009562444855  0.009562444855  0.009562444855  0.009562444855  0.009562444855  0.005523066480  0.005017149172  0.001000704213  0.005523066480  0.005523066480  0.006025474943  0.006025474943  0.005017673737  0.004011300210  0.004011300210  0.001000704213  0.001000704213  0.000500190806  0.000500190806  0.000000000000  0.001000704213  0.001000704213  0.004012088622  0.000000000000  0.000000000000  0.000000000000  0.000000000000  0.002004217100  
piranga_rubra_sdsu2654 0.006529487190  0.006529487190  0.009562444855  0.009562444855  0.009562444855  0.009562444855  0.009562444855  0.005523066480  0.005017149172  0.001000704213  0.005523066480  0.005523066480  0.006025474943  0.006025474943  0.005017673737  0.004011300210  0.004011300210  0.001000704213  0.001000704213  0.000500190806  0.000500190806  0.000000000000  0.001000704213  0.001000704213  0.004012088622  0.000000000000  0.000000000000  0.000000000000  0.000000000000  0.002004217100  
piranga_rubra_sdsu2635 0.006529487190  0.006529487190  0.009562444855  0.009562444855  0.009562444855  0.009562444855  0.009562444855  0.005523066480  0.005017149172  0.001000704213  0.005523066480  0.005523066480  0.006025474943  0.006025474943  0.005017673737  0.004011300210  0.004011300210  0.001000704213  0.001000704213  0.000500190806  0.000500190806  0.000000000000  0.001000704213  0.001000704213  0.004012088622  0.000000000000  0.000000000000  0.000000000000  0.000000000000  0.002004217100  
piranga_lutea_lsu5400 0.006529487190  0.006529487190  0.009562444855  0.009562444855  0.009562444855  0.009562444855  0.009562444855  0.005523066480  0.005017149172  0.001000704213  0.005523066480  0.005523066480  0.006025474943  0.006025474943  0.005017673737  0.004011300210  0.004011300210  0.001000704213  0.001000704213  0.000500190806  0.000500190806  0.000000000000  0.001000704213  0.001000704213  0.004012088622  0.000000000000  0.000000000000  0.000000000000  0.000000000000  0.002004217100  
piranga_rubra_ku26592 0.008553598629  0.008553598629  0.011594995739  0.011594995739  0.011594995739  0.011594995739  0.011594995739  0.007546259140  0.007035943052  0.003008041925  0.007546259140  0.007546259140  0.008048562620  0.008048562620  0.007037591679  0.006028058335  0.006028058335  0.003008041925  0.003008041925  0.002505412653  0.002505412653  0.002004217100  0.003008041925  0.003008041925  0.006029968543  0.002004217100  0.002004217100  0.002004217100  0.002004217100  0.000000000000  

