30
piranga_rubra_ku26592 0.000000000000  0.009694801894  0.016257170284  0.015148179424  0.015467603596  0.019552174707  0.010790731772  0.019800667811  0.016241614171  0.014423496058  0.014058474010  0.019822634562  0.010772241385  0.013941123927  0.006449496317  0.009520040230  0.013957352388  0.009700560327  0.016265702471  0.013838288302  0.019953547736  0.012328025987  0.015148179424  0.016247966583  0.014057942732  0.016278464204  0.008178418796  0.012978833109  0.011883485280  0.015165974990  
piranga_flava_ku90809 0.009694801894  0.000000000000  0.015148179424  0.018445617143  0.016580663681  0.020650948848  0.005368435873  0.020976834501  0.014609020330  0.010439358838  0.010497702570  0.016054608933  0.009700560327  0.009737537835  0.008605304769  0.001182150737  0.012801501309  0.006449496317  0.012729472379  0.010014655035  0.021073946475  0.011214285722  0.018445617143  0.012962247666  0.014051007633  0.017650175883  0.006526471971  0.009694801894  0.012969714047  0.011869148566  
piranga_ludoviciana_sdsu2385 0.016257170284  0.015148179424  0.000000000000  0.020650948848  0.017695821205  0.022864016729  0.011869148566  0.022169302394  0.014579152934  0.007810004372  0.008150234462  0.017292777260  0.014051007633  0.018214224829  0.016247966583  0.014341019725  0.017510768263  0.015156246122  0.010395911403  0.006235295340  0.021063077338  0.015744469244  0.020650948848  0.015137052053  0.017341707210  0.020419154858  0.008178418796  0.007522467674  0.012962247666  0.007524370698  
piranga_rubriceps_lsu265 0.015148179424  0.018445617143  0.020650948848  0.000000000000  0.011004484137  0.021743551555  0.017350381610  0.020953511490  0.017864270235  0.018392235232  0.017601779512  0.022321496554  0.017341707210  0.021049621778  0.017341707210  0.017972381196  0.019882371626  0.016247966583  0.019789781616  0.017638888900  0.015457481823  0.018025564822  0.000000000000  0.019535281861  0.009694801894  0.009439777234  0.013122262210  0.017350381610  0.018455437091  0.019552174707  
piranga_leucoptera_lsu7783 0.015467603596  0.016580663681  0.017695821205  0.011004484137  0.000000000000  0.016557150618  0.015467603596  0.016583789992  0.021843404175  0.018865346856  0.016784330681  0.021556827174  0.017706586534  0.024583174806  0.017706586534  0.017142095619  0.021554661995  0.016591971370  0.019021307828  0.016763519319  0.008775212762  0.019595230286  0.011004484137  0.017686795095  0.009886502574  0.012470202960  0.016969485103  0.015467603596  0.018848960752  0.017706586534  
cardinalis_cardinalis_ku25393 0.019552174707  0.020650948848  0.022864016729  0.021743551555  0.016557150618  0.000000000000  0.019552174707  0.004595473630  0.026181109017  0.021076145313  0.019985403893  0.024861730858  0.021761680199  0.026815149177  0.021761680199  0.020417508722  0.023473158900  0.020661392630  0.022159049328  0.020212088483  0.021046616099  0.023781924651  0.021743551555  0.022854639966  0.018431019240  0.021790328553  0.021481400638  0.019552174707  0.022887860943  0.021761680199  
piranga_olivacea_ku2699 0.010790731772  0.005368435873  0.011869148566  0.017350381610  0.015467603596  0.019552174707  0.000000000000  0.019800667811  0.011338183448  0.007813602671  0.006977611780  0.012310612949  0.006449496317  0.006940904001  0.010783858427  0.004742587102  0.009282560004  0.007539908269  0.009230861679  0.006239327062  0.019953547736  0.007827945474  0.017350381610  0.009694801894  0.012962247666  0.016278464204  0.003255756183  0.006445417052  0.011883485280  0.008608310001  
cardinalis_cardinalis_ku21828 0.019800667811  0.020976834501  0.022169302394  0.020953511490  0.016583789992  0.004595473630  0.019800667811  0.000000000000  0.026204841291  0.021091459515  0.019010463683  0.025640212223  0.022169302394  0.026835683785  0.020991391515  0.020429562575  0.024674931814  0.020991391515  0.021353494075  0.020228403384  0.021402012329  0.024361135802  0.020953511490  0.023336194135  0.017409144335  0.021798780300  0.021497729418  0.019800667811  0.022203015467  0.019800667811  
piranga_rubra_ku7046 0.016241614171  0.014609020330  0.014579152934  0.017864270235  0.021843404175  0.026181109017  0.011338183448  0.026204841291  0.000000000000  0.014592229466  0.012962970662  0.016260963697  0.014609020330  0.016260963697  0.014592229466  0.012962970662  0.017896916525  0.011338183448  0.016225986892  0.012962970662  0.025268405972  0.014609020330  0.017864270235  0.014609020330  0.017864270235  0.019507107061  0.008461901604  0.014592229466  0.004819676587  0.014592229466  
piranga_bidentata_hgoslp104 0.014423496058  0.010439358838  0.007810004372  0.018392235232  0.018865346856  0.021076145313  0.007813602671  0.021091459515  0.014592229466  0.000000000000  0.003893832294  0.015723847857  0.013083783918  0.012546612242  0.013093919873  0.009218927696  0.015732428158  0.010446207271  0.003893832294  0.001382840991  0.024354921963  0.014411702121  0.018392235232  0.014395419275  0.014402340318  0.018013555827  0.004888518912  0.000000000000  0.011779067077  0.002593034634  
piranga_ludoviciana_sdsu2648 0.014058474010  0.010497702570  0.008150234462  0.017601779512  0.016784330681  0.019985403893  0.006977611780  0.019010463683  0.012962970662  0.003893832294  0.000000000000  0.011060267958  0.009320391789  0.008334598400  0.014047768270  0.009092456543  0.011965181476  0.010504458903  0.002316699140  0.002729144380  0.021658419417  0.012861375300  0.017601779512  0.010489987342  0.014039001724  0.016229952979  0.003255117284  0.004641269742  0.012870757805  0.004643486760  
piranga_roseogularis_ku2049 0.019822634562  0.016054608933  0.017292777260  0.022321496554  0.021556827174  0.024861730858  0.012310612949  0.025640212223  0.016260963697  0.015723847857  0.011060267958  0.000000000000  0.012303793881  0.015368240714  0.018560166633  0.015794554301  0.014793358676  0.016065836979  0.013540604917  0.015282827832  0.026736202596  0.016054608933  0.022321496554  0.001219637436  0.019802129574  0.023942671275  0.013129287822  0.014793358676  0.017311687590  0.016045547365  
piranga_hepatica_ku4970 0.010772241385  0.009700560327  0.014051007633  0.017341707210  0.017706586534  0.021761680199  0.006449496317  0.022169302394  0.014609020330  0.013083783918  0.009320391789  0.012303793881  0.000000000000  0.001379470679  0.010778633159  0.009525730709  0.002303039423  0.009707959750  0.011559795033  0.011281352811  0.019942130796  0.003337988334  0.017341707210  0.009690689259  0.016247966583  0.019032588076  0.008171482004  0.010783858427  0.011875491738  0.012962247666  
piranga_hepatica_ku9084 0.013941123927  0.009737537835  0.018214224829  0.021049621778  0.024583174806  0.026815149177  0.006940904001  0.026835683785  0.016260963697  0.012546612242  0.008334598400  0.015368240714  0.001379470679  0.000000000000  0.012546612242  0.008334598400  0.004146802405  0.009746220011  0.011131912888  0.011254511014  0.027514270603  0.005542803893  0.021049621778  0.013951805027  0.019630224250  0.021258094387  0.006527080407  0.012546612242  0.013972135579  0.012546612242  
piranga_rubra_sdsu2654 0.006449496317  0.008605304769  0.016247966583  0.017341707210  0.017706586534  0.021761680199  0.010783858427  0.020991391515  0.014592229466  0.013093919873  0.014047768270  0.018560166633  0.010778633159  0.012546612242  0.000000000000  0.007123806600  0.013966848798  0.009694801894  0.016256402697  0.012563071406  0.022208545504  0.012335004688  0.017341707210  0.016240432266  0.016247966583  0.017658532849  0.006531473985  0.012969714047  0.009707959750  0.015156246122  
piranga_flava_lsu15408 0.009520040230  0.001182150737  0.014341019725  0.017972381196  0.017142095619  0.020417508722  0.004742587102  0.020429562575  0.012962970662  0.009218927696  0.009092456543  0.015794554301  0.009525730709  0.008334598400  0.007123806600  0.000000000000  0.012621381509  0.005935641048  0.011587152116  0.008751425465  0.022123886013  0.011197136659  0.017972381196  0.013130116888  0.013124372288  0.016271893456  0.004890427883  0.009520040230  0.011937202047  0.009520040230  
piranga_lutea_lsu5400 0.013957352388  0.012801501309  0.017510768263  0.019882371626  0.021554661995  0.023473158900  0.009282560004  0.024674931814  0.017896916525  0.015732428158  0.011965181476  0.014793358676  0.002303039423  0.004146802405  0.013966848798  0.012621381509  0.000000000000  0.012810796260  0.014243772524  0.014661432481  0.023979833762  0.003458414249  0.019882371626  0.012788672166  0.019891853027  0.022890441644  0.011469703864  0.013973606184  0.015156110814  0.016332266579  
piranga_olivacea_ku4672 0.009700560327  0.006449496317  0.015156246122  0.016247966583  0.016591971370  0.020661392630  0.007539908269  0.020991391515  0.011338183448  0.010446207271  0.010504458903  0.016065836979  0.009707959750  0.009746220011  0.009694801894  0.005935641048  0.012810796260  0.000000000000  0.012734874083  0.010023163137  0.021086567643  0.011223486097  0.016247966583  0.012969714047  0.014057942732  0.014902511356  0.006527080407  0.009700560327  0.010790731772  0.011875491738  
piranga_ludoviciana_sdsu2208 0.016265702471  0.012729472379  0.010395911403  0.019789781616  0.019021307828  0.022159049328  0.009230861679  0.021353494075  0.016225986892  0.003893832294  0.002316699140  0.013540604917  0.011559795033  0.011131912888  0.016256402697  0.011587152116  0.014243772524  0.012734874083  0.000000000000  0.005406629677  0.023865357770  0.015077761002  0.019789781616  0.012724412504  0.016249023998  0.018991065407  0.006526471971  0.004598583008  0.015085754785  0.006910478937  
piranga_bidentata_itm160 0.013838288302  0.010014655035  0.006235295340  0.017638888900  0.016763519319  0.020212088483  0.006239327062  0.020228403384  0.012962970662  0.001382840991  0.002729144380  0.015282827832  0.011281352811  0.011254511014  0.012563071406  0.008751425465  0.014661432481  0.010023163137  0.005406629677  0.000000000000  0.022005206306  0.013128302105  0.017638888900  0.012535148012  0.012542227581  0.014909932814  0.003255117284  0.001242006153  0.011303598243  0.001242006153  
piranga_leucoptera_fmnh481795 0.019953547736  0.021073946475  0.021063077338  0.015457481823  0.008775212762  0.021046616099  0.019953547736  0.021402012329  0.025268405972  0.024354921963  0.021658419417  0.026736202596  0.019942130796  0.027514270603  0.022208545504  0.022123886013  0.023979833762  0.021086567643  0.023865357770  0.022005206306  0.000000000000  0.021925209541  0.015457481823  0.022186151879  0.016557150618  0.020915340515  0.022157362010  0.019953547736  0.022222376833  0.022208545504  
piranga_lutea_ku89864 0.012328025987  0.011214285722  0.015744469244  0.018025564822  0.019595230286  0.023781924651  0.007827945474  0.024361135802  0.014609020330  0.014411702121  0.012861375300  0.016054608933  0.003337988334  0.005542803893  0.012335004688  0.011197136659  0.003458414249  0.011223486097  0.015077761002  0.013128302105  0.021925209541  0.000000000000  0.018025564822  0.013471587736  0.018034943119  0.019674576393  0.008171482004  0.012341858539  0.013479655987  0.014610977660  
piranga_rubriceps_lsu34818 0.015148179424  0.018445617143  0.020650948848  0.000000000000  0.011004484137  0.021743551555  0.017350381610  0.020953511490  0.017864270235  0.018392235232  0.017601779512  0.022321496554  0.017341707210  0.021049621778  0.017341707210  0.017972381196  0.019882371626  0.016247966583  0.019789781616  0.017638888900  0.015457481823  0.018025564822  0.000000000000  0.019535281861  0.009694801894  0.009439777234  0.013122262210  0.017350381610  0.018455437091  0.019552174707  
piranga_roseogularis_ku2141 0.016247966583  0.012962247666  0.015137052053  0.019535281861  0.017686795095  0.022854639966  0.009694801894  0.023336194135  0.014609020330  0.014395419275  0.010489987342  0.001219637436  0.009690689259  0.013951805027  0.016240432266  0.013130116888  0.012788672166  0.012969714047  0.012724412504  0.012535148012  0.022186151879  0.013471587736  0.019535281861  0.000000000000  0.016234572238  0.020403205304  0.011469703864  0.011864460605  0.015148179424  0.014045737241  
piranga_erythrocephala_fmnh343371 0.014057942732  0.014051007633  0.017341707210  0.009694801894  0.009886502574  0.018431019240  0.012962247666  0.017409144335  0.017864270235  0.014402340318  0.014039001724  0.019802129574  0.016247966583  0.019630224250  0.016247966583  0.013124372288  0.019891853027  0.014057942732  0.016249023998  0.012542227581  0.016557150618  0.018034943119  0.009694801894  0.016234572238  0.000000000000  0.004029825607  0.011465260619  0.012962247666  0.017360727756  0.015148179424  
piranga_erythrocephala_fmnh343370 0.016278464204  0.017650175883  0.020419154858  0.009439777234  0.012470202960  0.021790328553  0.016278464204  0.021798780300  0.019507107061  0.018013555827  0.016229952979  0.023942671275  0.019032588076  0.021258094387  0.017658532849  0.016271893456  0.022890441644  0.014902511356  0.018991065407  0.014909932814  0.020915340515  0.019674576393  0.009439777234  0.020403205304  0.004029825607  0.000000000000  0.013183950651  0.016278464204  0.019055536103  0.016278464204  
piranga_ludoviciana_sdsu2650 0.008178418796  0.006526471971  0.008178418796  0.013122262210  0.016969485103  0.021481400638  0.003255756183  0.021497729418  0.008461901604  0.004888518912  0.003255117284  0.013129287822  0.008171482004  0.006527080407  0.006531473985  0.004890427883  0.011469703864  0.006527080407  0.006526471971  0.003255117284  0.022157362010  0.008171482004  0.013122262210  0.011469703864  0.011465260619  0.013183950651  0.000000000000  0.004888518912  0.006531473985  0.004888518912  
piranga_bidentata_tepe59 0.012978833109  0.009694801894  0.007522467674  0.017350381610  0.015467603596  0.019552174707  0.006445417052  0.019800667811  0.014592229466  0.000000000000  0.004641269742  0.014793358676  0.010783858427  0.012546612242  0.012969714047  0.009520040230  0.013973606184  0.009700560327  0.004598583008  0.001242006153  0.019953547736  0.012341858539  0.017350381610  0.011864460605  0.012962247666  0.016278464204  0.004888518912  0.000000000000  0.011883485280  0.004287749086  
piranga_rubra_sdsu2635 0.011883485280  0.012969714047  0.012962247666  0.018455437091  0.018848960752  0.022887860943  0.011883485280  0.022203015467  0.004819676587  0.011779067077  0.012870757805  0.017311687590  0.011875491738  0.013972135579  0.009707959750  0.011937202047  0.015156110814  0.010790731772  0.015085754785  0.011303598243  0.022222376833  0.013479655987  0.018455437091  0.015148179424  0.017360727756  0.019055536103  0.006531473985  0.011883485280  0.000000000000  0.014066537665  
piranga_bidentata_itm141 0.015165974990  0.011869148566  0.007524370698  0.019552174707  0.017706586534  0.021761680199  0.008608310001  0.019800667811  0.014592229466  0.002593034634  0.004643486760  0.016045547365  0.012962247666  0.012546612242  0.015156246122  0.009520040230  0.016332266579  0.011875491738  0.006910478937  0.001242006153  0.022208545504  0.014610977660  0.019552174707  0.014045737241  0.015148179424  0.016278464204  0.004888518912  0.004287749086  0.014066537665  0.000000000000  

