30
piranga_rubra_ku26592 0.000000000000  0.004872514479  0.008796162826  0.013741517613  0.012735006624  0.023763698130  0.005937101341  0.019717009235  0.003186401906  0.004887459266  0.009394469367  0.005529978001  0.004872514479  0.003729023861  0.002914704178  0.006915415341  0.003897370020  0.008882983439  0.004707638608  0.005848628608  0.012735006624  0.005844979136  0.014016694763  0.009611226064  0.015739342519  0.009190875450  0.003181333379  0.005848628608  0.004872514479  0.005848628608  
piranga_flava_ku90809 0.004872514479  0.000000000000  0.009774852919  0.014724797638  0.013714995749  0.024756452450  0.005930059756  0.020838154418  0.004253814510  0.005865782243  0.009383449883  0.005522343286  0.001940488442  0.002479335201  0.003886672032  0.005516057183  0.000970087725  0.009871347618  0.004700262841  0.008794145086  0.013714995749  0.004861012950  0.015019704538  0.010681031820  0.016725280108  0.009174011441  0.003176280952  0.006824417349  0.003889789993  0.006824417349  
piranga_ludoviciana_sdsu2385 0.008796162826  0.009774852919  0.000000000000  0.014724797638  0.013714995749  0.023740187223  0.007118464859  0.020824689684  0.004250085433  0.005865782243  0.001163014482  0.004130736427  0.009774852919  0.006218721652  0.007798387969  0.009689716461  0.008796162826  0.008874224326  0.000000000000  0.006824417349  0.013714995749  0.010751589615  0.015019704538  0.008523624538  0.016725280108  0.007317857593  0.001584534505  0.004863687963  0.009774852919  0.004863687963  
piranga_rubriceps_lsu265 0.013741517613  0.014724797638  0.014724797638  0.000000000000  0.007795636294  0.026768213716  0.010712159997  0.025301895538  0.009607463248  0.010799532027  0.015313761610  0.009689716461  0.014724797638  0.011247682868  0.012727350008  0.015308724954  0.013741517613  0.014870789017  0.006273435646  0.013736722743  0.007795636294  0.015706812776  0.000000000000  0.012837955524  0.013746836499  0.012881681308  0.004767488695  0.011748134793  0.014724797638  0.011748134793  
piranga_leucoptera_lsu7783 0.012735006624  0.013714995749  0.013714995749  0.007795636294  0.000000000000  0.027765470126  0.009509101562  0.024160932980  0.008526842756  0.009798986409  0.014117467386  0.005516057183  0.013714995749  0.007467155768  0.011730004266  0.011082715150  0.012735006624  0.013850690474  0.003128391306  0.012727350008  0.003885768945  0.014700487386  0.007950588534  0.010659084662  0.011741448747  0.007323956092  0.001585202250  0.010747324981  0.013714995749  0.010747324981  
cardinalis_cardinalis_ku25393 0.023763698130  0.024756452450  0.023740187223  0.026768213716  0.027765470126  0.000000000000  0.017958820396  0.008668789769  0.019386433083  0.020797808016  0.021315076481  0.018133710364  0.024756452450  0.024009371782  0.022715749611  0.029591651131  0.023763698130  0.023990760206  0.015810325243  0.022738366924  0.027765470126  0.025749214313  0.027309847769  0.024867892274  0.027789638157  0.022245266952  0.012803268631  0.020715731020  0.024756452450  0.020715731020  
piranga_olivacea_ku2699 0.005937101341  0.005930059756  0.007118464859  0.010712159997  0.009509101562  0.017958820396  0.000000000000  0.015551940099  0.002364994426  0.003565061101  0.008316263516  0.002904159257  0.007125967389  0.004542020653  0.003548194962  0.009919463927  0.005937101341  0.004737475086  0.003128391306  0.005930059756  0.009509101562  0.008309405891  0.009740672254  0.003949968220  0.013128440936  0.007323956092  0.001585202250  0.003548194962  0.005930059756  0.003548194962  
cardinalis_cardinalis_ku21828 0.019717009235  0.020838154418  0.020824689684  0.025301895538  0.024160932980  0.008668789769  0.015551940099  0.000000000000  0.016371038987  0.017560228224  0.018931723468  0.015330061670  0.020838154418  0.020529453310  0.017483466641  0.025147983102  0.019738633790  0.021947496681  0.012634137731  0.019717009235  0.024160932980  0.021934564144  0.025871227953  0.020546278835  0.027569061920  0.018513613621  0.011201875879  0.017483466641  0.020838154418  0.017483466641  
piranga_rubra_ku7046 0.003186401906  0.004253814510  0.004250085433  0.009607463248  0.008526842756  0.019386433083  0.002364994426  0.016371038987  0.000000000000  0.001064017047  0.005847785594  0.002756082808  0.004253814510  0.003965632453  0.002120201118  0.007122284347  0.003189789905  0.005319004272  0.001564699919  0.003186401906  0.008526842756  0.005315803872  0.009817063379  0.004682022121  0.011770260621  0.005491876405  0.000000000000  0.001059507708  0.004253814510  0.001059507708  
piranga_bidentata_hgoslp104 0.004887459266  0.005865782243  0.005865782243  0.010799532027  0.009798986409  0.020797808016  0.003565061101  0.017560228224  0.001064017047  0.000000000000  0.007051535325  0.004135081933  0.005865782243  0.004973075825  0.003900111803  0.008300185348  0.004882686434  0.005923694918  0.003128391306  0.004886801239  0.009798986409  0.006843260819  0.010971890457  0.006383026533  0.012791427655  0.007323956092  0.001585202250  0.000972919177  0.005865782243  0.002925398899  
piranga_ludoviciana_sdsu2648 0.009394469367  0.009383449883  0.001163014482  0.015313761610  0.014117467386  0.021315076481  0.008316263516  0.018931723468  0.005847785594  0.007051535325  0.000000000000  0.005721189269  0.010570809188  0.005951008424  0.007018540325  0.011356056443  0.009394469367  0.010570809188  0.001562904547  0.009383449883  0.014117467386  0.011741653088  0.015683285009  0.006493310714  0.017716399889  0.009164463205  0.003173061016  0.007018540325  0.009383449883  0.007018540325  
piranga_roseogularis_ku2049 0.005529978001  0.005522343286  0.004130736427  0.009689716461  0.005516057183  0.018133710364  0.002904159257  0.015330061670  0.002756082808  0.004135081933  0.005721189269  0.000000000000  0.006914103073  0.007182267355  0.004135081933  0.010908244030  0.005522343286  0.008300185348  0.001562255456  0.005522343286  0.006900462467  0.006914103073  0.009689716461  0.002752290025  0.012497215607  0.005481841106  0.000000000000  0.004135081933  0.006914103073  0.002752290025  
piranga_hepatica_ku4970 0.004872514479  0.001940488442  0.009774852919  0.014724797638  0.013714995749  0.024756452450  0.007125967389  0.020838154418  0.004253814510  0.005865782243  0.010570809188  0.006914103073  0.000000000000  0.002479335201  0.003886672032  0.002749872642  0.000970087725  0.009871347618  0.006277912226  0.008794145086  0.013714995749  0.004861012950  0.015019704538  0.010681031820  0.016725280108  0.011032075904  0.003176280952  0.006824417349  0.001940488442  0.006824417349  
piranga_hepatica_ku9084 0.003729023861  0.002479335201  0.006218721652  0.011247682868  0.007467155768  0.024009371782  0.004542020653  0.020529453310  0.003965632453  0.004973075825  0.005951008424  0.007182267355  0.002479335201  0.000000000000  0.003720869487  0.005516057183  0.001237877332  0.008841480454  0.004715037561  0.007481390246  0.008718391813  0.002479335201  0.011247682868  0.008741066059  0.015061806014  0.009174011441  0.003313084329  0.006225400672  0.003724394380  0.004973075825  
piranga_rubra_sdsu2654 0.002914704178  0.003886672032  0.007798387969  0.012727350008  0.011730004266  0.022715749611  0.003548194962  0.017483466641  0.002120201118  0.003900111803  0.007018540325  0.004135081933  0.003886672032  0.003720869487  0.000000000000  0.006900462467  0.002914704178  0.007875156358  0.003128391306  0.006819803225  0.011730004266  0.004859749578  0.012981548751  0.008516960410  0.014716551778  0.007323956092  0.001585202250  0.004861012950  0.003886672032  0.004861012950  
piranga_flava_lsu15408 0.006915415341  0.005516057183  0.009689716461  0.015308724954  0.011082715150  0.029591651131  0.009919463927  0.025147983102  0.007122284347  0.008300185348  0.011356056443  0.010908244030  0.002749872642  0.005516057183  0.006900462467  0.000000000000  0.004130736427  0.009825733358  0.010335685432  0.011102491449  0.012479200317  0.005516057183  0.015308724954  0.012510535709  0.018149360048  0.014752433217  0.007283944818  0.009699051333  0.004130736427  0.008300185348  
piranga_lutea_lsu5400 0.003897370020  0.000970087725  0.008796162826  0.013741517613  0.012735006624  0.023763698130  0.005937101341  0.019738633790  0.003189789905  0.004882686434  0.009394469367  0.005522343286  0.000970087725  0.001237877332  0.002914704178  0.004130736427  0.000000000000  0.008882983439  0.004700262841  0.007815779814  0.012735006624  0.003888736876  0.014002674400  0.009600972640  0.015739342519  0.009174011441  0.003176280952  0.005848628608  0.002916865870  0.005848628608  
piranga_olivacea_ku4672 0.008882983439  0.009871347618  0.008874224326  0.014870789017  0.013850690474  0.023990760206  0.004737475086  0.021947496681  0.005319004272  0.005923694918  0.010570809188  0.008300185348  0.009871347618  0.008841480454  0.007875156358  0.009825733358  0.008882983439  0.000000000000  0.006277912226  0.007885113500  0.013850690474  0.010857718799  0.014144153031  0.009704502004  0.016891483341  0.007323956092  0.004773279834  0.005900393161  0.009871347618  0.005900393161  
piranga_ludoviciana_sdsu2208 0.004707638608  0.004700262841  0.000000000000  0.006273435646  0.003128391306  0.015810325243  0.003128391306  0.012634137731  0.001564699919  0.003128391306  0.001562904547  0.001562255456  0.006277912226  0.004715037561  0.003128391306  0.010335685432  0.004700262841  0.006277912226  0.000000000000  0.004700262841  0.004698295585  0.004700262841  0.006273435646  0.003128391306  0.009441164514  0.007426552030  0.001647174689  0.003128391306  0.006277912226  0.001562255456  
piranga_bidentata_itm160 0.005848628608  0.008794145086  0.006824417349  0.013736722743  0.012727350008  0.022738366924  0.005930059756  0.019717009235  0.003186401906  0.004886801239  0.009383449883  0.005522343286  0.008794145086  0.007481390246  0.006819803225  0.011102491449  0.007815779814  0.007885113500  0.004700262841  0.000000000000  0.012727350008  0.009768717936  0.014011707817  0.009610494157  0.015734567165  0.009174011441  0.003176280952  0.003889789993  0.008794145086  0.001940488442  
piranga_leucoptera_fmnh481795 0.012735006624  0.013714995749  0.013714995749  0.007795636294  0.003885768945  0.027765470126  0.009509101562  0.024160932980  0.008526842756  0.009798986409  0.014117467386  0.006900462467  0.013714995749  0.008718391813  0.011730004266  0.012479200317  0.012735006624  0.013850690474  0.004698295585  0.012727350008  0.000000000000  0.014700487386  0.007950588534  0.010659084662  0.011741448747  0.009164463205  0.003173061016  0.010747324981  0.013714995749  0.010747324981  
piranga_lutea_ku89864 0.005844979136  0.004861012950  0.010751589615  0.015706812776  0.014700487386  0.025749214313  0.008309405891  0.021934564144  0.005315803872  0.006843260819  0.011741653088  0.006914103073  0.004861012950  0.002479335201  0.004859749578  0.005516057183  0.003888736876  0.010857718799  0.004700262841  0.009768717936  0.014700487386  0.000000000000  0.016021394017  0.011745124226  0.017707916431  0.009174011441  0.003176280952  0.007798387969  0.004861012950  0.007798387969  
piranga_rubriceps_lsu34818 0.014016694763  0.015019704538  0.015019704538  0.000000000000  0.007950588534  0.027309847769  0.009740672254  0.025871227953  0.009817063379  0.010971890457  0.015683285009  0.009689716461  0.015019704538  0.011247682868  0.012981548751  0.015308724954  0.014002674400  0.014144153031  0.006273435646  0.014011707817  0.007950588534  0.016021394017  0.000000000000  0.012837955524  0.014022232332  0.012881681308  0.004767488695  0.011982772634  0.015019704538  0.011982772634  
piranga_roseogularis_ku2141 0.009611226064  0.010681031820  0.008523624538  0.012837955524  0.010659084662  0.024867892274  0.003949968220  0.020546278835  0.004682022121  0.006383026533  0.006493310714  0.002752290025  0.010681031820  0.008741066059  0.008516960410  0.012510535709  0.009600972640  0.009704502004  0.003128391306  0.009610494157  0.010659084662  0.011745124226  0.012837955524  0.000000000000  0.015014876455  0.007323956092  0.001585202250  0.007456154713  0.010681031820  0.007456154713  
piranga_erythrocephala_fmnh343371 0.015739342519  0.016725280108  0.016725280108  0.013746836499  0.011741448747  0.027789638157  0.013128440936  0.027569061920  0.011770260621  0.012791427655  0.017716399889  0.012497215607  0.016725280108  0.015061806014  0.014716551778  0.018149360048  0.015739342519  0.016891483341  0.009441164514  0.015734567165  0.011741448747  0.017707916431  0.014022232332  0.015014876455  0.000000000000  0.003651855533  0.007974224086  0.013736722743  0.016725280108  0.013736722743  
piranga_erythrocephala_fmnh343370 0.009190875450  0.009174011441  0.007317857593  0.012881681308  0.007323956092  0.022245266952  0.007323956092  0.018513613621  0.005491876405  0.007323956092  0.009164463205  0.005481841106  0.011032075904  0.009174011441  0.007323956092  0.014752433217  0.009174011441  0.007323956092  0.007426552030  0.009174011441  0.009164463205  0.009174011441  0.012881681308  0.007323956092  0.003651855533  0.000000000000  0.005925797791  0.007323956092  0.011032075904  0.005481841106  
piranga_ludoviciana_sdsu2650 0.003181333379  0.003176280952  0.001584534505  0.004767488695  0.001585202250  0.012803268631  0.001585202250  0.011201875879  0.000000000000  0.001585202250  0.003173061016  0.000000000000  0.003176280952  0.003313084329  0.001585202250  0.007283944818  0.003176280952  0.004773279834  0.001647174689  0.003176280952  0.003173061016  0.003176280952  0.004767488695  0.001585202250  0.007974224086  0.005925797791  0.000000000000  0.001585202250  0.003176280952  0.000000000000  
piranga_bidentata_tepe59 0.005848628608  0.006824417349  0.004863687963  0.011748134793  0.010747324981  0.020715731020  0.003548194962  0.017483466641  0.001059507708  0.000972919177  0.007018540325  0.004135081933  0.006824417349  0.006225400672  0.004861012950  0.009699051333  0.005848628608  0.005900393161  0.003128391306  0.003889789993  0.010747324981  0.007798387969  0.011982772634  0.007456154713  0.013736722743  0.007323956092  0.001585202250  0.000000000000  0.006824417349  0.001940488442  
piranga_rubra_sdsu2635 0.004872514479  0.003889789993  0.009774852919  0.014724797638  0.013714995749  0.024756452450  0.005930059756  0.020838154418  0.004253814510  0.005865782243  0.009383449883  0.006914103073  0.001940488442  0.003724394380  0.003886672032  0.004130736427  0.002916865870  0.009871347618  0.006277912226  0.008794145086  0.013714995749  0.004861012950  0.015019704538  0.010681031820  0.016725280108  0.011032075904  0.003176280952  0.006824417349  0.000000000000  0.006824417349  
piranga_bidentata_itm141 0.005848628608  0.006824417349  0.004863687963  0.011748134793  0.010747324981  0.020715731020  0.003548194962  0.017483466641  0.001059507708  0.002925398899  0.007018540325  0.002752290025  0.006824417349  0.004973075825  0.004861012950  0.008300185348  0.005848628608  0.005900393161  0.001562255456  0.001940488442  0.010747324981  0.007798387969  0.011982772634  0.007456154713  0.013736722743  0.005481841106  0.000000000000  0.001940488442  0.006824417349  0.000000000000  

