30
piranga_rubra_ku26592 0.000000000000  0.001073107017  0.004301683951  0.007553509770  0.007549522962  0.013026076102  0.003441694859  0.011939098758  0.002366066605  0.004582593485  0.004976439054  0.004211161401  0.001072796988  0.006641793776  0.003223505998  0.003251617438  0.002345364435  0.002271707404  0.005832716573  0.008632365114  0.004302054874  0.003224442275  0.007553509770  0.005370661373  0.010911666222  0.004980147157  0.007318160148  0.004302054874  0.001073107017  0.009720161762  
piranga_flava_ku90809 0.001073107017  0.000000000000  0.005381659554  0.008642640540  0.008637436603  0.014128729861  0.004593540779  0.013040232284  0.003551710257  0.005733411908  0.006228129534  0.005623302870  0.002147316362  0.007981078104  0.004302054874  0.002165097115  0.003522708601  0.003411442921  0.007301319036  0.009720512730  0.005383229899  0.004304187404  0.008642640540  0.006722159724  0.012017362919  0.006651984711  0.008796050541  0.005383229899  0.002148813717  0.010808543455  
piranga_ludoviciana_sdsu2385 0.004301683951  0.005381659554  0.000000000000  0.009728022252  0.009723375117  0.015221494565  0.005746591028  0.014132698048  0.007124100730  0.006886080521  0.002483253648  0.007034246987  0.005381858299  0.012002038685  0.007546877587  0.007606952694  0.007057341785  0.004551723518  0.001453755992  0.006463264410  0.006464268268  0.007547310619  0.009728022252  0.008073446502  0.013115530664  0.006651984711  0.005845172339  0.004301683951  0.005381659554  0.009719439969  
piranga_rubriceps_lsu265 0.007553509770  0.008642640540  0.009728022252  0.000000000000  0.009728022252  0.018566932385  0.009231038445  0.017472277567  0.010719361794  0.010366745672  0.008742145671  0.008461130541  0.008637436603  0.013358290067  0.010815419538  0.008708498639  0.008247715154  0.007999866640  0.010253176578  0.014099966934  0.005383229899  0.010821293067  0.000000000000  0.009437559962  0.012017362919  0.004980147157  0.011766670386  0.009734449307  0.008642640540  0.015188945563  
piranga_leucoptera_lsu7783 0.007549522962  0.008637436603  0.009723375117  0.009728022252  0.000000000000  0.016328392017  0.009225098988  0.015238063549  0.010715878673  0.010361464877  0.008742145671  0.008461130541  0.008634009849  0.010658644110  0.010811333505  0.010903892179  0.009431750132  0.007993418062  0.008774794888  0.014093974264  0.006464268268  0.010815419538  0.009728022252  0.009437559962  0.013115530664  0.006651984711  0.011766670386  0.009728022252  0.008637436603  0.015185329396  
cardinalis_cardinalis_ku25393 0.013026076102  0.014128729861  0.015221494565  0.018566932385  0.016328392017  0.000000000000  0.013917481794  0.003230607943  0.014344925850  0.015048936799  0.015090172852  0.014191782113  0.014117349548  0.016074449817  0.016316294741  0.015351069492  0.015437516354  0.011472570562  0.016216422235  0.019635734088  0.015234128617  0.016328392017  0.018566932385  0.012169667890  0.022094521492  0.015106916236  0.017768204123  0.015234128617  0.014128729861  0.020725924358  
piranga_olivacea_ku2699 0.003441694859  0.004593540779  0.005746591028  0.009231038445  0.009225098988  0.013917481794  0.000000000000  0.012756001862  0.006377176602  0.005746591028  0.006722159724  0.005719796394  0.004593117727  0.010758988517  0.006901923073  0.006906235384  0.005876754573  0.003630233672  0.007730279097  0.008060041073  0.005748382413  0.006903068524  0.009231038445  0.006758505583  0.012845383275  0.006651984711  0.008796050541  0.005748382413  0.004593540779  0.009219472337  
cardinalis_cardinalis_ku21828 0.011939098758  0.013040232284  0.014132698048  0.017472277567  0.015238063549  0.003230607943  0.012756001862  0.000000000000  0.013148811723  0.013889811985  0.013830655565  0.012770266140  0.013030077377  0.014734003487  0.015227199676  0.014252660836  0.014248000893  0.010323811552  0.014739781993  0.018543252583  0.014144103232  0.015238063549  0.017472277567  0.013560416576  0.019835305998  0.013403001532  0.016284272952  0.014144103232  0.013040232284  0.019634387423  
piranga_rubra_ku7046 0.002366066605  0.003551710257  0.007124100730  0.010719361794  0.010715878673  0.014344925850  0.006377176602  0.013148811723  0.000000000000  0.007641259778  0.007478292075  0.007031560424  0.003552709593  0.009314951289  0.003551710257  0.005982223779  0.005223382067  0.004785444573  0.008767819317  0.011916227023  0.005930629199  0.005930629199  0.010719361794  0.008071877222  0.011945999358  0.006646880800  0.008787646826  0.007123161063  0.003551710257  0.013122669004  
piranga_bidentata_hgoslp104 0.004582593485  0.005733411908  0.006886080521  0.010366745672  0.010361464877  0.015048936799  0.005746591028  0.013889811985  0.007641259778  0.000000000000  0.005355702113  0.007134621760  0.005733637622  0.012082605624  0.008041030296  0.008044035429  0.007057341785  0.004832156641  0.006155106886  0.006886958328  0.006887220695  0.008041522245  0.010366745672  0.008095232312  0.013986956673  0.006651984711  0.007311996638  0.004582593485  0.005733411908  0.003434749968  
piranga_ludoviciana_sdsu2648 0.004976439054  0.006228129534  0.002483253648  0.008742145671  0.008742145671  0.015090172852  0.006722159724  0.013830655565  0.007478292075  0.005355702113  0.000000000000  0.007039949637  0.006226025461  0.012038536543  0.008733832415  0.008819246781  0.006898375511  0.005029380671  0.000000000000  0.004975942285  0.004979294697  0.008736799631  0.008742145671  0.008077784163  0.011295641370  0.006661286751  0.002916534086  0.002483593807  0.006228129534  0.008733251537  
piranga_roseogularis_ku2049 0.004211161401  0.005623302870  0.007034246987  0.008461130541  0.008461130541  0.014191782113  0.005719796394  0.012770266140  0.007031560424  0.007134621760  0.007039949637  0.000000000000  0.005619658733  0.011376654706  0.008448603955  0.008461130541  0.005879539673  0.001404744222  0.007596113774  0.009870184168  0.004215753623  0.008453356188  0.008461130541  0.004258989106  0.011348269140  0.005149194876  0.007560249561  0.007039949637  0.005623302870  0.011287629159  
piranga_hepatica_ku4970 0.001072796988  0.002147316362  0.005381858299  0.008637436603  0.008634009849  0.014117349548  0.004593117727  0.013030077377  0.003552709593  0.005733637622  0.006226025461  0.005619658733  0.000000000000  0.005309785048  0.004301683951  0.004336854225  0.003519502559  0.003410394684  0.007298423678  0.009719439969  0.005381659554  0.002148813717  0.008637436603  0.006719707172  0.012008334462  0.004980147157  0.007318160148  0.005381659554  0.002147316362  0.010809849325  
piranga_hepatica_ku9084 0.006641793776  0.007981078104  0.012002038685  0.013358290067  0.010658644110  0.016074449817  0.010758988517  0.014734003487  0.009314951289  0.012082605624  0.012038536543  0.011376654706  0.005309785048  0.000000000000  0.010658644110  0.010671826556  0.008266995230  0.009343204785  0.013833490295  0.014700764276  0.009318329055  0.005309785048  0.013358290067  0.012152326774  0.016108825169  0.008330140711  0.010268217367  0.012006415424  0.007981078104  0.016050855621  
piranga_rubra_sdsu2654 0.003223505998  0.004302054874  0.007546877587  0.010815419538  0.010811333505  0.016316294741  0.006901923073  0.015227199676  0.003551710257  0.008041030296  0.008733832415  0.008448603955  0.004301683951  0.010658644110  0.000000000000  0.006516208572  0.005876754573  0.005694234769  0.010241724409  0.011899599457  0.007547310619  0.006464268268  0.010815419538  0.009427864976  0.014215757067  0.006646880800  0.010268217367  0.007547310619  0.002147570544  0.012992869671  
piranga_flava_lsu15408 0.003251617438  0.002165097115  0.007606952694  0.008708498639  0.010903892179  0.015351069492  0.006906235384  0.014252660836  0.005982223779  0.008044035429  0.008819246781  0.008461130541  0.004336854225  0.010671826556  0.006516208572  0.000000000000  0.005886803600  0.005745576072  0.010253176578  0.010897928190  0.007611000633  0.006520820677  0.008708498639  0.009437559962  0.014347045408  0.010014663096  0.011766670386  0.007611000633  0.004340802920  0.011992146205  
piranga_lutea_lsu5400 0.002345364435  0.003522708601  0.007057341785  0.008247715154  0.009431750132  0.015437516354  0.005876754573  0.014248000893  0.005223382067  0.007057341785  0.006898375511  0.005879539673  0.003519502559  0.008266995230  0.005876754573  0.005886803600  0.000000000000  0.004960768691  0.007964232897  0.008242958861  0.004696004926  0.005880730506  0.008247715154  0.006936657350  0.011926818765  0.006651984711  0.008796050541  0.007060652372  0.003522708601  0.009425697448  
piranga_olivacea_ku4672 0.002271707404  0.003411442921  0.004551723518  0.007999866640  0.007993418062  0.011472570562  0.003630233672  0.010323811552  0.004785444573  0.004832156641  0.005029380671  0.001404744222  0.003410394684  0.009343204785  0.005694234769  0.005745576072  0.004960768691  0.000000000000  0.005905581564  0.007986472859  0.003414454884  0.005695993541  0.007999866640  0.005388467748  0.009174725752  0.005003205888  0.007349112335  0.004554111410  0.003411442921  0.009135248687  
piranga_ludoviciana_sdsu2208 0.005832716573  0.007301319036  0.001453755992  0.010253176578  0.008774794888  0.016216422235  0.007730279097  0.014739781993  0.008767819317  0.006155106886  0.000000000000  0.007596113774  0.007298423678  0.013833490295  0.010241724409  0.010253176578  0.007964232897  0.005905581564  0.000000000000  0.004368955367  0.005836643191  0.010245812675  0.010253176578  0.009233953976  0.013259466318  0.007554538004  0.001629000715  0.002910003605  0.007301319036  0.008767819317  
piranga_bidentata_itm160 0.008632365114  0.009720512730  0.006463264410  0.014099966934  0.014093974264  0.019635734088  0.008060041073  0.018543252583  0.011916227023  0.006886958328  0.004975942285  0.009870184168  0.009719439969  0.014700764276  0.011899599457  0.010897928190  0.008242958861  0.007986472859  0.004368955367  0.000000000000  0.010811333505  0.011901320014  0.014099966934  0.010788006318  0.017546827794  0.008330140711  0.004377054696  0.006464037175  0.009720512730  0.003223505998  
piranga_leucoptera_fmnh481795 0.004302054874  0.005383229899  0.006464268268  0.005383229899  0.006464268268  0.015234128617  0.005748382413  0.014144103232  0.005930629199  0.006887220695  0.004979294697  0.004215753623  0.005381659554  0.009318329055  0.007547310619  0.007611000633  0.004696004926  0.003414454884  0.005836643191  0.010811333505  0.000000000000  0.007549522962  0.005383229899  0.005373988819  0.008708498639  0.001655976616  0.007327571386  0.006467043893  0.005383229899  0.011899599457  
piranga_lutea_ku89864 0.003224442275  0.004304187404  0.007547310619  0.010821293067  0.010815419538  0.016328392017  0.006903068524  0.015238063549  0.005930629199  0.008041522245  0.008736799631  0.008453356188  0.002148813717  0.005309785048  0.006464268268  0.006520820677  0.005880730506  0.005695993541  0.010245812675  0.011901320014  0.007549522962  0.000000000000  0.010821293067  0.009431325637  0.014225494553  0.004980147157  0.007318160148  0.007549522962  0.004304187404  0.012992199929  
piranga_rubriceps_lsu34818 0.007553509770  0.008642640540  0.009728022252  0.000000000000  0.009728022252  0.018566932385  0.009231038445  0.017472277567  0.010719361794  0.010366745672  0.008742145671  0.008461130541  0.008637436603  0.013358290067  0.010815419538  0.008708498639  0.008247715154  0.007999866640  0.010253176578  0.014099966934  0.005383229899  0.010821293067  0.000000000000  0.009437559962  0.012017362919  0.004980147157  0.011766670386  0.009734449307  0.008642640540  0.015188945563  
piranga_roseogularis_ku2141 0.005370661373  0.006722159724  0.008073446502  0.009437559962  0.009437559962  0.012169667890  0.006758505583  0.013560416576  0.008071877222  0.008095232312  0.008077784163  0.004258989106  0.006719707172  0.012152326774  0.009427864976  0.009437559962  0.006936657350  0.005388467748  0.009233953976  0.010788006318  0.005373988819  0.009431325637  0.009437559962  0.000000000000  0.012199019452  0.006651984711  0.010278876263  0.008077784163  0.006722159724  0.012146160948  
piranga_erythrocephala_fmnh343371 0.010911666222  0.012017362919  0.013115530664  0.012017362919  0.013115530664  0.022094521492  0.012845383275  0.019835305998  0.011945999358  0.013986956673  0.011295641370  0.011348269140  0.012008334462  0.016108825169  0.014215757067  0.014347045408  0.011926818765  0.009174725752  0.013259466318  0.017546827794  0.008708498639  0.014225494553  0.012017362919  0.012199019452  0.000000000000  0.001655976616  0.013297576255  0.013125819802  0.012017362919  0.018644906086  
piranga_erythrocephala_fmnh343370 0.004980147157  0.006651984711  0.006651984711  0.004980147157  0.006651984711  0.015106916236  0.006651984711  0.013403001532  0.006646880800  0.006651984711  0.006661286751  0.005149194876  0.004980147157  0.008330140711  0.006646880800  0.010014663096  0.006651984711  0.005003205888  0.007554538004  0.008330140711  0.001655976616  0.004980147157  0.004980147157  0.006651984711  0.001655976616  0.000000000000  0.006661286751  0.008330140711  0.004980147157  0.008322148921  
piranga_ludoviciana_sdsu2650 0.007318160148  0.008796050541  0.005845172339  0.011766670386  0.011766670386  0.017768204123  0.008796050541  0.016284272952  0.008787646826  0.007311996638  0.002916534086  0.007560249561  0.007318160148  0.010268217367  0.010268217367  0.011766670386  0.008796050541  0.007349112335  0.001629000715  0.004377054696  0.007327571386  0.007318160148  0.011766670386  0.010278876263  0.013297576255  0.006661286751  0.000000000000  0.004377054696  0.008796050541  0.008782509533  
piranga_bidentata_tepe59 0.004302054874  0.005383229899  0.004301683951  0.009734449307  0.009728022252  0.015234128617  0.005748382413  0.014144103232  0.007123161063  0.004582593485  0.002483593807  0.007039949637  0.005381659554  0.012006415424  0.007547310619  0.007611000633  0.007060652372  0.004554111410  0.002910003605  0.006464037175  0.006467043893  0.007549522962  0.009734449307  0.008077784163  0.013125819802  0.008330140711  0.004377054696  0.000000000000  0.005383229899  0.009720161762  
piranga_rubra_sdsu2635 0.001073107017  0.002148813717  0.005381659554  0.008642640540  0.008637436603  0.014128729861  0.004593540779  0.013040232284  0.003551710257  0.005733411908  0.006228129534  0.005623302870  0.002147316362  0.007981078104  0.002147570544  0.004340802920  0.003522708601  0.003411442921  0.007301319036  0.009720512730  0.005383229899  0.004304187404  0.008642640540  0.006722159724  0.012017362919  0.004980147157  0.008796050541  0.005383229899  0.000000000000  0.010808543455  
piranga_bidentata_itm141 0.009720161762  0.010808543455  0.009719439969  0.015188945563  0.015185329396  0.020725924358  0.009219472337  0.019634387423  0.013122669004  0.003434749968  0.008733251537  0.011287629159  0.010809849325  0.016050855621  0.012992869671  0.011992146205  0.009425697448  0.009135248687  0.008767819317  0.003223505998  0.011899599457  0.012992199929  0.015188945563  0.012146160948  0.018644906086  0.008322148921  0.008782509533  0.009720161762  0.010808543455  0.000000000000  

