30
cardinalis_cardinalis_ku21828 0.000000000000  0.004014337588  0.022890644456  0.022890644456  0.019271123891  0.024973338257  0.019266806717  0.019782882375  0.017729204052  0.016190867343  0.018236260796  0.016713248939  0.017733502283  0.018244213179  0.018244213179  0.017218758261  0.017218758261  0.022371332282  0.020315252334  0.014659575914  0.023423880680  0.020827297043  0.020827297043  0.022365784263  0.024988369669  0.022896862491  0.023404405477  0.021329329717  0.021852562343  0.022890644456  
cardinalis_cardinalis_ku25393 0.004014337588  0.000000000000  0.024966419672  0.024966419672  0.021334333509  0.027056773808  0.021329329717  0.021847286722  0.019787469407  0.018244213179  0.020295032818  0.018769822881  0.019792451394  0.020304352099  0.020304352099  0.019275835738  0.019275835738  0.024445202436  0.022383618224  0.016708701898  0.025502971627  0.022896862491  0.022896862491  0.024959899677  0.027073224071  0.024973338257  0.025481388729  0.023398708674  0.023924531419  0.024966419672  
piranga_erythrocephala_fmnh343371 0.022890644456  0.024966419672  0.000000000000  0.000000000000  0.007547342146  0.013149156423  0.007544829373  0.008051709413  0.012109848352  0.010583966013  0.012614356775  0.011099937697  0.012113173089  0.012620367693  0.012620367693  0.011602914251  0.011602914251  0.016713248939  0.014672357628  0.009064113537  0.017754622049  0.015180862825  0.015180862825  0.017223181088  0.019305301723  0.017233203575  0.017223181088  0.015681339002  0.016199034308  0.017227996320  
piranga_erythrocephala_fmnh343370 0.022890644456  0.024966419672  0.000000000000  0.000000000000  0.007547342146  0.013149156423  0.007544829373  0.008051709413  0.012109848352  0.010583966013  0.012614356775  0.011099937697  0.012113173089  0.012620367693  0.012620367693  0.011602914251  0.011602914251  0.016713248939  0.014672357628  0.009064113537  0.017754622049  0.015180862825  0.015180862825  0.017223181088  0.019305301723  0.017233203575  0.017223181088  0.015681339002  0.016199034308  0.017227996320  
piranga_leucoptera_fmnh481795 0.019271123891  0.021334333509  0.007547342146  0.007547342146  0.000000000000  0.005528043995  0.003007756024  0.003510791892  0.008552317363  0.007035113250  0.009056334892  0.007544829373  0.008554194881  0.009059451208  0.009059451208  0.008047318097  0.008047318097  0.013127947768  0.011096364705  0.005522464682  0.014159465058  0.011602914251  0.011602914251  0.013635913961  0.015699733903  0.013642982807  0.013635913961  0.012104364769  0.012617167656  0.013639253532  
piranga_leucoptera_lsu7783 0.024973338257  0.027056773808  0.013149156423  0.013149156423  0.005528043995  0.000000000000  0.008565559743  0.009073999196  0.014155080746  0.012623956507  0.014659575914  0.013144138096  0.014159465058  0.014667707054  0.014667707054  0.013647101407  0.013647101407  0.018775446029  0.016729239017  0.011099937697  0.019823272331  0.017238802477  0.017238802477  0.019286441920  0.021380432065  0.019298622221  0.019286441920  0.017738193578  0.018259093755  0.019292335494  
piranga_rubriceps_lsu265 0.019266806717  0.021329329717  0.007544829373  0.007544829373  0.003007756024  0.008565559743  0.000000000000  0.000500251760  0.008550826081  0.007034014307  0.009055357441  0.007542701167  0.008552317363  0.009057699608  0.009057699608  0.008045700633  0.008045700633  0.013124872813  0.011093178917  0.005521371424  0.014155080746  0.011599853049  0.011599853049  0.013632964473  0.015694549153  0.013639253532  0.013632964473  0.012102206684  0.012614356775  0.013635913961  
piranga_rubriceps_lsu34818 0.019782882375  0.021847286722  0.008051709413  0.008051709413  0.003510791892  0.009073999196  0.000500251760  0.000000000000  0.009057699608  0.007539599965  0.009562227712  0.008049321150  0.009059451208  0.009565090775  0.009565090775  0.008552317363  0.008552317363  0.013635913961  0.011602914251  0.006025933425  0.014667707054  0.012109848352  0.012109848352  0.014144266924  0.016208767136  0.014151086033  0.014144266924  0.012611935431  0.013124872813  0.014147481299  
piranga_bidentata_hgoslp104 0.017729204052  0.019787469407  0.012109848352  0.012109848352  0.008552317363  0.014155080746  0.008550826081  0.009057699608  0.000000000000  0.002505228950  0.004514360971  0.004011780401  0.005017321308  0.005520662050  0.005520662050  0.004513782040  0.004513782040  0.009565090775  0.007542701167  0.003006223867  0.011606363305  0.009061589311  0.009061589311  0.011087970462  0.013139507692  0.011093178917  0.011597180078  0.009563465476  0.010073000639  0.011090380709  
piranga_ludoviciana_sdsu2385 0.016190867343  0.018244213179  0.010583966013  0.010583966013  0.007035113250  0.012623956507  0.007034014307  0.007539599965  0.002505228950  0.000000000000  0.002002698379  0.003509578964  0.004514360971  0.005017321308  0.005017321308  0.004011075134  0.004011075134  0.009059451208  0.007038465930  0.001501505565  0.010080982880  0.007542701167  0.007542701167  0.009565090775  0.011610199836  0.009569502445  0.010073000639  0.008044469138  0.008552317363  0.009567103224  
piranga_ludoviciana_sdsu2208 0.018236260796  0.020295032818  0.012614356775  0.012614356775  0.009056334892  0.014659575914  0.009055357441  0.009562227712  0.004514360971  0.002002698379  0.000000000000  0.005521371424  0.006528942612  0.007033300800  0.007033300800  0.006024383838  0.006024383838  0.011085948556  0.009059451208  0.003508231915  0.012109848352  0.009565090775  0.009565090775  0.011593000355  0.013642982807  0.011597180078  0.012102206684  0.010068505189  0.010577522209  0.011594895720  
piranga_olivacea_ku4672 0.016713248939  0.018769822881  0.011099937697  0.011099937697  0.007544829373  0.013144138096  0.007542701167  0.008049321150  0.004011780401  0.003509578964  0.005521371424  0.000000000000  0.004012868012  0.004515322883  0.004515322883  0.003509578964  0.003509578964  0.008556458255  0.006536989122  0.002004036288  0.010597978354  0.008054482511  0.008054482511  0.010077935345  0.012130349532  0.010084416701  0.010586889075  0.008554194881  0.009064113537  0.010080982880  
piranga_ludoviciana_sdsu2650 0.017733502283  0.019792451394  0.012113173089  0.012113173089  0.008554194881  0.014159465058  0.008552317363  0.009059451208  0.005017321308  0.004514360971  0.006528942612  0.004012868012  0.000000000000  0.000500188092  0.000500188092  0.000500251760  0.000500251760  0.009567103224  0.007544829373  0.003006799223  0.011610199836  0.009064113537  0.009064113537  0.011090380709  0.012120986561  0.011096364705  0.011599853049  0.009565090775  0.010075274472  0.011093178917  
piranga_bidentata_itm160 0.018244213179  0.020304352099  0.012620367693  0.012620367693  0.009059451208  0.014667707054  0.009057699608  0.009565090775  0.005520662050  0.005017321308  0.007033300800  0.004515322883  0.000500188092  0.000000000000  0.000000000000  0.001000690235  0.001000690235  0.010073000639  0.008049321150  0.003508747740  0.012116885950  0.009569502445  0.009569502445  0.011597180078  0.012627933719  0.011602914251  0.012106912119  0.010071114226  0.010581430262  0.011599853049  
piranga_bidentata_tepe59 0.018244213179  0.020304352099  0.012620367693  0.012620367693  0.009059451208  0.014667707054  0.009057699608  0.009565090775  0.005520662050  0.005017321308  0.007033300800  0.004515322883  0.000500188092  0.000000000000  0.000000000000  0.001000690235  0.001000690235  0.010073000639  0.008049321150  0.003508747740  0.012116885950  0.009569502445  0.009569502445  0.011597180078  0.012627933719  0.011602914251  0.012106912119  0.010071114226  0.010581430262  0.011599853049  
piranga_bidentata_itm141 0.017218758261  0.019275835738  0.011602914251  0.011602914251  0.008047318097  0.013647101407  0.008045700633  0.008552317363  0.004513782040  0.004011075134  0.006024383838  0.003509578964  0.000500251760  0.001000690235  0.001000690235  0.000000000000  0.000000000000  0.009059451208  0.007038465930  0.002504527761  0.011099937697  0.008556458255  0.008556458255  0.010581430262  0.011610199836  0.010586889075  0.011090380709  0.009057699608  0.009567103224  0.010583966013  
piranga_ludoviciana_sdsu2648 0.017218758261  0.019275835738  0.011602914251  0.011602914251  0.008047318097  0.013647101407  0.008045700633  0.008552317363  0.004513782040  0.004011075134  0.006024383838  0.003509578964  0.000500251760  0.001000690235  0.001000690235  0.000000000000  0.000000000000  0.009059451208  0.007038465930  0.002504527761  0.011099937697  0.008556458255  0.008556458255  0.010581430262  0.011610199836  0.010586889075  0.011090380709  0.009057699608  0.009567103224  0.010583966013  
piranga_roseogularis_ku2049 0.022371332282  0.024445202436  0.016713248939  0.016713248939  0.013127947768  0.018775446029  0.013124872813  0.013635913961  0.009565090775  0.009059451208  0.011085948556  0.008556458255  0.009567103224  0.010073000639  0.010073000639  0.009059451208  0.009059451208  0.000000000000  0.002002698379  0.007542701167  0.016208767136  0.013642982807  0.013642982807  0.015681339002  0.017754622049  0.015689754834  0.016194754902  0.014144266924  0.014659575914  0.015685351325  
piranga_roseogularis_ku2141 0.020315252334  0.022383618224  0.014672357628  0.014672357628  0.011096364705  0.016729239017  0.011093178917  0.011602914251  0.007542701167  0.007038465930  0.009059451208  0.006536989122  0.007544829373  0.008049321150  0.008049321150  0.007038465930  0.007038465930  0.002002698379  0.000000000000  0.005525801344  0.014169400979  0.011610199836  0.011610199836  0.013642982807  0.015711273200  0.013651608954  0.014155080746  0.012109848352  0.012623956507  0.013647101407  
piranga_olivacea_ku2699 0.014659575914  0.016708701898  0.009064113537  0.009064113537  0.005522464682  0.011099937697  0.005521371424  0.006025933425  0.003006223867  0.001501505565  0.003508231915  0.002004036288  0.003006799223  0.003508747740  0.003508747740  0.002504527761  0.002504527761  0.007542701167  0.005525801344  0.000000000000  0.008562141060  0.006029019609  0.006029019609  0.008047318097  0.010088236433  0.008051709413  0.008554194881  0.006529783086  0.007036597251  0.008049321150  
piranga_lutea_ku89864 0.023423880680  0.025502971627  0.017754622049  0.017754622049  0.014159465058  0.019823272331  0.014155080746  0.014667707054  0.011606363305  0.010080982880  0.012109848352  0.010597978354  0.011610199836  0.012116885950  0.012116885950  0.011099937697  0.011099937697  0.016208767136  0.014169400979  0.008562141060  0.000000000000  0.002506310948  0.002506310948  0.004515322883  0.006542893357  0.004518394145  0.014151086033  0.012106912119  0.012620367693  0.013642982807  
piranga_flava_ku90809 0.020827297043  0.022896862491  0.015180862825  0.015180862825  0.011602914251  0.017238802477  0.011599853049  0.012109848352  0.009061589311  0.007542701167  0.009565090775  0.008054482511  0.009064113537  0.009569502445  0.009569502445  0.008556458255  0.008556458255  0.013642982807  0.011610199836  0.006029019609  0.002506310948  0.000000000000  0.000000000000  0.002002698379  0.004016188757  0.002003209644  0.011597180078  0.009563465476  0.010073000639  0.011090380709  
piranga_lutea_lsu5400 0.020827297043  0.022896862491  0.015180862825  0.015180862825  0.011602914251  0.017238802477  0.011599853049  0.012109848352  0.009061589311  0.007542701167  0.009565090775  0.008054482511  0.009064113537  0.009569502445  0.009569502445  0.008556458255  0.008556458255  0.013642982807  0.011610199836  0.006029019609  0.002506310948  0.000000000000  0.000000000000  0.002002698379  0.004016188757  0.002003209644  0.011597180078  0.009563465476  0.010073000639  0.011090380709  
piranga_hepatica_ku9084 0.022365784263  0.024959899677  0.017223181088  0.017223181088  0.013635913961  0.019286441920  0.013632964473  0.014144266924  0.011087970462  0.009565090775  0.011593000355  0.010077935345  0.011090380709  0.011597180078  0.011597180078  0.010581430262  0.010581430262  0.015681339002  0.013642982807  0.008047318097  0.004515322883  0.002002698379  0.002002698379  0.000000000000  0.006029019609  0.004011075134  0.013630405452  0.011591494368  0.012102206684  0.013122187669  
piranga_flava_lsu15408 0.024988369669  0.027073224071  0.019305301723  0.019305301723  0.015699733903  0.021380432065  0.015694549153  0.016208767136  0.013139507692  0.011610199836  0.013642982807  0.012130349532  0.012120986561  0.012627933719  0.012627933719  0.011610199836  0.011610199836  0.017754622049  0.015711273200  0.010088236433  0.006542893357  0.004016188757  0.004016188757  0.006029019609  0.000000000000  0.006033639374  0.015689754834  0.013639253532  0.014155080746  0.015180862825  
piranga_hepatica_ku4970 0.022896862491  0.024973338257  0.017233203575  0.017233203575  0.013642982807  0.019298622221  0.013639253532  0.014151086033  0.011093178917  0.009569502445  0.011597180078  0.010084416701  0.011096364705  0.011602914251  0.011602914251  0.010586889075  0.010586889075  0.015689754834  0.013651608954  0.008051709413  0.004518394145  0.002003209644  0.002003209644  0.004011075134  0.006033639374  0.000000000000  0.013635913961  0.011594895720  0.012106912119  0.013127947768  
piranga_rubra_ku7046 0.023404405477  0.025481388729  0.017223181088  0.017223181088  0.013635913961  0.019286441920  0.013632964473  0.014144266924  0.011597180078  0.010073000639  0.012102206684  0.010586889075  0.011599853049  0.012106912119  0.012106912119  0.011090380709  0.011090380709  0.016194754902  0.014155080746  0.008554194881  0.014151086033  0.011597180078  0.011597180078  0.013630405452  0.015689754834  0.013635913961  0.000000000000  0.004012868012  0.004518394145  0.005528043995  
piranga_rubra_sdsu2635 0.021329329717  0.023398708674  0.015681339002  0.015681339002  0.012104364769  0.017738193578  0.012102206684  0.012611935431  0.009563465476  0.008044469138  0.010068505189  0.008554194881  0.009565090775  0.010071114226  0.010071114226  0.009057699608  0.009057699608  0.014144266924  0.012109848352  0.006529783086  0.012106912119  0.009563465476  0.009563465476  0.011591494368  0.013639253532  0.011594895720  0.004012868012  0.000000000000  0.002505228950  0.003510791892  
piranga_rubra_sdsu2654 0.021852562343  0.023924531419  0.016199034308  0.016199034308  0.012617167656  0.018259093755  0.012614356775  0.013124872813  0.010073000639  0.008552317363  0.010577522209  0.009064113537  0.010075274472  0.010581430262  0.010581430262  0.009567103224  0.009567103224  0.014659575914  0.012623956507  0.007036597251  0.012620367693  0.010073000639  0.010073000639  0.012102206684  0.014155080746  0.012106912119  0.004518394145  0.002505228950  0.000000000000  0.001001007715  
piranga_rubra_ku26592 0.022890644456  0.024966419672  0.017227996320  0.017227996320  0.013639253532  0.019292335494  0.013635913961  0.014147481299  0.011090380709  0.009567103224  0.011594895720  0.010080982880  0.011093178917  0.011599853049  0.011599853049  0.010583966013  0.010583966013  0.015685351325  0.013647101407  0.008049321150  0.013642982807  0.011090380709  0.011090380709  0.013122187669  0.015180862825  0.013127947768  0.005528043995  0.003510791892  0.001001007715  0.000000000000  

