30
cardinalis_cardinalis_ku21828 0.000000000000  0.002003211276  0.011087998713  0.011599892698  0.009061614770  0.009061614770  0.012617212488  0.010581459220  0.007034021443  0.010071133468  0.009562238918  0.007538634355  0.016177351904  0.013116494405  0.007538634355  0.006024971597  0.006024971597  0.007035123622  0.006024971597  0.007033305110  0.007035123622  0.009059471721  0.010579305743  0.009565110674  0.011594923219  0.011087998713  0.017733597280  0.012617212488  0.011087998713  0.014144316368  
cardinalis_cardinalis_ku25393 0.002003211276  0.000000000000  0.013124916821  0.013639311483  0.011093219278  0.011093219278  0.014659640154  0.012617212488  0.009057715586  0.012104397360  0.011593022402  0.009563480823  0.018227340416  0.015157420113  0.009563480823  0.008045713655  0.008045713655  0.009059471721  0.008045713655  0.009056346747  0.009059471721  0.011090414808  0.012614394869  0.011597213445  0.013633007613  0.013124916821  0.019792574196  0.014659640154  0.013124916821  0.016190937199  
piranga_rubriceps_lsu265 0.011087998713  0.013124916821  0.000000000000  0.001501697773  0.006025941450  0.006025941450  0.013635964297  0.011597213445  0.010069630287  0.013119923625  0.012608283265  0.010576164626  0.019251200363  0.016177351904  0.010576164626  0.009056346747  0.009056346747  0.010071133468  0.009056346747  0.010068515704  0.010071133468  0.012104397360  0.013630441813  0.012611967203  0.014650351185  0.014141485516  0.020816764963  0.015677780568  0.014141485516  0.017211159052  
piranga_rubriceps_lsu34818 0.011599892698  0.013639311483  0.001501697773  0.000000000000  0.006532632483  0.006532632483  0.014151151168  0.012109893963  0.010579305743  0.013633007613  0.013119923625  0.011085971373  0.019768553061  0.016691900525  0.011085971373  0.009565110674  0.009565110674  0.010581459220  0.009565110674  0.010577540751  0.010581459220  0.012617212488  0.014144316368  0.013124916821  0.015165153806  0.014656152269  0.021339876470  0.016194833742  0.014656152269  0.017729289151  
piranga_leucoptera_fmnh481795 0.009061614770  0.011093219278  0.006025941450  0.006532632483  0.000000000000  0.000000000000  0.011602960598  0.008554215964  0.008045713655  0.011087998713  0.010577540751  0.008550838541  0.017202586723  0.014136998823  0.008550838541  0.007035123622  0.007035123622  0.008047335208  0.007035123622  0.008044478482  0.008047335208  0.010075304093  0.011597213445  0.010581459220  0.012614394869  0.012106951012  0.018764706869  0.013639311483  0.012106951012  0.015168516403  
piranga_leucoptera_lsu7783 0.009061614770  0.011093219278  0.006025941450  0.006532632483  0.000000000000  0.000000000000  0.011602960598  0.008554215964  0.008045713655  0.011087998713  0.010577540751  0.008550838541  0.017202586723  0.014136998823  0.008550838541  0.007035123622  0.007035123622  0.008047335208  0.007035123622  0.008044478482  0.008047335208  0.010075304093  0.011597213445  0.010581459220  0.012614394869  0.012106951012  0.018764706869  0.013639311483  0.012106951012  0.015168516403  
piranga_erythrocephala_fmnh343370 0.012617212488  0.014659640154  0.013635964297  0.014151151168  0.011602960598  0.011602960598  0.000000000000  0.004014346885  0.011594923219  0.014653055819  0.014139046206  0.012102233390  0.020797016757  0.017715999180  0.012102233390  0.010579305743  0.010579305743  0.011597213445  0.010579305743  0.011593022402  0.011597213445  0.013635964297  0.015165153806  0.014144316368  0.016187433304  0.015677780568  0.022371485287  0.017218844453  0.015677780568  0.018755407159  
piranga_erythrocephala_fmnh343371 0.010581459220  0.012617212488  0.011597213445  0.012109893963  0.008554215964  0.008554215964  0.004014346885  0.000000000000  0.009563480823  0.012611967203  0.012100459482  0.010069630287  0.018739073921  0.015667190943  0.010069630287  0.008550838541  0.008550838541  0.009565110674  0.008550838541  0.009562238918  0.009565110674  0.011597213445  0.013122224918  0.012104397360  0.014141485516  0.013633007613  0.020304473678  0.015168516403  0.013633007613  0.016700853376  
piranga_bidentata_itm160 0.007034021443  0.009057715586  0.010069630287  0.010579305743  0.008045713655  0.008045713655  0.011594923219  0.009563480823  0.000000000000  0.005522473088  0.005017324931  0.003006225165  0.011591511377  0.008549730180  0.003006225165  0.001501697773  0.001501697773  0.002505231910  0.001501697773  0.002504208171  0.002505231910  0.004516676442  0.006027295861  0.005019384964  0.007036611268  0.007038484002  0.013135332375  0.008051735936  0.006532632483  0.009569532687  
piranga_flava_ku90809 0.010071133468  0.012104397360  0.013119923625  0.013633007613  0.011087998713  0.011087998713  0.014653055819  0.012611967203  0.005522473088  0.000000000000  0.004515329175  0.002505231910  0.011085971373  0.008045713655  0.002505231910  0.004011784636  0.004011784636  0.005019384964  0.004011784636  0.005017324931  0.005019384964  0.007038484002  0.008554215964  0.007542718779  0.009567128088  0.009569532687  0.015689844040  0.010586930106  0.009061614770  0.012109893963  
piranga_lutea_ku89864 0.009562238918  0.011593022402  0.012608283265  0.013119923625  0.010577540751  0.010577540751  0.014139046206  0.012100459482  0.005017324931  0.004515329175  0.000000000000  0.002002764124  0.010576164626  0.007538634355  0.002002764124  0.003508299666  0.003508299666  0.004514364920  0.003508299666  0.004513586954  0.004514364920  0.006531019174  0.008045713655  0.007035123622  0.009057715586  0.009059471721  0.015172270713  0.010075304093  0.008552333929  0.011597213445  
piranga_flava_lsu15408 0.007538634355  0.009563480823  0.010576164626  0.011085971373  0.008550838541  0.008550838541  0.012102233390  0.010069630287  0.003006225165  0.002505231910  0.002002764124  0.000000000000  0.008549730180  0.005520665304  0.000000000000  0.001501505618  0.001501505618  0.002504529246  0.001501505618  0.002504269061  0.002504529246  0.004515329175  0.006025941450  0.005018163122  0.007035123622  0.007036611268  0.013131470928  0.008049342760  0.006531019174  0.009567128088  
piranga_roseogularis_ku2049 0.016177351904  0.018227340416  0.019251200363  0.019768553061  0.017202586723  0.017202586723  0.020797016757  0.018739073921  0.011591511377  0.011085971373  0.010576164626  0.008549730180  0.000000000000  0.003006225165  0.008549730180  0.010068515704  0.010068515704  0.011084333171  0.010068515704  0.011082225715  0.011084333171  0.013119923625  0.014648038754  0.013628267280  0.015669248446  0.015671699475  0.021842525596  0.016697475269  0.015159605276  0.017718729520  
piranga_roseogularis_ku2141 0.013116494405  0.015157420113  0.016177351904  0.016691900525  0.014136998823  0.014136998823  0.017715999180  0.015667190943  0.008549730180  0.008045713655  0.007538634355  0.005520665304  0.003006225165  0.000000000000  0.005520665304  0.007033305110  0.007033305110  0.008044478482  0.007033305110  0.008043168798  0.008044478482  0.010071133468  0.011593022402  0.010577540751  0.012609929874  0.012611967203  0.018755407159  0.013633007613  0.012102233390  0.014650351185  
piranga_hepatica_ku9084 0.007538634355  0.009563480823  0.010576164626  0.011085971373  0.008550838541  0.008550838541  0.012102233390  0.010069630287  0.003006225165  0.002505231910  0.002002764124  0.000000000000  0.008549730180  0.005520665304  0.000000000000  0.001501505618  0.001501505618  0.002504529246  0.001501505618  0.002504269061  0.002504529246  0.004515329175  0.006025941450  0.005018163122  0.007035123622  0.007036611268  0.013131470928  0.008049342760  0.006531019174  0.009567128088  
piranga_olivacea_ku2699 0.006024971597  0.008045713655  0.009056346747  0.009565110674  0.007035123622  0.007035123622  0.010579305743  0.008550838541  0.001501697773  0.004011784636  0.003508299666  0.001501505618  0.010068515704  0.007033305110  0.001501505618  0.000000000000  0.000000000000  0.001001008487  0.000000000000  0.001000752706  0.001001008487  0.003007760703  0.004515329175  0.003509583441  0.005522473088  0.005523953042  0.011606416768  0.006534630237  0.005019384964  0.008049342760  
piranga_ludoviciana_sdsu2650 0.006024971597  0.008045713655  0.009056346747  0.009565110674  0.007035123622  0.007035123622  0.010579305743  0.008550838541  0.001501697773  0.004011784636  0.003508299666  0.001501505618  0.010068515704  0.007033305110  0.001501505618  0.000000000000  0.000000000000  0.001001008487  0.000000000000  0.001000752706  0.001001008487  0.003007760703  0.004515329175  0.003509583441  0.005522473088  0.005523953042  0.011606416768  0.006534630237  0.005019384964  0.008049342760  
piranga_bidentata_tepe59 0.007035123622  0.009059471721  0.010071133468  0.010581459220  0.008047335208  0.008047335208  0.011597213445  0.009565110674  0.002505231910  0.005019384964  0.004514364920  0.002504529246  0.011084333171  0.008044478482  0.002504529246  0.001001008487  0.001001008487  0.000000000000  0.001001008487  0.002002764124  0.002004039381  0.004014346885  0.005523953042  0.004516676442  0.006532632483  0.006534630237  0.012628001271  0.007547369137  0.006029034451  0.009064144357  
piranga_bidentata_itm141 0.006024971597  0.008045713655  0.009056346747  0.009565110674  0.007035123622  0.007035123622  0.010579305743  0.008550838541  0.001501697773  0.004011784636  0.003508299666  0.001501505618  0.010068515704  0.007033305110  0.001501505618  0.000000000000  0.000000000000  0.001001008487  0.000000000000  0.001000752706  0.001001008487  0.003007760703  0.004515329175  0.003509583441  0.005522473088  0.005523953042  0.011606416768  0.006534630237  0.005019384964  0.008049342760  
piranga_ludoviciana_sdsu2385 0.007033305110  0.009056346747  0.010068515704  0.010577540751  0.008044478482  0.008044478482  0.011593022402  0.009562238918  0.002504208171  0.005017324931  0.004513586954  0.002504269061  0.011082225715  0.008043168798  0.002504269061  0.001000752706  0.001000752706  0.002002764124  0.001000752706  0.000000000000  0.002002764124  0.004011784636  0.005521377050  0.004514364920  0.006529790688  0.006531019174  0.012620419680  0.007542718779  0.006025941450  0.009059471721  
piranga_bidentata_hgoslp104 0.007035123622  0.009059471721  0.010071133468  0.010581459220  0.008047335208  0.008047335208  0.011597213445  0.009565110674  0.002505231910  0.005019384964  0.004514364920  0.002504529246  0.011084333171  0.008044478482  0.002504529246  0.001001008487  0.001001008487  0.002004039381  0.001001008487  0.002002764124  0.000000000000  0.003007760703  0.004515329175  0.003509583441  0.005522473088  0.005523953042  0.011606416768  0.006534630237  0.005019384964  0.008049342760  
piranga_olivacea_ku4672 0.009059471721  0.011090414808  0.012104397360  0.012617212488  0.010075304093  0.010075304093  0.013635964297  0.011597213445  0.004516676442  0.007038484002  0.006531019174  0.004515329175  0.013119923625  0.010071133468  0.004515329175  0.003007760703  0.003007760703  0.004014346885  0.003007760703  0.004011784636  0.003007760703  0.000000000000  0.002504529246  0.001501697773  0.003508750310  0.003509583441  0.009572324092  0.004516676442  0.003006802009  0.006027295861  
piranga_ludoviciana_sdsu2208 0.010579305743  0.012614394869  0.013630441813  0.014144316368  0.011597213445  0.011597213445  0.015165153806  0.013122224918  0.006027295861  0.008554215964  0.008045713655  0.006025941450  0.014648038754  0.011593022402  0.006025941450  0.004515329175  0.004515329175  0.005523953042  0.004515329175  0.005521377050  0.004515329175  0.002504529246  0.000000000000  0.001000690379  0.003006225165  0.003006802009  0.009064144357  0.004012874574  0.002504529246  0.005522473088  
piranga_ludoviciana_sdsu2648 0.009565110674  0.011597213445  0.012611967203  0.013124916821  0.010581459220  0.010581459220  0.014144316368  0.012104397360  0.005019384964  0.007542718779  0.007035123622  0.005018163122  0.013628267280  0.010577540751  0.005018163122  0.003509583441  0.003509583441  0.004516676442  0.003509583441  0.004514364920  0.003509583441  0.001501697773  0.001000690379  0.000000000000  0.002002764124  0.002003211276  0.008051735936  0.003007760703  0.001501697773  0.004515329175  
piranga_rubra_ku7046 0.011594923219  0.013633007613  0.014650351185  0.015165153806  0.012614394869  0.012614394869  0.016187433304  0.014141485516  0.007036611268  0.009567128088  0.009057715586  0.007035123622  0.015669248446  0.012609929874  0.007035123622  0.005522473088  0.005522473088  0.006532632483  0.005522473088  0.006529790688  0.005522473088  0.003508750310  0.003006225165  0.002002764124  0.000000000000  0.004011784636  0.010077970777  0.005019384964  0.003508750310  0.006531019174  
piranga_rubra_sdsu2635 0.011087998713  0.013124916821  0.014141485516  0.014656152269  0.012106951012  0.012106951012  0.015677780568  0.013633007613  0.007038484002  0.009569532687  0.009059471721  0.007036611268  0.015671699475  0.012611967203  0.007036611268  0.005523953042  0.005523953042  0.006534630237  0.005523953042  0.006531019174  0.005523953042  0.003509583441  0.003006802009  0.002003211276  0.004011784636  0.000000000000  0.010081024537  0.005020990082  0.003509583441  0.006532632483  
piranga_hepatica_ku4970 0.017733597280  0.019792574196  0.020816764963  0.021339876470  0.018764706869  0.018764706869  0.022371485287  0.020304473678  0.013135332375  0.015689844040  0.015172270713  0.013131470928  0.021842525596  0.018755407159  0.013131470928  0.011606416768  0.011606416768  0.012628001271  0.011606416768  0.012620419680  0.011606416768  0.009572324092  0.009064144357  0.008051735936  0.010077970777  0.010081024537  0.000000000000  0.005019384964  0.007542718779  0.012624016067  
piranga_lutea_lsu5400 0.012617212488  0.014659640154  0.015677780568  0.016194833742  0.013639311483  0.013639311483  0.017218844453  0.015168516403  0.008051735936  0.010586930106  0.010075304093  0.008049342760  0.016697475269  0.013633007613  0.008049342760  0.006534630237  0.006534630237  0.007547369137  0.006534630237  0.007542718779  0.006534630237  0.004516676442  0.004012874574  0.003007760703  0.005019384964  0.005020990082  0.005019384964  0.000000000000  0.002504529246  0.007544851468  
piranga_rubra_sdsu2654 0.011087998713  0.013124916821  0.014141485516  0.014656152269  0.012106951012  0.012106951012  0.015677780568  0.013633007613  0.006532632483  0.009061614770  0.008552333929  0.006531019174  0.015159605276  0.012102233390  0.006531019174  0.005019384964  0.005019384964  0.006029034451  0.005019384964  0.006025941450  0.005019384964  0.003006802009  0.002504529246  0.001501697773  0.003508750310  0.003509583441  0.007542718779  0.002504529246  0.000000000000  0.006027295861  
piranga_rubra_ku26592 0.014144316368  0.016190937199  0.017211159052  0.017729289151  0.015168516403  0.015168516403  0.018755407159  0.016700853376  0.009569532687  0.012109893963  0.011597213445  0.009567128088  0.017718729520  0.014650351185  0.009567128088  0.008049342760  0.008049342760  0.009064144357  0.008049342760  0.009059471721  0.008049342760  0.006027295861  0.005522473088  0.004515329175  0.006531019174  0.006532632483  0.012624016067  0.007544851468  0.006027295861  0.000000000000  

