30
cardinalis_cardinalis_ku21828 0.000000000000  0.000000000000  0.006036150647  0.006039507969  0.006039507969  0.006039507969  0.006039507969  0.006039507969  0.016285134806  0.018351163405  0.018351163405  0.011646318267  0.011646318267  0.012673127827  0.006039507969  0.006039507969  0.006039507969  0.006039507969  0.006039507969  0.006039507969  0.006039507969  0.006039507969  0.006039507969  0.006039507969  0.010110392390  0.003009833753  0.003009833753  0.003009833753  0.003009833753  0.003009833753  
cardinalis_cardinalis_ku25393 0.000000000000  0.000000000000  0.006036150647  0.006039507969  0.006039507969  0.006039507969  0.006039507969  0.006039507969  0.016285134806  0.018351163405  0.018351163405  0.011646318267  0.011646318267  0.012673127827  0.006039507969  0.006039507969  0.006039507969  0.006039507969  0.006039507969  0.006039507969  0.006039507969  0.006039507969  0.006039507969  0.006039507969  0.010110392390  0.003009833753  0.003009833753  0.003009833753  0.003009833753  0.003009833753  
piranga_olivacea_ku2699 0.006036150647  0.006036150647  0.000000000000  0.006036150647  0.006036150647  0.006036150647  0.006036150647  0.006036150647  0.016275609654  0.018340813773  0.018340813773  0.011639602695  0.011639602695  0.012665792789  0.006036150647  0.006036150647  0.006036150647  0.006036150647  0.006036150647  0.006036150647  0.006036150647  0.006036150647  0.006036150647  0.006036150647  0.010104600850  0.003008274115  0.003008274115  0.003008274115  0.003008274115  0.003008274115  
piranga_flava_lsu15408 0.006039507969  0.006039507969  0.006036150647  0.000000000000  0.000000000000  0.000000000000  0.000000000000  0.000000000000  0.010110392390  0.012152411339  0.012152411339  0.005533173347  0.005533173347  0.006546401017  0.000000000000  0.000000000000  0.000000000000  0.000000000000  0.000000000000  0.000000000000  0.000000000000  0.000000000000  0.000000000000  0.000000000000  0.004017507767  0.003009833753  0.003009833753  0.003009833753  0.003009833753  0.003009833753  
piranga_ludoviciana_sdsu2650 0.006039507969  0.006039507969  0.006036150647  0.000000000000  0.000000000000  0.000000000000  0.000000000000  0.000000000000  0.010110392390  0.012152411339  0.012152411339  0.005533173347  0.005533173347  0.006546401017  0.000000000000  0.000000000000  0.000000000000  0.000000000000  0.000000000000  0.000000000000  0.000000000000  0.000000000000  0.000000000000  0.000000000000  0.004017507767  0.003009833753  0.003009833753  0.003009833753  0.003009833753  0.003009833753  
piranga_hepatica_ku9084 0.006039507969  0.006039507969  0.006036150647  0.000000000000  0.000000000000  0.000000000000  0.000000000000  0.000000000000  0.010110392390  0.012152411339  0.012152411339  0.005533173347  0.005533173347  0.006546401017  0.000000000000  0.000000000000  0.000000000000  0.000000000000  0.000000000000  0.000000000000  0.000000000000  0.000000000000  0.000000000000  0.000000000000  0.004017507767  0.003009833753  0.003009833753  0.003009833753  0.003009833753  0.003009833753  
piranga_erythrocephala_fmnh343371 0.006039507969  0.006039507969  0.006036150647  0.000000000000  0.000000000000  0.000000000000  0.000000000000  0.000000000000  0.010110392390  0.012152411339  0.012152411339  0.005533173347  0.005533173347  0.006546401017  0.000000000000  0.000000000000  0.000000000000  0.000000000000  0.000000000000  0.000000000000  0.000000000000  0.000000000000  0.000000000000  0.000000000000  0.004017507767  0.003009833753  0.003009833753  0.003009833753  0.003009833753  0.003009833753  
piranga_ludoviciana_sdsu2648 0.006039507969  0.006039507969  0.006036150647  0.000000000000  0.000000000000  0.000000000000  0.000000000000  0.000000000000  0.010110392390  0.012152411339  0.012152411339  0.005533173347  0.005533173347  0.006546401017  0.000000000000  0.000000000000  0.000000000000  0.000000000000  0.000000000000  0.000000000000  0.000000000000  0.000000000000  0.000000000000  0.000000000000  0.004017507767  0.003009833753  0.003009833753  0.003009833753  0.003009833753  0.003009833753  
piranga_leucoptera_lsu7783 0.016285134806  0.016285134806  0.016275609654  0.010110392390  0.010110392390  0.010110392390  0.010110392390  0.010110392390  0.000000000000  0.011127365580  0.011127365580  0.004522174469  0.004522174469  0.010621797586  0.010110392390  0.010110392390  0.010110392390  0.010110392390  0.010110392390  0.010110392390  0.010110392390  0.010110392390  0.010110392390  0.010110392390  0.014217656252  0.013187394136  0.013187394136  0.013187394136  0.013187394136  0.013187394136  
piranga_rubriceps_lsu265 0.018351163405  0.018351163405  0.018340813773  0.012152411339  0.012152411339  0.012152411339  0.012152411339  0.012152411339  0.011127365580  0.000000000000  0.000000000000  0.006542741768  0.006542741768  0.012665792789  0.012152411339  0.012152411339  0.012152411339  0.012152411339  0.012152411339  0.012152411339  0.012152411339  0.012152411339  0.012152411339  0.012152411339  0.016275609654  0.015241337114  0.015241337114  0.015241337114  0.015241337114  0.015241337114  
piranga_rubriceps_lsu34818 0.018351163405  0.018351163405  0.018340813773  0.012152411339  0.012152411339  0.012152411339  0.012152411339  0.012152411339  0.011127365580  0.000000000000  0.000000000000  0.006542741768  0.006542741768  0.012665792789  0.012152411339  0.012152411339  0.012152411339  0.012152411339  0.012152411339  0.012152411339  0.012152411339  0.012152411339  0.012152411339  0.012152411339  0.016275609654  0.015241337114  0.015241337114  0.015241337114  0.015241337114  0.015241337114  
piranga_leucoptera_fmnh481795 0.011646318267  0.011646318267  0.011639602695  0.005533173347  0.005533173347  0.005533173347  0.005533173347  0.005533173347  0.004522174469  0.006542741768  0.006542741768  0.000000000000  0.000000000000  0.006039507969  0.005533173347  0.005533173347  0.005533173347  0.005533173347  0.005533173347  0.005533173347  0.005533173347  0.005533173347  0.005533173347  0.005533173347  0.009599555600  0.008579582197  0.008579582197  0.008579582197  0.008579582197  0.008579582197  
piranga_erythrocephala_fmnh343370 0.011646318267  0.011646318267  0.011639602695  0.005533173347  0.005533173347  0.005533173347  0.005533173347  0.005533173347  0.004522174469  0.006542741768  0.006542741768  0.000000000000  0.000000000000  0.006039507969  0.005533173347  0.005533173347  0.005533173347  0.005533173347  0.005533173347  0.005533173347  0.005533173347  0.005533173347  0.005533173347  0.005533173347  0.009599555600  0.008579582197  0.008579582197  0.008579582197  0.008579582197  0.008579582197  
piranga_roseogularis_ku2141 0.012673127827  0.012673127827  0.012665792789  0.006546401017  0.006546401017  0.006546401017  0.006546401017  0.006546401017  0.010621797586  0.012665792789  0.012665792789  0.006039507969  0.006039507969  0.000000000000  0.006546401017  0.006546401017  0.006546401017  0.006546401017  0.006546401017  0.006546401017  0.006546401017  0.006546401017  0.006546401017  0.006546401017  0.010621797586  0.009599555600  0.009599555600  0.009599555600  0.009599555600  0.009599555600  
piranga_lutea_ku89864 0.006039507969  0.006039507969  0.006036150647  0.000000000000  0.000000000000  0.000000000000  0.000000000000  0.000000000000  0.010110392390  0.012152411339  0.012152411339  0.005533173347  0.005533173347  0.006546401017  0.000000000000  0.000000000000  0.000000000000  0.000000000000  0.000000000000  0.000000000000  0.000000000000  0.000000000000  0.000000000000  0.000000000000  0.004017507767  0.003009833753  0.003009833753  0.003009833753  0.003009833753  0.003009833753  
piranga_hepatica_ku4970 0.006039507969  0.006039507969  0.006036150647  0.000000000000  0.000000000000  0.000000000000  0.000000000000  0.000000000000  0.010110392390  0.012152411339  0.012152411339  0.005533173347  0.005533173347  0.006546401017  0.000000000000  0.000000000000  0.000000000000  0.000000000000  0.000000000000  0.000000000000  0.000000000000  0.000000000000  0.000000000000  0.000000000000  0.004017507767  0.003009833753  0.003009833753  0.003009833753  0.003009833753  0.003009833753  
piranga_ludoviciana_sdsu2385 0.006039507969  0.006039507969  0.006036150647  0.000000000000  0.000000000000  0.000000000000  0.000000000000  0.000000000000  0.010110392390  0.012152411339  0.012152411339  0.005533173347  0.005533173347  0.006546401017  0.000000000000  0.000000000000  0.000000000000  0.000000000000  0.000000000000  0.000000000000  0.000000000000  0.000000000000  0.000000000000  0.000000000000  0.004017507767  0.003009833753  0.003009833753  0.003009833753  0.003009833753  0.003009833753  
piranga_ludoviciana_sdsu2208 0.006039507969  0.006039507969  0.006036150647  0.000000000000  0.000000000000  0.000000000000  0.000000000000  0.000000000000  0.010110392390  0.012152411339  0.012152411339  0.005533173347  0.005533173347  0.006546401017  0.000000000000  0.000000000000  0.000000000000  0.000000000000  0.000000000000  0.000000000000  0.000000000000  0.000000000000  0.000000000000  0.000000000000  0.004017507767  0.003009833753  0.003009833753  0.003009833753  0.003009833753  0.003009833753  
piranga_bidentata_itm160 0.006039507969  0.006039507969  0.006036150647  0.000000000000  0.000000000000  0.000000000000  0.000000000000  0.000000000000  0.010110392390  0.012152411339  0.012152411339  0.005533173347  0.005533173347  0.006546401017  0.000000000000  0.000000000000  0.000000000000  0.000000000000  0.000000000000  0.000000000000  0.000000000000  0.000000000000  0.000000000000  0.000000000000  0.004017507767  0.003009833753  0.003009833753  0.003009833753  0.003009833753  0.003009833753  
piranga_flava_ku90809 0.006039507969  0.006039507969  0.006036150647  0.000000000000  0.000000000000  0.000000000000  0.000000000000  0.000000000000  0.010110392390  0.012152411339  0.012152411339  0.005533173347  0.005533173347  0.006546401017  0.000000000000  0.000000000000  0.000000000000  0.000000000000  0.000000000000  0.000000000000  0.000000000000  0.000000000000  0.000000000000  0.000000000000  0.004017507767  0.003009833753  0.003009833753  0.003009833753  0.003009833753  0.003009833753  
piranga_roseogularis_ku2049 0.006039507969  0.006039507969  0.006036150647  0.000000000000  0.000000000000  0.000000000000  0.000000000000  0.000000000000  0.010110392390  0.012152411339  0.012152411339  0.005533173347  0.005533173347  0.006546401017  0.000000000000  0.000000000000  0.000000000000  0.000000000000  0.000000000000  0.000000000000  0.000000000000  0.000000000000  0.000000000000  0.000000000000  0.004017507767  0.003009833753  0.003009833753  0.003009833753  0.003009833753  0.003009833753  
piranga_lutea_lsu5400 0.006039507969  0.006039507969  0.006036150647  0.000000000000  0.000000000000  0.000000000000  0.000000000000  0.000000000000  0.010110392390  0.012152411339  0.012152411339  0.005533173347  0.005533173347  0.006546401017  0.000000000000  0.000000000000  0.000000000000  0.000000000000  0.000000000000  0.000000000000  0.000000000000  0.000000000000  0.000000000000  0.000000000000  0.004017507767  0.003009833753  0.003009833753  0.003009833753  0.003009833753  0.003009833753  
piranga_bidentata_hgoslp104 0.006039507969  0.006039507969  0.006036150647  0.000000000000  0.000000000000  0.000000000000  0.000000000000  0.000000000000  0.010110392390  0.012152411339  0.012152411339  0.005533173347  0.005533173347  0.006546401017  0.000000000000  0.000000000000  0.000000000000  0.000000000000  0.000000000000  0.000000000000  0.000000000000  0.000000000000  0.000000000000  0.000000000000  0.004017507767  0.003009833753  0.003009833753  0.003009833753  0.003009833753  0.003009833753  
piranga_bidentata_itm141 0.006039507969  0.006039507969  0.006036150647  0.000000000000  0.000000000000  0.000000000000  0.000000000000  0.000000000000  0.010110392390  0.012152411339  0.012152411339  0.005533173347  0.005533173347  0.006546401017  0.000000000000  0.000000000000  0.000000000000  0.000000000000  0.000000000000  0.000000000000  0.000000000000  0.000000000000  0.000000000000  0.000000000000  0.004017507767  0.003009833753  0.003009833753  0.003009833753  0.003009833753  0.003009833753  
piranga_bidentata_tepe59 0.010110392390  0.010110392390  0.010104600850  0.004017507767  0.004017507767  0.004017507767  0.004017507767  0.004017507767  0.014217656252  0.016275609654  0.016275609654  0.009599555600  0.009599555600  0.010621797586  0.004017507767  0.004017507767  0.004017507767  0.004017507767  0.004017507767  0.004017507767  0.004017507767  0.004017507767  0.004017507767  0.004017507767  0.000000000000  0.007053853725  0.007053853725  0.007053853725  0.007053853725  0.007053853725  
piranga_olivacea_ku4672 0.003009833753  0.003009833753  0.003008274115  0.003009833753  0.003009833753  0.003009833753  0.003009833753  0.003009833753  0.013187394136  0.015241337114  0.015241337114  0.008579582197  0.008579582197  0.009599555600  0.003009833753  0.003009833753  0.003009833753  0.003009833753  0.003009833753  0.003009833753  0.003009833753  0.003009833753  0.003009833753  0.003009833753  0.007053853725  0.000000000000  0.000000000000  0.000000000000  0.000000000000  0.000000000000  
piranga_rubra_sdsu2654 0.003009833753  0.003009833753  0.003008274115  0.003009833753  0.003009833753  0.003009833753  0.003009833753  0.003009833753  0.013187394136  0.015241337114  0.015241337114  0.008579582197  0.008579582197  0.009599555600  0.003009833753  0.003009833753  0.003009833753  0.003009833753  0.003009833753  0.003009833753  0.003009833753  0.003009833753  0.003009833753  0.003009833753  0.007053853725  0.000000000000  0.000000000000  0.000000000000  0.000000000000  0.000000000000  
piranga_rubra_ku7046 0.003009833753  0.003009833753  0.003008274115  0.003009833753  0.003009833753  0.003009833753  0.003009833753  0.003009833753  0.013187394136  0.015241337114  0.015241337114  0.008579582197  0.008579582197  0.009599555600  0.003009833753  0.003009833753  0.003009833753  0.003009833753  0.003009833753  0.003009833753  0.003009833753  0.003009833753  0.003009833753  0.003009833753  0.007053853725  0.000000000000  0.000000000000  0.000000000000  0.000000000000  0.000000000000  
piranga_rubra_sdsu2635 0.003009833753  0.003009833753  0.003008274115  0.003009833753  0.003009833753  0.003009833753  0.003009833753  0.003009833753  0.013187394136  0.015241337114  0.015241337114  0.008579582197  0.008579582197  0.009599555600  0.003009833753  0.003009833753  0.003009833753  0.003009833753  0.003009833753  0.003009833753  0.003009833753  0.003009833753  0.003009833753  0.003009833753  0.007053853725  0.000000000000  0.000000000000  0.000000000000  0.000000000000  0.000000000000  
piranga_rubra_ku26592 0.003009833753  0.003009833753  0.003008274115  0.003009833753  0.003009833753  0.003009833753  0.003009833753  0.003009833753  0.013187394136  0.015241337114  0.015241337114  0.008579582197  0.008579582197  0.009599555600  0.003009833753  0.003009833753  0.003009833753  0.003009833753  0.003009833753  0.003009833753  0.003009833753  0.003009833753  0.003009833753  0.003009833753  0.007053853725  0.000000000000  0.000000000000  0.000000000000  0.000000000000  0.000000000000  

