30
cardinalis_cardinalis_ku21828 0.000000000000  0.004011943840  0.018257831019  0.020320399736  0.019297418403  0.016207124505  0.016207124505  0.017753113929  0.024981029558  0.022910219952  0.019291200810  0.021364567346  0.025481970163  0.023416916413  0.023416916413  0.021863827710  0.021863827710  0.021863827710  0.021364567346  0.021884296493  0.020845394392  0.019808712307  0.022910219952  0.021877061394  0.021357618991  0.019808712307  0.019808712307  0.020832481359  0.021364567346  0.021357618991  
cardinalis_cardinalis_ku25393 0.004011943840  0.000000000000  0.017221981377  0.019279996306  0.018257831019  0.015174825538  0.015174825538  0.016716695355  0.023930994626  0.021863827710  0.018252590321  0.020320399736  0.024433505205  0.022371098112  0.022371098112  0.020821215489  0.020821215489  0.020821215489  0.020320399736  0.020838732167  0.019802620513  0.018768716980  0.021863827710  0.020832481359  0.020314434133  0.018768716980  0.018768716980  0.019791669667  0.020320399736  0.020314434133  
piranga_erythrocephala_fmnh343371 0.018257831019  0.017221981377  0.000000000000  0.002003265378  0.008050095735  0.005018397081  0.005018397081  0.006533133748  0.014149628059  0.012111517200  0.008047977990  0.010079190632  0.014140636116  0.012105709684  0.012105709684  0.010580277133  0.010580277133  0.010580277133  0.010079190632  0.010588325401  0.009570589622  0.008554984414  0.011601327941  0.010585239095  0.010076379502  0.008554984414  0.008554984414  0.009565919393  0.010079190632  0.010076379502  
piranga_erythrocephala_fmnh343370 0.020320399736  0.019279996306  0.002003265378  0.000000000000  0.010079190632  0.007037125069  0.007037125069  0.008557375333  0.016197671503  0.014153439182  0.010076379502  0.012115028190  0.016186554800  0.014146223589  0.014146223589  0.012615882546  0.012615882546  0.012615882546  0.012115028190  0.012626031750  0.011604562314  0.010585239095  0.013641373369  0.012622243560  0.012111517200  0.010585239095  0.010585239095  0.011598497964  0.012115028190  0.012111517200  
piranga_leucoptera_fmnh481795 0.019297418403  0.018257831019  0.008050095735  0.010079190632  0.000000000000  0.003007909320  0.005019686214  0.006535235650  0.015179195134  0.013137574126  0.009065185921  0.011101760464  0.015167308504  0.013129847477  0.013129847477  0.011601327941  0.011601327941  0.011601327941  0.011101760464  0.011612242757  0.010591814760  0.009573528610  0.012626031750  0.011608200710  0.011097995052  0.009573528610  0.009573528610  0.010585239095  0.011101760464  0.011097995052  
piranga_leucoptera_lsu7783 0.016207124505  0.015174825538  0.005018397081  0.007037125069  0.003007909320  0.000000000000  0.002002793076  0.003509735819  0.012111517200  0.010079190632  0.006027695849  0.008052614678  0.012103413910  0.010073971500  0.010073971500  0.008552995361  0.008552995361  0.008552995361  0.008052614678  0.008560167746  0.007545592060  0.006533133748  0.009570589622  0.008557375333  0.008050095735  0.006533133748  0.006533133748  0.007541500876  0.008052614678  0.008050095735  
piranga_rubriceps_lsu265 0.016207124505  0.015174825538  0.005018397081  0.007037125069  0.005019686214  0.002002793076  0.000000000000  0.001502323726  0.012111517200  0.010079190632  0.006027695849  0.008052614678  0.012103413910  0.010073971500  0.010073971500  0.008552995361  0.008552995361  0.008552995361  0.008052614678  0.008560167746  0.007545592060  0.006533133748  0.009570589622  0.008557375333  0.008050095735  0.006533133748  0.006533133748  0.007541500876  0.008052614678  0.008050095735  
piranga_rubriceps_lsu34818 0.017753113929  0.016716695355  0.006533133748  0.008557375333  0.006535235650  0.003509735819  0.001502323726  0.000000000000  0.013645312113  0.011608200710  0.007545592060  0.009576869683  0.013634714180  0.011601327941  0.011601327941  0.010076379502  0.010076379502  0.010076379502  0.009576869683  0.010086020783  0.009068252377  0.008052614678  0.011097995052  0.010082404516  0.009573528610  0.008052614678  0.008052614678  0.009062521254  0.009576869683  0.009573528610  
piranga_roseogularis_ku2049 0.024981029558  0.023930994626  0.014149628059  0.016197671503  0.015179195134  0.012111517200  0.012111517200  0.013645312113  0.000000000000  0.002002793076  0.006027695849  0.008052614678  0.012103413910  0.010073971500  0.010073971500  0.008552995361  0.008552995361  0.008552995361  0.008052614678  0.008560167746  0.007545592060  0.006533133748  0.009570589622  0.008557375333  0.008050095735  0.006533133748  0.006533133748  0.007541500876  0.008052614678  0.008050095735  
piranga_roseogularis_ku2141 0.022910219952  0.021863827710  0.012111517200  0.014153439182  0.013137574126  0.010079190632  0.010079190632  0.011608200710  0.002002793076  0.000000000000  0.004013092065  0.006031755963  0.010071967001  0.008047977990  0.008047977990  0.006531431794  0.006531431794  0.006531431794  0.006031755963  0.006537737128  0.005526301971  0.004516971113  0.007545592060  0.006535235650  0.006029526264  0.004516971113  0.004516971113  0.005522783992  0.006031755963  0.006029526264  
piranga_rubra_ku7046 0.019291200810  0.018252590321  0.008047977990  0.010076379502  0.009065185921  0.006027695849  0.006027695849  0.007545592060  0.006027695849  0.004013092065  0.000000000000  0.002004133916  0.006024604040  0.004011193742  0.004011193742  0.002504244410  0.002504244410  0.002504244410  0.002004133916  0.002506463700  0.001502323726  0.000500257837  0.003509735819  0.002505327291  0.002003265378  0.000500257837  0.000500257837  0.001501517237  0.002004133916  0.002003265378  
piranga_rubra_sdsu2654 0.021364567346  0.020320399736  0.010079190632  0.012115028190  0.011101760464  0.008052614678  0.008052614678  0.009576869683  0.008052614678  0.006031755963  0.002004133916  0.000000000000  0.007034379851  0.005018397081  0.005018397081  0.003508856561  0.003508856561  0.003508856561  0.003009314157  0.003512686365  0.002506463700  0.001502323726  0.004516971113  0.003511012544  0.003007909320  0.001502323726  0.001502323726  0.002504587403  0.003009314157  0.003007909320  
piranga_lutea_lsu5400 0.025481970163  0.024433505205  0.014140636116  0.016186554800  0.015167308504  0.012103413910  0.012103413910  0.013634714180  0.012103413910  0.010071967001  0.006024604040  0.007034379851  0.000000000000  0.005017507024  0.005017507024  0.003508375143  0.003508375143  0.003508375143  0.007034379851  0.007540057016  0.006529229224  0.005520503208  0.008550224357  0.007539014811  0.007033609099  0.005520503208  0.005520503208  0.006528630947  0.007034379851  0.007033609099  
piranga_hepatica_ku9084 0.023416916413  0.022371098112  0.012105709684  0.014146223589  0.013129847477  0.010073971500  0.010073971500  0.011601327941  0.010073971500  0.008047977990  0.004011193742  0.005018397081  0.005017507024  0.000000000000  0.000000000000  0.001501722505  0.001501722505  0.001501722505  0.005018397081  0.005522783992  0.004514534026  0.003508375143  0.006530130161  0.005521623865  0.005017507024  0.003508375143  0.003508375143  0.004513692093  0.005018397081  0.005017507024  
piranga_flava_lsu15408 0.023416916413  0.022371098112  0.012105709684  0.014146223589  0.013129847477  0.010073971500  0.010073971500  0.011601327941  0.010073971500  0.008047977990  0.004011193742  0.005018397081  0.005017507024  0.000000000000  0.000000000000  0.001501722505  0.001501722505  0.001501722505  0.005018397081  0.005522783992  0.004514534026  0.003508375143  0.006530130161  0.005521623865  0.005017507024  0.003508375143  0.003508375143  0.004513692093  0.005018397081  0.005017507024  
piranga_lutea_ku89864 0.021863827710  0.020821215489  0.010580277133  0.012615882546  0.011601327941  0.008552995361  0.008552995361  0.010076379502  0.008552995361  0.006531431794  0.002504244410  0.003508856561  0.003508375143  0.001501722505  0.001501722505  0.000000000000  0.000000000000  0.000000000000  0.003508856561  0.004011943840  0.003006290444  0.002002717384  0.005017507024  0.004011193742  0.003508375143  0.002002717384  0.002002717384  0.003006261782  0.003508856561  0.003508375143  
piranga_flava_ku90809 0.021863827710  0.020821215489  0.010580277133  0.012615882546  0.011601327941  0.008552995361  0.008552995361  0.010076379502  0.008552995361  0.006531431794  0.002504244410  0.003508856561  0.003508375143  0.001501722505  0.001501722505  0.000000000000  0.000000000000  0.000000000000  0.003508856561  0.004011943840  0.003006290444  0.002002717384  0.005017507024  0.004011193742  0.003508375143  0.002002717384  0.002002717384  0.003006261782  0.003508856561  0.003508375143  
piranga_hepatica_ku4970 0.021863827710  0.020821215489  0.010580277133  0.012615882546  0.011601327941  0.008552995361  0.008552995361  0.010076379502  0.008552995361  0.006531431794  0.002504244410  0.003508856561  0.003508375143  0.001501722505  0.001501722505  0.000000000000  0.000000000000  0.000000000000  0.003508856561  0.004011943840  0.003006290444  0.002002717384  0.005017507024  0.004011193742  0.003508375143  0.002002717384  0.002002717384  0.003006261782  0.003508856561  0.003508375143  
piranga_rubra_sdsu2635 0.021364567346  0.020320399736  0.010079190632  0.012115028190  0.011101760464  0.008052614678  0.008052614678  0.009576869683  0.008052614678  0.006031755963  0.002004133916  0.003009314157  0.007034379851  0.005018397081  0.005018397081  0.003508856561  0.003508856561  0.003508856561  0.000000000000  0.003512686365  0.002506463700  0.001502323726  0.004516971113  0.003511012544  0.003007909320  0.001502323726  0.001502323726  0.002504587403  0.003009314157  0.003007909320  
piranga_bidentata_itm160 0.021884296493  0.020838732167  0.010588325401  0.012626031750  0.011612242757  0.008560167746  0.008560167746  0.010086020783  0.008560167746  0.006537737128  0.002506463700  0.003512686365  0.007540057016  0.005522783992  0.005522783992  0.004011943840  0.004011943840  0.004011943840  0.003512686365  0.000000000000  0.001001032056  0.002004133916  0.005021374052  0.004014638044  0.003511012544  0.002004133916  0.002004133916  0.003006901292  0.003512686365  0.003511012544  
piranga_bidentata_itm141 0.020845394392  0.019802620513  0.009570589622  0.011604562314  0.010591814760  0.007545592060  0.007545592060  0.009068252377  0.007545592060  0.005526301971  0.001502323726  0.002506463700  0.006529229224  0.004514534026  0.004514534026  0.003006290444  0.003006290444  0.003006290444  0.002506463700  0.001001032056  0.000000000000  0.001001032056  0.004013092065  0.003007909320  0.002505327291  0.001001032056  0.001001032056  0.002002793076  0.002506463700  0.002505327291  
piranga_bidentata_tepe59 0.019808712307  0.018768716980  0.008554984414  0.010585239095  0.009573528610  0.006533133748  0.006533133748  0.008052614678  0.006533133748  0.004516971113  0.000500257837  0.001502323726  0.005520503208  0.003508375143  0.003508375143  0.002002717384  0.002002717384  0.002002717384  0.001502323726  0.002004133916  0.001001032056  0.000000000000  0.003006901292  0.002003265378  0.001501722505  0.000000000000  0.000000000000  0.001000758815  0.001502323726  0.001501722505  
piranga_bidentata_hgoslp104 0.022910219952  0.021863827710  0.011601327941  0.013641373369  0.012626031750  0.009570589622  0.009570589622  0.011097995052  0.009570589622  0.007545592060  0.003509735819  0.004516971113  0.008550224357  0.006530130161  0.006530130161  0.005017507024  0.005017507024  0.005017507024  0.004516971113  0.005021374052  0.004013092065  0.003006901292  0.000000000000  0.004011943840  0.004515553363  0.003006901292  0.003006901292  0.004011193742  0.004516971113  0.004515553363  
piranga_olivacea_ku4672 0.021877061394  0.020832481359  0.010585239095  0.012622243560  0.011608200710  0.008557375333  0.008557375333  0.010082404516  0.008557375333  0.006535235650  0.002505327291  0.003511012544  0.007539014811  0.005521623865  0.005521623865  0.004011193742  0.004011193742  0.004011193742  0.003511012544  0.004014638044  0.003007909320  0.002003265378  0.004011943840  0.000000000000  0.003509735819  0.002003265378  0.002003265378  0.003006290444  0.003511012544  0.003509735819  
piranga_ludoviciana_sdsu2648 0.021357618991  0.020314434133  0.010076379502  0.012111517200  0.011097995052  0.008050095735  0.008050095735  0.009573528610  0.008050095735  0.006029526264  0.002003265378  0.003007909320  0.007033609099  0.005017507024  0.005017507024  0.003508375143  0.003508375143  0.003508375143  0.003007909320  0.003511012544  0.002505327291  0.001501722505  0.004515553363  0.003509735819  0.000000000000  0.001501722505  0.001501722505  0.002504244410  0.003007909320  0.003006901292  
piranga_olivacea_ku2699 0.019808712307  0.018768716980  0.008554984414  0.010585239095  0.009573528610  0.006533133748  0.006533133748  0.008052614678  0.006533133748  0.004516971113  0.000500257837  0.001502323726  0.005520503208  0.003508375143  0.003508375143  0.002002717384  0.002002717384  0.002002717384  0.001502323726  0.002004133916  0.001001032056  0.000000000000  0.003006901292  0.002003265378  0.001501722505  0.000000000000  0.000000000000  0.001000758815  0.001502323726  0.001501722505  
piranga_ludoviciana_sdsu2650 0.019808712307  0.018768716980  0.008554984414  0.010585239095  0.009573528610  0.006533133748  0.006533133748  0.008052614678  0.006533133748  0.004516971113  0.000500257837  0.001502323726  0.005520503208  0.003508375143  0.003508375143  0.002002717384  0.002002717384  0.002002717384  0.001502323726  0.002004133916  0.001001032056  0.000000000000  0.003006901292  0.002003265378  0.001501722505  0.000000000000  0.000000000000  0.001000758815  0.001502323726  0.001501722505  
piranga_ludoviciana_sdsu2385 0.020832481359  0.019791669667  0.009565919393  0.011598497964  0.010585239095  0.007541500876  0.007541500876  0.009062521254  0.007541500876  0.005522783992  0.001501517237  0.002504587403  0.006528630947  0.004513692093  0.004513692093  0.003006261782  0.003006261782  0.003006261782  0.002504587403  0.003006901292  0.002002793076  0.001000758815  0.004011193742  0.003006290444  0.002504244410  0.001000758815  0.001000758815  0.000000000000  0.002504587403  0.002504244410  
piranga_ludoviciana_sdsu2208 0.021364567346  0.020320399736  0.010079190632  0.012115028190  0.011101760464  0.008052614678  0.008052614678  0.009576869683  0.008052614678  0.006031755963  0.002004133916  0.003009314157  0.007034379851  0.005018397081  0.005018397081  0.003508856561  0.003508856561  0.003508856561  0.003009314157  0.003512686365  0.002506463700  0.001502323726  0.004516971113  0.003511012544  0.003007909320  0.001502323726  0.001502323726  0.002504587403  0.000000000000  0.003007909320  
piranga_rubra_ku26592 0.021357618991  0.020314434133  0.010076379502  0.012111517200  0.011097995052  0.008050095735  0.008050095735  0.009573528610  0.008050095735  0.006029526264  0.002003265378  0.003007909320  0.007033609099  0.005017507024  0.005017507024  0.003508375143  0.003508375143  0.003508375143  0.003007909320  0.003511012544  0.002505327291  0.001501722505  0.004515553363  0.003509735819  0.003006901292  0.001501722505  0.001501722505  0.002504244410  0.003007909320  0.000000000000  

