30
piranga_rubra_ku26592 0.000000000000  0.008478166249  0.009553608007  0.012839685372  0.013916225923  0.014951318342  0.007414524030  0.014967303435  0.002164790093  0.008482852736  0.010951737557  0.011455913360  0.005330175642  0.005707404648  0.001053808552  0.008949176804  0.008162817426  0.004225896451  0.009205166256  0.007414524030  0.012839685372  0.005285102494  0.012839685372  0.010694069210  0.012092951321  0.000000000000  0.010900874640  0.010626800892  0.002109978084  0.007414524030  
piranga_flava_ku90809 0.008478166249  0.000000000000  0.009561065406  0.013924977568  0.015002869095  0.013874116608  0.005288110774  0.013888940065  0.008699436184  0.008489190281  0.010957345868  0.011464282220  0.003193028526  0.003418621483  0.009547804003  0.002225964247  0.005820350484  0.004223987940  0.009212632407  0.007419746793  0.013924977568  0.005288110774  0.013924977568  0.010699415380  0.013207117590  0.002308501957  0.010908448721  0.010635383252  0.008478166249  0.007419746793  
piranga_ludoviciana_sdsu2385 0.009553608007  0.009561065406  0.000000000000  0.012821512844  0.013895207982  0.016013969420  0.006358479140  0.016031085369  0.006514033016  0.003165176211  0.004347957008  0.007599995145  0.006412847918  0.005716336418  0.008482852736  0.008957786237  0.006997285106  0.007419746793  0.004583210941  0.004229442568  0.012821512844  0.006358479140  0.012821512844  0.009604586422  0.012074996709  0.000000000000  0.002399557649  0.001051592197  0.007414524030  0.004229442568  
piranga_rubriceps_lsu265 0.012839685372  0.013924977568  0.012821512844  0.000000000000  0.003176126044  0.013924062254  0.012848971597  0.013938992778  0.009850875365  0.011752456624  0.013213604992  0.007638890723  0.010775670676  0.011547158153  0.011756886000  0.012413466126  0.011769864688  0.011756886000  0.008082285972  0.009604586422  0.002116677309  0.010683569092  0.000000000000  0.010728489534  0.004363235382  0.000000000000  0.008494210051  0.013905599926  0.010676568026  0.009604586422  
piranga_leucoptera_lsu7783 0.013916225923  0.015002869095  0.013895207982  0.003176126044  0.000000000000  0.015004203082  0.013924977568  0.015020301614  0.010951737557  0.012825961233  0.014322949403  0.010204929157  0.011858284032  0.012707672576  0.012832081777  0.013550357990  0.012954391274  0.012832081777  0.010409160677  0.010676568026  0.001056879400  0.011756886000  0.003176126044  0.011808696713  0.003262476594  0.002308501957  0.010940630073  0.014980643040  0.011750425189  0.010676568026  
cardinalis_cardinalis_ku25393 0.014951318342  0.013874116608  0.016013969420  0.013924062254  0.015004203082  0.000000000000  0.013879461987  0.000000000000  0.015344632754  0.014946627516  0.017629870608  0.012748380884  0.011821387578  0.012665300044  0.016034658398  0.012376768619  0.011731368833  0.012794597059  0.012714799272  0.013879461987  0.013924062254  0.011720617952  0.013924062254  0.013944857924  0.013207329055  0.002308501957  0.013363595819  0.017099747550  0.014951318342  0.013879461987  
piranga_olivacea_ku2699 0.007414524030  0.005288110774  0.006358479140  0.012848971597  0.013924977568  0.013879461987  0.000000000000  0.013894296961  0.007607930126  0.005292758943  0.007649500020  0.010186280308  0.002127937722  0.002278223440  0.008482852736  0.005580014070  0.004653629215  0.003166070179  0.005742598039  0.004229442568  0.012848971597  0.004229442568  0.012848971597  0.009625130451  0.012101566445  0.000000000000  0.007250975201  0.007426614055  0.007414524030  0.004229442568  
cardinalis_cardinalis_ku21828 0.014967303435  0.013888940065  0.016031085369  0.013938992778  0.015020301614  0.000000000000  0.013894296961  0.000000000000  0.015361470443  0.014962602768  0.017629870608  0.012748380884  0.011821387578  0.012665300044  0.016051818391  0.012376768619  0.011731368833  0.012808253894  0.012729513817  0.013894296961  0.013938992778  0.011733120099  0.013938992778  0.013959832951  0.013207329055  0.002308501957  0.013363595819  0.017118043696  0.014967303435  0.013894296961  
piranga_rubra_ku7046 0.002164790093  0.008699436184  0.006514033016  0.009850875365  0.010951737557  0.015344632754  0.007607930126  0.015361470443  0.000000000000  0.005422668371  0.008782163671  0.008888371137  0.005470129026  0.005861288528  0.001081152428  0.008959199152  0.008162817426  0.004335833778  0.006895856272  0.005422668371  0.009850875365  0.005422668371  0.009850875365  0.008696243993  0.009959893458  0.000000000000  0.008468972469  0.007607930126  0.000000000000  0.005422668371  
piranga_bidentata_hgoslp104 0.008482852736  0.008489190281  0.003165176211  0.011752456624  0.012825961233  0.014946627516  0.005292758943  0.014962602768  0.005422668371  0.000000000000  0.005446295303  0.007609634199  0.005337963508  0.005716336418  0.007414524030  0.007829170895  0.006997285106  0.006352723935  0.003433224026  0.003168519197  0.011752456624  0.005292758943  0.011752456624  0.008537168606  0.010976757771  0.002309796903  0.004816120520  0.004224975216  0.006348610916  0.003168519197  
piranga_ludoviciana_sdsu2648 0.010951737557  0.010957345868  0.004347957008  0.013213604992  0.014322949403  0.017629870608  0.007649500020  0.017629870608  0.008782163671  0.005446295303  0.000000000000  0.011426822394  0.007649500020  0.008195844443  0.009846460323  0.011209549755  0.010518654296  0.008746995809  0.006951785264  0.005452234242  0.013213604992  0.007649500020  0.013213604992  0.010939756274  0.013228171671  0.000000000000  0.001198779587  0.005440369289  0.008743768457  0.005452234242  
piranga_roseogularis_ku2049 0.011455913360  0.011464282220  0.007599995145  0.007638890723  0.010204929157  0.012748380884  0.010186280308  0.012748380884  0.008888371137  0.007609634199  0.011426822394  0.000000000000  0.007619297735  0.007619297735  0.010170394249  0.010177148642  0.010177148642  0.008893519838  0.008889737482  0.007619297735  0.008922359724  0.007619297735  0.007638890723  0.001259157719  0.008922359724  0.002308501957  0.010388608353  0.008878461858  0.008888371137  0.007619297735  
piranga_hepatica_ku4970 0.005330175642  0.003193028526  0.006412847918  0.010775670676  0.011858284032  0.011821387578  0.002127937722  0.011821387578  0.005470129026  0.005337963508  0.007649500020  0.007619297735  0.000000000000  0.000000000000  0.006402810114  0.003341537209  0.002321567275  0.001062494042  0.005795851900  0.004265524393  0.010775670676  0.002127937722  0.010775670676  0.007534231864  0.009878694763  0.000000000000  0.007250975201  0.007490188799  0.005330175642  0.004265524393  
piranga_hepatica_ku9084 0.005707404648  0.003418621483  0.005716336418  0.011547158153  0.012707672576  0.012665300044  0.002278223440  0.012665300044  0.005861288528  0.005716336418  0.008195844443  0.007619297735  0.000000000000  0.000000000000  0.006856454827  0.003572320517  0.002396682157  0.001137421277  0.006244652173  0.004567510420  0.011547158153  0.002278223440  0.011547158153  0.008063664804  0.010575177716  0.000000000000  0.007757211016  0.006867968916  0.005707404648  0.004567510420  
piranga_rubra_sdsu2654 0.001053808552  0.009547804003  0.008482852736  0.011756886000  0.012832081777  0.016034658398  0.008482852736  0.016051818391  0.001081152428  0.007414524030  0.009846460323  0.010170394249  0.006402810114  0.006856454827  0.000000000000  0.010078008507  0.009339264238  0.005288110774  0.008045129245  0.006348610916  0.011756886000  0.006348610916  0.011756886000  0.009615030012  0.010981412123  0.000000000000  0.009678225138  0.009553608007  0.001053808552  0.006348610916  
piranga_flava_lsu15408 0.008949176804  0.002225964247  0.008957786237  0.012413466126  0.013550357990  0.012376768619  0.005580014070  0.012376768619  0.008959199152  0.007829170895  0.011209549755  0.010177148642  0.003341537209  0.003572320517  0.010078008507  0.000000000000  0.005818695037  0.004459149698  0.008163964108  0.007829170895  0.012413466126  0.005580014070  0.012413466126  0.008967827971  0.012413466126  0.002308501957  0.009684338895  0.010089110085  0.008949176804  0.007829170895  
piranga_lutea_lsu5400 0.008162817426  0.005820350484  0.006997285106  0.011769864688  0.012954391274  0.011731368833  0.004653629215  0.011731368833  0.008162817426  0.006997285106  0.010518654296  0.010177148642  0.002321567275  0.002396682157  0.009339264238  0.005818695037  0.000000000000  0.003485169328  0.008470209368  0.006997285106  0.011769864688  0.004653629215  0.011769864688  0.008173496921  0.011769864688  0.002308501957  0.010011573379  0.008173496921  0.008162817426  0.006997285106  
piranga_olivacea_ku4672 0.004225896451  0.004223987940  0.007419746793  0.011756886000  0.012832081777  0.012794597059  0.003166070179  0.012808253894  0.004335833778  0.006352723935  0.008746995809  0.008893519838  0.001062494042  0.001137421277  0.005288110774  0.004459149698  0.003485169328  0.000000000000  0.006892783384  0.005288110774  0.011756886000  0.003166070179  0.011756886000  0.008541531873  0.010981412123  0.000000000000  0.008463399449  0.008489190281  0.004225896451  0.005288110774  
piranga_ludoviciana_sdsu2208 0.009205166256  0.009212632407  0.004583210941  0.008082285972  0.010409160677  0.012714799272  0.005742598039  0.012729513817  0.006895856272  0.003433224026  0.006951785264  0.008889737482  0.005795851900  0.006244652173  0.008045129245  0.008163964108  0.008470209368  0.006892783384  0.000000000000  0.003437157554  0.009247730822  0.005742598039  0.008082285972  0.006899560120  0.009355884582  0.002309796903  0.006027610966  0.005736010038  0.006887939796  0.003437157554  
piranga_bidentata_itm160 0.007414524030  0.007419746793  0.004229442568  0.009604586422  0.010676568026  0.013879461987  0.004229442568  0.013894296961  0.005422668371  0.003168519197  0.005452234242  0.007619297735  0.004265524393  0.004567510420  0.006348610916  0.007829170895  0.006997285106  0.005288110774  0.003437157554  0.000000000000  0.009604586422  0.004229442568  0.009604586422  0.007469910760  0.008771177186  0.000000000000  0.004821926306  0.005292758943  0.005285102494  0.000000000000  
piranga_leucoptera_fmnh481795 0.012839685372  0.013924977568  0.012821512844  0.002116677309  0.001056879400  0.013924062254  0.012848971597  0.013938992778  0.009850875365  0.011752456624  0.013213604992  0.008922359724  0.010775670676  0.011547158153  0.011756886000  0.012413466126  0.011769864688  0.011756886000  0.009247730822  0.009604586422  0.000000000000  0.010683569092  0.002116677309  0.010728489534  0.002176569655  0.000000000000  0.009719638019  0.013905599926  0.010676568026  0.009604586422  
piranga_lutea_ku89864 0.005285102494  0.005288110774  0.006358479140  0.010683569092  0.011756886000  0.011720617952  0.004229442568  0.011733120099  0.005422668371  0.005292758943  0.007649500020  0.007619297735  0.002127937722  0.002278223440  0.006348610916  0.005580014070  0.004653629215  0.003166070179  0.005742598039  0.004229442568  0.010683569092  0.000000000000  0.010683569092  0.007469910760  0.009878694763  0.000000000000  0.007250975201  0.007426614055  0.005285102494  0.004229442568  
piranga_rubriceps_lsu34818 0.012839685372  0.013924977568  0.012821512844  0.000000000000  0.003176126044  0.013924062254  0.012848971597  0.013938992778  0.009850875365  0.011752456624  0.013213604992  0.007638890723  0.010775670676  0.011547158153  0.011756886000  0.012413466126  0.011769864688  0.011756886000  0.008082285972  0.009604586422  0.002116677309  0.010683569092  0.000000000000  0.010728489534  0.004363235382  0.000000000000  0.008494210051  0.013905599926  0.010676568026  0.009604586422  
piranga_roseogularis_ku2141 0.010694069210  0.010699415380  0.009604586422  0.010728489534  0.011808696713  0.013944857924  0.009625130451  0.013959832951  0.008696243993  0.008537168606  0.010939756274  0.001259157719  0.007534231864  0.008063664804  0.009615030012  0.008967827971  0.008173496921  0.008541531873  0.006899560120  0.007469910760  0.010728489534  0.007469910760  0.010728489534  0.000000000000  0.009857244890  0.000000000000  0.008459972292  0.010683569092  0.008538455028  0.007469910760  
piranga_erythrocephala_fmnh343371 0.012092951321  0.013207117590  0.012074996709  0.004363235382  0.003262476594  0.013207329055  0.012101566445  0.013207329055  0.009959893458  0.010976757771  0.013228171671  0.008922359724  0.009878694763  0.010575177716  0.010981412123  0.012413466126  0.011769864688  0.010981412123  0.009355884582  0.008771177186  0.002176569655  0.009878694763  0.004363235382  0.009857244890  0.000000000000  0.000000000000  0.009719638019  0.013187892924  0.009872487635  0.008771177186  
piranga_erythrocephala_fmnh343370 0.000000000000  0.002308501957  0.000000000000  0.000000000000  0.002308501957  0.002308501957  0.000000000000  0.002308501957  0.000000000000  0.002309796903  0.000000000000  0.002308501957  0.000000000000  0.000000000000  0.000000000000  0.002308501957  0.002308501957  0.000000000000  0.002309796903  0.000000000000  0.000000000000  0.000000000000  0.000000000000  0.000000000000  0.000000000000  0.000000000000  0.000000000000  0.000000000000  0.000000000000  0.000000000000  
piranga_ludoviciana_sdsu2650 0.010900874640  0.010908448721  0.002399557649  0.008494210051  0.010940630073  0.013363595819  0.007250975201  0.013363595819  0.008468972469  0.004816120520  0.001198779587  0.010388608353  0.007250975201  0.007757211016  0.009678225138  0.009684338895  0.010011573379  0.008463399449  0.006027610966  0.004821926306  0.009719638019  0.007250975201  0.008494210051  0.008459972292  0.009719638019  0.000000000000  0.000000000000  0.003603402118  0.008458738467  0.004821926306  
piranga_bidentata_tepe59 0.010626800892  0.010635383252  0.001051592197  0.013905599926  0.014980643040  0.017099747550  0.007426614055  0.017118043696  0.007607930126  0.004224975216  0.005440369289  0.008878461858  0.007490188799  0.006867968916  0.009553608007  0.010089110085  0.008173496921  0.008489190281  0.005736010038  0.005292758943  0.013905599926  0.007426614055  0.013905599926  0.010683569092  0.013187892924  0.000000000000  0.003603402118  0.000000000000  0.008482852736  0.005292758943  
piranga_rubra_sdsu2635 0.002109978084  0.008478166249  0.007414524030  0.010676568026  0.011750425189  0.014951318342  0.007414524030  0.014967303435  0.000000000000  0.006348610916  0.008743768457  0.008888371137  0.005330175642  0.005707404648  0.001053808552  0.008949176804  0.008162817426  0.004225896451  0.006887939796  0.005285102494  0.010676568026  0.005285102494  0.010676568026  0.008538455028  0.009872487635  0.000000000000  0.008458738467  0.008482852736  0.000000000000  0.005285102494  
piranga_bidentata_itm141 0.007414524030  0.007419746793  0.004229442568  0.009604586422  0.010676568026  0.013879461987  0.004229442568  0.013894296961  0.005422668371  0.003168519197  0.005452234242  0.007619297735  0.004265524393  0.004567510420  0.006348610916  0.007829170895  0.006997285106  0.005288110774  0.003437157554  0.000000000000  0.009604586422  0.004229442568  0.009604586422  0.007469910760  0.008771177186  0.000000000000  0.004821926306  0.005292758943  0.005285102494  0.000000000000  

