30
piranga_rubra_ku26592 0.000000000000  0.007070812750  0.001760876658  0.007075723211  0.007084822402  0.007075723211  0.001763982818  0.007113473584  0.000000000000  0.001760876658  0.000000000000  0.001760876658  0.001760876658  0.001792439344  0.000000000000  0.005178115645  0.003588379835  0.001760876658  0.000000000000  0.005296959733  0.007075723211  0.002753900640  0.007075723211  0.001880056533  0.005303234038  0.000000000000  0.001831840962  0.001770228130  0.000000000000  0.008850200057  
piranga_flava_ku90809 0.007070812750  0.000000000000  0.005294865214  0.010637287440  0.010643667256  0.010637287440  0.005304226992  0.010694167471  0.000000000000  0.005294865214  0.003722717651  0.005294865214  0.005294865214  0.003589104779  0.007425207444  0.005178115645  0.007197329723  0.005294865214  0.000000000000  0.008850200057  0.010637287440  0.008302016324  0.010637287440  0.005654121246  0.008853728466  0.000000000000  0.005508766514  0.005323050218  0.007070812750  0.012425729642  
piranga_ludoviciana_sdsu2385 0.001760876658  0.005294865214  0.000000000000  0.005296959733  0.005303234038  0.005296959733  0.000000000000  0.005325167171  0.000000000000  0.000000000000  0.000000000000  0.000000000000  0.000000000000  0.001792439344  0.001848774287  0.005178115645  0.001791724085  0.000000000000  0.000000000000  0.003525132078  0.005296959733  0.002753900640  0.005296959733  0.000000000000  0.003528603502  0.000000000000  0.000000000000  0.000000000000  0.001760876658  0.007070113435  
piranga_rubriceps_lsu265 0.007075723211  0.010637287440  0.005296959733  0.000000000000  0.003525132078  0.007070812750  0.005306328950  0.007108510418  0.004133974005  0.005296959733  0.005593233742  0.005296959733  0.005296959733  0.007203144050  0.005562123192  0.007780384503  0.007198054555  0.005296959733  0.003216485288  0.008853728466  0.003525831600  0.005519469495  0.000000000000  0.003763965396  0.001760186367  0.000000000000  0.005511034297  0.005325167171  0.007075723211  0.012426438192  
piranga_leucoptera_lsu7783 0.007084822402  0.010643667256  0.005303234038  0.003525132078  0.000000000000  0.007075723211  0.005312625511  0.007113473584  0.008305902695  0.005303234038  0.005600230952  0.005303234038  0.005303234038  0.007212574561  0.005569042635  0.010397641839  0.007203144050  0.005303234038  0.006455900774  0.008861477026  0.003525132078  0.008301973121  0.003525132078  0.003767923960  0.001760876658  0.004426779210  0.005517826977  0.005331508599  0.007084822402  0.012431430867  
cardinalis_cardinalis_ku25393 0.007075723211  0.010637287440  0.005296959733  0.007070812750  0.007075723211  0.000000000000  0.005306328950  0.000000000000  0.000000000000  0.005296959733  0.003721937522  0.005296959733  0.005296959733  0.005392167541  0.007430624586  0.005178115645  0.007198054555  0.005296959733  0.000000000000  0.008853728466  0.007070812750  0.002753900640  0.007070812750  0.005656510724  0.005296959733  0.000000000000  0.005511034297  0.005325167171  0.007075723211  0.010635159573  
piranga_olivacea_ku2699 0.001763982818  0.005304226992  0.000000000000  0.005306328950  0.005312625511  0.005306328950  0.000000000000  0.005325167171  0.000000000000  0.000000000000  0.000000000000  0.000000000000  0.000000000000  0.001792439344  0.001852198589  0.005178115645  0.001794940126  0.000000000000  0.000000000000  0.003531356345  0.005306328950  0.002753900640  0.005306328950  0.000000000000  0.003534840058  0.000000000000  0.000000000000  0.000000000000  0.001763982818  0.007082632328  
cardinalis_cardinalis_ku21828 0.007113473584  0.010694167471  0.005325167171  0.007108510418  0.007113473584  0.000000000000  0.005325167171  0.000000000000  0.000000000000  0.005325167171  0.003721937522  0.005325167171  0.005325167171  0.005392167541  0.007472268085  0.005178115645  0.007237124962  0.005325167171  0.000000000000  0.008901013793  0.007108510418  0.002753900640  0.007108510418  0.005688689170  0.005325167171  0.000000000000  0.005541574387  0.005353676642  0.007113473584  0.010692016615  
piranga_rubra_ku7046 0.000000000000  0.000000000000  0.000000000000  0.004133974005  0.008305902695  0.000000000000  0.000000000000  0.000000000000  0.000000000000  0.000000000000  0.000000000000  0.000000000000  0.000000000000  0.000000000000  0.000000000000  0.004130169424  0.000000000000  0.000000000000  0.000000000000  0.008286640610  0.004133974005  0.004422416599  0.004133974005  0.000000000000  0.004133974005  0.000000000000  0.000000000000  0.000000000000  0.000000000000  0.004130169424  
piranga_bidentata_hgoslp104 0.001760876658  0.005294865214  0.000000000000  0.005296959733  0.005303234038  0.005296959733  0.000000000000  0.005325167171  0.000000000000  0.000000000000  0.000000000000  0.000000000000  0.000000000000  0.001792439344  0.001848774287  0.005178115645  0.001791724085  0.000000000000  0.000000000000  0.003525132078  0.005296959733  0.002753900640  0.005296959733  0.000000000000  0.003528603502  0.000000000000  0.000000000000  0.000000000000  0.001760876658  0.007070113435  
piranga_ludoviciana_sdsu2648 0.000000000000  0.003722717651  0.000000000000  0.005593233742  0.005600230952  0.003721937522  0.000000000000  0.003721937522  0.000000000000  0.000000000000  0.000000000000  0.000000000000  0.000000000000  0.000000000000  0.000000000000  0.005329911062  0.001858315953  0.000000000000  0.000000000000  0.003721937522  0.003725808038  0.002753900640  0.005593233742  0.000000000000  0.003725808038  0.000000000000  0.000000000000  0.000000000000  0.000000000000  0.003721937522  
piranga_roseogularis_ku2049 0.001760876658  0.005294865214  0.000000000000  0.005296959733  0.005303234038  0.005296959733  0.000000000000  0.005325167171  0.000000000000  0.000000000000  0.000000000000  0.000000000000  0.000000000000  0.001792439344  0.001848774287  0.005178115645  0.001791724085  0.000000000000  0.000000000000  0.003525132078  0.005296959733  0.002753900640  0.005296959733  0.000000000000  0.003528603502  0.000000000000  0.000000000000  0.000000000000  0.001760876658  0.007070113435  
piranga_hepatica_ku4970 0.001760876658  0.005294865214  0.000000000000  0.005296959733  0.005303234038  0.005296959733  0.000000000000  0.005325167171  0.000000000000  0.000000000000  0.000000000000  0.000000000000  0.000000000000  0.001792439344  0.001848774287  0.005178115645  0.001791724085  0.000000000000  0.000000000000  0.003525132078  0.005296959733  0.002753900640  0.005296959733  0.000000000000  0.003528603502  0.000000000000  0.000000000000  0.000000000000  0.001760876658  0.007070113435  
piranga_hepatica_ku9084 0.001792439344  0.003589104779  0.001792439344  0.007203144050  0.007212574561  0.005392167541  0.001792439344  0.005392167541  0.000000000000  0.001792439344  0.000000000000  0.001792439344  0.001792439344  0.000000000000  0.001883597808  0.005178115645  0.003653938642  0.001792439344  0.000000000000  0.005392167541  0.007203144050  0.002753900640  0.007203144050  0.001916079972  0.005398669840  0.000000000000  0.001866023594  0.001802129983  0.001792439344  0.005392167541  
piranga_rubra_sdsu2654 0.000000000000  0.007425207444  0.001848774287  0.005562123192  0.005569042635  0.007430624586  0.001852198589  0.007472268085  0.000000000000  0.001848774287  0.000000000000  0.001848774287  0.001848774287  0.001883597808  0.000000000000  0.005567299247  0.003701273589  0.001848774287  0.000000000000  0.005562123192  0.005562123192  0.002831888245  0.005562123192  0.001880056533  0.003705101179  0.000000000000  0.001848774287  0.001848774287  0.000000000000  0.009294397376  
piranga_flava_lsu15408 0.005178115645  0.005178115645  0.005178115645  0.007780384503  0.010397641839  0.005178115645  0.005178115645  0.005178115645  0.004130169424  0.005178115645  0.005329911062  0.005178115645  0.005178115645  0.005178115645  0.005567299247  0.000000000000  0.007992362935  0.005178115645  0.003214182066  0.010396123025  0.007780384503  0.008302016324  0.007780384503  0.005710361681  0.007780384503  0.004422416599  0.005490875055  0.005218650196  0.005178115645  0.007784957644  
piranga_lutea_lsu5400 0.003588379835  0.007197329723  0.001791724085  0.007198054555  0.007203144050  0.007198054555  0.001794940126  0.007237124962  0.000000000000  0.001791724085  0.001858315953  0.001791724085  0.001791724085  0.003653938642  0.003701273589  0.007992362935  0.000000000000  0.001791724085  0.000000000000  0.005389996820  0.007198054555  0.005521191555  0.007198054555  0.001879269639  0.005392167541  0.000000000000  0.001831093912  0.001791724085  0.003588379835  0.009010418417  
piranga_olivacea_ku4672 0.001760876658  0.005294865214  0.000000000000  0.005296959733  0.005303234038  0.005296959733  0.000000000000  0.005325167171  0.000000000000  0.000000000000  0.000000000000  0.000000000000  0.000000000000  0.001792439344  0.001848774287  0.005178115645  0.001791724085  0.000000000000  0.000000000000  0.003525132078  0.005296959733  0.002753900640  0.005296959733  0.000000000000  0.003528603502  0.000000000000  0.000000000000  0.000000000000  0.001760876658  0.007070113435  
piranga_ludoviciana_sdsu2208 0.000000000000  0.000000000000  0.000000000000  0.003216485288  0.006455900774  0.000000000000  0.000000000000  0.000000000000  0.000000000000  0.000000000000  0.000000000000  0.000000000000  0.000000000000  0.000000000000  0.000000000000  0.003214182066  0.000000000000  0.000000000000  0.000000000000  0.006444270217  0.003216485288  0.003399960344  0.003216485288  0.000000000000  0.003216485288  0.000000000000  0.000000000000  0.000000000000  0.000000000000  0.003214182066  
piranga_bidentata_itm160 0.005296959733  0.008850200057  0.003525132078  0.008853728466  0.008861477026  0.008853728466  0.003531356345  0.008901013793  0.008286640610  0.003525132078  0.003721937522  0.003525132078  0.003525132078  0.005392167541  0.005562123192  0.010396123025  0.005389996820  0.003525132078  0.006444270217  0.000000000000  0.008853728466  0.008296810692  0.008853728466  0.003763965396  0.007075723211  0.008875002731  0.003667338917  0.003543871055  0.005296959733  0.007070812750  
piranga_leucoptera_fmnh481795 0.007075723211  0.010637287440  0.005296959733  0.003525831600  0.003525132078  0.007070812750  0.005306328950  0.007108510418  0.004133974005  0.005296959733  0.003725808038  0.005296959733  0.005296959733  0.007203144050  0.005562123192  0.007780384503  0.007198054555  0.005296959733  0.003216485288  0.008853728466  0.000000000000  0.005519469495  0.003525831600  0.003763965396  0.001760186367  0.000000000000  0.005511034297  0.005325167171  0.007075723211  0.012426438192  
piranga_lutea_ku89864 0.002753900640  0.008302016324  0.002753900640  0.005519469495  0.008301973121  0.002753900640  0.002753900640  0.002753900640  0.004422416599  0.002753900640  0.002753900640  0.002753900640  0.002753900640  0.002753900640  0.002831888245  0.008302016324  0.005521191555  0.002753900640  0.003399960344  0.008296810692  0.005519469495  0.000000000000  0.005519469495  0.002905952455  0.005519469495  0.004422416599  0.002792350018  0.002753900640  0.002753900640  0.005521191555  
piranga_rubriceps_lsu34818 0.007075723211  0.010637287440  0.005296959733  0.000000000000  0.003525132078  0.007070812750  0.005306328950  0.007108510418  0.004133974005  0.005296959733  0.005593233742  0.005296959733  0.005296959733  0.007203144050  0.005562123192  0.007780384503  0.007198054555  0.005296959733  0.003216485288  0.008853728466  0.003525831600  0.005519469495  0.000000000000  0.003763965396  0.001760186367  0.000000000000  0.005511034297  0.005325167171  0.007075723211  0.012426438192  
piranga_roseogularis_ku2141 0.001880056533  0.005654121246  0.000000000000  0.003763965396  0.003767923960  0.005656510724  0.000000000000  0.005688689170  0.000000000000  0.000000000000  0.000000000000  0.000000000000  0.000000000000  0.001916079972  0.001880056533  0.005710361681  0.001879269639  0.000000000000  0.000000000000  0.003763965396  0.003763965396  0.002905952455  0.003763965396  0.000000000000  0.001880056533  0.000000000000  0.000000000000  0.000000000000  0.001880056533  0.007550569609  
piranga_erythrocephala_fmnh343371 0.005303234038  0.008853728466  0.003528603502  0.001760186367  0.001760876658  0.005296959733  0.003534840058  0.005325167171  0.004133974005  0.003528603502  0.003725808038  0.003528603502  0.003528603502  0.005398669840  0.003705101179  0.007780384503  0.005392167541  0.003528603502  0.003216485288  0.007075723211  0.001760186367  0.005519469495  0.001760186367  0.001880056533  0.000000000000  0.000000000000  0.003671096532  0.003547379541  0.005303234038  0.010637287440  
piranga_erythrocephala_fmnh343370 0.000000000000  0.000000000000  0.000000000000  0.000000000000  0.004426779210  0.000000000000  0.000000000000  0.000000000000  0.000000000000  0.000000000000  0.000000000000  0.000000000000  0.000000000000  0.000000000000  0.000000000000  0.004422416599  0.000000000000  0.000000000000  0.000000000000  0.008875002731  0.000000000000  0.004422416599  0.000000000000  0.000000000000  0.000000000000  0.000000000000  0.000000000000  0.000000000000  0.000000000000  0.004422416599  
piranga_ludoviciana_sdsu2650 0.001831840962  0.005508766514  0.000000000000  0.005511034297  0.005517826977  0.005511034297  0.000000000000  0.005541574387  0.000000000000  0.000000000000  0.000000000000  0.000000000000  0.000000000000  0.001866023594  0.001848774287  0.005490875055  0.001831093912  0.000000000000  0.000000000000  0.003667338917  0.005511034297  0.002792350018  0.005511034297  0.000000000000  0.003671096532  0.000000000000  0.000000000000  0.000000000000  0.001831840962  0.007356165852  
piranga_bidentata_tepe59 0.001770228130  0.005323050218  0.000000000000  0.005325167171  0.005331508599  0.005325167171  0.000000000000  0.005353676642  0.000000000000  0.000000000000  0.000000000000  0.000000000000  0.000000000000  0.001802129983  0.001848774287  0.005218650196  0.001791724085  0.000000000000  0.000000000000  0.003543871055  0.005325167171  0.002753900640  0.005325167171  0.000000000000  0.003547379541  0.000000000000  0.000000000000  0.000000000000  0.001770228130  0.007107803591  
piranga_rubra_sdsu2635 0.000000000000  0.007070812750  0.001760876658  0.007075723211  0.007084822402  0.007075723211  0.001763982818  0.007113473584  0.000000000000  0.001760876658  0.000000000000  0.001760876658  0.001760876658  0.001792439344  0.000000000000  0.005178115645  0.003588379835  0.001760876658  0.000000000000  0.005296959733  0.007075723211  0.002753900640  0.007075723211  0.001880056533  0.005303234038  0.000000000000  0.001831840962  0.001770228130  0.000000000000  0.008850200057  
piranga_bidentata_itm141 0.008850200057  0.012425729642  0.007070113435  0.012426438192  0.012431430867  0.010635159573  0.007082632328  0.010692016615  0.004130169424  0.007070113435  0.003721937522  0.007070113435  0.007070113435  0.005392167541  0.009294397376  0.007784957644  0.009010418417  0.007070113435  0.003214182066  0.007070812750  0.012426438192  0.005521191555  0.012426438192  0.007550569609  0.010637287440  0.004422416599  0.007356165852  0.007107803591  0.008850200057  0.000000000000  

