30
piranga_rubra_ku26592 0.000000000000  0.000000000000  0.002779379646  0.002779379646  0.007436393982  0.011186627600  0.002073829991  0.011849420344  0.000000000000  0.003707834287  0.000991918708  0.001963866313  0.000924943470  0.001180432581  0.000000000000  0.001064007293  0.000000000000  0.001851167411  0.002158896586  0.003997993599  0.005569161946  0.000000000000  0.002779379646  0.001871959288  0.003810261308  0.003510077765  0.001259212649  0.002779379646  0.000924943470  0.002779379646  
piranga_flava_ku90809 0.000000000000  0.000000000000  0.002779379646  0.002779379646  0.007436393982  0.011186627600  0.002073829991  0.011849420344  0.000000000000  0.003707834287  0.000991918708  0.001963866313  0.000924943470  0.001180432581  0.000000000000  0.001064007293  0.000000000000  0.001851167411  0.002158896586  0.003997993599  0.005569161946  0.000000000000  0.002779379646  0.001871959288  0.003810261308  0.003510077765  0.001259212649  0.002779379646  0.000924943470  0.002779379646  
piranga_ludoviciana_sdsu2385 0.002779379646  0.002779379646  0.000000000000  0.003712751797  0.008375158451  0.012130236218  0.001035364752  0.012849658535  0.003047611937  0.000924088740  0.000000000000  0.000981505281  0.003707834287  0.002363246764  0.002779379646  0.004267641564  0.002781957023  0.000924348334  0.001077768341  0.000000000000  0.006504323039  0.002779379646  0.003712751797  0.002812867762  0.004770230715  0.002338089953  0.000000000000  0.000000000000  0.003707834287  0.000000000000  
piranga_rubriceps_lsu265 0.002779379646  0.002779379646  0.003712751797  0.000000000000  0.004633563748  0.010247173873  0.003116796328  0.010853848987  0.003047611937  0.004641803268  0.001986717716  0.002951225037  0.003707834287  0.003547433156  0.002779379646  0.004267641564  0.002781957023  0.002781570889  0.003244903827  0.005344984716  0.002776647593  0.002779379646  0.000000000000  0.002812867762  0.002853399517  0.003507226052  0.001259694777  0.003712751797  0.003707834287  0.003712751797  
piranga_leucoptera_lsu7783 0.007436393982  0.007436393982  0.008375158451  0.004633563748  0.000000000000  0.014958789739  0.008336937938  0.015847822493  0.008156697825  0.009311170366  0.006975495732  0.007892770606  0.008371804477  0.008307798660  0.007436393982  0.009636891610  0.007443312986  0.007437801580  0.008680703668  0.008031826900  0.001849455584  0.007436393982  0.004633563748  0.007521720290  0.007635118393  0.008211037214  0.006320274150  0.008375158451  0.008371804477  0.008375158451  
cardinalis_cardinalis_ku25393 0.011186627600  0.011186627600  0.012130236218  0.010247173873  0.014958789739  0.000000000000  0.012544362546  0.000000000000  0.012273618819  0.013071803449  0.010994886828  0.011874055407  0.010247173873  0.010701901704  0.011186627600  0.013965306859  0.011197065978  0.011187679969  0.013063304808  0.008031826900  0.013070061143  0.011186627600  0.010247173873  0.011314263715  0.011497461966  0.012964556974  0.008867326829  0.012130236218  0.012127588253  0.012130236218  
piranga_olivacea_ku2699 0.002073829991  0.002073829991  0.001035364752  0.003116796328  0.008336937938  0.012544362546  0.000000000000  0.012544362546  0.002073829991  0.002071681831  0.000000000000  0.001099090521  0.003113059613  0.002382957106  0.002073829991  0.003197008780  0.002073829991  0.000000000000  0.001120017544  0.001340764640  0.006242251263  0.002073829991  0.003116796328  0.002075365955  0.004254025483  0.002343569436  0.000000000000  0.001035364752  0.003113059613  0.001035364752  
cardinalis_cardinalis_ku21828 0.011849420344  0.011849420344  0.012849658535  0.010853848987  0.015847822493  0.000000000000  0.012544362546  0.000000000000  0.012273618819  0.013847604222  0.011696360423  0.012623542340  0.010853848987  0.010701901704  0.011849420344  0.013965306859  0.011861132967  0.011850602259  0.013063304808  0.008031826900  0.013845646797  0.011849420344  0.010853848987  0.011850602259  0.012198755153  0.012964556974  0.008867326829  0.012849658535  0.012846684173  0.012849658535  
piranga_rubra_ku7046 0.000000000000  0.000000000000  0.003047611937  0.003047611937  0.008156697825  0.012273618819  0.002073829991  0.012273618819  0.000000000000  0.004065881414  0.001095113814  0.002165910560  0.001014047474  0.001180432581  0.000000000000  0.001064007293  0.000000000000  0.002029634225  0.002208970501  0.003997993599  0.006107735960  0.000000000000  0.003047611937  0.002029634225  0.004189374797  0.003510077765  0.001259212649  0.003047611937  0.001014047474  0.003047611937  
piranga_bidentata_hgoslp104 0.003707834287  0.003707834287  0.000924088740  0.004641803268  0.009311170366  0.013071803449  0.002071681831  0.013847604222  0.004065881414  0.000000000000  0.000990935780  0.001963866313  0.004637760015  0.003548453119  0.003707834287  0.005337317859  0.003711274496  0.001849455584  0.002156568679  0.001327762011  0.007437801580  0.003707834287  0.004641803268  0.003751336688  0.005726559776  0.003510077765  0.001259212649  0.000924088740  0.004637760015  0.000924088740  
piranga_ludoviciana_sdsu2648 0.000991918708  0.000991918708  0.000000000000  0.001986717716  0.006975495732  0.010994886828  0.000000000000  0.011696360423  0.001095113814  0.000990935780  0.000000000000  0.000992217823  0.001985518432  0.002363246764  0.000991918708  0.002284672194  0.000991918708  0.000000000000  0.001077768341  0.000000000000  0.004974598113  0.000991918708  0.001986717716  0.001004174142  0.002980989158  0.002338089953  0.000000000000  0.000000000000  0.001985518432  0.000000000000  
piranga_roseogularis_ku2049 0.001963866313  0.001963866313  0.000981505281  0.002951225037  0.007892770606  0.011874055407  0.001099090521  0.012623542340  0.002165910560  0.001963866313  0.000992217823  0.000000000000  0.002947874925  0.003547433156  0.001963866313  0.003388387204  0.001963866313  0.000981505281  0.002160561276  0.000000000000  0.005910211146  0.001963866313  0.002951225037  0.000000000000  0.003935898693  0.003511331079  0.001259694777  0.000981505281  0.002947874925  0.000981505281  
piranga_hepatica_ku4970 0.000924943470  0.000924943470  0.003707834287  0.003707834287  0.008371804477  0.010247173873  0.003113059613  0.010853848987  0.001014047474  0.004637760015  0.001985518432  0.002947874925  0.000000000000  0.000000000000  0.000924943470  0.002129020377  0.000925799782  0.002778595005  0.003240853491  0.003997993599  0.006502045231  0.000924943470  0.003707834287  0.002809824511  0.004765960204  0.004684412111  0.001259212649  0.003707834287  0.001851348413  0.003707834287  
piranga_hepatica_ku9084 0.001180432581  0.001180432581  0.002363246764  0.003547433156  0.008307798660  0.010701901704  0.002382957106  0.010701901704  0.001180432581  0.003548453119  0.002363246764  0.003547433156  0.000000000000  0.000000000000  0.001180432581  0.002449782433  0.001180432581  0.002363246764  0.003547433156  0.001612521102  0.007115301972  0.001180432581  0.003547433156  0.003547433156  0.004734311637  0.004762495690  0.001259212649  0.002363246764  0.001180432581  0.002363246764  
piranga_rubra_sdsu2654 0.000000000000  0.000000000000  0.002779379646  0.002779379646  0.007436393982  0.011186627600  0.002073829991  0.011849420344  0.000000000000  0.003707834287  0.000991918708  0.001963866313  0.000924943470  0.001180432581  0.000000000000  0.001064007293  0.000000000000  0.001851167411  0.002158896586  0.003997993599  0.005569161946  0.000000000000  0.002779379646  0.001871959288  0.003810261308  0.003510077765  0.001259212649  0.002779379646  0.000924943470  0.002779379646  
piranga_flava_lsu15408 0.001064007293  0.001064007293  0.004267641564  0.004267641564  0.009636891610  0.013965306859  0.003197008780  0.013965306859  0.001064007293  0.005337317859  0.002284672194  0.003388387204  0.002129020377  0.002449782433  0.001064007293  0.000000000000  0.001064007293  0.003197008780  0.003458704037  0.005403330333  0.007482532452  0.001064007293  0.004267641564  0.003197008780  0.005453752460  0.004826279277  0.002520799763  0.004267641564  0.002129020377  0.004267641564  
piranga_lutea_lsu5400 0.000000000000  0.000000000000  0.002781957023  0.002781957023  0.007443312986  0.011197065978  0.002073829991  0.011861132967  0.000000000000  0.003711274496  0.000991918708  0.001963866313  0.000925799782  0.001180432581  0.000000000000  0.001064007293  0.000000000000  0.001852882410  0.002158896586  0.004003328720  0.005574336042  0.000000000000  0.002781957023  0.001873713047  0.003810261308  0.003510077765  0.001259212649  0.002781957023  0.000925799782  0.002781957023  
piranga_olivacea_ku4672 0.001851167411  0.001851167411  0.000924348334  0.002781570889  0.007437801580  0.011187679969  0.000000000000  0.011850602259  0.002029634225  0.001849455584  0.000000000000  0.000981505281  0.002778595005  0.002363246764  0.001851167411  0.003197008780  0.001852882410  0.000000000000  0.001077768341  0.001328298084  0.005570034336  0.001851167411  0.002781570889  0.001873210540  0.003812114231  0.002338089953  0.000000000000  0.000924348334  0.002778595005  0.000924348334  
piranga_ludoviciana_sdsu2208 0.002158896586  0.002158896586  0.001077768341  0.003244903827  0.008680703668  0.013063304808  0.001120017544  0.013063304808  0.002208970501  0.002156568679  0.001077768341  0.002160561276  0.003240853491  0.003547433156  0.002158896586  0.003458704037  0.002158896586  0.001077768341  0.000000000000  0.001486230828  0.006499194575  0.002158896586  0.003244903827  0.002160561276  0.004327665981  0.003511331079  0.001259694777  0.001077768341  0.003240853491  0.001077768341  
piranga_bidentata_itm160 0.003997993599  0.003997993599  0.000000000000  0.005344984716  0.008031826900  0.008031826900  0.001340764640  0.008031826900  0.003997993599  0.001327762011  0.000000000000  0.000000000000  0.003997993599  0.001612521102  0.003997993599  0.005403330333  0.004003328720  0.001328298084  0.001486230828  0.000000000000  0.005344984716  0.003997993599  0.005344984716  0.002664233555  0.006952525912  0.003157568877  0.000000000000  0.000000000000  0.005334789248  0.000000000000  
piranga_leucoptera_fmnh481795 0.005569161946  0.005569161946  0.006504323039  0.002776647593  0.001849455584  0.013070061143  0.006242251263  0.013845646797  0.006107735960  0.007437801580  0.004974598113  0.005910211146  0.006502045231  0.007115301972  0.005569161946  0.007482532452  0.005574336042  0.005570034336  0.006499194575  0.005344984716  0.000000000000  0.005569161946  0.002776647593  0.005632784409  0.005717764279  0.007031033289  0.005051171284  0.006504323039  0.006502045231  0.006504323039  
piranga_lutea_ku89864 0.000000000000  0.000000000000  0.002779379646  0.002779379646  0.007436393982  0.011186627600  0.002073829991  0.011849420344  0.000000000000  0.003707834287  0.000991918708  0.001963866313  0.000924943470  0.001180432581  0.000000000000  0.001064007293  0.000000000000  0.001851167411  0.002158896586  0.003997993599  0.005569161946  0.000000000000  0.002779379646  0.001871959288  0.003810261308  0.003510077765  0.001259212649  0.002779379646  0.000924943470  0.002779379646  
piranga_rubriceps_lsu34818 0.002779379646  0.002779379646  0.003712751797  0.000000000000  0.004633563748  0.010247173873  0.003116796328  0.010853848987  0.003047611937  0.004641803268  0.001986717716  0.002951225037  0.003707834287  0.003547433156  0.002779379646  0.004267641564  0.002781957023  0.002781570889  0.003244903827  0.005344984716  0.002776647593  0.002779379646  0.000000000000  0.002812867762  0.002853399517  0.003507226052  0.001259694777  0.003712751797  0.003707834287  0.003712751797  
piranga_roseogularis_ku2141 0.001871959288  0.001871959288  0.002812867762  0.002812867762  0.007521720290  0.011314263715  0.002075365955  0.011850602259  0.002029634225  0.003751336688  0.001004174142  0.000000000000  0.002809824511  0.003547433156  0.001871959288  0.003197008780  0.001873713047  0.001873210540  0.002160561276  0.002664233555  0.005632784409  0.001871959288  0.002812867762  0.000000000000  0.003856215468  0.003511331079  0.001259694777  0.002812867762  0.002809824511  0.002812867762  
piranga_erythrocephala_fmnh343371 0.003810261308  0.003810261308  0.004770230715  0.002853399517  0.007635118393  0.011497461966  0.004254025483  0.012198755153  0.004189374797  0.005726559776  0.002980989158  0.003935898693  0.004765960204  0.004734311637  0.003810261308  0.005453752460  0.003810261308  0.003812114231  0.004327665981  0.006952525912  0.005717764279  0.003810261308  0.002853399517  0.003856215468  0.000000000000  0.000000000000  0.001259212649  0.004770230715  0.004765960204  0.004770230715  
piranga_erythrocephala_fmnh343370 0.003510077765  0.003510077765  0.002338089953  0.003507226052  0.008211037214  0.012964556974  0.002343569436  0.012964556974  0.003510077765  0.003510077765  0.002338089953  0.003511331079  0.004684412111  0.004762495690  0.003510077765  0.004826279277  0.003510077765  0.002338089953  0.003511331079  0.003157568877  0.007031033289  0.003510077765  0.003507226052  0.003511331079  0.000000000000  0.000000000000  0.001259212649  0.002338089953  0.003510077765  0.002338089953  
piranga_ludoviciana_sdsu2650 0.001259212649  0.001259212649  0.000000000000  0.001259694777  0.006320274150  0.008867326829  0.000000000000  0.008867326829  0.001259212649  0.001259212649  0.000000000000  0.001259694777  0.001259212649  0.001259212649  0.001259212649  0.002520799763  0.001259212649  0.000000000000  0.001259694777  0.000000000000  0.005051171284  0.001259212649  0.001259694777  0.001259694777  0.001259212649  0.001259212649  0.000000000000  0.000000000000  0.001259212649  0.000000000000  
piranga_bidentata_tepe59 0.002779379646  0.002779379646  0.000000000000  0.003712751797  0.008375158451  0.012130236218  0.001035364752  0.012849658535  0.003047611937  0.000924088740  0.000000000000  0.000981505281  0.003707834287  0.002363246764  0.002779379646  0.004267641564  0.002781957023  0.000924348334  0.001077768341  0.000000000000  0.006504323039  0.002779379646  0.003712751797  0.002812867762  0.004770230715  0.002338089953  0.000000000000  0.000000000000  0.003707834287  0.000000000000  
piranga_rubra_sdsu2635 0.000924943470  0.000924943470  0.003707834287  0.003707834287  0.008371804477  0.012127588253  0.003113059613  0.012846684173  0.001014047474  0.004637760015  0.001985518432  0.002947874925  0.001851348413  0.001180432581  0.000924943470  0.002129020377  0.000925799782  0.002778595005  0.003240853491  0.005334789248  0.006502045231  0.000924943470  0.003707834287  0.002809824511  0.004765960204  0.003510077765  0.001259212649  0.003707834287  0.000000000000  0.003707834287  
piranga_bidentata_itm141 0.002779379646  0.002779379646  0.000000000000  0.003712751797  0.008375158451  0.012130236218  0.001035364752  0.012849658535  0.003047611937  0.000924088740  0.000000000000  0.000981505281  0.003707834287  0.002363246764  0.002779379646  0.004267641564  0.002781957023  0.000924348334  0.001077768341  0.000000000000  0.006504323039  0.002779379646  0.003712751797  0.002812867762  0.004770230715  0.002338089953  0.000000000000  0.000000000000  0.003707834287  0.000000000000  

