30
cardinalis_cardinalis_ku21828 0.000000000000  0.000000000000  0.012125918730  0.014669158225  0.014673900412  0.011610367776  0.011610367776  0.011610367776  0.008558467275  0.013123143710  0.014145498495  0.012117235195  0.010593710369  0.010077724238  0.008558467275  0.008558467275  0.011606531225  0.009063647067  0.008558467275  0.008558467275  0.011096378869  0.011096378869  0.009574992577  0.008558467275  0.008558467275  0.008558467275  0.008558467275  0.009574992577  0.009574992577  0.010084076821  
cardinalis_cardinalis_ku25393 0.000000000000  0.000000000000  0.012125918730  0.014669158225  0.014673900412  0.011610367776  0.011610367776  0.011610367776  0.008558467275  0.013123143710  0.014145498495  0.012117235195  0.010593710369  0.010077724238  0.008558467275  0.008558467275  0.011606531225  0.009063647067  0.008558467275  0.008558467275  0.011096378869  0.011096378869  0.009574992577  0.008558467275  0.008558467275  0.008558467275  0.008558467275  0.009574992577  0.009574992577  0.010084076821  
piranga_leucoptera_fmnh481795 0.012125918730  0.012125918730  0.000000000000  0.004011354793  0.009574992577  0.006535966505  0.006535966505  0.006535966505  0.006538603746  0.010073072408  0.011090566730  0.010087889945  0.008568568415  0.008561411384  0.006538603746  0.006538603746  0.009578515405  0.007042353106  0.006538603746  0.006538603746  0.009069689612  0.009069689612  0.007552495514  0.006538603746  0.006538603746  0.006538603746  0.006538603746  0.007552495514  0.007552495514  0.008060258736  
piranga_leucoptera_lsu7783 0.014669158225  0.014669158225  0.004011354793  0.000000000000  0.012620929951  0.009569219595  0.009569219595  0.009569219595  0.009571893847  0.013120997663  0.014142767739  0.013136015051  0.011610367776  0.011603120857  0.009571893847  0.009571893847  0.012624497347  0.010077724238  0.009571893847  0.009571893847  0.012113533014  0.012113533014  0.010590031083  0.009571893847  0.009571893847  0.009571893847  0.009571893847  0.010590031083  0.010590031083  0.011099923903  
piranga_erythrocephala_fmnh343371 0.014673900412  0.014673900412  0.009574992577  0.012620929951  0.000000000000  0.008048791295  0.008048791295  0.008048791295  0.009066456455  0.013634044486  0.014657506938  0.012628491973  0.011103894409  0.011096378869  0.009066456455  0.009066456455  0.012117235195  0.009571893847  0.009066456455  0.009066456455  0.011606531225  0.011606531225  0.010084076821  0.009066456455  0.009066456455  0.009066456455  0.009066456455  0.010084076821  0.010084076821  0.010593710369  
piranga_erythrocephala_fmnh343370 0.011610367776  0.011610367776  0.006535966505  0.009569219595  0.008048791295  0.000000000000  0.000000000000  0.000000000000  0.006030122236  0.010579569130  0.011597580193  0.009574992577  0.008056757961  0.008051023864  0.006030122236  0.006030122236  0.009066456455  0.006533750643  0.006030122236  0.006030122236  0.008558467275  0.008558467275  0.007042353106  0.006030122236  0.006030122236  0.006030122236  0.006030122236  0.007042353106  0.007042353106  0.007549283202  
piranga_rubriceps_lsu34818 0.011610367776  0.011610367776  0.006535966505  0.009569219595  0.008048791295  0.000000000000  0.000000000000  0.000000000000  0.006030122236  0.010579569130  0.011597580193  0.009574992577  0.008056757961  0.008051023864  0.006030122236  0.006030122236  0.009066456455  0.006533750643  0.006030122236  0.006030122236  0.008558467275  0.008558467275  0.007042353106  0.006030122236  0.006030122236  0.006030122236  0.006030122236  0.007042353106  0.007042353106  0.007549283202  
piranga_rubriceps_lsu265 0.011610367776  0.011610367776  0.006535966505  0.009569219595  0.008048791295  0.000000000000  0.000000000000  0.000000000000  0.006030122236  0.010579569130  0.011597580193  0.009574992577  0.008056757961  0.008051023864  0.006030122236  0.006030122236  0.009066456455  0.006533750643  0.006030122236  0.006030122236  0.008558467275  0.008558467275  0.007042353106  0.006030122236  0.006030122236  0.006030122236  0.006030122236  0.007042353106  0.007042353106  0.007549283202  
piranga_flava_lsu15408 0.008558467275  0.008558467275  0.006538603746  0.009571893847  0.009066456455  0.006030122236  0.006030122236  0.006030122236  0.000000000000  0.004514058661  0.005520771729  0.003509922101  0.002004246428  0.002002833178  0.000000000000  0.000000000000  0.003007024618  0.000500192943  0.000000000000  0.000000000000  0.002504662023  0.002504662023  0.001001060106  0.000000000000  0.000000000000  0.000000000000  0.000000000000  0.001001060106  0.001001060106  0.001502386925  
piranga_olivacea_ku2699 0.013123143710  0.013123143710  0.010073072408  0.013120997663  0.013634044486  0.010579569130  0.010579569130  0.010579569130  0.004514058661  0.000000000000  0.001001060106  0.008044636083  0.006529635122  0.006529005318  0.004514058661  0.004514058661  0.007538885242  0.005017473596  0.004514058661  0.004514058661  0.007033675373  0.007033675373  0.005520771729  0.004514058661  0.004514058661  0.004514058661  0.004514058661  0.005520771729  0.005520771729  0.006024934061  
piranga_olivacea_ku4672 0.014145498495  0.014145498495  0.011090566730  0.014142767739  0.014657506938  0.011597580193  0.011597580193  0.011597580193  0.005520771729  0.001001060106  0.000000000000  0.009057765320  0.007540658043  0.007538885242  0.005520771729  0.005520771729  0.008550929054  0.006024692510  0.005520771729  0.005520771729  0.008044636083  0.008044636083  0.006529635122  0.005520771729  0.005520771729  0.005520771729  0.005520771729  0.006529635122  0.006529635122  0.007034876064  
piranga_roseogularis_ku2049 0.012117235195  0.012117235195  0.010087889945  0.013136015051  0.012628491973  0.009574992577  0.009574992577  0.009574992577  0.003509922101  0.008044636083  0.009057765320  0.000000000000  0.001501536951  0.005523175238  0.003509922101  0.003509922101  0.006533750643  0.004012145319  0.003509922101  0.003509922101  0.006028192661  0.006028192661  0.004517326294  0.003509922101  0.003509922101  0.003509922101  0.003509922101  0.004517326294  0.004517326294  0.005021835295  
piranga_roseogularis_ku2141 0.010593710369  0.010593710369  0.008568568415  0.011610367776  0.011103894409  0.008056757961  0.008056757961  0.008056757961  0.002004246428  0.006529635122  0.007540658043  0.001501536951  0.000000000000  0.004013355612  0.002004246428  0.002004246428  0.005021835295  0.002505441858  0.002004246428  0.002004246428  0.004517326294  0.004517326294  0.003009568018  0.002004246428  0.002004246428  0.002004246428  0.002004246428  0.003009568018  0.003009568018  0.003513032383  
piranga_rubra_sdsu2635 0.010077724238  0.010077724238  0.008561411384  0.011603120857  0.011096378869  0.008051023864  0.008051023864  0.008051023864  0.002002833178  0.006529005318  0.007538885242  0.005523175238  0.004013355612  0.000000000000  0.002002833178  0.002002833178  0.005018697219  0.002504300619  0.002002833178  0.002002833178  0.004514757453  0.004514757453  0.003007024618  0.002002833178  0.002002833178  0.002002833178  0.002002833178  0.003007024618  0.003007024618  0.003509922101  
piranga_ludoviciana_sdsu2650 0.008558467275  0.008558467275  0.006538603746  0.009571893847  0.009066456455  0.006030122236  0.006030122236  0.006030122236  0.000000000000  0.004514058661  0.005520771729  0.003509922101  0.002004246428  0.002002833178  0.000000000000  0.000000000000  0.003007024618  0.000500192943  0.000000000000  0.000000000000  0.002504662023  0.002504662023  0.001001060106  0.000000000000  0.000000000000  0.000000000000  0.000000000000  0.001001060106  0.001001060106  0.001502386925  
piranga_ludoviciana_sdsu2208 0.008558467275  0.008558467275  0.006538603746  0.009571893847  0.009066456455  0.006030122236  0.006030122236  0.006030122236  0.000000000000  0.004514058661  0.005520771729  0.003509922101  0.002004246428  0.002002833178  0.000000000000  0.000000000000  0.003007024618  0.000500192943  0.000000000000  0.000000000000  0.002504662023  0.002504662023  0.001001060106  0.000000000000  0.000000000000  0.000000000000  0.000000000000  0.001001060106  0.001001060106  0.001502386925  
piranga_bidentata_tepe59 0.011606531225  0.011606531225  0.009578515405  0.012624497347  0.012117235195  0.009066456455  0.009066456455  0.009066456455  0.003007024618  0.007538885242  0.008550929054  0.006533750643  0.005021835295  0.005018697219  0.003007024618  0.003007024618  0.000000000000  0.002505441858  0.003007024618  0.003007024618  0.005523175238  0.005523175238  0.004013355612  0.003007024618  0.003007024618  0.003007024618  0.003007024618  0.004013355612  0.004013355612  0.004517326294  
piranga_bidentata_itm141 0.009063647067  0.009063647067  0.007042353106  0.010077724238  0.009571893847  0.006533750643  0.006533750643  0.006533750643  0.000500192943  0.005017473596  0.006024692510  0.004012145319  0.002505441858  0.002504300619  0.000500192943  0.000500192943  0.002505441858  0.000000000000  0.000500192943  0.000500192943  0.003006380854  0.003006380854  0.001501753228  0.000500192943  0.000500192943  0.000500192943  0.000500192943  0.001501753228  0.001501753228  0.002003330935  
piranga_bidentata_hgoslp104 0.008558467275  0.008558467275  0.006538603746  0.009571893847  0.009066456455  0.006030122236  0.006030122236  0.006030122236  0.000000000000  0.004514058661  0.005520771729  0.003509922101  0.002004246428  0.002002833178  0.000000000000  0.000000000000  0.003007024618  0.000500192943  0.000000000000  0.000000000000  0.002504662023  0.002504662023  0.001001060106  0.000000000000  0.000000000000  0.000000000000  0.000000000000  0.001001060106  0.001001060106  0.001502386925  
piranga_bidentata_itm160 0.008558467275  0.008558467275  0.006538603746  0.009571893847  0.009066456455  0.006030122236  0.006030122236  0.006030122236  0.000000000000  0.004514058661  0.005520771729  0.003509922101  0.002004246428  0.002002833178  0.000000000000  0.000000000000  0.003007024618  0.000500192943  0.000000000000  0.000000000000  0.002504662023  0.002504662023  0.001001060106  0.000000000000  0.000000000000  0.000000000000  0.000000000000  0.001001060106  0.001001060106  0.001502386925  
piranga_ludoviciana_sdsu2385 0.011096378869  0.011096378869  0.009069689612  0.012113533014  0.011606531225  0.008558467275  0.008558467275  0.008558467275  0.002504662023  0.007033675373  0.008044636083  0.006028192661  0.004517326294  0.004514757453  0.002504662023  0.002504662023  0.005523175238  0.003006380854  0.002504662023  0.002504662023  0.000000000000  0.000000000000  0.003509922101  0.002504662023  0.002504662023  0.002504662023  0.002504662023  0.003509922101  0.003509922101  0.004013355612  
piranga_ludoviciana_sdsu2648 0.011096378869  0.011096378869  0.009069689612  0.012113533014  0.011606531225  0.008558467275  0.008558467275  0.008558467275  0.002504662023  0.007033675373  0.008044636083  0.006028192661  0.004517326294  0.004514757453  0.002504662023  0.002504662023  0.005523175238  0.003006380854  0.002504662023  0.002504662023  0.000000000000  0.000000000000  0.003509922101  0.002504662023  0.002504662023  0.002504662023  0.002504662023  0.003509922101  0.003509922101  0.004013355612  
piranga_rubra_ku7046 0.009574992577  0.009574992577  0.007552495514  0.010590031083  0.010084076821  0.007042353106  0.007042353106  0.007042353106  0.001001060106  0.005520771729  0.006529635122  0.004517326294  0.003009568018  0.003007024618  0.001001060106  0.001001060106  0.004013355612  0.001501753228  0.001001060106  0.001001060106  0.003509922101  0.003509922101  0.000000000000  0.001001060106  0.001001060106  0.001001060106  0.001001060106  0.002004246428  0.002004246428  0.002506639747  
piranga_flava_ku90809 0.008558467275  0.008558467275  0.006538603746  0.009571893847  0.009066456455  0.006030122236  0.006030122236  0.006030122236  0.000000000000  0.004514058661  0.005520771729  0.003509922101  0.002004246428  0.002002833178  0.000000000000  0.000000000000  0.003007024618  0.000500192943  0.000000000000  0.000000000000  0.002504662023  0.002504662023  0.001001060106  0.000000000000  0.000000000000  0.000000000000  0.000000000000  0.001001060106  0.001001060106  0.001502386925  
piranga_lutea_lsu5400 0.008558467275  0.008558467275  0.006538603746  0.009571893847  0.009066456455  0.006030122236  0.006030122236  0.006030122236  0.000000000000  0.004514058661  0.005520771729  0.003509922101  0.002004246428  0.002002833178  0.000000000000  0.000000000000  0.003007024618  0.000500192943  0.000000000000  0.000000000000  0.002504662023  0.002504662023  0.001001060106  0.000000000000  0.000000000000  0.000000000000  0.000000000000  0.001001060106  0.001001060106  0.001502386925  
piranga_lutea_ku89864 0.008558467275  0.008558467275  0.006538603746  0.009571893847  0.009066456455  0.006030122236  0.006030122236  0.006030122236  0.000000000000  0.004514058661  0.005520771729  0.003509922101  0.002004246428  0.002002833178  0.000000000000  0.000000000000  0.003007024618  0.000500192943  0.000000000000  0.000000000000  0.002504662023  0.002504662023  0.001001060106  0.000000000000  0.000000000000  0.000000000000  0.000000000000  0.001001060106  0.001001060106  0.001502386925  
piranga_hepatica_ku4970 0.008558467275  0.008558467275  0.006538603746  0.009571893847  0.009066456455  0.006030122236  0.006030122236  0.006030122236  0.000000000000  0.004514058661  0.005520771729  0.003509922101  0.002004246428  0.002002833178  0.000000000000  0.000000000000  0.003007024618  0.000500192943  0.000000000000  0.000000000000  0.002504662023  0.002504662023  0.001001060106  0.000000000000  0.000000000000  0.000000000000  0.000000000000  0.001001060106  0.001001060106  0.001502386925  
piranga_rubra_sdsu2654 0.009574992577  0.009574992577  0.007552495514  0.010590031083  0.010084076821  0.007042353106  0.007042353106  0.007042353106  0.001001060106  0.005520771729  0.006529635122  0.004517326294  0.003009568018  0.003007024618  0.001001060106  0.001001060106  0.004013355612  0.001501753228  0.001001060106  0.001001060106  0.003509922101  0.003509922101  0.002004246428  0.001001060106  0.001001060106  0.001001060106  0.001001060106  0.000000000000  0.000000000000  0.000500264839  
piranga_hepatica_ku9084 0.009574992577  0.009574992577  0.007552495514  0.010590031083  0.010084076821  0.007042353106  0.007042353106  0.007042353106  0.001001060106  0.005520771729  0.006529635122  0.004517326294  0.003009568018  0.003007024618  0.001001060106  0.001001060106  0.004013355612  0.001501753228  0.001001060106  0.001001060106  0.003509922101  0.003509922101  0.002004246428  0.001001060106  0.001001060106  0.001001060106  0.001001060106  0.000000000000  0.000000000000  0.000500264839  
piranga_rubra_ku26592 0.010084076821  0.010084076821  0.008060258736  0.011099923903  0.010593710369  0.007549283202  0.007549283202  0.007549283202  0.001502386925  0.006024934061  0.007034876064  0.005021835295  0.003513032383  0.003509922101  0.001502386925  0.001502386925  0.004517326294  0.002003330935  0.001502386925  0.001502386925  0.004013355612  0.004013355612  0.002506639747  0.001502386925  0.001502386925  0.001502386925  0.001502386925  0.000500264839  0.000500264839  0.000000000000  

