30
cardinalis_cardinalis_ku21828 0.000000000000  0.001502517638  0.020338856239  0.020338856239  0.017233552290  0.017233552290  0.025515136338  0.019301360674  0.016219371870  0.020874761353  0.014675365294  0.014157333437  0.015704111324  0.015184248403  0.015184248403  0.015184248403  0.015184248403  0.015693532217  0.017239128633  0.015698590256  0.016713304742  0.015693532217  0.015693532217  0.015693532217  0.014666090069  0.020858506724  0.018255191655  0.016723336922  0.016723336922  0.015179516501  
cardinalis_cardinalis_ku25393 0.001502517638  0.000000000000  0.018783512810  0.018783512810  0.015688937550  0.015688937550  0.023946651090  0.017749609996  0.014675365294  0.019315618675  0.013136663576  0.012621362630  0.014161877094  0.013644757625  0.013644757625  0.013644757625  0.013644757625  0.014153251570  0.015693532217  0.014157333437  0.015171441923  0.014153251570  0.014153251570  0.014153251570  0.013129333001  0.019301360674  0.016708985821  0.015179516501  0.015179516501  0.013640999661  
piranga_rubriceps_lsu265 0.020338856239  0.018783512810  0.000000000000  0.000000000000  0.006029169762  0.006029169762  0.014161877094  0.008055850633  0.013145836660  0.017776019187  0.011610467230  0.011096318408  0.012633461766  0.012117502277  0.012117502277  0.012117502277  0.012117502277  0.012624935571  0.015189442919  0.012628968731  0.013640999661  0.012624935571  0.012624935571  0.012624935571  0.011603230389  0.017761885191  0.015175247559  0.013648976970  0.013648976970  0.012113791619  
piranga_rubriceps_lsu34818 0.020338856239  0.018783512810  0.000000000000  0.000000000000  0.006029169762  0.006029169762  0.014161877094  0.008055850633  0.013145836660  0.017776019187  0.011610467230  0.011096318408  0.012633461766  0.012117502277  0.012117502277  0.012117502277  0.012117502277  0.012624935571  0.015189442919  0.012628968731  0.013640999661  0.012624935571  0.012624935571  0.012624935571  0.011603230389  0.017761885191  0.015175247559  0.013648976970  0.013648976970  0.012113791619  
piranga_erythrocephala_fmnh343371 0.017233552290  0.015688937550  0.006029169762  0.006029169762  0.000000000000  0.000000000000  0.011093250552  0.005019258297  0.010080343576  0.014680695866  0.008555429971  0.008046663951  0.009571461900  0.009060909756  0.009060909756  0.009060909756  0.009060909756  0.009566786204  0.011603230389  0.009060909756  0.010579731838  0.009566786204  0.009566786204  0.009566786204  0.008552026147  0.014670496580  0.012105419911  0.010583850787  0.010583850787  0.009059118763  
piranga_erythrocephala_fmnh343370 0.017233552290  0.015688937550  0.006029169762  0.006029169762  0.000000000000  0.000000000000  0.011093250552  0.005019258297  0.010080343576  0.014680695866  0.008555429971  0.008046663951  0.009571461900  0.009060909756  0.009060909756  0.009060909756  0.009060909756  0.009566786204  0.011603230389  0.009060909756  0.010579731838  0.009566786204  0.009566786204  0.009566786204  0.008552026147  0.014670496580  0.012105419911  0.010583850787  0.010583850787  0.009059118763  
piranga_leucoptera_fmnh481795 0.025515136338  0.023946651090  0.014161877094  0.014161877094  0.011093250552  0.011093250552  0.000000000000  0.010075029775  0.017749609996  0.022412656841  0.016718088558  0.016198760424  0.017749609996  0.017228440913  0.017228440913  0.017228440913  0.017228440913  0.017739196337  0.020325138687  0.017744170302  0.018761919193  0.017739196337  0.017739196337  0.017739196337  0.016708985821  0.022918274771  0.020308074589  0.018771782172  0.018771782172  0.017223794847  
piranga_leucoptera_lsu7783 0.019301360674  0.017749609996  0.008055850633  0.008055850633  0.005019258297  0.005019258297  0.010075029775  0.000000000000  0.012121672402  0.016741865869  0.010589804143  0.010077457749  0.011610467230  0.011096318408  0.011096318408  0.011096318408  0.011096318408  0.011603230389  0.014161877094  0.011606619279  0.012618250254  0.011603230389  0.011603230389  0.011603230389  0.010583850787  0.016729049489  0.014149631841  0.012624935571  0.012624935571  0.011093250552  
piranga_roseogularis_ku2049 0.016219371870  0.014675365294  0.013145836660  0.013145836660  0.010080343576  0.010080343576  0.017749609996  0.012121672402  0.000000000000  0.004520182402  0.003513748204  0.003008455134  0.004522760733  0.004015706112  0.004015706112  0.004015706112  0.004015706112  0.004518055158  0.007047416545  0.004520182402  0.005523929356  0.004518055158  0.004518055158  0.004518055158  0.003510296999  0.009586295808  0.007039018319  0.005528086116  0.005528086116  0.004013892618  
piranga_roseogularis_ku2141 0.020874761353  0.019315618675  0.017776019187  0.017776019187  0.014680695866  0.014680695866  0.022412656841  0.016741865869  0.004520182402  0.000000000000  0.008067518054  0.007555007596  0.009086224870  0.008571918879  0.008571918879  0.008571918879  0.008571918879  0.009076713593  0.011630442805  0.009081241732  0.010087487402  0.009076713593  0.009076713593  0.009076713593  0.008059285352  0.014191510268  0.011614773899  0.010096458511  0.010096458511  0.008567710546  
piranga_rubra_ku7046 0.014675365294  0.013136663576  0.011610467230  0.011610467230  0.008555429971  0.008555429971  0.016718088558  0.010589804143  0.003513748204  0.008067518054  0.000000000000  0.001501813599  0.003010093160  0.002505677899  0.002505677899  0.002505677899  0.002505677899  0.003007267027  0.005528086116  0.003008455134  0.004011619092  0.003007267027  0.003007267027  0.003007267027  0.002002898952  0.008059285352  0.005522530154  0.004013892618  0.004013892618  0.002504801433  
piranga_olivacea_ku2699 0.014157333437  0.012621362630  0.011096318408  0.011096318408  0.008046663951  0.008046663951  0.016198760424  0.010077457749  0.003008455134  0.007555007596  0.001501813599  0.000000000000  0.002505677899  0.002002898952  0.002002898952  0.002002898952  0.002002898952  0.002504374843  0.005020796015  0.002504801433  0.003508500936  0.002504374843  0.002504374843  0.002504374843  0.001501752154  0.007548319939  0.005017540731  0.003509247200  0.003509247200  0.002002782920  
piranga_olivacea_ku4672 0.015704111324  0.014161877094  0.012633461766  0.012633461766  0.009571461900  0.009571461900  0.017749609996  0.011610467230  0.004522760733  0.009086224870  0.003010093160  0.002505677899  0.000000000000  0.003511797448  0.003511797448  0.003511797448  0.003511797448  0.004013892618  0.006540400147  0.004015706112  0.005019258297  0.004013892618  0.004013892618  0.004013892618  0.003007267027  0.009076713593  0.006532951484  0.005022785897  0.005022785897  0.003510296999  
piranga_ludoviciana_sdsu2385 0.015184248403  0.013644757625  0.012117502277  0.012117502277  0.009060909756  0.009060909756  0.017228440913  0.011096318408  0.004015706112  0.008571918879  0.002505677899  0.002002898952  0.003511797448  0.000000000000  0.000000000000  0.000000000000  0.000000000000  0.003509247200  0.006031336958  0.003510296999  0.004514383377  0.003509247200  0.003509247200  0.003509247200  0.002504374843  0.008563957148  0.006026195592  0.004516379343  0.004516379343  0.003006529183  
piranga_ludoviciana_sdsu2650 0.015184248403  0.013644757625  0.012117502277  0.012117502277  0.009060909756  0.009060909756  0.017228440913  0.011096318408  0.004015706112  0.008571918879  0.002505677899  0.002002898952  0.003511797448  0.000000000000  0.000000000000  0.000000000000  0.000000000000  0.003509247200  0.006031336958  0.003510296999  0.004514383377  0.003509247200  0.003509247200  0.003509247200  0.002504374843  0.008563957148  0.006026195592  0.004516379343  0.004516379343  0.003006529183  
piranga_ludoviciana_sdsu2648 0.015184248403  0.013644757625  0.012117502277  0.012117502277  0.009060909756  0.009060909756  0.017228440913  0.011096318408  0.004015706112  0.008571918879  0.002505677899  0.002002898952  0.003511797448  0.000000000000  0.000000000000  0.000000000000  0.000000000000  0.003509247200  0.006031336958  0.003510296999  0.004514383377  0.003509247200  0.003509247200  0.003509247200  0.002504374843  0.008563957148  0.006026195592  0.004516379343  0.004516379343  0.003006529183  
piranga_ludoviciana_sdsu2208 0.015184248403  0.013644757625  0.012117502277  0.012117502277  0.009060909756  0.009060909756  0.017228440913  0.011096318408  0.004015706112  0.008571918879  0.002505677899  0.002002898952  0.003511797448  0.000000000000  0.000000000000  0.000000000000  0.000000000000  0.003509247200  0.006031336958  0.003510296999  0.004514383377  0.003509247200  0.003509247200  0.003509247200  0.002504374843  0.008563957148  0.006026195592  0.004516379343  0.004516379343  0.003006529183  
piranga_lutea_ku89864 0.015693532217  0.014153251570  0.012624935571  0.012624935571  0.009566786204  0.009566786204  0.017739196337  0.011603230389  0.004518055158  0.009076713593  0.003007267027  0.002504374843  0.004013892618  0.003509247200  0.003509247200  0.003509247200  0.003509247200  0.000000000000  0.005528086116  0.003008455134  0.004011619092  0.003007267027  0.003007267027  0.003007267027  0.002002898952  0.008059285352  0.005522530154  0.005019258297  0.005019258297  0.003508648397  
piranga_flava_ku90809 0.017239128633  0.015693532217  0.015189442919  0.015189442919  0.011603230389  0.011603230389  0.020325138687  0.014161877094  0.007047416545  0.011630442805  0.005528086116  0.005020796015  0.006540400147  0.006031336958  0.006031336958  0.006031336958  0.006031336958  0.005528086116  0.000000000000  0.002505677899  0.006534980801  0.005528086116  0.005528086116  0.005528086116  0.004518055158  0.010607203025  0.008052870790  0.007548319939  0.007548319939  0.006029169762  
piranga_flava_lsu15408 0.015698590256  0.014157333437  0.012628968731  0.012628968731  0.009060909756  0.009060909756  0.017744170302  0.011606619279  0.004520182402  0.009081241732  0.003008455134  0.002504801433  0.004015706112  0.003510296999  0.003510296999  0.003510296999  0.003510296999  0.003008455134  0.002505677899  0.000000000000  0.004012530164  0.003008455134  0.003008455134  0.003008455134  0.002003464475  0.008063174605  0.005523929356  0.005020796015  0.005020796015  0.003509247200  
piranga_bidentata_itm141 0.016713304742  0.015171441923  0.013640999661  0.013640999661  0.010579731838  0.010579731838  0.018761919193  0.012618250254  0.005523929356  0.010087487402  0.004011619092  0.003508500936  0.005019258297  0.004514383377  0.004514383377  0.004514383377  0.004514383377  0.004011619092  0.006534980801  0.004012530164  0.000000000000  0.001000778289  0.001000778289  0.001000778289  0.003006241947  0.009069023664  0.006530255291  0.006026195592  0.006026195592  0.004514063918  
piranga_bidentata_itm160 0.015693532217  0.014153251570  0.012624935571  0.012624935571  0.009566786204  0.009566786204  0.017739196337  0.011603230389  0.004518055158  0.009076713593  0.003007267027  0.002504374843  0.004013892618  0.003509247200  0.003509247200  0.003509247200  0.003509247200  0.003007267027  0.005528086116  0.003008455134  0.001000778289  0.000000000000  0.000000000000  0.000000000000  0.002002898952  0.008059285352  0.005522530154  0.005019258297  0.005019258297  0.003508648397  
piranga_bidentata_tepe59 0.015693532217  0.014153251570  0.012624935571  0.012624935571  0.009566786204  0.009566786204  0.017739196337  0.011603230389  0.004518055158  0.009076713593  0.003007267027  0.002504374843  0.004013892618  0.003509247200  0.003509247200  0.003509247200  0.003509247200  0.003007267027  0.005528086116  0.003008455134  0.001000778289  0.000000000000  0.000000000000  0.000000000000  0.002002898952  0.008059285352  0.005522530154  0.005019258297  0.005019258297  0.003508648397  
piranga_bidentata_hgoslp104 0.015693532217  0.014153251570  0.012624935571  0.012624935571  0.009566786204  0.009566786204  0.017739196337  0.011603230389  0.004518055158  0.009076713593  0.003007267027  0.002504374843  0.004013892618  0.003509247200  0.003509247200  0.003509247200  0.003509247200  0.003007267027  0.005528086116  0.003008455134  0.001000778289  0.000000000000  0.000000000000  0.000000000000  0.002002898952  0.008059285352  0.005522530154  0.005019258297  0.005019258297  0.003508648397  
piranga_hepatica_ku4970 0.014666090069  0.013129333001  0.011603230389  0.011603230389  0.008552026147  0.008552026147  0.016708985821  0.010583850787  0.003510296999  0.008059285352  0.002002898952  0.001501752154  0.003007267027  0.002504374843  0.002504374843  0.002504374843  0.002504374843  0.002002898952  0.004518055158  0.002003464475  0.003006241947  0.002002898952  0.002002898952  0.002002898952  0.000000000000  0.007044163284  0.004514383377  0.004011619092  0.004011619092  0.002504398477  
piranga_lutea_lsu5400 0.020858506724  0.019301360674  0.017761885191  0.017761885191  0.014670496580  0.014670496580  0.022918274771  0.016729049489  0.009586295808  0.014191510268  0.008059285352  0.007548319939  0.009076713593  0.008563957148  0.008563957148  0.008563957148  0.008563957148  0.008059285352  0.010607203025  0.008063174605  0.009069023664  0.008059285352  0.008059285352  0.008059285352  0.007044163284  0.000000000000  0.010593467856  0.010087487402  0.010087487402  0.008560659025  
piranga_hepatica_ku9084 0.018255191655  0.016708985821  0.015175247559  0.015175247559  0.012105419911  0.012105419911  0.020308074589  0.014149631841  0.007039018319  0.011614773899  0.005522530154  0.005017540731  0.006532951484  0.006026195592  0.006026195592  0.006026195592  0.006026195592  0.005522530154  0.008052870790  0.005523929356  0.006530255291  0.005522530154  0.005522530154  0.005522530154  0.004514383377  0.010593467856  0.000000000000  0.007541697898  0.007541697898  0.006025389311  
piranga_rubra_sdsu2635 0.016723336922  0.015179516501  0.013648976970  0.013648976970  0.010583850787  0.010583850787  0.018771782172  0.012624935571  0.005528086116  0.010096458511  0.004013892618  0.003509247200  0.005022785897  0.004516379343  0.004516379343  0.004516379343  0.004516379343  0.005019258297  0.007548319939  0.005020796015  0.006026195592  0.005019258297  0.005019258297  0.005019258297  0.004011619092  0.010087487402  0.007541697898  0.000000000000  0.000000000000  0.001502517638  
piranga_rubra_sdsu2654 0.016723336922  0.015179516501  0.013648976970  0.013648976970  0.010583850787  0.010583850787  0.018771782172  0.012624935571  0.005528086116  0.010096458511  0.004013892618  0.003509247200  0.005022785897  0.004516379343  0.004516379343  0.004516379343  0.004516379343  0.005019258297  0.007548319939  0.005020796015  0.006026195592  0.005019258297  0.005019258297  0.005019258297  0.004011619092  0.010087487402  0.007541697898  0.000000000000  0.000000000000  0.001502517638  
piranga_rubra_ku26592 0.015179516501  0.013640999661  0.012113791619  0.012113791619  0.009059118763  0.009059118763  0.017223794847  0.011093250552  0.004013892618  0.008567710546  0.002504801433  0.002002782920  0.003510296999  0.003006529183  0.003006529183  0.003006529183  0.003006529183  0.003508648397  0.006029169762  0.003509247200  0.004514063918  0.003508648397  0.003508648397  0.003508648397  0.002504398477  0.008560659025  0.006025389311  0.001502517638  0.001502517638  0.000000000000  

