30
piranga_rubra_ku26592 0.000000000000  0.011345887847  0.006086165092  0.013989506157  0.013103072985  0.022972200960  0.008956152688  0.020787587124  0.002598834353  0.008720113465  0.003116432289  0.006395814266  0.012237916629  0.008861217087  0.003467019292  0.011582063968  0.009601557791  0.009594043702  0.009480731837  0.007834379313  0.015776110012  0.010476481299  0.013989506157  0.011452753942  0.011959100365  0.011242517533  0.006568478885  0.006086165092  0.002598834353  0.006962423915  
piranga_flava_ku90809 0.011345887847  0.000000000000  0.007825566416  0.015760320966  0.015748943142  0.025654367612  0.006936742167  0.024456701280  0.011350031950  0.014004449445  0.010449137699  0.011771523073  0.008697093815  0.004409417312  0.012229068102  0.002295249502  0.006075751485  0.006078145184  0.005656526156  0.013109241463  0.018430061164  0.006078145184  0.015760320966  0.014112909343  0.014988595813  0.014658941261  0.009222648827  0.011345887847  0.011350031950  0.012230318719  
piranga_ludoviciana_sdsu2385 0.006086165092  0.007825566416  0.000000000000  0.012207740109  0.010445175682  0.020244269308  0.003958367565  0.018924829081  0.005212331895  0.006080877978  0.002075204670  0.005323602950  0.007829432441  0.002935285803  0.006083427529  0.005755409457  0.005211621238  0.004331947142  0.000000000000  0.005203291374  0.013097793983  0.006957138876  0.012207740109  0.008776438627  0.010951144868  0.011242517533  0.006568478885  0.003464648113  0.005212331895  0.004335023876  
piranga_rubriceps_lsu265 0.013989506157  0.015760320966  0.012207740109  0.000000000000  0.005200557148  0.020214022687  0.010940252819  0.018894411581  0.013995912396  0.014864691380  0.010444052661  0.009607875830  0.018430061164  0.008853269184  0.014878646176  0.013907490205  0.015767665408  0.011330246721  0.009456394535  0.013971468074  0.007827565354  0.015776110012  0.000000000000  0.014089748895  0.002968417751  0.005602909232  0.009209133031  0.012207740109  0.013995912396  0.013091636332  
piranga_leucoptera_lsu7783 0.013103072985  0.015748943142  0.010445175682  0.005200557148  0.000000000000  0.016638396822  0.008933153508  0.015238772901  0.012224739729  0.013091636332  0.008338126081  0.007459416217  0.016644293859  0.008848442911  0.013105468239  0.011563334439  0.013989506157  0.011322022800  0.007551089877  0.012203426917  0.004331947142  0.015760320966  0.005200557148  0.012307465962  0.003957542202  0.005594417199  0.009205576700  0.010445175682  0.012224739729  0.011325588851  
cardinalis_cardinalis_ku25393 0.022972200960  0.025654367612  0.020244269308  0.020214022687  0.016638396822  0.000000000000  0.021120387184  0.001774047995  0.022073708502  0.021144997074  0.011506908633  0.009624932636  0.025668067882  0.010370402724  0.022946190716  0.013930606155  0.022972200960  0.021133025652  0.009480731837  0.020233076810  0.019325628195  0.024772959623  0.020214022687  0.022218913570  0.012955297322  0.011242517533  0.007903991939  0.020244269308  0.022054232404  0.019345353528  
piranga_olivacea_ku2699 0.008956152688  0.006936742167  0.003958367565  0.010940252819  0.008933153508  0.021120387184  0.000000000000  0.019175468242  0.007960026396  0.009962452671  0.006613248394  0.006794150351  0.006944394382  0.001466001424  0.008957196013  0.005755409457  0.004953462740  0.002963362918  0.000000000000  0.008948289995  0.010945823227  0.006944394382  0.010940252819  0.007009357737  0.009856847548  0.011834147784  0.006763969657  0.006950325892  0.007960026396  0.007952113808  
cardinalis_cardinalis_ku21828 0.020787587124  0.024456701280  0.018924829081  0.018894411581  0.015238772901  0.001774047995  0.019175468242  0.000000000000  0.020793415156  0.019845869863  0.010455787304  0.008541628937  0.023555054101  0.010355061201  0.021706523062  0.012747078320  0.021713296677  0.019833754738  0.009480731837  0.018913528394  0.017070217453  0.023555054101  0.018894411581  0.020819230730  0.011950265105  0.011242517533  0.007893593208  0.018924829081  0.020793415156  0.018005682848  
piranga_rubra_ku7046 0.002598834353  0.011350031950  0.005212331895  0.013995912396  0.012224739729  0.022073708502  0.007960026396  0.020793415156  0.000000000000  0.007841205144  0.002077360147  0.005329277200  0.011355799196  0.008874323699  0.000865705085  0.010422695868  0.008720944413  0.009595974542  0.007582772700  0.006958979118  0.014890733998  0.010478442577  0.013995912396  0.010564535262  0.011971031125  0.011255171628  0.006577119356  0.005212331895  0.000000000000  0.006086905645  
piranga_bidentata_hgoslp104 0.008720113465  0.014004449445  0.006080877978  0.014864691380  0.013091636332  0.021144997074  0.009962452671  0.019845869863  0.007841205144  0.000000000000  0.005206194634  0.008547986247  0.014013560903  0.011853916120  0.008715245842  0.012756567876  0.011369679840  0.010467342481  0.011401257758  0.002594339505  0.015762293902  0.013134298420  0.014864691380  0.011442672652  0.013981858080  0.014666770776  0.006568478885  0.002595964392  0.007841205144  0.001728966145  
piranga_ludoviciana_sdsu2648 0.003116432289  0.010449137699  0.002075204670  0.010444052661  0.008338126081  0.011506908633  0.006613248394  0.010455787304  0.002077360147  0.005206194634  0.000000000000  0.003200467263  0.009406579593  0.005897109318  0.003114090282  0.008086292620  0.007305776098  0.007299222151  0.003768188951  0.003116432289  0.009393864801  0.009406579593  0.010444052661  0.005209697168  0.009389848752  0.008974173807  0.003935136130  0.002075204670  0.002075204670  0.003116432289  
piranga_roseogularis_ku2049 0.006395814266  0.011771523073  0.005323602950  0.009607875830  0.007459416217  0.009624932636  0.006794150351  0.008541628937  0.005329277200  0.008547986247  0.003200467263  0.000000000000  0.010701972081  0.005905816234  0.006398496337  0.009263682103  0.008547986247  0.007465361471  0.003768188951  0.006395814266  0.008533808359  0.010701972081  0.009607875830  0.001060301780  0.008541464779  0.007861926093  0.003940304700  0.005323602950  0.005329277200  0.006395814266  
piranga_hepatica_ku4970 0.012237916629  0.008697093815  0.007829432441  0.018430061164  0.016644293859  0.025668067882  0.006944394382  0.023555054101  0.011355799196  0.014013560903  0.009406579593  0.010701972081  0.000000000000  0.002935285803  0.012234493398  0.005753761320  0.002596028172  0.008703050161  0.003768188951  0.013116503595  0.019334936825  0.004332761978  0.018430061164  0.015016884063  0.017023191375  0.015804951788  0.009222648827  0.011352733474  0.011355799196  0.012237916629  
piranga_hepatica_ku9084 0.008861217087  0.004409417312  0.002935285803  0.008853269184  0.008848442911  0.010370402724  0.001466001424  0.010355061201  0.008874323699  0.011853916120  0.005897109318  0.005905816234  0.002935285803  0.000000000000  0.010360283548  0.004407808378  0.002935285803  0.001466532767  0.002065572135  0.008861217087  0.011832560419  0.002937894496  0.008853269184  0.007388300304  0.008866352203  0.010360283548  0.006158451691  0.007372350385  0.008874323699  0.008861217087  
piranga_rubra_sdsu2654 0.003467019292  0.012229068102  0.006083427529  0.014878646176  0.013105468239  0.022946190716  0.008957196013  0.021706523062  0.000865705085  0.008715245842  0.003114090282  0.006398496337  0.012234493398  0.010360283548  0.000000000000  0.011587310079  0.009595974542  0.010472335579  0.007568424945  0.007832376855  0.015774133443  0.011355799196  0.014878646176  0.011450003753  0.012963222272  0.012375700096  0.007897672181  0.006083427529  0.000864956288  0.006958979118  
piranga_flava_lsu15408 0.011582063968  0.002295249502  0.005755409457  0.013907490205  0.011563334439  0.013930606155  0.005755409457  0.012747078320  0.010422695868  0.012756567876  0.008086292620  0.009263682103  0.005753761320  0.004407808378  0.011587310079  0.000000000000  0.003445856007  0.006911739993  0.001880122412  0.010410639072  0.012739512029  0.005753761320  0.013907490205  0.010427900311  0.012748633897  0.014271388450  0.009528228599  0.009242277086  0.010422695868  0.010410639072  
piranga_lutea_lsu5400 0.009601557791  0.006075751485  0.005211621238  0.015767665408  0.013989506157  0.022972200960  0.004953462740  0.021713296677  0.008720944413  0.011369679840  0.007305776098  0.008547986247  0.002596028172  0.002935285803  0.009595974542  0.003445856007  0.000000000000  0.006081617250  0.001880122412  0.010476481299  0.016668614943  0.001729557354  0.015767665408  0.012345842569  0.014996681023  0.013522434928  0.007893593208  0.008720113465  0.008720944413  0.009601557791  
piranga_olivacea_ku4672 0.009594043702  0.006078145184  0.004331947142  0.011330246721  0.011322022800  0.021133025652  0.002963362918  0.019833754738  0.009595974542  0.010467342481  0.007299222151  0.007465361471  0.008703050161  0.001466532767  0.010472335579  0.006911739993  0.006081617250  0.000000000000  0.003763896383  0.009579260810  0.013977284436  0.006086165092  0.011330246721  0.009657981682  0.009950066661  0.011248414649  0.006575560007  0.007827565354  0.009595974542  0.008705759459  
piranga_ludoviciana_sdsu2208 0.009480731837  0.005656526156  0.000000000000  0.009456394535  0.007551089877  0.009480731837  0.000000000000  0.009480731837  0.007582772700  0.011401257758  0.003768188951  0.003768188951  0.003768188951  0.002065572135  0.007568424945  0.001880122412  0.001880122412  0.003763896383  0.000000000000  0.007568424945  0.009466005683  0.005656526156  0.009456394535  0.003768188951  0.007551089877  0.009456394535  0.007557206330  0.005664267035  0.007568424945  0.007568424945  
piranga_bidentata_itm160 0.007834379313  0.013109241463  0.005203291374  0.013971468074  0.012203426917  0.020233076810  0.008948289995  0.018913528394  0.006958979118  0.002594339505  0.003116432289  0.006395814266  0.013116503595  0.008861217087  0.007832376855  0.010410639072  0.010476481299  0.009579260810  0.007568424945  0.000000000000  0.014864691380  0.012237916629  0.013971468074  0.010545965671  0.011959100365  0.012381022145  0.003929981102  0.001728062961  0.006958979118  0.000863462573  
piranga_leucoptera_fmnh481795 0.015776110012  0.018430061164  0.013097793983  0.007827565354  0.004331947142  0.019325628195  0.010945823227  0.017070217453  0.014890733998  0.015762293902  0.009393864801  0.008533808359  0.019334936825  0.011832560419  0.015774133443  0.012739512029  0.016668614943  0.013977284436  0.009466005683  0.014864691380  0.000000000000  0.018448242458  0.007827565354  0.014989133819  0.004954349499  0.006725606976  0.010534022928  0.013097793983  0.014890733998  0.013984196443  
piranga_lutea_ku89864 0.010476481299  0.006078145184  0.006957138876  0.015776110012  0.015760320966  0.024772959623  0.006944394382  0.023555054101  0.010478442577  0.013134298420  0.009406579593  0.010701972081  0.004332761978  0.002937894496  0.011355799196  0.005753761320  0.001729557354  0.006086165092  0.005656526156  0.012237916629  0.018448242458  0.000000000000  0.015776110012  0.014128118945  0.015006198099  0.013530832211  0.007902363777  0.010476481299  0.010478442577  0.011360664995  
piranga_rubriceps_lsu34818 0.013989506157  0.015760320966  0.012207740109  0.000000000000  0.005200557148  0.020214022687  0.010940252819  0.018894411581  0.013995912396  0.014864691380  0.010444052661  0.009607875830  0.018430061164  0.008853269184  0.014878646176  0.013907490205  0.015767665408  0.011330246721  0.009456394535  0.013971468074  0.007827565354  0.015776110012  0.000000000000  0.014089748895  0.002968417751  0.005602909232  0.009209133031  0.012207740109  0.013995912396  0.013091636332  
piranga_roseogularis_ku2141 0.011452753942  0.014112909343  0.008776438627  0.014089748895  0.012307465962  0.022218913570  0.007009357737  0.020819230730  0.010564535262  0.011442672652  0.005209697168  0.001060301780  0.015016884063  0.007388300304  0.011450003753  0.010427900311  0.012345842569  0.009657981682  0.003768188951  0.010545965671  0.014989133819  0.014128118945  0.014089748895  0.000000000000  0.012984428988  0.008992737701  0.005258127599  0.008776438627  0.010564535262  0.009663416827  
piranga_erythrocephala_fmnh343371 0.011959100365  0.014988595813  0.010951144868  0.002968417751  0.003957542202  0.012955297322  0.009856847548  0.011950265105  0.011971031125  0.013981858080  0.009389848752  0.008541464779  0.017023191375  0.008866352203  0.012963222272  0.012748633897  0.014996681023  0.009950066661  0.007551089877  0.011959100365  0.004954349499  0.015006198099  0.002968417751  0.012984428988  0.000000000000  0.002232740342  0.007893835407  0.010951144868  0.011959100365  0.011959100365  
piranga_erythrocephala_fmnh343370 0.011242517533  0.014658941261  0.011242517533  0.005602909232  0.005594417199  0.011242517533  0.011834147784  0.011242517533  0.011255171628  0.014666770776  0.008974173807  0.007861926093  0.015804951788  0.010360283548  0.012375700096  0.014271388450  0.013522434928  0.011248414649  0.009456394535  0.012381022145  0.006725606976  0.013530832211  0.005602909232  0.008992737701  0.002232740342  0.000000000000  0.009221264715  0.011242517533  0.011242517533  0.012381022145  
piranga_ludoviciana_sdsu2650 0.006568478885  0.009222648827  0.006568478885  0.009209133031  0.009205576700  0.007903991939  0.006763969657  0.007893593208  0.006577119356  0.006568478885  0.003935136130  0.003940304700  0.009222648827  0.006158451691  0.007897672181  0.009528228599  0.007893593208  0.006575560007  0.007557206330  0.003929981102  0.010534022928  0.007902363777  0.009209133031  0.005258127599  0.007893835407  0.009221264715  0.000000000000  0.002616551646  0.006577119356  0.003929981102  
piranga_bidentata_tepe59 0.006086165092  0.011345887847  0.003464648113  0.012207740109  0.010445175682  0.020244269308  0.006950325892  0.018924829081  0.005212331895  0.002595964392  0.002075204670  0.005323602950  0.011352733474  0.007372350385  0.006083427529  0.009242277086  0.008720113465  0.007827565354  0.005664267035  0.001728062961  0.013097793983  0.010476481299  0.012207740109  0.008776438627  0.010951144868  0.011242517533  0.002616551646  0.000000000000  0.005212331895  0.000863646844  
piranga_rubra_sdsu2635 0.002598834353  0.011350031950  0.005212331895  0.013995912396  0.012224739729  0.022054232404  0.007960026396  0.020793415156  0.000000000000  0.007841205144  0.002075204670  0.005329277200  0.011355799196  0.008874323699  0.000864956288  0.010422695868  0.008720944413  0.009595974542  0.007568424945  0.006958979118  0.014890733998  0.010478442577  0.013995912396  0.010564535262  0.011959100365  0.011242517533  0.006577119356  0.005212331895  0.000000000000  0.006086905645  
piranga_bidentata_itm141 0.006962423915  0.012230318719  0.004335023876  0.013091636332  0.011325588851  0.019345353528  0.007952113808  0.018005682848  0.006086905645  0.001728966145  0.003116432289  0.006395814266  0.012237916629  0.008861217087  0.006958979118  0.010410639072  0.009601557791  0.008705759459  0.007568424945  0.000863462573  0.013984196443  0.011360664995  0.013091636332  0.009663416827  0.011959100365  0.012381022145  0.003929981102  0.000863646844  0.006086905645  0.000000000000  

