30
piranga_rubra_ku26592 0.000000000000  0.002501145132  0.005853602250  0.011774936731  0.008498064283  0.017041584545  0.002716283153  0.017041584545  0.000832725556  0.004173911370  0.002818356096  0.008822656869  0.000000000000  0.003933589848  0.001666205572  0.000905899009  0.000000000000  0.005015869397  0.001918571378  0.003336437969  0.007544888099  0.002502867025  0.009232128628  0.007326331113  0.006695831700  0.004267167746  0.000000000000  0.006692503711  0.001666205572  0.003336437969  
piranga_flava_ku90809 0.002501145132  0.000000000000  0.008352207395  0.014280658768  0.011033115556  0.021313272995  0.004517051779  0.021313272995  0.003337808257  0.006670183319  0.004686402519  0.010757528220  0.002492831871  0.005909457669  0.004172894673  0.002711373237  0.002541402513  0.007514477310  0.003828180060  0.005831549907  0.010047022222  0.004162142562  0.011735453556  0.009137357764  0.009195610079  0.006383697348  0.001158525432  0.009191105028  0.004172894673  0.005831549907  
piranga_ludoviciana_sdsu2385 0.005853602250  0.008352207395  0.000000000000  0.015987548711  0.012754001250  0.023051518424  0.003608835389  0.023051518424  0.006695831700  0.003322580953  0.002807804879  0.010760625232  0.005834087504  0.006898876564  0.007532577362  0.004525228100  0.005948108950  0.005832875604  0.003829985004  0.004156562168  0.010046134143  0.008357058210  0.013435038951  0.010052572017  0.010885294880  0.006388413960  0.002316310383  0.004155553925  0.007532577362  0.004156562168  
piranga_rubriceps_lsu265 0.011774936731  0.014280658768  0.015987548711  0.000000000000  0.008441717917  0.024791224447  0.012748708419  0.024791224447  0.012627682282  0.014277876656  0.011327402893  0.016688521967  0.011735453556  0.013885629226  0.012613443624  0.012774177181  0.011966169083  0.015143022595  0.010602557428  0.013425497991  0.007495701506  0.014289879295  0.002482517686  0.015586754280  0.011725624102  0.008530893527  0.009326553618  0.015121891355  0.012613443624  0.013425497991  
piranga_leucoptera_lsu7783 0.008498064283  0.011033115556  0.012754001250  0.008441717917  0.000000000000  0.020734887677  0.010003712761  0.020734887677  0.009356808715  0.011032272318  0.009436435688  0.012723669827  0.008469274468  0.010888751926  0.010202821077  0.010086087260  0.008637532822  0.011902773181  0.008671749646  0.010173899952  0.002519684229  0.009325079228  0.005896752941  0.012812792531  0.008462107468  0.004253067774  0.006991055755  0.013606429137  0.010202821077  0.010173899952  
cardinalis_cardinalis_ku25393 0.017041584545  0.021313272995  0.023051518424  0.024791224447  0.020734887677  0.000000000000  0.019430768003  0.000000000000  0.017909148266  0.021305235903  0.017257695678  0.020967138848  0.018714504478  0.022187776959  0.018764156202  0.020397790548  0.019088002524  0.021316531526  0.014659917463  0.019575423931  0.021316531526  0.021323410462  0.023051518424  0.021465058133  0.020434658235  0.014073646241  0.017839352434  0.023039736147  0.018764156202  0.019575423931  
piranga_olivacea_ku2699 0.002716283153  0.004517051779  0.003608835389  0.012748708419  0.010003712761  0.019430768003  0.000000000000  0.019430768003  0.003625188850  0.001801084007  0.001889018668  0.007806715657  0.002706481039  0.002989546057  0.004532234189  0.001842566757  0.002706481039  0.001802206309  0.000960729431  0.000899955309  0.009084932538  0.004519554611  0.009994442743  0.006377209990  0.007253044617  0.003185983232  0.000000000000  0.004512974689  0.004532234189  0.000899955309  
cardinalis_cardinalis_ku21828 0.017041584545  0.021313272995  0.023051518424  0.024791224447  0.020734887677  0.000000000000  0.019430768003  0.000000000000  0.017909148266  0.021305235903  0.017257695678  0.020967138848  0.018714504478  0.022187776959  0.018764156202  0.020397790548  0.019088002524  0.021316531526  0.014659917463  0.019575423931  0.021316531526  0.021323410462  0.023051518424  0.021465058133  0.020434658235  0.014073646241  0.017839352434  0.023039736147  0.018764156202  0.019575423931  
piranga_rubra_ku7046 0.000832725556  0.003337808257  0.006695831700  0.012627682282  0.009356808715  0.017909148266  0.003625188850  0.017909148266  0.000000000000  0.005012964141  0.003761552883  0.009811675556  0.000832725556  0.004921666030  0.002500538004  0.001813646301  0.000848985923  0.005857279346  0.002880598482  0.004173911370  0.008391099042  0.003340294705  0.010080784148  0.008248541817  0.007539658527  0.005340156221  0.000000000000  0.007535554259  0.002500538004  0.004173911370  
piranga_bidentata_hgoslp104 0.004173911370  0.006670183319  0.003322580953  0.014277876656  0.011032272318  0.021305235903  0.001801084007  0.021305235903  0.005012964141  0.000000000000  0.002807804879  0.006826835799  0.004160020460  0.004920397387  0.005849617484  0.002710659600  0.004241180471  0.004158680735  0.001911237680  0.002490160091  0.008356039866  0.006673489078  0.011733587024  0.006378910859  0.009193547393  0.004249036283  0.001157184804  0.004155553925  0.005849617484  0.002490160091  
piranga_ludoviciana_sdsu2648 0.002818356096  0.004686402519  0.002807804879  0.011327402893  0.009436435688  0.017257695678  0.001889018668  0.017257695678  0.003761552883  0.002807804879  0.000000000000  0.009815283944  0.002807804879  0.005250953829  0.004702746489  0.003747456559  0.002807804879  0.003750591522  0.000955223163  0.002807804879  0.007533069204  0.003747456559  0.010381178938  0.007635343372  0.006584430790  0.005322717771  0.002384499695  0.003745728683  0.004702746489  0.002807804879  
piranga_roseogularis_ku2049 0.008822656869  0.010757528220  0.010760625232  0.016688521967  0.012723669827  0.020967138848  0.007806715657  0.020967138848  0.009811675556  0.006826835799  0.009815283944  0.000000000000  0.008788196211  0.011558446395  0.010798218105  0.009773317682  0.008788196211  0.009776897749  0.007985957447  0.008788196211  0.010744239509  0.009773317682  0.013708860225  0.001940333309  0.009776897749  0.008521903128  0.007140137583  0.011745964298  0.010798218105  0.008788196211  
piranga_hepatica_ku4970 0.000000000000  0.002492831871  0.005834087504  0.011735453556  0.008469274468  0.018714504478  0.002706481039  0.018714504478  0.000832725556  0.004160020460  0.002807804879  0.008788196211  0.000000000000  0.003933589848  0.001666205572  0.000902628248  0.000000000000  0.004999152506  0.001911237680  0.003325343140  0.007519671931  0.002494542326  0.009201237821  0.007299591227  0.006673489078  0.004249036283  0.000000000000  0.006670183319  0.001666205572  0.003325343140  
piranga_hepatica_ku9084 0.003933589848  0.005909457669  0.006898876564  0.013885629226  0.010888751926  0.022187776959  0.002989546057  0.022187776959  0.004921666030  0.004920397387  0.005250953829  0.011558446395  0.003933589848  0.000000000000  0.005908537220  0.003062032192  0.003933589848  0.004920251201  0.004282778071  0.002948412010  0.009888425002  0.005911941439  0.010882426312  0.010035552068  0.007894493254  0.006408059276  0.002330101659  0.007889928615  0.005908537220  0.002948412010  
piranga_rubra_sdsu2654 0.001666205572  0.004172894673  0.007532577362  0.012613443624  0.010202821077  0.018764156202  0.004532234189  0.018764156202  0.002500538004  0.005849617484  0.004702746489  0.010798218105  0.001666205572  0.005908537220  0.000000000000  0.002720492051  0.001698756086  0.006692503711  0.003842556783  0.005010518815  0.009226462931  0.004173911370  0.010917716563  0.009170450051  0.008376450611  0.006408059276  0.000000000000  0.008373826806  0.000000000000  0.005010518815  
piranga_flava_lsu15408 0.000905899009  0.002711373237  0.004525228100  0.012774177181  0.010086087260  0.020397790548  0.001842566757  0.020397790548  0.001813646301  0.002710659600  0.003747456559  0.009773317682  0.000902628248  0.003062032192  0.002720492051  0.000000000000  0.000902628248  0.003618629712  0.002869576989  0.002710659600  0.008182872099  0.002713397060  0.010013764647  0.007449125614  0.006351552542  0.005317439219  0.000000000000  0.005433196756  0.002720492051  0.002710659600  
piranga_lutea_lsu5400 0.000000000000  0.002541402513  0.005948108950  0.011966169083  0.008637532822  0.019088002524  0.002706481039  0.019088002524  0.000848985923  0.004241180471  0.002807804879  0.008788196211  0.000000000000  0.003933589848  0.001698756086  0.000902628248  0.000000000000  0.004243386352  0.001911237680  0.003390165724  0.007667011848  0.001693837298  0.009381738485  0.007299591227  0.006804035245  0.004249036283  0.000000000000  0.006800598533  0.001698756086  0.003390165724  
piranga_olivacea_ku4672 0.005015869397  0.007514477310  0.005832875604  0.015143022595  0.011902773181  0.021316531526  0.001802206309  0.021316531526  0.005857279346  0.004158680735  0.003750591522  0.009776897749  0.004999152506  0.004920251201  0.006692503711  0.003618629712  0.004243386352  0.000000000000  0.002871844133  0.003323939862  0.010903014677  0.007519671931  0.012593374657  0.008213112723  0.010046134143  0.005322717771  0.002318167505  0.006667926701  0.006692503711  0.003323939862  
piranga_ludoviciana_sdsu2208 0.001918571378  0.003828180060  0.003829985004  0.010602557428  0.008671749646  0.014659917463  0.000960729431  0.014659917463  0.002880598482  0.001911237680  0.000955223163  0.007985957447  0.001911237680  0.004282778071  0.003842556783  0.002869576989  0.001911237680  0.002871844133  0.000000000000  0.001911237680  0.006730034838  0.002869576989  0.009636381246  0.006798373173  0.005762346009  0.004289555596  0.001218211271  0.002868777511  0.003842556783  0.001911237680  
piranga_bidentata_itm160 0.003336437969  0.005831549907  0.004156562168  0.013425497991  0.010173899952  0.019575423931  0.000899955309  0.019575423931  0.004173911370  0.002490160091  0.002807804879  0.008788196211  0.003325343140  0.002948412010  0.005010518815  0.002710659600  0.003390165724  0.003323939862  0.001911237680  0.000000000000  0.009200284486  0.005834087504  0.010885294880  0.007292936727  0.008350079820  0.003185983232  0.000000000000  0.004990340227  0.005010518815  0.000000000000  
piranga_leucoptera_fmnh481795 0.007544888099  0.010047022222  0.010046134143  0.007495701506  0.002519684229  0.021316531526  0.009084932538  0.021316531526  0.008391099042  0.008356039866  0.007533069204  0.010744239509  0.007519671931  0.009888425002  0.009226462931  0.008182872099  0.007667011848  0.010903014677  0.006730034838  0.009200284486  0.000000000000  0.008363028244  0.004986687781  0.011886026990  0.007513394204  0.002121451866  0.004648476803  0.010885294880  0.009226462931  0.009200284486  
piranga_lutea_ku89864 0.002502867025  0.004162142562  0.008357058210  0.014289879295  0.009325079228  0.021323410462  0.004519554611  0.021323410462  0.003340294705  0.006673489078  0.003747456559  0.009773317682  0.002494542326  0.005911941439  0.004173911370  0.002713397060  0.001693837298  0.007519671931  0.002869576989  0.005834087504  0.008363028244  0.000000000000  0.011743429880  0.009139135302  0.009201237821  0.005317439219  0.002320857579  0.009195610079  0.004173911370  0.005834087504  
piranga_rubriceps_lsu34818 0.009232128628  0.011735453556  0.013435038951  0.002482517686  0.005896752941  0.023051518424  0.009994442743  0.023051518424  0.010080784148  0.011733587024  0.010381178938  0.013708860225  0.009201237821  0.010882426312  0.010917716563  0.010013764647  0.009381738485  0.012593374657  0.009636381246  0.010885294880  0.004986687781  0.011743429880  0.000000000000  0.012805959597  0.009193547393  0.005317439219  0.006983249249  0.014277876656  0.010917716563  0.010885294880  
piranga_roseogularis_ku2141 0.007326331113  0.009137357764  0.010052572017  0.015586754280  0.012812792531  0.021465058133  0.006377209990  0.021465058133  0.008248541817  0.006378910859  0.007635343372  0.001940333309  0.007299591227  0.010035552068  0.009170450051  0.007449125614  0.007299591227  0.008213112723  0.006798373173  0.007292936727  0.011886026990  0.009139135302  0.012805959597  0.000000000000  0.010056622559  0.007449525391  0.005805802350  0.010972636739  0.009170450051  0.007292936727  
piranga_erythrocephala_fmnh343371 0.006695831700  0.009195610079  0.010885294880  0.011725624102  0.008462107468  0.020434658235  0.007253044617  0.020434658235  0.007539658527  0.009193547393  0.006584430790  0.009776897749  0.006673489078  0.007894493254  0.008376450611  0.006351552542  0.006804035245  0.010046134143  0.005762346009  0.008350079820  0.007513394204  0.009201237821  0.009193547393  0.010056622559  0.000000000000  0.001059461490  0.002318167505  0.011725624102  0.008376450611  0.008350079820  
piranga_erythrocephala_fmnh343370 0.004267167746  0.006383697348  0.006388413960  0.008530893527  0.004253067774  0.014073646241  0.003185983232  0.014073646241  0.005340156221  0.004249036283  0.005322717771  0.008521903128  0.004249036283  0.006408059276  0.006408059276  0.005317439219  0.004249036283  0.005322717771  0.004289555596  0.003185983232  0.002121451866  0.005317439219  0.005317439219  0.007449525391  0.001059461490  0.000000000000  0.003629219652  0.007456000119  0.006408059276  0.003185983232  
piranga_ludoviciana_sdsu2650 0.000000000000  0.001158525432  0.002316310383  0.009326553618  0.006991055755  0.017839352434  0.000000000000  0.017839352434  0.000000000000  0.001157184804  0.002384499695  0.007140137583  0.000000000000  0.002330101659  0.000000000000  0.000000000000  0.000000000000  0.002318167505  0.001218211271  0.000000000000  0.004648476803  0.002320857579  0.006983249249  0.005805802350  0.002318167505  0.003629219652  0.000000000000  0.002316310383  0.000000000000  0.000000000000  
piranga_bidentata_tepe59 0.006692503711  0.009191105028  0.004155553925  0.015121891355  0.013606429137  0.023039736147  0.004512974689  0.023039736147  0.007535554259  0.004155553925  0.003745728683  0.011745964298  0.006670183319  0.007889928615  0.008373826806  0.005433196756  0.006800598533  0.006667926701  0.002868777511  0.004990340227  0.010885294880  0.009195610079  0.014277876656  0.010972636739  0.011725624102  0.007456000119  0.002316310383  0.000000000000  0.008373826806  0.004990340227  
piranga_rubra_sdsu2635 0.001666205572  0.004172894673  0.007532577362  0.012613443624  0.010202821077  0.018764156202  0.004532234189  0.018764156202  0.002500538004  0.005849617484  0.004702746489  0.010798218105  0.001666205572  0.005908537220  0.000000000000  0.002720492051  0.001698756086  0.006692503711  0.003842556783  0.005010518815  0.009226462931  0.004173911370  0.010917716563  0.009170450051  0.008376450611  0.006408059276  0.000000000000  0.008373826806  0.000000000000  0.005010518815  
piranga_bidentata_itm141 0.003336437969  0.005831549907  0.004156562168  0.013425497991  0.010173899952  0.019575423931  0.000899955309  0.019575423931  0.004173911370  0.002490160091  0.002807804879  0.008788196211  0.003325343140  0.002948412010  0.005010518815  0.002710659600  0.003390165724  0.003323939862  0.001911237680  0.000000000000  0.009200284486  0.005834087504  0.010885294880  0.007292936727  0.008350079820  0.003185983232  0.000000000000  0.004990340227  0.005010518815  0.000000000000  

