30
cardinalis_cardinalis_ku21828 0.000000000000  0.003009400109  0.004518940629  0.004518940629  0.004518940629  0.004518940629  0.004518940629  0.004518940629  0.004518940629  0.004518940629  0.004518940629  0.004518940629  0.006031998119  0.006031998119  0.006031998119  0.008563839545  0.008563839545  0.008563839545  0.006031998119  0.006031998119  0.006031998119  0.006538030171  0.006031998119  0.006031998119  0.006031998119  0.006031998119  0.006031998119  0.006031998119  0.006031998119  0.006031998119  
cardinalis_cardinalis_ku25393 0.003009400109  0.000000000000  0.001501732465  0.001501732465  0.001501732465  0.001501732465  0.001501732465  0.001501732465  0.001501732465  0.001501732465  0.001501732465  0.001501732465  0.003006941277  0.003006941277  0.003006941277  0.005524501144  0.005524501144  0.005524501144  0.003006941277  0.003006941277  0.003006941277  0.003509797320  0.003006941277  0.003006941277  0.003006941277  0.003006941277  0.003006941277  0.003006941277  0.003006941277  0.003006941277  
piranga_erythrocephala_fmnh343371 0.004518940629  0.001501732465  0.000000000000  0.000000000000  0.000000000000  0.000000000000  0.000000000000  0.000000000000  0.000000000000  0.000000000000  0.000000000000  0.000000000000  0.001501732465  0.001501732465  0.001501732465  0.004013179927  0.004013179927  0.004013179927  0.001501732465  0.001501732465  0.001501732465  0.002003287232  0.001501732465  0.001501732465  0.001501732465  0.001501732465  0.001501732465  0.001501732465  0.001501732465  0.001501732465  
piranga_leucoptera_fmnh481795 0.004518940629  0.001501732465  0.000000000000  0.000000000000  0.000000000000  0.000000000000  0.000000000000  0.000000000000  0.000000000000  0.000000000000  0.000000000000  0.000000000000  0.001501732465  0.001501732465  0.001501732465  0.004013179927  0.004013179927  0.004013179927  0.001501732465  0.001501732465  0.001501732465  0.002003287232  0.001501732465  0.001501732465  0.001501732465  0.001501732465  0.001501732465  0.001501732465  0.001501732465  0.001501732465  
piranga_rubriceps_lsu34818 0.004518940629  0.001501732465  0.000000000000  0.000000000000  0.000000000000  0.000000000000  0.000000000000  0.000000000000  0.000000000000  0.000000000000  0.000000000000  0.000000000000  0.001501732465  0.001501732465  0.001501732465  0.004013179927  0.004013179927  0.004013179927  0.001501732465  0.001501732465  0.001501732465  0.002003287232  0.001501732465  0.001501732465  0.001501732465  0.001501732465  0.001501732465  0.001501732465  0.001501732465  0.001501732465  
piranga_leucoptera_lsu7783 0.004518940629  0.001501732465  0.000000000000  0.000000000000  0.000000000000  0.000000000000  0.000000000000  0.000000000000  0.000000000000  0.000000000000  0.000000000000  0.000000000000  0.001501732465  0.001501732465  0.001501732465  0.004013179927  0.004013179927  0.004013179927  0.001501732465  0.001501732465  0.001501732465  0.002003287232  0.001501732465  0.001501732465  0.001501732465  0.001501732465  0.001501732465  0.001501732465  0.001501732465  0.001501732465  
piranga_roseogularis_ku2049 0.004518940629  0.001501732465  0.000000000000  0.000000000000  0.000000000000  0.000000000000  0.000000000000  0.000000000000  0.000000000000  0.000000000000  0.000000000000  0.000000000000  0.001501732465  0.001501732465  0.001501732465  0.004013179927  0.004013179927  0.004013179927  0.001501732465  0.001501732465  0.001501732465  0.002003287232  0.001501732465  0.001501732465  0.001501732465  0.001501732465  0.001501732465  0.001501732465  0.001501732465  0.001501732465  
piranga_rubra_sdsu2654 0.004518940629  0.001501732465  0.000000000000  0.000000000000  0.000000000000  0.000000000000  0.000000000000  0.000000000000  0.000000000000  0.000000000000  0.000000000000  0.000000000000  0.001501732465  0.001501732465  0.001501732465  0.004013179927  0.004013179927  0.004013179927  0.001501732465  0.001501732465  0.001501732465  0.002003287232  0.001501732465  0.001501732465  0.001501732465  0.001501732465  0.001501732465  0.001501732465  0.001501732465  0.001501732465  
piranga_erythrocephala_fmnh343370 0.004518940629  0.001501732465  0.000000000000  0.000000000000  0.000000000000  0.000000000000  0.000000000000  0.000000000000  0.000000000000  0.000000000000  0.000000000000  0.000000000000  0.001501732465  0.001501732465  0.001501732465  0.004013179927  0.004013179927  0.004013179927  0.001501732465  0.001501732465  0.001501732465  0.002003287232  0.001501732465  0.001501732465  0.001501732465  0.001501732465  0.001501732465  0.001501732465  0.001501732465  0.001501732465  
piranga_lutea_lsu5400 0.004518940629  0.001501732465  0.000000000000  0.000000000000  0.000000000000  0.000000000000  0.000000000000  0.000000000000  0.000000000000  0.000000000000  0.000000000000  0.000000000000  0.001501732465  0.001501732465  0.001501732465  0.004013179927  0.004013179927  0.004013179927  0.001501732465  0.001501732465  0.001501732465  0.002003287232  0.001501732465  0.001501732465  0.001501732465  0.001501732465  0.001501732465  0.001501732465  0.001501732465  0.001501732465  
piranga_ludoviciana_sdsu2650 0.004518940629  0.001501732465  0.000000000000  0.000000000000  0.000000000000  0.000000000000  0.000000000000  0.000000000000  0.000000000000  0.000000000000  0.000000000000  0.000000000000  0.001501732465  0.001501732465  0.001501732465  0.004013179927  0.004013179927  0.004013179927  0.001501732465  0.001501732465  0.001501732465  0.002003287232  0.001501732465  0.001501732465  0.001501732465  0.001501732465  0.001501732465  0.001501732465  0.001501732465  0.001501732465  
piranga_roseogularis_ku2141 0.004518940629  0.001501732465  0.000000000000  0.000000000000  0.000000000000  0.000000000000  0.000000000000  0.000000000000  0.000000000000  0.000000000000  0.000000000000  0.000000000000  0.001501732465  0.001501732465  0.001501732465  0.004013179927  0.004013179927  0.004013179927  0.001501732465  0.001501732465  0.001501732465  0.002003287232  0.001501732465  0.001501732465  0.001501732465  0.001501732465  0.001501732465  0.001501732465  0.001501732465  0.001501732465  
piranga_rubra_sdsu2635 0.006031998119  0.003006941277  0.001501732465  0.001501732465  0.001501732465  0.001501732465  0.001501732465  0.001501732465  0.001501732465  0.001501732465  0.001501732465  0.001501732465  0.000000000000  0.000000000000  0.000000000000  0.002505365839  0.002505365839  0.002505365839  0.000000000000  0.000000000000  0.000000000000  0.000500260208  0.000000000000  0.000000000000  0.000000000000  0.000000000000  0.000000000000  0.000000000000  0.000000000000  0.000000000000  
piranga_rubriceps_lsu265 0.006031998119  0.003006941277  0.001501732465  0.001501732465  0.001501732465  0.001501732465  0.001501732465  0.001501732465  0.001501732465  0.001501732465  0.001501732465  0.001501732465  0.000000000000  0.000000000000  0.000000000000  0.002505365839  0.002505365839  0.002505365839  0.000000000000  0.000000000000  0.000000000000  0.000500260208  0.000000000000  0.000000000000  0.000000000000  0.000000000000  0.000000000000  0.000000000000  0.000000000000  0.000000000000  
piranga_bidentata_itm141 0.006031998119  0.003006941277  0.001501732465  0.001501732465  0.001501732465  0.001501732465  0.001501732465  0.001501732465  0.001501732465  0.001501732465  0.001501732465  0.001501732465  0.000000000000  0.000000000000  0.000000000000  0.002505365839  0.002505365839  0.002505365839  0.000000000000  0.000000000000  0.000000000000  0.000500260208  0.000000000000  0.000000000000  0.000000000000  0.000000000000  0.000000000000  0.000000000000  0.000000000000  0.000000000000  
piranga_flava_ku90809 0.008563839545  0.005524501144  0.004013179927  0.004013179927  0.004013179927  0.004013179927  0.004013179927  0.004013179927  0.004013179927  0.004013179927  0.004013179927  0.004013179927  0.002505365839  0.002505365839  0.002505365839  0.000000000000  0.000000000000  0.000000000000  0.002505365839  0.002505365839  0.002505365839  0.003007969382  0.002505365839  0.002505365839  0.002505365839  0.002505365839  0.002505365839  0.002505365839  0.002505365839  0.002505365839  
piranga_flava_lsu15408 0.008563839545  0.005524501144  0.004013179927  0.004013179927  0.004013179927  0.004013179927  0.004013179927  0.004013179927  0.004013179927  0.004013179927  0.004013179927  0.004013179927  0.002505365839  0.002505365839  0.002505365839  0.000000000000  0.000000000000  0.000000000000  0.002505365839  0.002505365839  0.002505365839  0.003007969382  0.002505365839  0.002505365839  0.002505365839  0.002505365839  0.002505365839  0.002505365839  0.002505365839  0.002505365839  
piranga_lutea_ku89864 0.008563839545  0.005524501144  0.004013179927  0.004013179927  0.004013179927  0.004013179927  0.004013179927  0.004013179927  0.004013179927  0.004013179927  0.004013179927  0.004013179927  0.002505365839  0.002505365839  0.002505365839  0.000000000000  0.000000000000  0.000000000000  0.002505365839  0.002505365839  0.002505365839  0.003007969382  0.002505365839  0.002505365839  0.002505365839  0.002505365839  0.002505365839  0.002505365839  0.002505365839  0.002505365839  
piranga_olivacea_ku2699 0.006031998119  0.003006941277  0.001501732465  0.001501732465  0.001501732465  0.001501732465  0.001501732465  0.001501732465  0.001501732465  0.001501732465  0.001501732465  0.001501732465  0.000000000000  0.000000000000  0.000000000000  0.002505365839  0.002505365839  0.002505365839  0.000000000000  0.000000000000  0.000000000000  0.000500260208  0.000000000000  0.000000000000  0.000000000000  0.000000000000  0.000000000000  0.000000000000  0.000000000000  0.000000000000  
piranga_ludoviciana_sdsu2208 0.006031998119  0.003006941277  0.001501732465  0.001501732465  0.001501732465  0.001501732465  0.001501732465  0.001501732465  0.001501732465  0.001501732465  0.001501732465  0.001501732465  0.000000000000  0.000000000000  0.000000000000  0.002505365839  0.002505365839  0.002505365839  0.000000000000  0.000000000000  0.000000000000  0.000500260208  0.000000000000  0.000000000000  0.000000000000  0.000000000000  0.000000000000  0.000000000000  0.000000000000  0.000000000000  
piranga_olivacea_ku4672 0.006031998119  0.003006941277  0.001501732465  0.001501732465  0.001501732465  0.001501732465  0.001501732465  0.001501732465  0.001501732465  0.001501732465  0.001501732465  0.001501732465  0.000000000000  0.000000000000  0.000000000000  0.002505365839  0.002505365839  0.002505365839  0.000000000000  0.000000000000  0.000000000000  0.000500260208  0.000000000000  0.000000000000  0.000000000000  0.000000000000  0.000000000000  0.000000000000  0.000000000000  0.000000000000  
piranga_hepatica_ku9084 0.006538030171  0.003509797320  0.002003287232  0.002003287232  0.002003287232  0.002003287232  0.002003287232  0.002003287232  0.002003287232  0.002003287232  0.002003287232  0.002003287232  0.000500260208  0.000500260208  0.000500260208  0.003007969382  0.003007969382  0.003007969382  0.000500260208  0.000500260208  0.000500260208  0.000000000000  0.000500260208  0.000500260208  0.000500260208  0.000500260208  0.000500260208  0.000500260208  0.000500260208  0.000500260208  
piranga_bidentata_tepe59 0.006031998119  0.003006941277  0.001501732465  0.001501732465  0.001501732465  0.001501732465  0.001501732465  0.001501732465  0.001501732465  0.001501732465  0.001501732465  0.001501732465  0.000000000000  0.000000000000  0.000000000000  0.002505365839  0.002505365839  0.002505365839  0.000000000000  0.000000000000  0.000000000000  0.000500260208  0.000000000000  0.000000000000  0.000000000000  0.000000000000  0.000000000000  0.000000000000  0.000000000000  0.000000000000  
piranga_bidentata_hgoslp104 0.006031998119  0.003006941277  0.001501732465  0.001501732465  0.001501732465  0.001501732465  0.001501732465  0.001501732465  0.001501732465  0.001501732465  0.001501732465  0.001501732465  0.000000000000  0.000000000000  0.000000000000  0.002505365839  0.002505365839  0.002505365839  0.000000000000  0.000000000000  0.000000000000  0.000500260208  0.000000000000  0.000000000000  0.000000000000  0.000000000000  0.000000000000  0.000000000000  0.000000000000  0.000000000000  
piranga_ludoviciana_sdsu2648 0.006031998119  0.003006941277  0.001501732465  0.001501732465  0.001501732465  0.001501732465  0.001501732465  0.001501732465  0.001501732465  0.001501732465  0.001501732465  0.001501732465  0.000000000000  0.000000000000  0.000000000000  0.002505365839  0.002505365839  0.002505365839  0.000000000000  0.000000000000  0.000000000000  0.000500260208  0.000000000000  0.000000000000  0.000000000000  0.000000000000  0.000000000000  0.000000000000  0.000000000000  0.000000000000  
piranga_rubra_ku7046 0.006031998119  0.003006941277  0.001501732465  0.001501732465  0.001501732465  0.001501732465  0.001501732465  0.001501732465  0.001501732465  0.001501732465  0.001501732465  0.001501732465  0.000000000000  0.000000000000  0.000000000000  0.002505365839  0.002505365839  0.002505365839  0.000000000000  0.000000000000  0.000000000000  0.000500260208  0.000000000000  0.000000000000  0.000000000000  0.000000000000  0.000000000000  0.000000000000  0.000000000000  0.000000000000  
piranga_bidentata_itm160 0.006031998119  0.003006941277  0.001501732465  0.001501732465  0.001501732465  0.001501732465  0.001501732465  0.001501732465  0.001501732465  0.001501732465  0.001501732465  0.001501732465  0.000000000000  0.000000000000  0.000000000000  0.002505365839  0.002505365839  0.002505365839  0.000000000000  0.000000000000  0.000000000000  0.000500260208  0.000000000000  0.000000000000  0.000000000000  0.000000000000  0.000000000000  0.000000000000  0.000000000000  0.000000000000  
piranga_ludoviciana_sdsu2385 0.006031998119  0.003006941277  0.001501732465  0.001501732465  0.001501732465  0.001501732465  0.001501732465  0.001501732465  0.001501732465  0.001501732465  0.001501732465  0.001501732465  0.000000000000  0.000000000000  0.000000000000  0.002505365839  0.002505365839  0.002505365839  0.000000000000  0.000000000000  0.000000000000  0.000500260208  0.000000000000  0.000000000000  0.000000000000  0.000000000000  0.000000000000  0.000000000000  0.000000000000  0.000000000000  
piranga_hepatica_ku4970 0.006031998119  0.003006941277  0.001501732465  0.001501732465  0.001501732465  0.001501732465  0.001501732465  0.001501732465  0.001501732465  0.001501732465  0.001501732465  0.001501732465  0.000000000000  0.000000000000  0.000000000000  0.002505365839  0.002505365839  0.002505365839  0.000000000000  0.000000000000  0.000000000000  0.000500260208  0.000000000000  0.000000000000  0.000000000000  0.000000000000  0.000000000000  0.000000000000  0.000000000000  0.000000000000  
piranga_rubra_ku26592 0.006031998119  0.003006941277  0.001501732465  0.001501732465  0.001501732465  0.001501732465  0.001501732465  0.001501732465  0.001501732465  0.001501732465  0.001501732465  0.001501732465  0.000000000000  0.000000000000  0.000000000000  0.002505365839  0.002505365839  0.002505365839  0.000000000000  0.000000000000  0.000000000000  0.000500260208  0.000000000000  0.000000000000  0.000000000000  0.000000000000  0.000000000000  0.000000000000  0.000000000000  0.000000000000  

