30
cardinalis_cardinalis_ku21828 0.000000000000  0.005019373488  0.013135245946  0.016700756775  0.014164213583  0.016718155998  0.020853286505  0.013135245946  0.013139486790  0.013139486790  0.018270936535  0.018270936535  0.018787826548  0.020341730331  0.020341730331  0.019305254770  0.013139486790  0.014672331996  0.013139486790  0.018259056152  0.016199006106  0.013647079874  0.015689727607  0.017238766666  0.018264800356  0.013647079874  0.017227963629  0.018253704300  0.017738159805  0.014672331996  
cardinalis_cardinalis_ku25393 0.005019373488  0.000000000000  0.008051701837  0.011594882576  0.009070307697  0.011606347791  0.015705276750  0.008051701837  0.008054474059  0.008054474059  0.013144115702  0.013144115702  0.013656480569  0.015196752475  0.015196752475  0.014169374257  0.008054474059  0.009575448219  0.008054474059  0.013135245946  0.011093165824  0.008559098334  0.010586876641  0.012120968079  0.013139486790  0.008559098334  0.012113156927  0.013131393544  0.013642962414  0.009575448219  
piranga_leucoptera_lsu7783 0.013135245946  0.008051701837  0.000000000000  0.006528482690  0.007036592205  0.009565081804  0.013642962414  0.006024962807  0.006025929864  0.006025929864  0.010075264040  0.010075264040  0.010583954302  0.012113156927  0.012113156927  0.011093165824  0.006025929864  0.007540952282  0.006025929864  0.011087958340  0.009056326839  0.006529778937  0.008550818956  0.010075264040  0.011090368217  0.006529778937  0.010071104339  0.011085936574  0.011594882576  0.007540952282  
piranga_leucoptera_fmnh481795 0.016700756775  0.011594882576  0.006528482690  0.000000000000  0.010576139555  0.013116457653  0.017211062087  0.009560906175  0.009561368358  0.009561368358  0.013628219114  0.013628219114  0.014138991264  0.015674465271  0.015674465271  0.014650288951  0.009561368358  0.011083058905  0.009561368358  0.014646069591  0.012606136177  0.010067772539  0.012098056561  0.013628219114  0.014647983303  0.010067772539  0.013625056131  0.014644548204  0.015155578192  0.011083058905  
piranga_erythrocephala_fmnh343371 0.014164213583  0.009070307697  0.007036592205  0.010576139555  0.000000000000  0.009572277557  0.013656480569  0.007036592205  0.007038460446  0.007038460446  0.012116868744  0.012116868744  0.012627914716  0.014164213583  0.014164213583  0.013139486790  0.007038460446  0.008556450236  0.007038460446  0.012109833006  0.010072990595  0.007542695229  0.009567093972  0.011096350782  0.011099922714  0.007542695229  0.011090368217  0.012106897358  0.012617151424  0.008556450236  
piranga_rubriceps_lsu265 0.016718155998  0.011606347791  0.009565081804  0.013116457653  0.009572277557  0.000000000000  0.004016185681  0.009565081804  0.009567093972  0.009567093972  0.014663423209  0.014663423209  0.015176310457  0.016718155998  0.016718155998  0.015689727607  0.009567093972  0.011090368217  0.009567093972  0.014656074514  0.012611919891  0.010072990595  0.012104350363  0.013639234048  0.014659553661  0.010072990595  0.013632946113  0.014652986150  0.015165075779  0.011090368217  
piranga_rubriceps_lsu34818 0.020853286505  0.015705276750  0.013642962414  0.017211062087  0.013656480569  0.004016185681  0.000000000000  0.013642962414  0.013647079874  0.013647079874  0.018781420050  0.018781420050  0.019298577390  0.020853286505  0.020853286505  0.019816273496  0.013647079874  0.015180836454  0.013647079874  0.018769784205  0.016708672605  0.014155058464  0.016199006106  0.017748717190  0.018775405810  0.014155058464  0.017738159805  0.018764555612  0.018248745179  0.015180836454  
piranga_roseogularis_ku2141 0.013135245946  0.008051701837  0.006024962807  0.009560906175  0.007036592205  0.009565081804  0.013642962414  0.000000000000  0.001000690137  0.001000690137  0.006029015367  0.006029015367  0.006534606602  0.008054474059  0.008054474059  0.007040712762  0.001000690137  0.002504527142  0.001000690137  0.006025929864  0.004010750821  0.001501505302  0.003508297330  0.005019373488  0.006027280844  0.001501505302  0.005017318840  0.006024962807  0.006529778937  0.002504527142  
piranga_erythrocephala_fmnh343370 0.013139486790  0.008054474059  0.006025929864  0.009561368358  0.007038460446  0.009567093972  0.013647079874  0.001000690137  0.000000000000  0.000000000000  0.005020974961  0.005020974961  0.005525797331  0.007043348777  0.007043348777  0.006031133059  0.000000000000  0.001501696845  0.000000000000  0.005018154655  0.003006029278  0.000500188035  0.002504207090  0.004012866135  0.005019373488  0.000500188035  0.004011073557  0.005017318840  0.005521368458  0.001501696845  
piranga_roseogularis_ku2049 0.013139486790  0.008054474059  0.006025929864  0.009561368358  0.007038460446  0.009567093972  0.013647079874  0.001000690137  0.000000000000  0.000000000000  0.005020974961  0.005020974961  0.005525797331  0.007043348777  0.007043348777  0.006031133059  0.000000000000  0.001501696845  0.000000000000  0.005018154655  0.003006029278  0.000500188035  0.002504207090  0.004012866135  0.005019373488  0.000500188035  0.004011073557  0.005017318840  0.005521368458  0.001501696845  
piranga_flava_ku90809 0.018270936535  0.013144115702  0.010075264040  0.013628219114  0.012116868744  0.014663423209  0.018781420050  0.006029015367  0.005020974961  0.005020974961  0.000000000000  0.000000000000  0.000500251712  0.002004035523  0.002004035523  0.001001007525  0.005020974961  0.006534606602  0.005020974961  0.010077924297  0.008047311590  0.005523938010  0.007542695229  0.009067013441  0.010080970987  0.005523938010  0.009061580734  0.010075264040  0.010583954302  0.006534606602  
piranga_lutea_ku89864 0.018270936535  0.013144115702  0.010075264040  0.013628219114  0.012116868744  0.014663423209  0.018781420050  0.006029015367  0.005020974961  0.005020974961  0.000000000000  0.000000000000  0.000500251712  0.002004035523  0.002004035523  0.001001007525  0.005020974961  0.006534606602  0.005020974961  0.010077924297  0.008047311590  0.005523938010  0.007542695229  0.009067013441  0.010080970987  0.005523938010  0.009061580734  0.010075264040  0.010583954302  0.006534606602  
piranga_flava_lsu15408 0.018787826548  0.013656480569  0.010583954302  0.014138991264  0.012627914716  0.015176310457  0.019298577390  0.006534606602  0.005525797331  0.005525797331  0.000500251712  0.000500251712  0.000000000000  0.001502268455  0.001502268455  0.000500251712  0.005525797331  0.007040712762  0.005525797331  0.010586876641  0.008554187389  0.006029015367  0.008049314222  0.009575448219  0.010590185683  0.006029015367  0.009569492683  0.010583954302  0.011093165824  0.007040712762  
piranga_hepatica_ku9084 0.020341730331  0.015196752475  0.012113156927  0.015674465271  0.014164213583  0.016718155998  0.020853286505  0.008054474059  0.007043348777  0.007043348777  0.002004035523  0.002004035523  0.001502268455  0.000000000000  0.000000000000  0.001001007525  0.007043348777  0.008562131306  0.007043348777  0.012116868744  0.010077924297  0.007547334897  0.009572277557  0.011103881246  0.012120968079  0.007547334897  0.011096350782  0.012113156927  0.012623938658  0.008562131306  
piranga_hepatica_ku4970 0.020341730331  0.015196752475  0.012113156927  0.015674465271  0.014164213583  0.016718155998  0.020853286505  0.008054474059  0.007043348777  0.007043348777  0.002004035523  0.002004035523  0.001502268455  0.000000000000  0.000000000000  0.001001007525  0.007043348777  0.008562131306  0.007043348777  0.012116868744  0.010077924297  0.007547334897  0.009572277557  0.011103881246  0.012120968079  0.007547334897  0.011096350782  0.012113156927  0.012623938658  0.008562131306  
piranga_lutea_lsu5400 0.019305254770  0.014169374257  0.011093165824  0.014650288951  0.013139486790  0.015689727607  0.019816273496  0.007040712762  0.006031133059  0.006031133059  0.001001007525  0.001001007525  0.000500251712  0.001001007525  0.001001007525  0.000000000000  0.006031133059  0.007547334897  0.006031133059  0.011096350782  0.009061580734  0.006534606602  0.008556450236  0.010084403734  0.011099922714  0.006534606602  0.010077924297  0.011093165824  0.011602899675  0.007547334897  
piranga_rubra_sdsu2635 0.013139486790  0.008054474059  0.006025929864  0.009561368358  0.007038460446  0.009567093972  0.013647079874  0.001000690137  0.000000000000  0.000000000000  0.005020974961  0.005020974961  0.005525797331  0.007043348777  0.007043348777  0.006031133059  0.000000000000  0.001501696845  0.000000000000  0.005018154655  0.003006029278  0.000500188035  0.002504207090  0.004012866135  0.005019373488  0.000500188035  0.004011073557  0.005017318840  0.005521368458  0.001501696845  
piranga_rubra_sdsu2654 0.014672331996  0.009575448219  0.007540952282  0.011083058905  0.008556450236  0.011090368217  0.015180836454  0.002504527142  0.001501696845  0.001501696845  0.006534606602  0.006534606602  0.007040712762  0.008562131306  0.008562131306  0.007547334897  0.001501696845  0.000000000000  0.001501696845  0.006531004099  0.004513779972  0.002002763156  0.004011073557  0.005523938010  0.006532613446  0.002002763156  0.005521368458  0.006529778937  0.007035108414  0.003006798282  
piranga_ludoviciana_sdsu2208 0.013139486790  0.008054474059  0.006025929864  0.009561368358  0.007038460446  0.009567093972  0.013647079874  0.001000690137  0.000000000000  0.000000000000  0.005020974961  0.005020974961  0.005525797331  0.007043348777  0.007043348777  0.006031133059  0.000000000000  0.001501696845  0.000000000000  0.005018154655  0.003006029278  0.000500188035  0.002504207090  0.004012866135  0.005019373488  0.000500188035  0.004011073557  0.005017318840  0.005521368458  0.001501696845  
piranga_ludoviciana_sdsu2648 0.018259056152  0.013135245946  0.011087958340  0.014646069591  0.012109833006  0.014656074514  0.018769784205  0.006025929864  0.005018154655  0.005018154655  0.010077924297  0.010077924297  0.010586876641  0.012116868744  0.012116868744  0.011096350782  0.005018154655  0.006531004099  0.005018154655  0.000000000000  0.007035108414  0.004515320759  0.006531004099  0.008051701837  0.009064104328  0.004515320759  0.009057691610  0.010071104339  0.010579271246  0.006531004099  
piranga_ludoviciana_sdsu2385 0.016199006106  0.011093165824  0.009056326839  0.012606136177  0.010072990595  0.012611919891  0.016708672605  0.004010750821  0.003006029278  0.003006029278  0.008047311590  0.008047311590  0.008554187389  0.010077924297  0.010077924297  0.009061580734  0.003006029278  0.004513779972  0.003006029278  0.007035108414  0.000000000000  0.002504207090  0.004513779972  0.006027280844  0.007036592205  0.002504207090  0.007033295701  0.008043617377  0.008549714130  0.004513779972  
piranga_ludoviciana_sdsu2650 0.013647079874  0.008559098334  0.006529778937  0.010067772539  0.007542695229  0.010072990595  0.014155058464  0.001501505302  0.000500188035  0.000500188035  0.005523938010  0.005523938010  0.006029015367  0.007547334897  0.007547334897  0.006534606602  0.000500188035  0.002002763156  0.000500188035  0.004515320759  0.002504207090  0.000000000000  0.002002763156  0.003510790149  0.004516664909  0.000000000000  0.004513779972  0.005520658982  0.006024962807  0.002002763156  
piranga_bidentata_tepe59 0.015689727607  0.010586876641  0.008550818956  0.012098056561  0.009567093972  0.012104350363  0.016199006106  0.003508297330  0.002504207090  0.002504207090  0.007542695229  0.007542695229  0.008049314222  0.009572277557  0.009572277557  0.008556450236  0.002504207090  0.004011073557  0.002504207090  0.006531004099  0.004513779972  0.002002763156  0.000000000000  0.005523938010  0.006532613446  0.002002763156  0.006528938341  0.007538622051  0.008044462787  0.004011073557  
piranga_bidentata_itm160 0.017238766666  0.012120968079  0.010075264040  0.013628219114  0.011096350782  0.013639234048  0.017748717190  0.005019373488  0.004012866135  0.004012866135  0.009067013441  0.009067013441  0.009575448219  0.011103881246  0.011103881246  0.010084403734  0.004012866135  0.005523938010  0.004012866135  0.008051701837  0.006027280844  0.003510790149  0.005523938010  0.000000000000  0.004011778787  0.003510790149  0.008047311590  0.009059443035  0.009567093972  0.005523938010  
piranga_bidentata_itm141 0.018264800356  0.013139486790  0.011090368217  0.014647983303  0.011099922714  0.014659553661  0.018775405810  0.006027280844  0.005019373488  0.005019373488  0.010080970987  0.010080970987  0.010590185683  0.012120968079  0.012120968079  0.011099922714  0.005019373488  0.006532613446  0.005019373488  0.009064104328  0.007036592205  0.004516664909  0.006532613446  0.004011778787  0.000000000000  0.004516664909  0.009059443035  0.010072990595  0.010581419044  0.006532613446  
piranga_bidentata_hgoslp104 0.013647079874  0.008559098334  0.006529778937  0.010067772539  0.007542695229  0.010072990595  0.014155058464  0.001501505302  0.000500188035  0.000500188035  0.005523938010  0.005523938010  0.006029015367  0.007547334897  0.007547334897  0.006534606602  0.000500188035  0.002002763156  0.000500188035  0.004515320759  0.002504207090  0.000000000000  0.002002763156  0.003510790149  0.004516664909  0.000000000000  0.004513779972  0.005520658982  0.006024962807  0.002002763156  
piranga_olivacea_ku2699 0.017227963629  0.012113156927  0.010071104339  0.013625056131  0.011090368217  0.013632946113  0.017738159805  0.005017318840  0.004011073557  0.004011073557  0.009061580734  0.009061580734  0.009569492683  0.011096350782  0.011096350782  0.010077924297  0.004011073557  0.005521368458  0.004011073557  0.009057691610  0.007033295701  0.004513779972  0.006528938341  0.008047311590  0.009059443035  0.004513779972  0.000000000000  0.009056326839  0.009563456557  0.005521368458  
piranga_olivacea_ku4672 0.018253704300  0.013131393544  0.011085936574  0.014644548204  0.012106897358  0.014652986150  0.018764555612  0.006024962807  0.005017318840  0.005017318840  0.010075264040  0.010075264040  0.010583954302  0.012113156927  0.012113156927  0.011093165824  0.005017318840  0.006529778937  0.005017318840  0.010071104339  0.008043617377  0.005520658982  0.007538622051  0.009059443035  0.010072990595  0.005520658982  0.009056326839  0.000000000000  0.010577511289  0.006529778937  
piranga_rubra_ku7046 0.017738159805  0.013642962414  0.011594882576  0.015155578192  0.012617151424  0.015165075779  0.018248745179  0.006529778937  0.005521368458  0.005521368458  0.010583954302  0.010583954302  0.011093165824  0.012623938658  0.012623938658  0.011602899675  0.005521368458  0.007035108414  0.005521368458  0.010579271246  0.008549714130  0.006024962807  0.008044462787  0.009567093972  0.010581419044  0.006024962807  0.009563456557  0.010577511289  0.000000000000  0.007035108414  
piranga_rubra_ku26592 0.014672331996  0.009575448219  0.007540952282  0.011083058905  0.008556450236  0.011090368217  0.015180836454  0.002504527142  0.001501696845  0.001501696845  0.006534606602  0.006534606602  0.007040712762  0.008562131306  0.008562131306  0.007547334897  0.001501696845  0.003006798282  0.001501696845  0.006531004099  0.004513779972  0.002002763156  0.004011073557  0.005523938010  0.006532613446  0.002002763156  0.005521368458  0.006529778937  0.007035108414  0.000000000000  

