30
piranga_rubra_ku26592 0.000000000000  0.000000000000  0.001122482813  0.006771273061  0.007909696900  0.012466323251  0.002553152405  0.011403089068  0.002246319048  0.001122482813  0.002460740843  0.005425345420  0.000000000000  0.002114693243  0.001122482813  0.001259632757  0.000000000000  0.002247788218  0.000000000000  0.001122482813  0.005632479102  0.000000000000  0.006771273061  0.003757783378  0.010769324577  0.006751583634  0.000000000000  0.002246319048  0.003375930447  0.001122482813  
piranga_flava_ku90809 0.000000000000  0.000000000000  0.001071946637  0.006471814812  0.007559471823  0.011899879588  0.002483406625  0.011403089068  0.002145127474  0.001071946637  0.006040777660  0.006420896446  0.000000000000  0.002114693243  0.001071946637  0.001196340814  0.000000000000  0.002146467140  0.000000000000  0.001071946637  0.005383818184  0.000000000000  0.006471814812  0.003643681511  0.010456512529  0.006751583634  0.000000000000  0.002145127474  0.003223573900  0.001071946637  
piranga_ludoviciana_sdsu2385 0.001122482813  0.001071946637  0.000000000000  0.007559471823  0.008649778791  0.012996331305  0.002483406625  0.012558711343  0.003221153150  0.000000000000  0.004826904634  0.006420896446  0.001071946637  0.002114693243  0.002146467140  0.001196340814  0.001071946637  0.001071946637  0.000000000000  0.000000000000  0.006467741069  0.001071946637  0.007559471823  0.004864516968  0.011629715311  0.006751583634  0.000000000000  0.001071682872  0.004303279395  0.000000000000  
piranga_rubriceps_lsu265 0.006771273061  0.006471814812  0.007559471823  0.000000000000  0.005391403452  0.011919100631  0.010005656472  0.012558711343  0.008643494962  0.007559471823  0.013383900576  0.010321984991  0.006471814812  0.008519399878  0.007559471823  0.008444028465  0.006471814812  0.008649778791  0.005229746365  0.007559471823  0.003224615488  0.006471814812  0.000000000000  0.008540513973  0.006952334893  0.004490906596  0.006584146890  0.008643494962  0.009742748661  0.007559471823  
piranga_leucoptera_lsu7783 0.007909696900  0.007559471823  0.008649778791  0.005391403452  0.000000000000  0.013017880881  0.011271685972  0.013717325559  0.009735351686  0.008649778791  0.014619841701  0.010321984991  0.007559471823  0.010674834999  0.008649778791  0.009663283661  0.007559471823  0.009742748661  0.006986665367  0.008649778791  0.004304399355  0.007559471823  0.005391403452  0.009773399040  0.009286003232  0.006751583634  0.006584146890  0.009735351686  0.010838394471  0.008649778791  
cardinalis_cardinalis_ku25393 0.012466323251  0.011899879588  0.012996331305  0.011919100631  0.013017880881  0.000000000000  0.012525085606  0.000000000000  0.014088568242  0.012996331305  0.017071469929  0.014216758880  0.011899879588  0.008519399878  0.012996331305  0.012071477411  0.011899879588  0.014095476061  0.008738363162  0.012996331305  0.010817797959  0.011899879588  0.011919100631  0.012229379941  0.013981652959  0.004490906596  0.011558483447  0.014088568242  0.015197327116  0.012996331305  
piranga_olivacea_ku2699 0.002553152405  0.002483406625  0.002483406625  0.010005656472  0.011271685972  0.012525085606  0.000000000000  0.011673048414  0.003729752056  0.002483406625  0.007527960043  0.007918928986  0.002483406625  0.006364824658  0.003729752056  0.003729752056  0.002483406625  0.003729752056  0.003476175929  0.002483406625  0.008738458542  0.002483406625  0.010005656472  0.006228917171  0.008738458542  0.009023738914  0.003276835389  0.002483406625  0.004979578344  0.002483406625  
cardinalis_cardinalis_ku21828 0.011403089068  0.011403089068  0.012558711343  0.012558711343  0.013717325559  0.000000000000  0.011673048414  0.000000000000  0.013709039690  0.012558711343  0.012500753565  0.012379559811  0.011403089068  0.008519399878  0.012558711343  0.011523580700  0.011403089068  0.013717325559  0.008738363162  0.012558711343  0.011397298345  0.011403089068  0.012558711343  0.011430049902  0.014505608061  0.004490906596  0.011558483447  0.013709039690  0.014878947247  0.012558711343  
piranga_rubra_ku7046 0.002246319048  0.002145127474  0.003221153150  0.008643494962  0.009735351686  0.014088568242  0.003729752056  0.013709039690  0.000000000000  0.003221153150  0.007257952284  0.007715269548  0.002145127474  0.004239426876  0.001071682872  0.002395888418  0.002145127474  0.004299772341  0.001736466899  0.003221153150  0.007550761144  0.002145127474  0.008643494962  0.004864516968  0.011629715311  0.009023738914  0.001636977291  0.004297891396  0.003221153150  0.003221153150  
piranga_bidentata_hgoslp104 0.001122482813  0.001071946637  0.000000000000  0.007559471823  0.008649778791  0.012996331305  0.002483406625  0.012558711343  0.003221153150  0.000000000000  0.004826904634  0.006420896446  0.001071946637  0.002114693243  0.002146467140  0.001196340814  0.001071946637  0.001071946637  0.000000000000  0.000000000000  0.006467741069  0.001071946637  0.007559471823  0.004864516968  0.011629715311  0.006751583634  0.000000000000  0.001071682872  0.004303279395  0.000000000000  
piranga_ludoviciana_sdsu2648 0.002460740843  0.006040777660  0.004826904634  0.013383900576  0.014619841701  0.017071469929  0.007527960043  0.012500753565  0.007257952284  0.004826904634  0.000000000000  0.010651839994  0.006040777660  0.004239426876  0.007257952284  0.006190357528  0.006040777660  0.006040777660  0.001736466899  0.004826904634  0.012144783178  0.006040777660  0.013383900576  0.009863808000  0.014597890632  0.009023738914  0.001636977291  0.004826904634  0.008478446516  0.004826904634  
piranga_roseogularis_ku2049 0.005425345420  0.006420896446  0.006420896446  0.010321984991  0.010321984991  0.014216758880  0.007918928986  0.012379559811  0.007715269548  0.006420896446  0.010651839994  0.000000000000  0.006420896446  0.006374296696  0.007715269548  0.007715269548  0.006420896446  0.007715269548  0.003479698052  0.006420896446  0.009017267761  0.006420896446  0.010321984991  0.003933687449  0.010533114275  0.006751583634  0.006575933646  0.006420896446  0.009013397348  0.006420896446  
piranga_hepatica_ku4970 0.000000000000  0.000000000000  0.001071946637  0.006471814812  0.007559471823  0.011899879588  0.002483406625  0.011403089068  0.002145127474  0.001071946637  0.006040777660  0.006420896446  0.000000000000  0.002114693243  0.001071946637  0.001196340814  0.000000000000  0.002146467140  0.000000000000  0.001071946637  0.005383818184  0.000000000000  0.006471814812  0.003643681511  0.010456512529  0.006751583634  0.000000000000  0.002145127474  0.003223573900  0.001071946637  
piranga_hepatica_ku9084 0.002114693243  0.002114693243  0.002114693243  0.008519399878  0.010674834999  0.008519399878  0.006364824658  0.008519399878  0.004239426876  0.002114693243  0.004239426876  0.006374296696  0.002114693243  0.000000000000  0.004239426876  0.004239426876  0.002114693243  0.004239426876  0.002114693243  0.002114693243  0.008505644259  0.002114693243  0.008519399878  0.006374296696  0.010645058220  0.007020172172  0.000000000000  0.002114693243  0.006374296696  0.002114693243  
piranga_rubra_sdsu2654 0.001122482813  0.001071946637  0.002146467140  0.007559471823  0.008649778791  0.012996331305  0.003729752056  0.012558711343  0.001071682872  0.002146467140  0.007257952284  0.007715269548  0.001071946637  0.004239426876  0.000000000000  0.002395888418  0.001071946637  0.003223573900  0.001736466899  0.002146467140  0.006467741069  0.001071946637  0.007559471823  0.004864516968  0.011629715311  0.009023738914  0.001636977291  0.003221153150  0.002146467140  0.002146467140  
piranga_flava_lsu15408 0.001259632757  0.001196340814  0.001196340814  0.008444028465  0.009663283661  0.012071477411  0.003729752056  0.011523580700  0.002395888418  0.001196340814  0.006190357528  0.007715269548  0.001196340814  0.004239426876  0.002395888418  0.000000000000  0.001196340814  0.002395888418  0.001736466899  0.001196340814  0.007223002244  0.001196340814  0.008444028465  0.004900273460  0.009835657899  0.009023738914  0.001636977291  0.001196340814  0.003598660051  0.001196340814  
piranga_lutea_lsu5400 0.000000000000  0.000000000000  0.001071946637  0.006471814812  0.007559471823  0.011899879588  0.002483406625  0.011403089068  0.002145127474  0.001071946637  0.006040777660  0.006420896446  0.000000000000  0.002114693243  0.001071946637  0.001196340814  0.000000000000  0.002146467140  0.000000000000  0.001071946637  0.005383818184  0.000000000000  0.006471814812  0.003643681511  0.010456512529  0.006751583634  0.000000000000  0.002145127474  0.003223573900  0.001071946637  
piranga_olivacea_ku4672 0.002247788218  0.002146467140  0.001071946637  0.008649778791  0.009742748661  0.014095476061  0.003729752056  0.013717325559  0.004299772341  0.001071946637  0.006040777660  0.007715269548  0.002146467140  0.004239426876  0.003223573900  0.002395888418  0.002146467140  0.000000000000  0.001736466899  0.001071946637  0.007554295724  0.002146467140  0.008649778791  0.006088692059  0.012806001879  0.009023738914  0.001636977291  0.002145127474  0.005385596197  0.001071946637  
piranga_ludoviciana_sdsu2208 0.000000000000  0.000000000000  0.000000000000  0.005229746365  0.006986665367  0.008738363162  0.003476175929  0.008738363162  0.001736466899  0.000000000000  0.001736466899  0.003479698052  0.000000000000  0.002114693243  0.001736466899  0.001736466899  0.000000000000  0.001736466899  0.000000000000  0.000000000000  0.005223372107  0.000000000000  0.005229746365  0.003479698052  0.006972451360  0.006751583634  0.000000000000  0.000000000000  0.003479698052  0.000000000000  
piranga_bidentata_itm160 0.001122482813  0.001071946637  0.000000000000  0.007559471823  0.008649778791  0.012996331305  0.002483406625  0.012558711343  0.003221153150  0.000000000000  0.004826904634  0.006420896446  0.001071946637  0.002114693243  0.002146467140  0.001196340814  0.001071946637  0.001071946637  0.000000000000  0.000000000000  0.006467741069  0.001071946637  0.007559471823  0.004864516968  0.011629715311  0.006751583634  0.000000000000  0.001071682872  0.004303279395  0.000000000000  
piranga_leucoptera_fmnh481795 0.005632479102  0.005383818184  0.006467741069  0.003224615488  0.004304399355  0.010817797959  0.008738458542  0.011397298345  0.007550761144  0.006467741069  0.012144783178  0.009017267761  0.005383818184  0.008505644259  0.006467741069  0.007223002244  0.005383818184  0.007554295724  0.005223372107  0.006467741069  0.000000000000  0.005383818184  0.003224615488  0.007307902682  0.006955246268  0.004492149009  0.004923344350  0.007550761144  0.008643494962  0.006467741069  
piranga_lutea_ku89864 0.000000000000  0.000000000000  0.001071946637  0.006471814812  0.007559471823  0.011899879588  0.002483406625  0.011403089068  0.002145127474  0.001071946637  0.006040777660  0.006420896446  0.000000000000  0.002114693243  0.001071946637  0.001196340814  0.000000000000  0.002146467140  0.000000000000  0.001071946637  0.005383818184  0.000000000000  0.006471814812  0.003643681511  0.010456512529  0.006751583634  0.000000000000  0.002145127474  0.003223573900  0.001071946637  
piranga_rubriceps_lsu34818 0.006771273061  0.006471814812  0.007559471823  0.000000000000  0.005391403452  0.011919100631  0.010005656472  0.012558711343  0.008643494962  0.007559471823  0.013383900576  0.010321984991  0.006471814812  0.008519399878  0.007559471823  0.008444028465  0.006471814812  0.008649778791  0.005229746365  0.007559471823  0.003224615488  0.006471814812  0.000000000000  0.008540513973  0.006952334893  0.004490906596  0.006584146890  0.008643494962  0.009742748661  0.007559471823  
piranga_roseogularis_ku2141 0.003757783378  0.003643681511  0.004864516968  0.008540513973  0.009773399040  0.012229379941  0.006228917171  0.011430049902  0.004864516968  0.004864516968  0.009863808000  0.003933687449  0.003643681511  0.006374296696  0.004864516968  0.004900273460  0.003643681511  0.006088692059  0.003479698052  0.004864516968  0.007307902682  0.003643681511  0.008540513973  0.000000000000  0.009761921156  0.006751583634  0.004923344350  0.004864516968  0.006088692059  0.004864516968  
piranga_erythrocephala_fmnh343371 0.010769324577  0.010456512529  0.011629715311  0.006952334893  0.009286003232  0.013981652959  0.008738458542  0.014505608061  0.011629715311  0.011629715311  0.014597890632  0.010533114275  0.010456512529  0.010645058220  0.011629715311  0.009835657899  0.010456512529  0.012806001879  0.006972451360  0.011629715311  0.006955246268  0.010456512529  0.006952334893  0.009761921156  0.000000000000  0.000000000000  0.008224537528  0.011629715311  0.012806001879  0.011629715311  
piranga_erythrocephala_fmnh343370 0.006751583634  0.006751583634  0.006751583634  0.004490906596  0.006751583634  0.004490906596  0.009023738914  0.004490906596  0.009023738914  0.006751583634  0.009023738914  0.006751583634  0.006751583634  0.007020172172  0.009023738914  0.009023738914  0.006751583634  0.009023738914  0.006751583634  0.006751583634  0.004492149009  0.006751583634  0.004490906596  0.006751583634  0.000000000000  0.000000000000  0.006751583634  0.006751583634  0.011307489588  0.006751583634  
piranga_ludoviciana_sdsu2650 0.000000000000  0.000000000000  0.000000000000  0.006584146890  0.006584146890  0.011558483447  0.003276835389  0.011558483447  0.001636977291  0.000000000000  0.001636977291  0.006575933646  0.000000000000  0.000000000000  0.001636977291  0.001636977291  0.000000000000  0.001636977291  0.000000000000  0.000000000000  0.004923344350  0.000000000000  0.006584146890  0.004923344350  0.008224537528  0.006751583634  0.000000000000  0.000000000000  0.003279964592  0.000000000000  
piranga_bidentata_tepe59 0.002246319048  0.002145127474  0.001071682872  0.008643494962  0.009735351686  0.014088568242  0.002483406625  0.013709039690  0.004297891396  0.001071682872  0.004826904634  0.006420896446  0.002145127474  0.002114693243  0.003221153150  0.001196340814  0.002145127474  0.002145127474  0.000000000000  0.001071682872  0.007550761144  0.002145127474  0.008643494962  0.004864516968  0.011629715311  0.006751583634  0.000000000000  0.000000000000  0.005380997580  0.001071682872  
piranga_rubra_sdsu2635 0.003375930447  0.003223573900  0.004303279395  0.009742748661  0.010838394471  0.015197327116  0.004979578344  0.014878947247  0.003221153150  0.004303279395  0.008478446516  0.009013397348  0.003223573900  0.006374296696  0.002146467140  0.003598660051  0.003223573900  0.005385596197  0.003479698052  0.004303279395  0.008643494962  0.003223573900  0.009742748661  0.006088692059  0.012806001879  0.011307489588  0.003279964592  0.005380997580  0.000000000000  0.004303279395  
piranga_bidentata_itm141 0.001122482813  0.001071946637  0.000000000000  0.007559471823  0.008649778791  0.012996331305  0.002483406625  0.012558711343  0.003221153150  0.000000000000  0.004826904634  0.006420896446  0.001071946637  0.002114693243  0.002146467140  0.001196340814  0.001071946637  0.001071946637  0.000000000000  0.000000000000  0.006467741069  0.001071946637  0.007559471823  0.004864516968  0.011629715311  0.006751583634  0.000000000000  0.001071682872  0.004303279395  0.000000000000  

