30
cardinalis_cardinalis_ku21828 0.000000000000  0.001501741188  0.012112743070  0.012112743070  0.011099163289  0.011609511798  0.012112743070  0.012112743070  0.016204493612  0.016204493612  0.016204493612  0.012112743070  0.011099163289  0.018777435785  0.017234449026  0.012623613263  0.016204493612  0.016204493612  0.017234449026  0.019294631888  0.019288637206  0.016719193646  0.012112743070  0.017234449026  0.014159511177  0.014663713634  0.015176754795  0.017734902820  0.011099163289  0.010586174292  
cardinalis_cardinalis_ku25393 0.001501741188  0.000000000000  0.013642930447  0.013642930447  0.012627522735  0.013139226218  0.013642930447  0.013642930447  0.017744720969  0.017744720969  0.017744720969  0.013642930447  0.012627522735  0.020324126249  0.018777435785  0.014155158391  0.017744720969  0.017744720969  0.018777435785  0.020842713981  0.020836261251  0.018260799215  0.013642930447  0.018777435785  0.015695147073  0.016199824140  0.016714234632  0.019277913743  0.012627522735  0.012112743070  
piranga_erythrocephala_fmnh343370 0.012112743070  0.013642930447  0.000000000000  0.000000000000  0.004013251357  0.004517185162  0.005018579646  0.005018579646  0.017224370808  0.017224370808  0.017224370808  0.013127888936  0.012112743070  0.019800235563  0.018255388617  0.013639281883  0.017224370808  0.017224370808  0.018255388617  0.020317967452  0.020312231535  0.017739601468  0.013127888936  0.018255388617  0.015176754795  0.015682005798  0.016195574167  0.018757157065  0.013127888936  0.011599495352  
piranga_erythrocephala_fmnh343371 0.012112743070  0.013642930447  0.000000000000  0.000000000000  0.004013251357  0.004517185162  0.005018579646  0.005018579646  0.017224370808  0.017224370808  0.017224370808  0.013127888936  0.012112743070  0.019800235563  0.018255388617  0.013639281883  0.017224370808  0.017224370808  0.018255388617  0.020317967452  0.020312231535  0.017739601468  0.013127888936  0.018255388617  0.015176754795  0.015682005798  0.016195574167  0.018757157065  0.013127888936  0.011599495352  
piranga_leucoptera_fmnh481795 0.011099163289  0.012627522735  0.004013251357  0.004013251357  0.000000000000  0.000500261938  0.004013251357  0.004013251357  0.016204493612  0.016204493612  0.016204493612  0.012112743070  0.011099163289  0.018777435785  0.017234449026  0.012623613263  0.016204493612  0.016204493612  0.017234449026  0.019294631888  0.019288637206  0.016719193646  0.012112743070  0.017234449026  0.014159511177  0.014663713634  0.015176754795  0.017734902820  0.012112743070  0.010586174292  
piranga_leucoptera_lsu7783 0.011609511798  0.013139226218  0.004517185162  0.004517185162  0.000500261938  0.000000000000  0.004517185162  0.004517185162  0.016204493612  0.016204493612  0.016204493612  0.012112743070  0.011099163289  0.018777435785  0.017234449026  0.012623613263  0.016204493612  0.016204493612  0.017234449026  0.019294631888  0.019288637206  0.016719193646  0.012112743070  0.017234449026  0.014159511177  0.014663713634  0.015176754795  0.017734902820  0.012112743070  0.010586174292  
piranga_rubriceps_lsu265 0.012112743070  0.013642930447  0.005018579646  0.005018579646  0.004013251357  0.004517185162  0.000000000000  0.000000000000  0.017224370808  0.017224370808  0.017224370808  0.013127888936  0.012112743070  0.019800235563  0.018255388617  0.013639281883  0.016195574167  0.016195574167  0.017224370808  0.019283064366  0.019277913743  0.016709695440  0.013127888936  0.018255388617  0.015176754795  0.015682005798  0.016195574167  0.018757157065  0.013127888936  0.011599495352  
piranga_rubriceps_lsu34818 0.012112743070  0.013642930447  0.005018579646  0.005018579646  0.004013251357  0.004517185162  0.000000000000  0.000000000000  0.017224370808  0.017224370808  0.017224370808  0.013127888936  0.012112743070  0.019800235563  0.018255388617  0.013639281883  0.016195574167  0.016195574167  0.017224370808  0.019283064366  0.019277913743  0.016709695440  0.013127888936  0.018255388617  0.015176754795  0.015682005798  0.016195574167  0.018757157065  0.013127888936  0.011599495352  
piranga_flava_ku90809 0.016204493612  0.017744720969  0.017224370808  0.017224370808  0.016204493612  0.016204493612  0.017224370808  0.017224370808  0.000000000000  0.000000000000  0.000000000000  0.008048472981  0.007039554484  0.015695147073  0.014159511177  0.009571382058  0.013135030563  0.013135030563  0.014159511177  0.016209582205  0.016204493612  0.013646996142  0.009063205884  0.014159511177  0.011099163289  0.011602418813  0.012112743070  0.014659909064  0.009063205884  0.007543819759  
piranga_flava_lsu15408 0.016204493612  0.017744720969  0.017224370808  0.017224370808  0.016204493612  0.016204493612  0.017224370808  0.017224370808  0.000000000000  0.000000000000  0.000000000000  0.008048472981  0.007039554484  0.015695147073  0.014159511177  0.009571382058  0.013135030563  0.013135030563  0.014159511177  0.016209582205  0.016204493612  0.013646996142  0.009063205884  0.014159511177  0.011099163289  0.011602418813  0.012112743070  0.014659909064  0.009063205884  0.007543819759  
piranga_lutea_ku89864 0.016204493612  0.017744720969  0.017224370808  0.017224370808  0.016204493612  0.016204493612  0.017224370808  0.017224370808  0.000000000000  0.000000000000  0.000000000000  0.008048472981  0.007039554484  0.015695147073  0.014159511177  0.009571382058  0.013135030563  0.013135030563  0.014159511177  0.016209582205  0.016204493612  0.013646996142  0.009063205884  0.014159511177  0.011099163289  0.011602418813  0.012112743070  0.014659909064  0.009063205884  0.007543819759  
piranga_lutea_lsu5400 0.012112743070  0.013642930447  0.013127888936  0.013127888936  0.012112743070  0.012112743070  0.013127888936  0.013127888936  0.008048472981  0.008048472981  0.008048472981  0.000000000000  0.003006976288  0.011605757753  0.010080099580  0.005523022098  0.009063205884  0.009063205884  0.010080099580  0.012116366971  0.012112743070  0.009571382058  0.005018579646  0.010080099580  0.007039554484  0.007541913961  0.008048472981  0.009564766954  0.005018579646  0.003508940848  
piranga_hepatica_ku4970 0.011099163289  0.012627522735  0.012112743070  0.012112743070  0.011099163289  0.011099163289  0.012112743070  0.012112743070  0.007039554484  0.007039554484  0.007039554484  0.003006976288  0.000000000000  0.010592959014  0.009069118466  0.004517185162  0.008053258272  0.008053258272  0.009069118466  0.011103047078  0.011099163289  0.008560918245  0.004013251357  0.009069118466  0.006032185139  0.006533508386  0.007039554484  0.009568763057  0.004013251357  0.002505396161  
piranga_roseogularis_ku2049 0.018777435785  0.020324126249  0.019800235563  0.019800235563  0.018777435785  0.018777435785  0.019800235563  0.019800235563  0.015695147073  0.015695147073  0.015695147073  0.011605757753  0.010592959014  0.000000000000  0.001501741188  0.012116366971  0.015695147073  0.015695147073  0.016724572110  0.018783559245  0.018777435785  0.016209582205  0.011605757753  0.016724572110  0.013651478594  0.014155158391  0.013642930447  0.017224370808  0.011605757753  0.010080099580  
piranga_roseogularis_ku2141 0.017234449026  0.018777435785  0.018255388617  0.018255388617  0.017234449026  0.017234449026  0.018255388617  0.018255388617  0.014159511177  0.014159511177  0.014159511177  0.010080099580  0.009069118466  0.001501741188  0.000000000000  0.010589359604  0.014159511177  0.014159511177  0.015186194342  0.017240117985  0.017234449026  0.014672576849  0.010080099580  0.015186194342  0.012120406295  0.012623613263  0.012112743070  0.015685967175  0.010080099580  0.008558037844  
piranga_ludoviciana_sdsu2650 0.012623613263  0.014155158391  0.013639281883  0.013639281883  0.012623613263  0.012623613263  0.013639281883  0.013639281883  0.009571382058  0.009571382058  0.009571382058  0.005523022098  0.004517185162  0.012116366971  0.010589359604  0.000000000000  0.004517185162  0.004517185162  0.005526650925  0.007548866509  0.007546137400  0.005021651309  0.000500261938  0.005526650925  0.002506566812  0.004013251357  0.004517185162  0.007037517330  0.003509848772  0.002003305002  
piranga_ludoviciana_sdsu2385 0.016204493612  0.017744720969  0.017224370808  0.017224370808  0.016204493612  0.016204493612  0.016195574167  0.016195574167  0.013135030563  0.013135030563  0.013135030563  0.009063205884  0.008053258272  0.015695147073  0.014159511177  0.004517185162  0.000000000000  0.000000000000  0.003006976288  0.005019910702  0.005018579646  0.002504632790  0.004013251357  0.009069118466  0.006032185139  0.007546137400  0.008053258272  0.010586174292  0.007039554484  0.005524631583  
piranga_ludoviciana_sdsu2648 0.016204493612  0.017744720969  0.017224370808  0.017224370808  0.016204493612  0.016204493612  0.016195574167  0.016195574167  0.013135030563  0.013135030563  0.013135030563  0.009063205884  0.008053258272  0.015695147073  0.014159511177  0.004517185162  0.000000000000  0.000000000000  0.003006976288  0.005019910702  0.005018579646  0.002504632790  0.004013251357  0.009069118466  0.006032185139  0.007546137400  0.008053258272  0.010586174292  0.007039554484  0.005524631583  
piranga_bidentata_tepe59 0.017234449026  0.018777435785  0.018255388617  0.018255388617  0.017234449026  0.017234449026  0.017224370808  0.017224370808  0.014159511177  0.014159511177  0.014159511177  0.010080099580  0.009069118466  0.016724572110  0.015186194342  0.005526650925  0.003006976288  0.003006976288  0.000000000000  0.002003305002  0.006027997968  0.003509848772  0.005021651309  0.010087144261  0.007044861896  0.008560918245  0.009069118466  0.011605757753  0.008053258272  0.006535676497  
piranga_bidentata_hgoslp104 0.019294631888  0.020842713981  0.020317967452  0.020317967452  0.019294631888  0.019294631888  0.019283064366  0.019283064366  0.016209582205  0.016209582205  0.016209582205  0.012116366971  0.011103047078  0.018783559245  0.017240117985  0.007548866509  0.005019910702  0.005019910702  0.002003305002  0.000000000000  0.008050659550  0.005524631583  0.007042002797  0.012124860669  0.009072693554  0.010592959014  0.011103047078  0.013646996142  0.010083415216  0.008560918245  
piranga_bidentata_itm141 0.019288637206  0.020836261251  0.020312231535  0.020312231535  0.019288637206  0.019288637206  0.019277913743  0.019277913743  0.016204493612  0.016204493612  0.016204493612  0.012112743070  0.011099163289  0.018777435785  0.017234449026  0.007546137400  0.005018579646  0.005018579646  0.006027997968  0.008050659550  0.000000000000  0.002504632790  0.007039554484  0.012120406295  0.009069118466  0.010589359604  0.011099163289  0.013642930447  0.010080099580  0.008558037844  
piranga_bidentata_itm160 0.016719193646  0.018260799215  0.017739601468  0.017739601468  0.016719193646  0.016719193646  0.016709695440  0.016709695440  0.013646996142  0.013646996142  0.013646996142  0.009571382058  0.008560918245  0.016209582205  0.014672576849  0.005021651309  0.002504632790  0.002504632790  0.003509848772  0.005524631583  0.002504632790  0.000000000000  0.004517185162  0.009577860087  0.006538255084  0.008053258272  0.008560918245  0.011095693915  0.007546137400  0.006029886471  
piranga_ludoviciana_sdsu2208 0.012112743070  0.013642930447  0.013127888936  0.013127888936  0.012112743070  0.012112743070  0.013127888936  0.013127888936  0.009063205884  0.009063205884  0.009063205884  0.005018579646  0.004013251357  0.011605757753  0.010080099580  0.000500261938  0.004013251357  0.004013251357  0.005021651309  0.007042002797  0.007039554484  0.004517185162  0.000000000000  0.005021651309  0.002004199816  0.003509848772  0.004013251357  0.006531751123  0.003006976288  0.001501741188  
piranga_hepatica_ku9084 0.017234449026  0.018777435785  0.018255388617  0.018255388617  0.017234449026  0.017234449026  0.018255388617  0.018255388617  0.014159511177  0.014159511177  0.014159511177  0.010080099580  0.009069118466  0.016724572110  0.015186194342  0.005526650925  0.009069118466  0.009069118466  0.010087144261  0.012124860669  0.012120406295  0.009577860087  0.005021651309  0.000000000000  0.005021651309  0.008560918245  0.009069118466  0.011605757753  0.008053258272  0.006535676497  
piranga_rubra_sdsu2635 0.014159511177  0.015695147073  0.015176754795  0.015176754795  0.014159511177  0.014159511177  0.015176754795  0.015176754795  0.011099163289  0.011099163289  0.011099163289  0.007039554484  0.006032185139  0.013651478594  0.012120406295  0.002506566812  0.006032185139  0.006032185139  0.007044861896  0.009072693554  0.009069118466  0.006538255084  0.002004199816  0.005021651309  0.000000000000  0.005526650925  0.006032185139  0.008558037844  0.005021651309  0.003511164955  
piranga_rubra_sdsu2654 0.014663713634  0.016199824140  0.015682005798  0.015682005798  0.014663713634  0.014663713634  0.015682005798  0.015682005798  0.011602418813  0.011602418813  0.011602418813  0.007541913961  0.006533508386  0.014155158391  0.012623613263  0.004013251357  0.007546137400  0.007546137400  0.008560918245  0.010592959014  0.010589359604  0.008053258272  0.003509848772  0.008560918245  0.005526650925  0.000000000000  0.003512889027  0.006029886471  0.005523022098  0.004012066457  
piranga_olivacea_ku2699 0.015176754795  0.016714234632  0.016195574167  0.016195574167  0.015176754795  0.015176754795  0.016195574167  0.016195574167  0.012112743070  0.012112743070  0.012112743070  0.008048472981  0.007039554484  0.013642930447  0.012112743070  0.004517185162  0.008053258272  0.008053258272  0.009069118466  0.011103047078  0.011099163289  0.008560918245  0.004013251357  0.009069118466  0.006032185139  0.003512889027  0.000000000000  0.006535676497  0.006027997968  0.004515722702  
piranga_olivacea_ku4672 0.017734902820  0.019277913743  0.018757157065  0.018757157065  0.017734902820  0.017734902820  0.018757157065  0.018757157065  0.014659909064  0.014659909064  0.014659909064  0.009564766954  0.009568763057  0.017224370808  0.015685967175  0.007037517330  0.010586174292  0.010586174292  0.011605757753  0.013646996142  0.013642930447  0.011095693915  0.006531751123  0.011605757753  0.008558037844  0.006029886471  0.006535676497  0.000000000000  0.008553514812  0.007035891706  
piranga_rubra_ku7046 0.011099163289  0.012627522735  0.013127888936  0.013127888936  0.012112743070  0.012112743070  0.013127888936  0.013127888936  0.009063205884  0.009063205884  0.009063205884  0.005018579646  0.004013251357  0.011605757753  0.010080099580  0.003509848772  0.007039554484  0.007039554484  0.008053258272  0.010083415216  0.010080099580  0.007546137400  0.003006976288  0.008053258272  0.005021651309  0.005523022098  0.006027997968  0.008553514812  0.000000000000  0.001501741188  
piranga_rubra_ku26592 0.010586174292  0.012112743070  0.011599495352  0.011599495352  0.010586174292  0.010586174292  0.011599495352  0.011599495352  0.007543819759  0.007543819759  0.007543819759  0.003508940848  0.002505396161  0.010080099580  0.008558037844  0.002003305002  0.005524631583  0.005524631583  0.006535676497  0.008560918245  0.008558037844  0.006029886471  0.001501741188  0.006535676497  0.003511164955  0.004012066457  0.004515722702  0.007035891706  0.001501741188  0.000000000000  

