30
cardinalis_cardinalis_ku21828 0.000000000000  0.000000000000  0.020797304808  0.016182812901  0.023895580081  0.022339667746  0.021833569527  0.022351218186  0.020289988807  0.020289988807  0.016180649410  0.014135385955  0.015155015758  0.013628884789  0.019251950914  0.019251950914  0.019251950914  0.019251950914  0.019255929096  0.017202370663  0.020283988471  0.018229355736  0.020803035145  0.018229355736  0.019253726409  0.017713828984  0.024919914031  0.019251950914  0.019251950914  0.019251950914  
cardinalis_cardinalis_ku25393 0.000000000000  0.000000000000  0.020797304808  0.016182812901  0.023895580081  0.022339667746  0.021833569527  0.022351218186  0.020289988807  0.020289988807  0.016180649410  0.014135385955  0.015155015758  0.013628884789  0.019251950914  0.019251950914  0.019251950914  0.019251950914  0.019255929096  0.017202370663  0.020283988471  0.018229355736  0.020803035145  0.018229355736  0.019253726409  0.017713828984  0.024919914031  0.019251950914  0.019251950914  0.019251950914  
piranga_roseogularis_ku2049 0.020797304808  0.020797304808  0.000000000000  0.006528945508  0.025446731578  0.023887496292  0.023374295982  0.023892453592  0.021827522839  0.021827522839  0.017715586575  0.015666030538  0.016687773074  0.015158507670  0.020793288772  0.020793288772  0.020793288772  0.020793288772  0.020797304808  0.018739429355  0.021827522839  0.019768579047  0.022347685821  0.019768579047  0.020795082306  0.019251950914  0.026473165567  0.020793288772  0.020793288772  0.020793288772  
piranga_roseogularis_ku2141 0.016182812901  0.016182812901  0.006528945508  0.000000000000  0.021837236343  0.020283988471  0.019773994671  0.020289988807  0.018234727803  0.018234727803  0.013120329921  0.011083597913  0.012099028357  0.010579127868  0.016178909590  0.016178909590  0.016178909590  0.016178909590  0.016182812901  0.014137834396  0.017206581993  0.015160517430  0.017723410356  0.015160517430  0.016180649410  0.014647179421  0.021823194683  0.016178909590  0.016178909590  0.016178909590  
piranga_erythrocephala_fmnh343371 0.023895580081  0.023895580081  0.025446731578  0.021837236343  0.000000000000  0.004515734721  0.010069739502  0.010577591286  0.008550650200  0.008550650200  0.021833569527  0.019768579047  0.020795082306  0.019261614484  0.024927175308  0.024927175308  0.024927175308  0.024927175308  0.024934180975  0.022862204798  0.025970735948  0.023899137936  0.026496338450  0.023899137936  0.024930461924  0.023377127155  0.029077711919  0.024927175308  0.024927175308  0.024927175308  
piranga_erythrocephala_fmnh343370 0.022339667746  0.022339667746  0.023887496292  0.020283988471  0.004515734721  0.000000000000  0.008549434174  0.009055386085  0.007033504394  0.007033504394  0.020281629886  0.018224491767  0.019249683068  0.017715586575  0.023369928305  0.023369928305  0.023369928305  0.023369928305  0.023374295982  0.021308937006  0.024408184814  0.022341910209  0.024930461924  0.022341910209  0.023371896233  0.021823194683  0.028552901299  0.023369928305  0.023369928305  0.023369928305  
piranga_leucoptera_fmnh481795 0.021833569527  0.021833569527  0.023374295982  0.019773994671  0.010069739502  0.008549434174  0.000000000000  0.000500262462  0.002504635188  0.002504635188  0.019771073294  0.017713828984  0.018737944461  0.017206581993  0.022856701107  0.022856701107  0.022856701107  0.022856701107  0.022862204798  0.020797304808  0.023377127155  0.021313538297  0.023899137936  0.021313538297  0.022341910209  0.021311023002  0.028552901299  0.022856701107  0.022856701107  0.022856701107  
piranga_leucoptera_lsu7783 0.022351218186  0.022351218186  0.023892453592  0.020289988807  0.010577591286  0.009055386085  0.000500262462  0.000000000000  0.003006981607  0.003006981607  0.020286774907  0.018227308139  0.019251950914  0.017720377648  0.023374295982  0.023374295982  0.023374295982  0.023374295982  0.023380389357  0.021313538297  0.023895580081  0.021830331563  0.024418451763  0.021830331563  0.022859237605  0.021827522839  0.029074651081  0.023374295982  0.023374295982  0.023374295982  
piranga_rubriceps_lsu265 0.020289988807  0.020289988807  0.021827522839  0.018234727803  0.008550650200  0.007033504394  0.002504635188  0.003006981607  0.000000000000  0.000000000000  0.018231829086  0.016178909590  0.017200902454  0.015672683062  0.021311023002  0.021311023002  0.021311023002  0.021311023002  0.021316482499  0.019255929096  0.022347685821  0.020286774907  0.022869429698  0.020286774907  0.021313538297  0.019768579047  0.026995240628  0.021311023002  0.021311023002  0.021311023002  
piranga_rubriceps_lsu34818 0.020289988807  0.020289988807  0.021827522839  0.018234727803  0.008550650200  0.007033504394  0.002504635188  0.003006981607  0.000000000000  0.000000000000  0.018231829086  0.016178909590  0.017200902454  0.015672683062  0.021311023002  0.021311023002  0.021311023002  0.021311023002  0.021316482499  0.019255929096  0.022347685821  0.020286774907  0.022869429698  0.020286774907  0.021313538297  0.019768579047  0.026995240628  0.021311023002  0.021311023002  0.021311023002  
piranga_olivacea_ku4672 0.016180649410  0.016180649410  0.017715586575  0.013120329921  0.021833569527  0.020281629886  0.019771073294  0.020286774907  0.018231829086  0.018231829086  0.000000000000  0.002004208230  0.003006981607  0.004515734721  0.010069739502  0.010069739502  0.010069739502  0.010069739502  0.010072662443  0.008045346577  0.011087805677  0.009058967726  0.011599550850  0.009058967726  0.010070992403  0.008550650200  0.015667058454  0.010069739502  0.010069739502  0.010069739502  
piranga_ludoviciana_sdsu2650 0.014135385955  0.014135385955  0.015666030538  0.011083597913  0.019768579047  0.018224491767  0.017713828984  0.018227308139  0.016178909590  0.016178909590  0.002004208230  0.000000000000  0.001000765090  0.002504276809  0.008043726739  0.008043726739  0.008043726739  0.008043726739  0.008044391003  0.006024548774  0.009056343886  0.007033876630  0.009564784772  0.007033876630  0.008043850930  0.006528832068  0.013625133438  0.008043726739  0.008043726739  0.008043726739  
piranga_olivacea_ku2699 0.015155015758  0.015155015758  0.016687773074  0.012099028357  0.020795082306  0.019249683068  0.018737944461  0.019251950914  0.017200902454  0.017200902454  0.003006981607  0.001000765090  0.000000000000  0.003508349373  0.009055532904  0.009055532904  0.009055532904  0.009055532904  0.009055656540  0.007033504394  0.010068904123  0.008043850930  0.010577591286  0.008043850930  0.009055386085  0.007538566420  0.014644517719  0.009055532904  0.009055532904  0.009055532904  
piranga_ludoviciana_sdsu2208 0.013628884789  0.013628884789  0.015158507670  0.010579127868  0.019261614484  0.017715586575  0.017206581993  0.017720377648  0.015672683062  0.015672683062  0.004515734721  0.002504276809  0.003508349373  0.000000000000  0.007539343274  0.007539343274  0.007539343274  0.007539343274  0.007541935862  0.005521830135  0.008553540596  0.006531769438  0.009063254577  0.006531769438  0.007540432352  0.006025457857  0.013117341157  0.007539343274  0.007539343274  0.007539343274  
piranga_bidentata_tepe59 0.019251950914  0.019251950914  0.020793288772  0.016178909590  0.024927175308  0.023369928305  0.022856701107  0.023374295982  0.021311023002  0.021311023002  0.010069739502  0.008043726739  0.009055532904  0.007539343274  0.000000000000  0.000000000000  0.000000000000  0.000000000000  0.005018589309  0.003006345971  0.006026532269  0.004012073807  0.006533537363  0.004012073807  0.005017661906  0.003508441572  0.010575772015  0.005017146628  0.005017146628  0.005017146628  
piranga_bidentata_hgoslp104 0.019251950914  0.019251950914  0.020793288772  0.016178909590  0.024927175308  0.023369928305  0.022856701107  0.023374295982  0.021311023002  0.021311023002  0.010069739502  0.008043726739  0.009055532904  0.007539343274  0.000000000000  0.000000000000  0.000000000000  0.000000000000  0.005018589309  0.003006345971  0.006026532269  0.004012073807  0.006533537363  0.004012073807  0.005017661906  0.003508441572  0.010575772015  0.005017146628  0.005017146628  0.005017146628  
piranga_bidentata_itm160 0.019251950914  0.019251950914  0.020793288772  0.016178909590  0.024927175308  0.023369928305  0.022856701107  0.023374295982  0.021311023002  0.021311023002  0.010069739502  0.008043726739  0.009055532904  0.007539343274  0.000000000000  0.000000000000  0.000000000000  0.000000000000  0.005018589309  0.003006345971  0.006026532269  0.004012073807  0.006533537363  0.004012073807  0.005017661906  0.003508441572  0.010575772015  0.005017146628  0.005017146628  0.005017146628  
piranga_bidentata_itm141 0.019251950914  0.019251950914  0.020793288772  0.016178909590  0.024927175308  0.023369928305  0.022856701107  0.023374295982  0.021311023002  0.021311023002  0.010069739502  0.008043726739  0.009055532904  0.007539343274  0.000000000000  0.000000000000  0.000000000000  0.000000000000  0.005018589309  0.003006345971  0.006026532269  0.004012073807  0.006533537363  0.004012073807  0.005017661906  0.003508441572  0.010575772015  0.005017146628  0.005017146628  0.005017146628  
piranga_ludoviciana_sdsu2385 0.019255929096  0.019255929096  0.020797304808  0.016182812901  0.024934180975  0.023374295982  0.022862204798  0.023380389357  0.021316482499  0.021316482499  0.010072662443  0.008044391003  0.009055656540  0.007541935862  0.005018589309  0.005018589309  0.005018589309  0.005018589309  0.000000000000  0.002003308572  0.006029918956  0.004014868011  0.006538310898  0.004014868011  0.005019928464  0.003509858076  0.010577591286  0.005018589309  0.005018589309  0.005018589309  
piranga_ludoviciana_sdsu2648 0.017202370663  0.017202370663  0.018739429355  0.014137834396  0.022862204798  0.021308937006  0.020797304808  0.021313538297  0.019255929096  0.019255929096  0.008045346577  0.006024548774  0.007033504394  0.005521830135  0.003006345971  0.003006345971  0.003006345971  0.003006345971  0.002003308572  0.000000000000  0.004013265714  0.002004208230  0.004519087271  0.002004208230  0.003006981607  0.001501742512  0.008549828535  0.003006345971  0.003006345971  0.003006345971  
piranga_flava_ku90809 0.020283988471  0.020283988471  0.021827522839  0.017206581993  0.025970735948  0.024408184814  0.023377127155  0.023895580081  0.022347685821  0.022347685821  0.011087805677  0.009056343886  0.010068904123  0.008553540596  0.006026532269  0.006026532269  0.006026532269  0.006026532269  0.006029918956  0.004013265714  0.000000000000  0.002002817704  0.004515734721  0.002002817704  0.003006120481  0.004515734721  0.011593233932  0.006026532269  0.006026532269  0.006026532269  
piranga_hepatica_ku9084 0.018229355736  0.018229355736  0.019768579047  0.015160517430  0.023899137936  0.022341910209  0.021313538297  0.021830331563  0.020286774907  0.020286774907  0.009058967726  0.007033876630  0.008043850930  0.006531769438  0.004012073807  0.004012073807  0.004012073807  0.004012073807  0.004014868011  0.002004208230  0.002002817704  0.000000000000  0.002505403035  0.000000000000  0.001000765090  0.002505403035  0.009563398126  0.004012073807  0.004012073807  0.004012073807  
piranga_hepatica_ku4970 0.020803035145  0.020803035145  0.022347685821  0.017723410356  0.026496338450  0.024930461924  0.023899137936  0.024418451763  0.022869429698  0.022869429698  0.011599550850  0.009564784772  0.010577591286  0.009063254577  0.006533537363  0.006533537363  0.006533537363  0.006533537363  0.006538310898  0.004519087271  0.004515734721  0.002505403035  0.000000000000  0.002505403035  0.003508944597  0.005021678999  0.012104401696  0.006533537363  0.006533537363  0.006533537363  
piranga_flava_lsu15408 0.018229355736  0.018229355736  0.019768579047  0.015160517430  0.023899137936  0.022341910209  0.021313538297  0.021830331563  0.020286774907  0.020286774907  0.009058967726  0.007033876630  0.008043850930  0.006531769438  0.004012073807  0.004012073807  0.004012073807  0.004012073807  0.004014868011  0.002004208230  0.002002817704  0.000000000000  0.002505403035  0.000000000000  0.001000765090  0.002505403035  0.009563398126  0.004012073807  0.004012073807  0.004012073807  
piranga_lutea_ku89864 0.019253726409  0.019253726409  0.020795082306  0.016180649410  0.024930461924  0.023371896233  0.022341910209  0.022859237605  0.021313538297  0.021313538297  0.010070992403  0.008043850930  0.009055386085  0.007540432352  0.005017661906  0.005017661906  0.005017661906  0.005017661906  0.005019928464  0.003006981607  0.003006120481  0.001000765090  0.003508944597  0.001000765090  0.000000000000  0.003508944597  0.010576472541  0.005017661906  0.005017661906  0.005017661906  
piranga_lutea_lsu5400 0.017713828984  0.017713828984  0.019251950914  0.014647179421  0.023377127155  0.021823194683  0.021311023002  0.021827522839  0.019768579047  0.019768579047  0.008550650200  0.006528832068  0.007538566420  0.006025457857  0.003508441572  0.003508441572  0.003508441572  0.003508441572  0.003509858076  0.001501742512  0.004515734721  0.002505403035  0.005021678999  0.002505403035  0.003508944597  0.000000000000  0.009055656540  0.003508441572  0.003508441572  0.003508441572  
piranga_rubra_ku7046 0.024919914031  0.024919914031  0.026473165567  0.021823194683  0.029077711919  0.028552901299  0.028552901299  0.029074651081  0.026995240628  0.026995240628  0.015667058454  0.013625133438  0.014644517719  0.013117341157  0.010575772015  0.010575772015  0.010575772015  0.010575772015  0.010577591286  0.008549828535  0.011593233932  0.009563398126  0.012104401696  0.009563398126  0.010576472541  0.009055656540  0.000000000000  0.005520653848  0.005520653848  0.005520653848  
piranga_rubra_sdsu2635 0.019251950914  0.019251950914  0.020793288772  0.016178909590  0.024927175308  0.023369928305  0.022856701107  0.023374295982  0.021311023002  0.021311023002  0.010069739502  0.008043726739  0.009055532904  0.007539343274  0.005017146628  0.005017146628  0.005017146628  0.005017146628  0.005018589309  0.003006345971  0.006026532269  0.004012073807  0.006533537363  0.004012073807  0.005017661906  0.003508441572  0.005520653848  0.000000000000  0.000000000000  0.000000000000  
piranga_rubra_sdsu2654 0.019251950914  0.019251950914  0.020793288772  0.016178909590  0.024927175308  0.023369928305  0.022856701107  0.023374295982  0.021311023002  0.021311023002  0.010069739502  0.008043726739  0.009055532904  0.007539343274  0.005017146628  0.005017146628  0.005017146628  0.005017146628  0.005018589309  0.003006345971  0.006026532269  0.004012073807  0.006533537363  0.004012073807  0.005017661906  0.003508441572  0.005520653848  0.000000000000  0.000000000000  0.000000000000  
piranga_rubra_ku26592 0.019251950914  0.019251950914  0.020793288772  0.016178909590  0.024927175308  0.023369928305  0.022856701107  0.023374295982  0.021311023002  0.021311023002  0.010069739502  0.008043726739  0.009055532904  0.007539343274  0.005017146628  0.005017146628  0.005017146628  0.005017146628  0.005018589309  0.003006345971  0.006026532269  0.004012073807  0.006533537363  0.004012073807  0.005017661906  0.003508441572  0.005520653848  0.000000000000  0.000000000000  0.000000000000  

