30
piranga_rubra_ku26592 0.000000000000  0.003018575561  0.001536250533  0.009212913701  0.006054792117  0.001507791679  0.003018575561  0.003018575561  0.003018575561  0.004547979667  0.003018575561  0.004534231863  0.007569916412  0.004608855084  0.004534231863  0.003055468273  0.007580288158  0.006049524753  0.004632249641  0.006063971240  0.006054792117  0.003018575561  0.006297964665  0.004534231863  0.006054792117  0.001577447600  0.001555366005  0.004532263495  0.003018575561  0.007591797977  
piranga_flava_ku90809 0.003018575561  0.000000000000  0.000000000000  0.006129012747  0.003021742033  0.001508442364  0.000000000000  0.003021742033  0.000000000000  0.001513006935  0.000000000000  0.001508442364  0.004532263495  0.001533221257  0.001508442364  0.000000000000  0.004539930390  0.003019130815  0.001540985215  0.003026314419  0.003021742033  0.000000000000  0.003141867315  0.001508442364  0.003021742033  0.001577447600  0.001555366005  0.001507791679  0.000000000000  0.004546811179  
piranga_ludoviciana_sdsu2385 0.001536250533  0.000000000000  0.000000000000  0.006243819424  0.003077539409  0.001536250533  0.000000000000  0.003077539409  0.000000000000  0.001536250533  0.000000000000  0.001536250533  0.003074254883  0.001561959226  0.001536250533  0.000000000000  0.004623899788  0.001535575636  0.001570017731  0.003082282349  0.003077539409  0.000000000000  0.003202233385  0.001536250533  0.003077539409  0.001577447600  0.001555366005  0.001535575636  0.000000000000  0.004631037663  
piranga_rubriceps_lsu265 0.009212913701  0.006129012747  0.006243819424  0.000000000000  0.006129012747  0.007673355920  0.006129012747  0.009222790747  0.006129012747  0.004603814790  0.006129012747  0.007673355920  0.010756156264  0.006157316775  0.007673355920  0.006129012747  0.004589727874  0.009206896495  0.004638197611  0.006138418465  0.006129012747  0.006129012747  0.001569312839  0.007673355920  0.006129012747  0.004779860548  0.007916340317  0.007666116137  0.006129012747  0.006138418465  
piranga_leucoptera_lsu7783 0.006054792117  0.003021742033  0.003077539409  0.006129012747  0.000000000000  0.004539930390  0.003021742033  0.006063039123  0.003021742033  0.004553712857  0.003021742033  0.004539930390  0.007573223355  0.004610890725  0.004539930390  0.003058712725  0.007591100230  0.006050283782  0.004638197611  0.006072243313  0.003021742033  0.003021742033  0.004719701485  0.004539930390  0.003021742033  0.001577447600  0.004681626585  0.004534231863  0.003021742033  0.007602642967  
cardinalis_cardinalis_ku25393 0.001507791679  0.001508442364  0.001536250533  0.007673355920  0.004539930390  0.000000000000  0.001508442364  0.001508442364  0.001508442364  0.003030900664  0.001508442364  0.003021742033  0.006050283782  0.003069536606  0.003021742033  0.001526867918  0.006063039123  0.004532263495  0.003087039931  0.004546811179  0.004539930390  0.001508442364  0.004719701485  0.003021742033  0.004539930390  0.001577447600  0.001555366005  0.003018575561  0.001508442364  0.006072243313  
piranga_olivacea_ku2699 0.003018575561  0.000000000000  0.000000000000  0.006129012747  0.003021742033  0.001508442364  0.000000000000  0.003021742033  0.000000000000  0.001513006935  0.000000000000  0.001508442364  0.004532263495  0.001533221257  0.001508442364  0.000000000000  0.004539930390  0.003019130815  0.001540985215  0.003026314419  0.003021742033  0.000000000000  0.003141867315  0.001508442364  0.003021742033  0.001577447600  0.001555366005  0.001507791679  0.000000000000  0.004546811179  
cardinalis_cardinalis_ku21828 0.003018575561  0.003021742033  0.003077539409  0.009222790747  0.006063039123  0.001508442364  0.003021742033  0.000000000000  0.003021742033  0.004553712857  0.003021742033  0.004539930390  0.007573223355  0.004610890725  0.004539930390  0.003058712725  0.007591100230  0.006050283782  0.004638197611  0.006072243313  0.006063039123  0.003021742033  0.006302850922  0.004539930390  0.006063039123  0.003160207859  0.003115896728  0.004534231863  0.003021742033  0.007602642967  
piranga_rubra_ku7046 0.003018575561  0.000000000000  0.000000000000  0.006129012747  0.003021742033  0.001508442364  0.000000000000  0.003021742033  0.000000000000  0.001513006935  0.000000000000  0.001508442364  0.004532263495  0.001533221257  0.001508442364  0.000000000000  0.004539930390  0.003019130815  0.001540985215  0.003026314419  0.003021742033  0.000000000000  0.003141867315  0.001508442364  0.003021742033  0.001577447600  0.001555366005  0.001507791679  0.000000000000  0.004546811179  
piranga_bidentata_hgoslp104 0.004547979667  0.001513006935  0.001536250533  0.004603814790  0.004553712857  0.003030900664  0.001513006935  0.004553712857  0.001513006935  0.000000000000  0.001513006935  0.003030900664  0.004547979667  0.003078987688  0.003030900664  0.001531544855  0.003030900664  0.003027714963  0.001545749173  0.001515299596  0.004553712857  0.001513006935  0.003151769776  0.003030900664  0.004553712857  0.003160207859  0.003115896728  0.003027714963  0.001513006935  0.003035500831  
piranga_ludoviciana_sdsu2648 0.003018575561  0.000000000000  0.000000000000  0.006129012747  0.003021742033  0.001508442364  0.000000000000  0.003021742033  0.000000000000  0.001513006935  0.000000000000  0.001508442364  0.004532263495  0.001533221257  0.001508442364  0.000000000000  0.004539930390  0.003019130815  0.001540985215  0.003026314419  0.003021742033  0.000000000000  0.003141867315  0.001508442364  0.003021742033  0.001577447600  0.001555366005  0.001507791679  0.000000000000  0.004546811179  
piranga_roseogularis_ku2049 0.004534231863  0.001508442364  0.001536250533  0.007673355920  0.004539930390  0.003021742033  0.001508442364  0.004539930390  0.001508442364  0.003030900664  0.001508442364  0.000000000000  0.006050283782  0.003069536606  0.003021742033  0.001526867918  0.006063039123  0.004532263495  0.003087039931  0.004546811179  0.004539930390  0.001508442364  0.003141867315  0.000000000000  0.004539930390  0.003160207859  0.003115896728  0.003018575561  0.001508442364  0.006072243313  
piranga_hepatica_ku4970 0.007569916412  0.004532263495  0.003074254883  0.010756156264  0.007573223355  0.006050283782  0.004532263495  0.007573223355  0.004532263495  0.004547979667  0.004532263495  0.006050283782  0.000000000000  0.003069536606  0.006050283782  0.004587710918  0.009101114199  0.004532263495  0.006181177287  0.007584711650  0.007573223355  0.004532263495  0.007880108655  0.006050283782  0.007573223355  0.004742082832  0.004675566672  0.003018575561  0.004532263495  0.009114940519  
piranga_hepatica_ku9084 0.004608855084  0.001533221257  0.001561959226  0.006157316775  0.004610890725  0.003069536606  0.001533221257  0.004610890725  0.001533221257  0.003078987688  0.001533221257  0.003069536606  0.003069536606  0.000000000000  0.003069536606  0.001533221257  0.003069536606  0.001533221257  0.003083735088  0.004617988445  0.004610890725  0.001533221257  0.004717568408  0.003069536606  0.004610890725  0.003197114422  0.003166741063  0.000000000000  0.001533221257  0.004617988445  
piranga_rubra_sdsu2654 0.004534231863  0.001508442364  0.001536250533  0.007673355920  0.004539930390  0.003021742033  0.001508442364  0.004539930390  0.001508442364  0.003030900664  0.001508442364  0.003021742033  0.006050283782  0.003069536606  0.000000000000  0.001526867918  0.006063039123  0.004532263495  0.003087039931  0.004546811179  0.004539930390  0.001508442364  0.004719701485  0.003021742033  0.004539930390  0.003160207859  0.003115896728  0.003018575561  0.001508442364  0.006072243313  
piranga_flava_lsu15408 0.003055468273  0.000000000000  0.000000000000  0.006129012747  0.003058712725  0.001526867918  0.000000000000  0.003058712725  0.000000000000  0.001531544855  0.000000000000  0.001526867918  0.004587710918  0.001533221257  0.001526867918  0.000000000000  0.001526867918  0.003056037218  0.001540985215  0.003063397768  0.003058712725  0.000000000000  0.003141867315  0.001526867918  0.003058712725  0.001589988228  0.001574963176  0.001526201240  0.000000000000  0.003063397768  
piranga_lutea_lsu5400 0.007580288158  0.004539930390  0.004623899788  0.004589727874  0.007591100230  0.006063039123  0.004539930390  0.007591100230  0.004539930390  0.003030900664  0.004539930390  0.006063039123  0.009101114199  0.003069536606  0.006063039123  0.001526867918  0.000000000000  0.007573223355  0.001540985215  0.004546811179  0.007591100230  0.004539930390  0.003141867315  0.006063039123  0.007591100230  0.006341810338  0.006252590334  0.006054792117  0.004539930390  0.003026314419  
piranga_olivacea_ku4672 0.006049524753  0.003019130815  0.001535575636  0.009206896495  0.006050283782  0.004532263495  0.003019130815  0.006050283782  0.003019130815  0.003027714963  0.003019130815  0.004532263495  0.004532263495  0.001533221257  0.004532263495  0.003056037218  0.007573223355  0.000000000000  0.004630195055  0.006059449193  0.006050283782  0.003019130815  0.006297141977  0.004532263495  0.006050283782  0.003156744451  0.003112529793  0.001507791679  0.003019130815  0.007584711650  
piranga_ludoviciana_sdsu2208 0.004632249641  0.001540985215  0.001570017731  0.004638197611  0.004638197611  0.003087039931  0.001540985215  0.004638197611  0.001540985215  0.001545749173  0.001540985215  0.003087039931  0.006181177287  0.003083735088  0.003087039931  0.001540985215  0.001540985215  0.004630195055  0.000000000000  0.003091812222  0.004638197611  0.001540985215  0.004719701485  0.003087039931  0.004638197611  0.003216107702  0.003185374065  0.003083735088  0.001540985215  0.003091812222  
piranga_bidentata_itm160 0.006063971240  0.003026314419  0.003082282349  0.006138418465  0.006072243313  0.004546811179  0.003026314419  0.006072243313  0.003026314419  0.001515299596  0.003026314419  0.004546811179  0.007584711650  0.004617988445  0.004546811179  0.003063397768  0.004546811179  0.006059449193  0.003091812222  0.000000000000  0.006072243313  0.003026314419  0.004727138423  0.004546811179  0.006072243313  0.004755844163  0.004688943940  0.004541095360  0.003026314419  0.001510721201  
piranga_leucoptera_fmnh481795 0.006054792117  0.003021742033  0.003077539409  0.006129012747  0.003021742033  0.004539930390  0.003021742033  0.006063039123  0.003021742033  0.004553712857  0.003021742033  0.004539930390  0.007573223355  0.004610890725  0.004539930390  0.003058712725  0.007591100230  0.006050283782  0.004638197611  0.006072243313  0.000000000000  0.003021742033  0.004719701485  0.004539930390  0.003021742033  0.001577447600  0.004681626585  0.004534231863  0.003021742033  0.007602642967  
piranga_lutea_ku89864 0.003018575561  0.000000000000  0.000000000000  0.006129012747  0.003021742033  0.001508442364  0.000000000000  0.003021742033  0.000000000000  0.001513006935  0.000000000000  0.001508442364  0.004532263495  0.001533221257  0.001508442364  0.000000000000  0.004539930390  0.003019130815  0.001540985215  0.003026314419  0.003021742033  0.000000000000  0.003141867315  0.001508442364  0.003021742033  0.001577447600  0.001555366005  0.001507791679  0.000000000000  0.004546811179  
piranga_rubriceps_lsu34818 0.006297964665  0.003141867315  0.003202233385  0.001569312839  0.004719701485  0.004719701485  0.003141867315  0.006302850922  0.003141867315  0.003151769776  0.003141867315  0.003141867315  0.007880108655  0.004717568408  0.004719701485  0.003141867315  0.003141867315  0.006297141977  0.004719701485  0.004727138423  0.004719701485  0.003141867315  0.000000000000  0.003141867315  0.004719701485  0.003275659516  0.004873030747  0.004717568408  0.003141867315  0.004727138423  
piranga_roseogularis_ku2141 0.004534231863  0.001508442364  0.001536250533  0.007673355920  0.004539930390  0.003021742033  0.001508442364  0.004539930390  0.001508442364  0.003030900664  0.001508442364  0.000000000000  0.006050283782  0.003069536606  0.003021742033  0.001526867918  0.006063039123  0.004532263495  0.003087039931  0.004546811179  0.004539930390  0.001508442364  0.003141867315  0.000000000000  0.004539930390  0.003160207859  0.003115896728  0.003018575561  0.001508442364  0.006072243313  
piranga_erythrocephala_fmnh343371 0.006054792117  0.003021742033  0.003077539409  0.006129012747  0.003021742033  0.004539930390  0.003021742033  0.006063039123  0.003021742033  0.004553712857  0.003021742033  0.004539930390  0.007573223355  0.004610890725  0.004539930390  0.003058712725  0.007591100230  0.006050283782  0.004638197611  0.006072243313  0.003021742033  0.003021742033  0.004719701485  0.004539930390  0.000000000000  0.000000000000  0.003115896728  0.004534231863  0.003021742033  0.007602642967  
piranga_erythrocephala_fmnh343370 0.001577447600  0.001577447600  0.001577447600  0.004779860548  0.001577447600  0.001577447600  0.001577447600  0.003160207859  0.001577447600  0.003160207859  0.001577447600  0.003160207859  0.004742082832  0.003197114422  0.003160207859  0.001589988228  0.006341810338  0.003156744451  0.003216107702  0.004755844163  0.001577447600  0.001577447600  0.003275659516  0.003160207859  0.000000000000  0.000000000000  0.003160207859  0.003156744451  0.001577447600  0.006351881097  
piranga_ludoviciana_sdsu2650 0.001555366005  0.001555366005  0.001555366005  0.007916340317  0.004681626585  0.001555366005  0.001555366005  0.003115896728  0.001555366005  0.003115896728  0.001555366005  0.003115896728  0.004675566672  0.003166741063  0.003115896728  0.001574963176  0.006252590334  0.003112529793  0.003185374065  0.004688943940  0.004681626585  0.001555366005  0.004873030747  0.003115896728  0.003115896728  0.003160207859  0.000000000000  0.003112529793  0.001555366005  0.006262379502  
piranga_bidentata_tepe59 0.004532263495  0.001507791679  0.001535575636  0.007666116137  0.004534231863  0.003018575561  0.001507791679  0.004534231863  0.001507791679  0.003027714963  0.001507791679  0.003018575561  0.003018575561  0.000000000000  0.003018575561  0.001526201240  0.006054792117  0.001507791679  0.003083735088  0.004541095360  0.004534231863  0.001507791679  0.004717568408  0.003018575561  0.004534231863  0.003156744451  0.003112529793  0.000000000000  0.001507791679  0.006063971240  
piranga_rubra_sdsu2635 0.003018575561  0.000000000000  0.000000000000  0.006129012747  0.003021742033  0.001508442364  0.000000000000  0.003021742033  0.000000000000  0.001513006935  0.000000000000  0.001508442364  0.004532263495  0.001533221257  0.001508442364  0.000000000000  0.004539930390  0.003019130815  0.001540985215  0.003026314419  0.003021742033  0.000000000000  0.003141867315  0.001508442364  0.003021742033  0.001577447600  0.001555366005  0.001507791679  0.000000000000  0.004546811179  
piranga_bidentata_itm141 0.007591797977  0.004546811179  0.004631037663  0.006138418465  0.007602642967  0.006072243313  0.004546811179  0.007602642967  0.004546811179  0.003035500831  0.004546811179  0.006072243313  0.009114940519  0.004617988445  0.006072243313  0.003063397768  0.003026314419  0.007584711650  0.003091812222  0.001510721201  0.007602642967  0.004546811179  0.004727138423  0.006072243313  0.007602642967  0.006351881097  0.006262379502  0.006063971240  0.004546811179  0.000000000000  

