30
cardinalis_cardinalis_ku21828 0.000000000000  0.000000000000  0.002004245740  0.002004245740  0.003511272843  0.002004245740  0.004013365401  0.002004245740  0.002506638670  0.002004245740  0.006030144372  0.006030144372  0.002004245740  0.003511272843  0.002004245740  0.003008091327  0.010593777404  0.005020072158  0.005529375852  0.009077450743  0.008568592291  0.005529375852  0.005024041260  0.005024041260  0.002004245740  0.003009566465  0.003511272843  0.009575049682  0.009575049682  0.005021848804  
cardinalis_cardinalis_ku25393 0.000000000000  0.000000000000  0.002004245740  0.002004245740  0.003511272843  0.002004245740  0.004013365401  0.002004245740  0.002506638670  0.002004245740  0.006030144372  0.006030144372  0.002004245740  0.003511272843  0.002004245740  0.003008091327  0.010593777404  0.005020072158  0.005529375852  0.009077450743  0.008568592291  0.005529375852  0.005024041260  0.005024041260  0.002004245740  0.003009566465  0.003511272843  0.009575049682  0.009575049682  0.005021848804  
piranga_ludoviciana_sdsu2650 0.002004245740  0.002004245740  0.000000000000  0.000000000000  0.001501754658  0.000000000000  0.002002834541  0.000000000000  0.000500264796  0.000000000000  0.004012155070  0.004012155070  0.000000000000  0.001501754658  0.000000000000  0.001000707946  0.008558514139  0.003006383932  0.003511272843  0.007045297514  0.006538622205  0.003511272843  0.003008091327  0.003008091327  0.000000000000  0.001001059934  0.001501754658  0.007544161363  0.007544161363  0.003007030359  
piranga_lutea_ku89864 0.002004245740  0.002004245740  0.000000000000  0.000000000000  0.001501754658  0.000000000000  0.002002834541  0.000000000000  0.000500264796  0.000000000000  0.004012155070  0.004012155070  0.000000000000  0.001501754658  0.000000000000  0.001000707946  0.008558514139  0.003006383932  0.003511272843  0.007045297514  0.006538622205  0.003511272843  0.003008091327  0.003008091327  0.000000000000  0.001001059934  0.001501754658  0.007544161363  0.007544161363  0.003007030359  
piranga_roseogularis_ku2049 0.003511272843  0.003511272843  0.001501754658  0.001501754658  0.000000000000  0.001501754658  0.003509001829  0.001501754658  0.002003333370  0.001501754658  0.005523194089  0.005523194089  0.001501754658  0.003007030359  0.001501754658  0.002504665615  0.010080753393  0.004514767476  0.005021848804  0.008564814345  0.008056791184  0.005021848804  0.004517337984  0.004517337984  0.001501754658  0.002505445215  0.003007030359  0.009063699572  0.009063699572  0.004515844798  
piranga_ludoviciana_sdsu2648 0.002004245740  0.002004245740  0.000000000000  0.000000000000  0.001501754658  0.000000000000  0.002002834541  0.000000000000  0.000500264796  0.000000000000  0.004012155070  0.004012155070  0.000000000000  0.001501754658  0.000000000000  0.001000707946  0.008558514139  0.003006383932  0.003511272843  0.007045297514  0.006538622205  0.003511272843  0.003008091327  0.003008091327  0.000000000000  0.001001059934  0.001501754658  0.007544161363  0.007544161363  0.003007030359  
piranga_olivacea_ku4672 0.004013365401  0.004013365401  0.002002834541  0.002002834541  0.003509001829  0.002002834541  0.000000000000  0.002002834541  0.002504665615  0.002002834541  0.006026704439  0.006026704439  0.002002834541  0.003509001829  0.002002834541  0.003006383932  0.010586848691  0.005017767786  0.005524838298  0.009069736888  0.008561454838  0.005524838298  0.005020072158  0.005020072158  0.002002834541  0.003007030359  0.003509001829  0.009569276063  0.009569276063  0.005018711694  
piranga_flava_lsu15408 0.002004245740  0.002004245740  0.000000000000  0.000000000000  0.001501754658  0.000000000000  0.002002834541  0.000000000000  0.000500264796  0.000000000000  0.004012155070  0.004012155070  0.000000000000  0.001501754658  0.000000000000  0.001000707946  0.008558514139  0.003006383932  0.003511272843  0.007045297514  0.006538622205  0.003511272843  0.003008091327  0.003008091327  0.000000000000  0.001001059934  0.001501754658  0.007544161363  0.007544161363  0.003007030359  
piranga_roseogularis_ku2141 0.002506638670  0.002506638670  0.000500264796  0.000500264796  0.002003333370  0.000500264796  0.002504665615  0.000500264796  0.000000000000  0.000500264796  0.004515844798  0.004515844798  0.000500264796  0.002003333370  0.000500264796  0.001501754658  0.009066508478  0.003509001829  0.004014990907  0.007552516852  0.007045297514  0.004014990907  0.003511272843  0.003511272843  0.000500264796  0.001502386539  0.002003333370  0.008051065491  0.008051065491  0.003509929907  
piranga_bidentata_hgoslp104 0.002004245740  0.002004245740  0.000000000000  0.000000000000  0.001501754658  0.000000000000  0.002002834541  0.000000000000  0.000500264796  0.000000000000  0.004012155070  0.004012155070  0.000000000000  0.001501754658  0.000000000000  0.001000707946  0.008558514139  0.003006383932  0.003511272843  0.007045297514  0.006538622205  0.003511272843  0.003008091327  0.003008091327  0.000000000000  0.001001059934  0.001501754658  0.007544161363  0.007544161363  0.003007030359  
piranga_ludoviciana_sdsu2385 0.006030144372  0.006030144372  0.004012155070  0.004012155070  0.005523194089  0.004012155070  0.006026704439  0.004012155070  0.004515844798  0.004012155070  0.000000000000  0.000000000000  0.004012155070  0.005523194089  0.004012155070  0.005018711694  0.012624600115  0.007036137532  0.007546528490  0.011103966292  0.010593777404  0.007546528490  0.007039881850  0.007039881850  0.004012155070  0.005020072158  0.005523194089  0.011603206226  0.011603206226  0.007037800587  
piranga_ludoviciana_sdsu2208 0.006030144372  0.006030144372  0.004012155070  0.004012155070  0.005523194089  0.004012155070  0.006026704439  0.004012155070  0.004515844798  0.004012155070  0.000000000000  0.000000000000  0.004012155070  0.005523194089  0.004012155070  0.005018711694  0.012624600115  0.007036137532  0.007546528490  0.011103966292  0.010593777404  0.007546528490  0.007039881850  0.007039881850  0.004012155070  0.005020072158  0.005523194089  0.011603206226  0.011603206226  0.007037800587  
piranga_erythrocephala_fmnh343370 0.002004245740  0.002004245740  0.000000000000  0.000000000000  0.001501754658  0.000000000000  0.002002834541  0.000000000000  0.000500264796  0.000000000000  0.004012155070  0.004012155070  0.000000000000  0.001501754658  0.000000000000  0.001000707946  0.008558514139  0.003006383932  0.003511272843  0.007045297514  0.006538622205  0.003511272843  0.003008091327  0.003008091327  0.000000000000  0.001001059934  0.001501754658  0.007544161363  0.007544161363  0.003007030359  
piranga_flava_ku90809 0.003511272843  0.003511272843  0.001501754658  0.001501754658  0.003007030359  0.001501754658  0.003509001829  0.001501754658  0.002003333370  0.001501754658  0.005523194089  0.005523194089  0.001501754658  0.000000000000  0.001501754658  0.002504665615  0.010080753393  0.004514767476  0.005021848804  0.008564814345  0.008056791184  0.005021848804  0.004517337984  0.004517337984  0.001501754658  0.002505445215  0.003007030359  0.009063699572  0.009063699572  0.004515844798  
piranga_hepatica_ku9084 0.002004245740  0.002004245740  0.000000000000  0.000000000000  0.001501754658  0.000000000000  0.002002834541  0.000000000000  0.000500264796  0.000000000000  0.004012155070  0.004012155070  0.000000000000  0.001501754658  0.000000000000  0.001000707946  0.008558514139  0.003006383932  0.003511272843  0.007045297514  0.006538622205  0.003511272843  0.003008091327  0.003008091327  0.000000000000  0.001001059934  0.001501754658  0.007544161363  0.007544161363  0.003007030359  
piranga_bidentata_tepe59 0.003008091327  0.003008091327  0.001000707946  0.001000707946  0.002504665615  0.001000707946  0.003006383932  0.001000707946  0.001501754658  0.001000707946  0.005018711694  0.005018711694  0.001000707946  0.002504665615  0.001000707946  0.000000000000  0.007546528490  0.002002834541  0.004517337984  0.008056791184  0.007549313776  0.004517337984  0.004013365401  0.004013365401  0.001000707946  0.002003333370  0.002504665615  0.008555992620  0.008555992620  0.004012155070  
piranga_bidentata_itm160 0.010593777404  0.010593777404  0.008558514139  0.008558514139  0.010080753393  0.008558514139  0.010586848691  0.008558514139  0.009066508478  0.008558514139  0.012624600115  0.012624600115  0.008558514139  0.010080753393  0.008558514139  0.007546528490  0.000000000000  0.005526899010  0.011100001632  0.014679201161  0.014165714115  0.011100001632  0.010590102619  0.011610451622  0.008558514139  0.009575049682  0.010080753393  0.016206149608  0.016206149608  0.011606617979  
piranga_bidentata_itm141 0.005020072158  0.005020072158  0.003006383932  0.003006383932  0.004514767476  0.003006383932  0.005017767786  0.003006383932  0.003509001829  0.003006383932  0.007036137532  0.007036137532  0.003006383932  0.004514767476  0.003006383932  0.002002834541  0.005526899010  0.000000000000  0.006533778010  0.010084138930  0.009575049682  0.006533778010  0.006028215809  0.006028215809  0.003006383932  0.004012155070  0.004514767476  0.010584015995  0.010584015995  0.006026704439  
piranga_erythrocephala_fmnh343371 0.005529375852  0.005529375852  0.003511272843  0.003511272843  0.005021848804  0.003511272843  0.005524838298  0.003511272843  0.004014990907  0.003511272843  0.007546528490  0.007546528490  0.003511272843  0.005021848804  0.003511272843  0.004517337984  0.011100001632  0.006533778010  0.000000000000  0.008572788309  0.008064189334  0.005026649159  0.004521570464  0.006538622205  0.003511272843  0.004519246663  0.005021848804  0.011100001632  0.011100001632  0.005524838298  
piranga_rubriceps_lsu265 0.009077450743  0.009077450743  0.007045297514  0.007045297514  0.008564814345  0.007045297514  0.009069736888  0.007045297514  0.007552516852  0.007045297514  0.011103966292  0.011103966292  0.007045297514  0.008564814345  0.007045297514  0.008056791184  0.014679201161  0.010084138930  0.008572788309  0.000000000000  0.001501536004  0.005529375852  0.005024041260  0.010092170111  0.007045297514  0.008060281386  0.008564814345  0.014679201161  0.014679201161  0.010087944625  
piranga_rubriceps_lsu34818 0.008568592291  0.008568592291  0.006538622205  0.006538622205  0.008056791184  0.006538622205  0.008561454838  0.006538622205  0.007045297514  0.006538622205  0.010593777404  0.010593777404  0.006538622205  0.008056791184  0.006538622205  0.007549313776  0.014165714115  0.009575049682  0.008064189334  0.001501536004  0.000000000000  0.005024041260  0.004519246663  0.009582502627  0.006538622205  0.007552516852  0.008056791184  0.014165714115  0.014165714115  0.009578566424  
piranga_leucoptera_fmnh481795 0.005529375852  0.005529375852  0.003511272843  0.003511272843  0.005021848804  0.003511272843  0.005524838298  0.003511272843  0.004014990907  0.003511272843  0.007546528490  0.007546528490  0.003511272843  0.005021848804  0.003511272843  0.004517337984  0.011100001632  0.006533778010  0.005026649159  0.005529375852  0.005024041260  0.000000000000  0.001502386539  0.006538622205  0.003511272843  0.004519246663  0.005021848804  0.011100001632  0.011100001632  0.006535991536  
piranga_leucoptera_lsu7783 0.005024041260  0.005024041260  0.003008091327  0.003008091327  0.004517337984  0.003008091327  0.005020072158  0.003008091327  0.003511272843  0.003008091327  0.007039881850  0.007039881850  0.003008091327  0.004517337984  0.003008091327  0.004013365401  0.010590102619  0.006028215809  0.004521570464  0.005024041260  0.004519246663  0.001502386539  0.000000000000  0.006032489757  0.003008091327  0.004014990907  0.004517337984  0.010590102619  0.010590102619  0.006030144372  
piranga_lutea_lsu5400 0.005024041260  0.005024041260  0.003008091327  0.003008091327  0.004517337984  0.003008091327  0.005020072158  0.003008091327  0.003511272843  0.003008091327  0.007039881850  0.007039881850  0.003008091327  0.004517337984  0.003008091327  0.004013365401  0.011610451622  0.006028215809  0.006538622205  0.010092170111  0.009582502627  0.006538622205  0.006032489757  0.000000000000  0.003008091327  0.004014990907  0.004517337984  0.010590102619  0.010590102619  0.006030144372  
piranga_hepatica_ku4970 0.002004245740  0.002004245740  0.000000000000  0.000000000000  0.001501754658  0.000000000000  0.002002834541  0.000000000000  0.000500264796  0.000000000000  0.004012155070  0.004012155070  0.000000000000  0.001501754658  0.000000000000  0.001000707946  0.008558514139  0.003006383932  0.003511272843  0.007045297514  0.006538622205  0.003511272843  0.003008091327  0.003008091327  0.000000000000  0.001001059934  0.001501754658  0.007544161363  0.007544161363  0.003007030359  
piranga_olivacea_ku2699 0.003009566465  0.003009566465  0.001001059934  0.001001059934  0.002505445215  0.001001059934  0.003007030359  0.001001059934  0.001502386539  0.001001059934  0.005020072158  0.005020072158  0.001001059934  0.002505445215  0.001001059934  0.002003333370  0.009575049682  0.004012155070  0.004519246663  0.008060281386  0.007552516852  0.004519246663  0.004014990907  0.004014990907  0.001001059934  0.000000000000  0.002505445215  0.008558514139  0.008558514139  0.004013365401  
piranga_rubra_ku7046 0.003511272843  0.003511272843  0.001501754658  0.001501754658  0.003007030359  0.001501754658  0.003509001829  0.001501754658  0.002003333370  0.001501754658  0.005523194089  0.005523194089  0.001501754658  0.003007030359  0.001501754658  0.002504665615  0.010080753393  0.004514767476  0.005021848804  0.008564814345  0.008056791184  0.005021848804  0.004517337984  0.004517337984  0.001501754658  0.002505445215  0.000000000000  0.006028215809  0.006028215809  0.001501754658  
piranga_rubra_sdsu2635 0.009575049682  0.009575049682  0.007544161363  0.007544161363  0.009063699572  0.007544161363  0.009569276063  0.007544161363  0.008051065491  0.007544161363  0.011603206226  0.011603206226  0.007544161363  0.009063699572  0.007544161363  0.008555992620  0.016206149608  0.010584015995  0.011100001632  0.014679201161  0.014165714115  0.011100001632  0.010590102619  0.010590102619  0.007544161363  0.008558514139  0.006028215809  0.000000000000  0.000000000000  0.007544161363  
piranga_rubra_sdsu2654 0.009575049682  0.009575049682  0.007544161363  0.007544161363  0.009063699572  0.007544161363  0.009569276063  0.007544161363  0.008051065491  0.007544161363  0.011603206226  0.011603206226  0.007544161363  0.009063699572  0.007544161363  0.008555992620  0.016206149608  0.010584015995  0.011100001632  0.014679201161  0.014165714115  0.011100001632  0.010590102619  0.010590102619  0.007544161363  0.008558514139  0.006028215809  0.000000000000  0.000000000000  0.007544161363  
piranga_rubra_ku26592 0.005021848804  0.005021848804  0.003007030359  0.003007030359  0.004515844798  0.003007030359  0.005018711694  0.003007030359  0.003509929907  0.003007030359  0.007037800587  0.007037800587  0.003007030359  0.004515844798  0.003007030359  0.004012155070  0.011606617979  0.006026704439  0.005524838298  0.010087944625  0.009578566424  0.006535991536  0.006030144372  0.006030144372  0.003007030359  0.004013365401  0.001501754658  0.007544161363  0.007544161363  0.000000000000  

