30
piranga_rubra_ku26592 0.000000000000  0.006650141989  0.005697773587  0.013381940714  0.013375091242  0.011460677645  0.005124403917  0.011460677645  0.000000000000  0.002842032371  0.004442269008  0.006375915760  0.004752127086  0.003794675690  0.001892644345  0.003237705486  0.004104916224  0.007608045164  0.004223318073  0.005694322492  0.013375091242  0.005735902934  0.013381940714  0.006660231000  0.010482214000  0.005073213727  0.002916635183  0.003790518156  0.000945303157  0.005694322492  
piranga_flava_ku90809 0.006650141989  0.000000000000  0.006647116125  0.012413237383  0.012407332751  0.010494348108  0.006153402726  0.010494348108  0.000000000000  0.003788898412  0.005551098441  0.007442001174  0.001895090020  0.000000000000  0.004740577629  0.001076281470  0.003072690499  0.008559639599  0.005639664474  0.006645440568  0.012407332751  0.002858931053  0.012413237383  0.007608045164  0.009519875300  0.006776669810  0.001455897641  0.004739387550  0.005694322492  0.006645440568  
piranga_ludoviciana_sdsu2385 0.005697773587  0.006647116125  0.000000000000  0.013375091242  0.013369611646  0.009524329322  0.006153402726  0.009524329322  0.003260737527  0.002839985915  0.002215520782  0.007442001174  0.004749583996  0.002526139146  0.003790518156  0.004318423521  0.005132628720  0.005692216514  0.001404767648  0.001891505444  0.013369611646  0.005732405413  0.013375091242  0.006654514743  0.010478186624  0.005073213727  0.001455897641  0.001892644345  0.004743111062  0.001891505444  
piranga_rubriceps_lsu265 0.013381940714  0.012413237383  0.013375091242  0.000000000000  0.007613343604  0.017278252074  0.011335604382  0.017278252074  0.008194654367  0.010482214000  0.010033341280  0.012823865608  0.010507639424  0.007613842545  0.011446664930  0.009767626844  0.010316727248  0.015309647904  0.014206017463  0.013369611646  0.007613343604  0.010564905930  0.000000000000  0.014352784338  0.004746984450  0.003379969660  0.005845716141  0.011441700988  0.012413237383  0.013369611646  
piranga_leucoptera_lsu7783 0.013375091242  0.012407332751  0.013369611646  0.007613343604  0.000000000000  0.017267581186  0.011330890201  0.017267581186  0.009841337894  0.010478186624  0.011155370012  0.012815925027  0.010502230417  0.008887717787  0.011441700988  0.009761282056  0.010309915315  0.015303646844  0.015638785453  0.013365505398  0.001892644345  0.010558068812  0.007613343604  0.014344985849  0.004743111062  0.005073213727  0.004377377800  0.011438103250  0.012407332751  0.013365505398  
cardinalis_cardinalis_ku25393 0.011460677645  0.010494348108  0.009524329322  0.017278252074  0.017267581186  0.000000000000  0.011341910933  0.001892644345  0.006543852108  0.008568041123  0.008920781771  0.012833510842  0.008590638341  0.008905763894  0.009530139029  0.009775726888  0.010325123886  0.013381940714  0.011339350535  0.011446664930  0.017267581186  0.009601403499  0.017278252074  0.012429136987  0.014352784338  0.013657310481  0.005852759439  0.009524329322  0.010494348108  0.011446664930  
piranga_olivacea_ku2699 0.005124403917  0.006153402726  0.006153402726  0.011335604382  0.011330890201  0.011341910933  0.000000000000  0.011341910933  0.005020029623  0.003068716934  0.002364842835  0.007438209024  0.004103761503  0.002526139146  0.003068716934  0.004316320208  0.005204413070  0.002045570316  0.008473776138  0.006152517011  0.011330890201  0.005124403917  0.011335604382  0.007189753285  0.008218421225  0.006776669810  0.001455897641  0.004095033192  0.004095358281  0.006152517011  
cardinalis_cardinalis_ku21828 0.011460677645  0.010494348108  0.009524329322  0.017278252074  0.017267581186  0.001892644345  0.011341910933  0.000000000000  0.004899228521  0.008568041123  0.008920781771  0.012833510842  0.008590638341  0.008905763894  0.009530139029  0.009775726888  0.010325123886  0.013381940714  0.011339350535  0.011446664930  0.017267581186  0.009601403499  0.017278252074  0.012429136987  0.014352784338  0.013657310481  0.007328211704  0.009524329322  0.010494348108  0.011446664930  
piranga_rubra_ku7046 0.000000000000  0.000000000000  0.003260737527  0.008194654367  0.009841337894  0.006543852108  0.005020029623  0.004899228521  0.000000000000  0.000000000000  0.000000000000  0.000000000000  0.000000000000  0.000000000000  0.000000000000  0.000000000000  0.001631690301  0.003261321080  0.003562788673  0.003261321080  0.008187073075  0.001629032222  0.008194654367  0.001629032222  0.004899228521  0.002151179869  0.000000000000  0.001628333561  0.000000000000  0.003261321080  
piranga_bidentata_hgoslp104 0.002842032371  0.003788898412  0.002839985915  0.010482214000  0.010478186624  0.008568041123  0.003068716934  0.008568041123  0.000000000000  0.000000000000  0.001106364041  0.004240594116  0.001895090020  0.001261254237  0.000945303157  0.001076586608  0.002047664641  0.004740577629  0.004223318073  0.002839275914  0.010478186624  0.002858931053  0.010482214000  0.003793476099  0.007601497726  0.005073213727  0.000000000000  0.000945067903  0.001892644345  0.002839275914  
piranga_ludoviciana_sdsu2648 0.004442269008  0.005551098441  0.002215520782  0.010033341280  0.011155370012  0.008920781771  0.002364842835  0.008920781771  0.000000000000  0.001106364041  0.000000000000  0.006052111540  0.003332064191  0.002529333880  0.002215520782  0.002430954490  0.003616280673  0.004442269008  0.000000000000  0.003324678803  0.011155370012  0.004472953448  0.010033341280  0.004442269008  0.007785683776  0.006776669810  0.001455897641  0.001106364041  0.003327484356  0.003324678803  
piranga_roseogularis_ku2049 0.006375915760  0.007442001174  0.007442001174  0.012823865608  0.012815925027  0.012833510842  0.007438209024  0.012833510842  0.000000000000  0.004240594116  0.006052111540  0.000000000000  0.005318247458  0.005061606843  0.004240594116  0.005404475414  0.006375915760  0.007438209024  0.007060590971  0.007438209024  0.012815925027  0.006375915760  0.012823865608  0.002115599018  0.008510072475  0.008486755418  0.004377377800  0.005303784970  0.005306957850  0.007438209024  
piranga_hepatica_ku4970 0.004752127086  0.001895090020  0.004749583996  0.010507639424  0.010502230417  0.008590638341  0.004103761503  0.008590638341  0.000000000000  0.001895090020  0.003332064191  0.005318247458  0.000000000000  0.000000000000  0.002845373142  0.000000000000  0.001024735411  0.006659764342  0.005655612535  0.004748389377  0.010502230417  0.000953414553  0.010507639424  0.005708615859  0.007618578750  0.006799709884  0.001460149300  0.002844660440  0.003797715848  0.004748389377  
piranga_hepatica_ku9084 0.003794675690  0.000000000000  0.002526139146  0.007613842545  0.008887717787  0.008905763894  0.002526139146  0.008905763894  0.000000000000  0.001261254237  0.002529333880  0.005061606843  0.000000000000  0.000000000000  0.001261254237  0.000000000000  0.001261254237  0.002526139146  0.003242955377  0.003791026669  0.008887717787  0.001261254237  0.007613842545  0.003794675690  0.005061606843  0.006776669810  0.001455897641  0.001261254237  0.002526139146  0.003791026669  
piranga_rubra_sdsu2654 0.001892644345  0.004740577629  0.003790518156  0.011446664930  0.011441700988  0.009530139029  0.003068716934  0.009530139029  0.000000000000  0.000945303157  0.002215520782  0.004240594116  0.002845373142  0.001261254237  0.000000000000  0.001076586608  0.002047664641  0.005694322492  0.004223318073  0.003788898412  0.011441700988  0.003815830241  0.011446664930  0.004746984450  0.008559639599  0.005073213727  0.000000000000  0.001891505444  0.000945303157  0.003788898412  
piranga_flava_lsu15408 0.003237705486  0.001076281470  0.004318423521  0.009767626844  0.009761282056  0.009775726888  0.004316320208  0.009775726888  0.000000000000  0.001076586608  0.002430954490  0.005404475414  0.000000000000  0.000000000000  0.001076586608  0.000000000000  0.001076586608  0.004316320208  0.005639664474  0.004316320208  0.009761282056  0.001076586608  0.009767626844  0.005409505871  0.005401184620  0.006776669810  0.001455897641  0.002154339672  0.002155817429  0.004316320208  
piranga_lutea_lsu5400 0.004104916224  0.003072690499  0.005132628720  0.010316727248  0.010309915315  0.010325123886  0.005204413070  0.010325123886  0.001631690301  0.002047664641  0.003616280673  0.006375915760  0.001024735411  0.001261254237  0.002047664641  0.001076586608  0.000000000000  0.005129661248  0.007060590971  0.005129661248  0.010309915315  0.002047664641  0.010316727248  0.006171844940  0.007197145659  0.008486755418  0.002916635183  0.003072690499  0.003075086457  0.005129661248  
piranga_olivacea_ku4672 0.007608045164  0.008559639599  0.005692216514  0.015309647904  0.015303646844  0.013381940714  0.002045570316  0.013381940714  0.003261321080  0.004740577629  0.004442269008  0.007438209024  0.006659764342  0.002526139146  0.005694322492  0.004316320208  0.005129661248  0.000000000000  0.007052324349  0.005691459075  0.015303646844  0.007655029661  0.015309647904  0.008568041123  0.012402796153  0.005073213727  0.001455897641  0.005692216514  0.006650141989  0.005691459075  
piranga_ludoviciana_sdsu2208 0.004223318073  0.005639664474  0.001404767648  0.014206017463  0.015638785453  0.011339350535  0.008473776138  0.011339350535  0.003562788673  0.004223318073  0.000000000000  0.007060590971  0.005655612535  0.003242955377  0.004223318073  0.005639664474  0.007060590971  0.007052324349  0.000000000000  0.004223318073  0.015638785453  0.007060590971  0.014206017463  0.007060590971  0.009899841155  0.006776669810  0.001887286394  0.002814040693  0.004223318073  0.004223318073  
piranga_bidentata_itm160 0.005694322492  0.006645440568  0.001891505444  0.013369611646  0.013365505398  0.011446664930  0.006152517011  0.011446664930  0.003261321080  0.002839275914  0.003324678803  0.007438209024  0.004748389377  0.003791026669  0.003788898412  0.004316320208  0.005129661248  0.005691459075  0.004223318073  0.000000000000  0.013365505398  0.005730271085  0.013369611646  0.006650141989  0.010475523636  0.006771478981  0.001455897641  0.001891505444  0.004740577629  0.000000000000  
piranga_leucoptera_fmnh481795 0.013375091242  0.012407332751  0.013369611646  0.007613343604  0.001892644345  0.017267581186  0.011330890201  0.017267581186  0.008187073075  0.010478186624  0.011155370012  0.012815925027  0.010502230417  0.008887717787  0.011441700988  0.009761282056  0.010309915315  0.015303646844  0.015638785453  0.013365505398  0.000000000000  0.010558068812  0.007613343604  0.014344985849  0.004743111062  0.005073213727  0.004377377800  0.011438103250  0.012407332751  0.013365505398  
piranga_lutea_ku89864 0.005735902934  0.002858931053  0.005732405413  0.010564905930  0.010558068812  0.009601403499  0.005124403917  0.009601403499  0.001629032222  0.002858931053  0.004472953448  0.006375915760  0.000953414553  0.001261254237  0.003815830241  0.001076586608  0.002047664641  0.007655029661  0.007060590971  0.005730271085  0.010558068812  0.000000000000  0.010564905930  0.006699094770  0.007659032711  0.008486755418  0.001455897641  0.003814188756  0.004774817823  0.005730271085  
piranga_rubriceps_lsu34818 0.013381940714  0.012413237383  0.013375091242  0.000000000000  0.007613343604  0.017278252074  0.011335604382  0.017278252074  0.008194654367  0.010482214000  0.010033341280  0.012823865608  0.010507639424  0.007613842545  0.011446664930  0.009767626844  0.010316727248  0.015309647904  0.014206017463  0.013369611646  0.007613343604  0.010564905930  0.000000000000  0.014352784338  0.004746984450  0.003379969660  0.005845716141  0.011441700988  0.012413237383  0.013369611646  
piranga_roseogularis_ku2141 0.006660231000  0.007608045164  0.006654514743  0.014352784338  0.014344985849  0.012429136987  0.007189753285  0.012429136987  0.001629032222  0.003793476099  0.004442269008  0.002115599018  0.005708615859  0.003794675690  0.004746984450  0.005409505871  0.006171844940  0.008568041123  0.007060590971  0.006650141989  0.014344985849  0.006699094770  0.014352784338  0.000000000000  0.011446664930  0.008486755418  0.002916635183  0.004743111062  0.005702566404  0.006650141989  
piranga_erythrocephala_fmnh343371 0.010482214000  0.009519875300  0.010478186624  0.004746984450  0.004743111062  0.014352784338  0.008218421225  0.014352784338  0.004899228521  0.007601497726  0.007785683776  0.008510072475  0.007618578750  0.005061606843  0.008559639599  0.005401184620  0.007197145659  0.012402796153  0.009899841155  0.010475523636  0.004743111062  0.007659032711  0.004746984450  0.011446664930  0.000000000000  0.000000000000  0.002913929775  0.008557473096  0.009519875300  0.010475523636  
piranga_erythrocephala_fmnh343370 0.005073213727  0.006776669810  0.005073213727  0.003379969660  0.005073213727  0.013657310481  0.006776669810  0.013657310481  0.002151179869  0.005073213727  0.006776669810  0.008486755418  0.006799709884  0.006776669810  0.005073213727  0.006776669810  0.008486755418  0.005073213727  0.006776669810  0.006771478981  0.005073213727  0.008486755418  0.003379969660  0.008486755418  0.000000000000  0.000000000000  0.003941990955  0.005073213727  0.005073213727  0.006771478981  
piranga_ludoviciana_sdsu2650 0.002916635183  0.001455897641  0.001455897641  0.005845716141  0.004377377800  0.005852759439  0.001455897641  0.007328211704  0.000000000000  0.000000000000  0.001455897641  0.004377377800  0.001460149300  0.001455897641  0.000000000000  0.001455897641  0.002916635183  0.001455897641  0.001887286394  0.001455897641  0.004377377800  0.001455897641  0.005845716141  0.002916635183  0.002913929775  0.003941990955  0.000000000000  0.000000000000  0.001455897641  0.001455897641  
piranga_bidentata_tepe59 0.003790518156  0.004739387550  0.001892644345  0.011441700988  0.011438103250  0.009524329322  0.004095033192  0.009524329322  0.001628333561  0.000945067903  0.001106364041  0.005303784970  0.002844660440  0.001261254237  0.001891505444  0.002154339672  0.003072690499  0.005692216514  0.002814040693  0.001891505444  0.011438103250  0.003814188756  0.011441700988  0.004743111062  0.008557473096  0.005073213727  0.000000000000  0.000000000000  0.002839985915  0.001891505444  
piranga_rubra_sdsu2635 0.000945303157  0.005694322492  0.004743111062  0.012413237383  0.012407332751  0.010494348108  0.004095358281  0.010494348108  0.000000000000  0.001892644345  0.003327484356  0.005306957850  0.003797715848  0.002526139146  0.000945303157  0.002155817429  0.003075086457  0.006650141989  0.004223318073  0.004740577629  0.012407332751  0.004774817823  0.012413237383  0.005702566404  0.009519875300  0.005073213727  0.001455897641  0.002839985915  0.000000000000  0.004740577629  
piranga_bidentata_itm141 0.005694322492  0.006645440568  0.001891505444  0.013369611646  0.013365505398  0.011446664930  0.006152517011  0.011446664930  0.003261321080  0.002839275914  0.003324678803  0.007438209024  0.004748389377  0.003791026669  0.003788898412  0.004316320208  0.005129661248  0.005691459075  0.004223318073  0.000000000000  0.013365505398  0.005730271085  0.013369611646  0.006650141989  0.010475523636  0.006771478981  0.001455897641  0.001891505444  0.004740577629  0.000000000000  

