30
cardinalis_cardinalis_ku21828 0.000000000000  0.002505342369  0.006025300435  0.007539118710  0.010074163355  0.015677195819  0.013638201352  0.008048102705  0.009057091210  0.010074163355  0.011601594353  0.008046381464  0.007034469948  0.008045065490  0.008045065490  0.008551542231  0.008045065490  0.012616183854  0.012622568879  0.010585464164  0.010076579849  0.010076579849  0.013641747891  0.010582771091  0.009060415124  0.010582771091  0.008046381464  0.008046381464  0.008046381464  0.012103683023  
cardinalis_cardinalis_ku25393 0.002505342369  0.000000000000  0.006529307222  0.008044155166  0.010580485161  0.016187040954  0.014146604732  0.008553132470  0.009563029063  0.010580485161  0.012108693878  0.008551542231  0.007539118710  0.008550357939  0.008550357939  0.009057091210  0.008550357939  0.013124064948  0.013130189624  0.011091914381  0.010582771091  0.010582771091  0.014150021324  0.011089351591  0.009566090047  0.011089351591  0.008551542231  0.008551542231  0.008551542231  0.013121617121  
piranga_bidentata_itm141 0.006025300435  0.006529307222  0.000000000000  0.001501521737  0.004013127920  0.009568230544  0.007545716150  0.002004147721  0.003006306871  0.004013127920  0.005526377741  0.002003274299  0.001000699420  0.002002800364  0.002002800364  0.002504599213  0.002002800364  0.006533221833  0.006537848423  0.004518844155  0.004014682104  0.004014682104  0.007548376044  0.004517018501  0.003007932302  0.004517018501  0.002003274299  0.002003274299  0.002003274299  0.006531513215  
piranga_erythrocephala_fmnh343370 0.007539118710  0.008044155166  0.001501521737  0.000000000000  0.002506485301  0.011089351591  0.009062686067  0.003509761906  0.004513950937  0.005522843229  0.007039203974  0.003508879359  0.002504256210  0.003508397922  0.003508397922  0.004011222999  0.003508397922  0.008048102705  0.007039203974  0.005019738659  0.004515594162  0.004515594162  0.008050228835  0.005018444560  0.004515594162  0.006027768620  0.003508879359  0.003508879359  0.003508879359  0.008046381464  
piranga_erythrocephala_fmnh343371 0.010074163355  0.010580485161  0.004013127920  0.002506485301  0.000000000000  0.013641747891  0.011608497681  0.006031848600  0.007037221923  0.008052759474  0.009577087497  0.006029607324  0.005019738659  0.006027768620  0.006027768620  0.006533221833  0.006027768620  0.010588563999  0.009577087497  0.007548376044  0.007041589564  0.007041589564  0.010592070221  0.007545716150  0.007041589564  0.008560335060  0.006029607324  0.006029607324  0.006029607324  0.010585464164  
piranga_roseogularis_ku2049 0.015677195819  0.016187040954  0.009568230544  0.011089351591  0.013641747891  0.000000000000  0.006026332864  0.011604842333  0.012616183854  0.013641747891  0.015179678025  0.011601594353  0.010582771091  0.011598754120  0.011598754120  0.012108693878  0.011598754120  0.016198194518  0.016207689090  0.014158084221  0.013645703775  0.013645703775  0.017232370768  0.014153847948  0.012622568879  0.014153847948  0.011601594353  0.011601594353  0.011601594353  0.016194064510  
piranga_roseogularis_ku2141 0.013638201352  0.014146604732  0.007545716150  0.009062686067  0.011608497681  0.006026332864  0.000000000000  0.009577087497  0.010585464164  0.011608497681  0.013142443482  0.009573729647  0.008557529263  0.009570777203  0.009570777203  0.010079402806  0.009570777203  0.014158084221  0.014167784212  0.012123613718  0.011612560020  0.011612560020  0.015189685599  0.012119272437  0.010592070221  0.012119272437  0.009573729647  0.009573729647  0.009573729647  0.014153847948  
piranga_leucoptera_fmnh481795 0.008048102705  0.008553132470  0.002004147721  0.003509761906  0.006031848600  0.011604842333  0.009577087497  0.000000000000  0.004011974760  0.005021434742  0.006537848423  0.004014682104  0.003007932302  0.004013127920  0.004013127920  0.004517018501  0.004013127920  0.008560335060  0.008567159577  0.006540765645  0.006034492073  0.006034492073  0.009580850379  0.006537848423  0.005023532433  0.006537848423  0.004014682104  0.004014682104  0.004014682104  0.008557529263  
piranga_leucoptera_lsu7783 0.009057091210  0.009563029063  0.003006306871  0.004513950937  0.007037221923  0.012616183854  0.010585464164  0.004011974760  0.000000000000  0.006026332864  0.007543460092  0.005018444560  0.004011222999  0.005017552823  0.005017552823  0.005521679767  0.005017552823  0.009568230544  0.009573729647  0.007545716150  0.007039203974  0.007039203974  0.010588563999  0.007543460092  0.006027768620  0.007543460092  0.005018444560  0.005018444560  0.005018444560  0.009566090047  
piranga_rubriceps_lsu265 0.010074163355  0.010580485161  0.004013127920  0.005522843229  0.008052759474  0.013641747891  0.011608497681  0.005021434742  0.006026332864  0.000000000000  0.004517018501  0.006029607324  0.005019738659  0.006027768620  0.006027768620  0.006533221833  0.006027768620  0.010588563999  0.010595982453  0.008563545289  0.008055694247  0.008055694247  0.011612560020  0.008560335060  0.007041589564  0.008560335060  0.006029607324  0.006029607324  0.006029607324  0.010585464164  
piranga_rubriceps_lsu34818 0.011601594353  0.012108693878  0.005526377741  0.007039203974  0.009577087497  0.015179678025  0.013142443482  0.006537848423  0.007543460092  0.004517018501  0.000000000000  0.007548376044  0.006535333694  0.007545716150  0.007545716150  0.008052759474  0.007545716150  0.012119272437  0.012128361920  0.010090306678  0.009580850379  0.009580850379  0.013147344417  0.010086266596  0.008563545289  0.010086266596  0.007548376044  0.007548376044  0.007548376044  0.012115338453  
piranga_olivacea_ku4672 0.008046381464  0.008551542231  0.002003274299  0.003508879359  0.006029607324  0.011601594353  0.009573729647  0.004014682104  0.005018444560  0.006029607324  0.007548376044  0.000000000000  0.001001035498  0.002003274299  0.002003274299  0.002505342369  0.002003274299  0.006535333694  0.006540765645  0.004521070750  0.004016636936  0.004016636936  0.007551439399  0.004518844155  0.003009345304  0.005528748038  0.003009345304  0.003009345304  0.003009345304  0.007545716150  
piranga_bidentata_itm160 0.007034469948  0.007539118710  0.001000699420  0.002504256210  0.005019738659  0.010582771091  0.008557529263  0.003007932302  0.004011222999  0.005019738659  0.006535333694  0.001001035498  0.000000000000  0.001000699420  0.001000699420  0.001501727009  0.001000699420  0.005524409346  0.005528748038  0.003512728819  0.003009345304  0.003009345304  0.006537848423  0.003511045184  0.002004147721  0.004518844155  0.002004147721  0.002004147721  0.002004147721  0.006533221833  
piranga_ludoviciana_sdsu2385 0.008045065490  0.008550357939  0.002002800364  0.003508397922  0.006027768620  0.011598754120  0.009570777203  0.004013127920  0.005017552823  0.006027768620  0.007545716150  0.002003274299  0.001000699420  0.000000000000  0.000000000000  0.000500258696  0.000000000000  0.004517018501  0.005526377741  0.004518844155  0.004014682104  0.004014682104  0.007548376044  0.004517018501  0.003007932302  0.005526377741  0.003007932302  0.003007932302  0.003007932302  0.007543460092  
piranga_bidentata_hgoslp104 0.008045065490  0.008550357939  0.002002800364  0.003508397922  0.006027768620  0.011598754120  0.009570777203  0.004013127920  0.005017552823  0.006027768620  0.007545716150  0.002003274299  0.001000699420  0.000000000000  0.000000000000  0.000500258696  0.000000000000  0.004517018501  0.005526377741  0.004518844155  0.004014682104  0.004014682104  0.007548376044  0.004517018501  0.003007932302  0.005526377741  0.003007932302  0.003007932302  0.003007932302  0.007543460092  
piranga_ludoviciana_sdsu2208 0.008551542231  0.009057091210  0.002504599213  0.004011222999  0.006533221833  0.012108693878  0.010079402806  0.004517018501  0.005521679767  0.006533221833  0.008052759474  0.002505342369  0.001501727009  0.000500258696  0.000500258696  0.000000000000  0.000500258696  0.005021434742  0.006031848600  0.005023532433  0.004518844155  0.004518844155  0.008055694247  0.005021434742  0.003511045184  0.006031848600  0.003511045184  0.003511045184  0.003511045184  0.008050228835  
piranga_ludoviciana_sdsu2650 0.008045065490  0.008550357939  0.002002800364  0.003508397922  0.006027768620  0.011598754120  0.009570777203  0.004013127920  0.005017552823  0.006027768620  0.007545716150  0.002003274299  0.001000699420  0.000000000000  0.000000000000  0.000500258696  0.000000000000  0.004517018501  0.005526377741  0.004518844155  0.004014682104  0.004014682104  0.007548376044  0.004517018501  0.003007932302  0.005526377741  0.003007932302  0.003007932302  0.003007932302  0.007543460092  
piranga_ludoviciana_sdsu2648 0.012616183854  0.013124064948  0.006533221833  0.008048102705  0.010588563999  0.016198194518  0.014158084221  0.008560335060  0.009568230544  0.010588563999  0.012119272437  0.006535333694  0.005524409346  0.004517018501  0.004517018501  0.005021434742  0.004517018501  0.000000000000  0.010086266596  0.009071930292  0.008563545289  0.008563545289  0.012123613718  0.009068444027  0.007548376044  0.010086266596  0.007548376044  0.007548376044  0.007548376044  0.012115338453  
piranga_lutea_lsu5400 0.012622568879  0.013130189624  0.006537848423  0.007039203974  0.009577087497  0.016207689090  0.014167784212  0.008567159577  0.009573729647  0.010595982453  0.012128361920  0.006540765645  0.005528748038  0.005526377741  0.005526377741  0.006031848600  0.005526377741  0.010086266596  0.000000000000  0.003007932302  0.002505342369  0.002505342369  0.006029607324  0.003006919366  0.003511045184  0.010094751723  0.007554905841  0.007554905841  0.007554905841  0.012123613718  
piranga_hepatica_ku9084 0.010585464164  0.011091914381  0.004518844155  0.005019738659  0.007548376044  0.014158084221  0.012123613718  0.006540765645  0.007545716150  0.008563545289  0.010090306678  0.004521070750  0.003512728819  0.004518844155  0.004518844155  0.005023532433  0.004518844155  0.009071930292  0.003007932302  0.000000000000  0.000500258696  0.000500258696  0.004013127920  0.001000699420  0.001502331480  0.008062774697  0.005531519864  0.005531519864  0.005531519864  0.010086266596  
piranga_flava_ku90809 0.010076579849  0.010582771091  0.004014682104  0.004515594162  0.007041589564  0.013645703775  0.011612560020  0.006034492073  0.007039203974  0.008055694247  0.009580850379  0.004016636936  0.003009345304  0.004014682104  0.004014682104  0.004518844155  0.004014682104  0.008563545289  0.002505342369  0.000500258696  0.000000000000  0.000000000000  0.003509761906  0.000500190456  0.001001035498  0.007554905841  0.005026031359  0.005026031359  0.005026031359  0.009577087497  
piranga_lutea_ku89864 0.010076579849  0.010582771091  0.004014682104  0.004515594162  0.007041589564  0.013645703775  0.011612560020  0.006034492073  0.007039203974  0.008055694247  0.009580850379  0.004016636936  0.003009345304  0.004014682104  0.004014682104  0.004518844155  0.004014682104  0.008563545289  0.002505342369  0.000500258696  0.000000000000  0.000000000000  0.003509761906  0.000500190456  0.001001035498  0.007554905841  0.005026031359  0.005026031359  0.005026031359  0.009577087497  
piranga_flava_lsu15408 0.013641747891  0.014150021324  0.007548376044  0.008050228835  0.010592070221  0.017232370768  0.015189685599  0.009580850379  0.010588563999  0.011612560020  0.013147344417  0.007551439399  0.006537848423  0.007548376044  0.007548376044  0.008055694247  0.007548376044  0.012123613718  0.006029607324  0.004013127920  0.003509761906  0.003509761906  0.000000000000  0.003007932302  0.004517018501  0.011110832441  0.008567159577  0.008567159577  0.008567159577  0.013142443482  
piranga_hepatica_ku4970 0.010582771091  0.011089351591  0.004517018501  0.005018444560  0.007545716150  0.014153847948  0.012119272437  0.006537848423  0.007543460092  0.008560335060  0.010086266596  0.004518844155  0.003511045184  0.004517018501  0.004517018501  0.005021434742  0.004517018501  0.009068444027  0.003006919366  0.001000699420  0.000500190456  0.000500190456  0.003007932302  0.000000000000  0.001501727009  0.008059032779  0.005528748038  0.005528748038  0.005528748038  0.010082631847  
piranga_bidentata_tepe59 0.009060415124  0.009566090047  0.003007932302  0.004515594162  0.007041589564  0.012622568879  0.010592070221  0.005023532433  0.006027768620  0.007041589564  0.008563545289  0.003009345304  0.002004147721  0.003007932302  0.003007932302  0.003511045184  0.003007932302  0.007548376044  0.003511045184  0.001502331480  0.001001035498  0.001001035498  0.004517018501  0.001501727009  0.000000000000  0.006540765645  0.004016636936  0.004016636936  0.004016636936  0.008560335060  
piranga_olivacea_ku2699 0.010582771091  0.011089351591  0.004517018501  0.006027768620  0.008560335060  0.014153847948  0.012119272437  0.006537848423  0.007543460092  0.008560335060  0.010086266596  0.005528748038  0.004518844155  0.005526377741  0.005526377741  0.006031848600  0.005526377741  0.010086266596  0.010094751723  0.008062774697  0.007554905841  0.007554905841  0.011110832441  0.008059032779  0.006540765645  0.000000000000  0.002505342369  0.002505342369  0.002505342369  0.010082631847  
piranga_rubra_sdsu2654 0.008046381464  0.008551542231  0.002003274299  0.003508879359  0.006029607324  0.011601594353  0.009573729647  0.004014682104  0.005018444560  0.006029607324  0.007548376044  0.003009345304  0.002004147721  0.003007932302  0.003007932302  0.003511045184  0.003007932302  0.007548376044  0.007554905841  0.005531519864  0.005026031359  0.005026031359  0.008567159577  0.005528748038  0.004016636936  0.002505342369  0.000000000000  0.000000000000  0.000000000000  0.007545716150  
piranga_rubra_sdsu2635 0.008046381464  0.008551542231  0.002003274299  0.003508879359  0.006029607324  0.011601594353  0.009573729647  0.004014682104  0.005018444560  0.006029607324  0.007548376044  0.003009345304  0.002004147721  0.003007932302  0.003007932302  0.003511045184  0.003007932302  0.007548376044  0.007554905841  0.005531519864  0.005026031359  0.005026031359  0.008567159577  0.005528748038  0.004016636936  0.002505342369  0.000000000000  0.000000000000  0.000000000000  0.007545716150  
piranga_rubra_ku7046 0.008046381464  0.008551542231  0.002003274299  0.003508879359  0.006029607324  0.011601594353  0.009573729647  0.004014682104  0.005018444560  0.006029607324  0.007548376044  0.003009345304  0.002004147721  0.003007932302  0.003007932302  0.003511045184  0.003007932302  0.007548376044  0.007554905841  0.005531519864  0.005026031359  0.005026031359  0.008567159577  0.005528748038  0.004016636936  0.002505342369  0.000000000000  0.000000000000  0.000000000000  0.007545716150  
piranga_rubra_ku26592 0.012103683023  0.013121617121  0.006531513215  0.008046381464  0.010585464164  0.016194064510  0.014153847948  0.008557529263  0.009566090047  0.010585464164  0.012115338453  0.007545716150  0.006533221833  0.007543460092  0.007543460092  0.008050228835  0.007543460092  0.012115338453  0.012123613718  0.010086266596  0.009577087497  0.009577087497  0.013142443482  0.010082631847  0.008560335060  0.010082631847  0.007545716150  0.007545716150  0.007545716150  0.000000000000  

