30
cardinalis_cardinalis_ku21828 0.000000000000  0.001001039274  0.004517064099  0.004517064099  0.004517064099  0.006533293325  0.005524467387  0.005524467387  0.004517064099  0.004517064099  0.006029681965  0.006029681965  0.005021494886  0.007545826949  0.004517064099  0.004517064099  0.004517064099  0.004517064099  0.004517064099  0.005524467387  0.004517064099  0.004517064099  0.005021494886  0.012115601299  0.012115601299  0.007039294134  0.006535426897  0.006535426897  0.004517064099  0.004517064099  
cardinalis_cardinalis_ku25393 0.001001039274  0.000000000000  0.003509784232  0.003509784232  0.003509784232  0.005522883267  0.004515624853  0.004515624853  0.003509784232  0.003509784232  0.005019782053  0.005019782053  0.004013160915  0.006533293325  0.003509784232  0.003509784232  0.003509784232  0.003509784232  0.003509784232  0.004515624853  0.003509784232  0.003509784232  0.004013160915  0.011095083470  0.011095083470  0.006027823407  0.005524467387  0.005524467387  0.003509784232  0.003509784232  
piranga_hepatica_ku9084 0.004517064099  0.003509784232  0.000000000000  0.000000000000  0.000000000000  0.002002802211  0.001000699880  0.001000699880  0.000000000000  0.000000000000  0.001501730391  0.001501730391  0.001502339988  0.003006932950  0.000000000000  0.000000000000  0.000000000000  0.000000000000  0.000000000000  0.001000699880  0.000000000000  0.000000000000  0.000500259639  0.008553206549  0.008553206549  0.003508398350  0.003006311041  0.003006311041  0.000000000000  0.000000000000  
piranga_erythrocephala_fmnh343370 0.004517064099  0.003509784232  0.000000000000  0.000000000000  0.000000000000  0.002002802211  0.001000699880  0.001000699880  0.000000000000  0.000000000000  0.001501730391  0.001501730391  0.001502339988  0.003006932950  0.000000000000  0.000000000000  0.000000000000  0.000000000000  0.000000000000  0.001000699880  0.000000000000  0.000000000000  0.000500259639  0.008553206549  0.008553206549  0.003508398350  0.003006311041  0.003006311041  0.000000000000  0.000000000000  
piranga_ludoviciana_sdsu2650 0.004517064099  0.003509784232  0.000000000000  0.000000000000  0.000000000000  0.002002802211  0.001000699880  0.001000699880  0.000000000000  0.000000000000  0.001501730391  0.001501730391  0.001502339988  0.003006932950  0.000000000000  0.000000000000  0.000000000000  0.000000000000  0.000000000000  0.001000699880  0.000000000000  0.000000000000  0.000500259639  0.008553206549  0.008553206549  0.003508398350  0.003006311041  0.003006311041  0.000000000000  0.000000000000  
piranga_ludoviciana_sdsu2648 0.006533293325  0.005522883267  0.002002802211  0.002002802211  0.002002802211  0.000000000000  0.002003282503  0.002003282503  0.002002802211  0.002002802211  0.003508890446  0.003508890446  0.003509784232  0.005018471796  0.002002802211  0.002002802211  0.002002802211  0.002002802211  0.002002802211  0.003006311041  0.002002802211  0.002002802211  0.002504605974  0.010580587037  0.010580587037  0.005520925129  0.005017564485  0.005017564485  0.002002802211  0.002002802211  
piranga_roseogularis_ku2049 0.005524467387  0.004515624853  0.001000699880  0.001000699880  0.001000699880  0.002003282503  0.000000000000  0.000000000000  0.001000699880  0.001000699880  0.002504605974  0.002504605974  0.002505357304  0.003006311041  0.001000699880  0.001000699880  0.001000699880  0.001000699880  0.001000699880  0.002002802211  0.001000699880  0.001000699880  0.001501730391  0.009566177508  0.009566177508  0.004513953570  0.004011230438  0.004011230438  0.001000699880  0.001000699880  
piranga_roseogularis_ku2141 0.005524467387  0.004515624853  0.001000699880  0.001000699880  0.001000699880  0.002003282503  0.000000000000  0.000000000000  0.001000699880  0.001000699880  0.002504605974  0.002504605974  0.002505357304  0.003006311041  0.001000699880  0.001000699880  0.001000699880  0.001000699880  0.001000699880  0.002002802211  0.001000699880  0.001000699880  0.001501730391  0.009566177508  0.009566177508  0.004513953570  0.004011230438  0.004011230438  0.001000699880  0.001000699880  
piranga_ludoviciana_sdsu2208 0.004517064099  0.003509784232  0.000000000000  0.000000000000  0.000000000000  0.002002802211  0.001000699880  0.001000699880  0.000000000000  0.000000000000  0.001501730391  0.001501730391  0.001502339988  0.003006932950  0.000000000000  0.000000000000  0.000000000000  0.000000000000  0.000000000000  0.001000699880  0.000000000000  0.000000000000  0.000500259639  0.008553206549  0.008553206549  0.003508398350  0.003006311041  0.003006311041  0.000000000000  0.000000000000  
piranga_olivacea_ku4672 0.004517064099  0.003509784232  0.000000000000  0.000000000000  0.000000000000  0.002002802211  0.001000699880  0.001000699880  0.000000000000  0.000000000000  0.001501730391  0.001501730391  0.001502339988  0.003006932950  0.000000000000  0.000000000000  0.000000000000  0.000000000000  0.000000000000  0.001000699880  0.000000000000  0.000000000000  0.000500259639  0.008553206549  0.008553206549  0.003508398350  0.003006311041  0.003006311041  0.000000000000  0.000000000000  
piranga_erythrocephala_fmnh343371 0.006029681965  0.005019782053  0.001501730391  0.001501730391  0.001501730391  0.003508890446  0.002504605974  0.002504605974  0.001501730391  0.001501730391  0.000000000000  0.003006932950  0.003007955885  0.004515624853  0.001501730391  0.001501730391  0.001501730391  0.001501730391  0.001501730391  0.002504605974  0.001501730391  0.001501730391  0.002003282503  0.010074273879  0.010074273879  0.005017564485  0.004514587887  0.004514587887  0.001501730391  0.001501730391  
piranga_rubra_ku7046 0.006029681965  0.005019782053  0.001501730391  0.001501730391  0.001501730391  0.003508890446  0.002504605974  0.002504605974  0.001501730391  0.001501730391  0.003006932950  0.000000000000  0.003007955885  0.004515624853  0.001501730391  0.001501730391  0.001501730391  0.001501730391  0.001501730391  0.002504605974  0.001501730391  0.001501730391  0.002003282503  0.010074273879  0.010074273879  0.005017564485  0.004514587887  0.004514587887  0.001501730391  0.001501730391  
piranga_rubra_sdsu2635 0.005021494886  0.004013160915  0.001502339988  0.001502339988  0.001502339988  0.003509784232  0.002505357304  0.002505357304  0.001502339988  0.001502339988  0.003007955885  0.003007955885  0.000000000000  0.004517064099  0.001502339988  0.001502339988  0.001502339988  0.001502339988  0.001502339988  0.002505357304  0.001502339988  0.001502339988  0.002004162867  0.009060510170  0.009060510170  0.005018471796  0.004515624853  0.004515624853  0.001502339988  0.001502339988  
piranga_bidentata_hgoslp104 0.007545826949  0.006533293325  0.003006932950  0.003006932950  0.003006932950  0.005018471796  0.003006311041  0.003006311041  0.003006932950  0.003006932950  0.004515624853  0.004515624853  0.004517064099  0.000000000000  0.003006932950  0.003006932950  0.003006932950  0.003006932950  0.003006932950  0.004011994684  0.003006932950  0.003006932950  0.003509784232  0.011598908352  0.011598908352  0.006530238073  0.006026368391  0.006026368391  0.003006932950  0.003006932950  
piranga_bidentata_tepe59 0.004517064099  0.003509784232  0.000000000000  0.000000000000  0.000000000000  0.002002802211  0.001000699880  0.001000699880  0.000000000000  0.000000000000  0.001501730391  0.001501730391  0.001502339988  0.003006932950  0.000000000000  0.000000000000  0.000000000000  0.000000000000  0.000000000000  0.001000699880  0.000000000000  0.000000000000  0.000500259639  0.008553206549  0.008553206549  0.003508398350  0.003006311041  0.003006311041  0.000000000000  0.000000000000  
piranga_bidentata_itm160 0.004517064099  0.003509784232  0.000000000000  0.000000000000  0.000000000000  0.002002802211  0.001000699880  0.001000699880  0.000000000000  0.000000000000  0.001501730391  0.001501730391  0.001502339988  0.003006932950  0.000000000000  0.000000000000  0.000000000000  0.000000000000  0.000000000000  0.001000699880  0.000000000000  0.000000000000  0.000500259639  0.008553206549  0.008553206549  0.003508398350  0.003006311041  0.003006311041  0.000000000000  0.000000000000  
piranga_bidentata_itm141 0.004517064099  0.003509784232  0.000000000000  0.000000000000  0.000000000000  0.002002802211  0.001000699880  0.001000699880  0.000000000000  0.000000000000  0.001501730391  0.001501730391  0.001502339988  0.003006932950  0.000000000000  0.000000000000  0.000000000000  0.000000000000  0.000000000000  0.001000699880  0.000000000000  0.000000000000  0.000500259639  0.008553206549  0.008553206549  0.003508398350  0.003006311041  0.003006311041  0.000000000000  0.000000000000  
piranga_ludoviciana_sdsu2385 0.004517064099  0.003509784232  0.000000000000  0.000000000000  0.000000000000  0.002002802211  0.001000699880  0.001000699880  0.000000000000  0.000000000000  0.001501730391  0.001501730391  0.001502339988  0.003006932950  0.000000000000  0.000000000000  0.000000000000  0.000000000000  0.000000000000  0.001000699880  0.000000000000  0.000000000000  0.000500259639  0.008553206549  0.008553206549  0.003508398350  0.003006311041  0.003006311041  0.000000000000  0.000000000000  
piranga_leucoptera_lsu7783 0.004517064099  0.003509784232  0.000000000000  0.000000000000  0.000000000000  0.002002802211  0.001000699880  0.001000699880  0.000000000000  0.000000000000  0.001501730391  0.001501730391  0.001502339988  0.003006932950  0.000000000000  0.000000000000  0.000000000000  0.000000000000  0.000000000000  0.001000699880  0.000000000000  0.000000000000  0.000500259639  0.008553206549  0.008553206549  0.003508398350  0.003006311041  0.003006311041  0.000000000000  0.000000000000  
piranga_rubriceps_lsu34818 0.005524467387  0.004515624853  0.001000699880  0.001000699880  0.001000699880  0.003006311041  0.002002802211  0.002002802211  0.001000699880  0.001000699880  0.002504605974  0.002504605974  0.002505357304  0.004011994684  0.001000699880  0.001000699880  0.001000699880  0.001000699880  0.001000699880  0.000000000000  0.001000699880  0.001000699880  0.001501730391  0.009566177508  0.009566177508  0.004513953570  0.004011230438  0.004011230438  0.001000699880  0.001000699880  
piranga_rubriceps_lsu265 0.004517064099  0.003509784232  0.000000000000  0.000000000000  0.000000000000  0.002002802211  0.001000699880  0.001000699880  0.000000000000  0.000000000000  0.001501730391  0.001501730391  0.001502339988  0.003006932950  0.000000000000  0.000000000000  0.000000000000  0.000000000000  0.000000000000  0.001000699880  0.000000000000  0.000000000000  0.000500259639  0.008553206549  0.008553206549  0.003508398350  0.003006311041  0.003006311041  0.000000000000  0.000000000000  
piranga_leucoptera_fmnh481795 0.004517064099  0.003509784232  0.000000000000  0.000000000000  0.000000000000  0.002002802211  0.001000699880  0.001000699880  0.000000000000  0.000000000000  0.001501730391  0.001501730391  0.001502339988  0.003006932950  0.000000000000  0.000000000000  0.000000000000  0.000000000000  0.000000000000  0.001000699880  0.000000000000  0.000000000000  0.000500259639  0.008553206549  0.008553206549  0.003508398350  0.003006311041  0.003006311041  0.000000000000  0.000000000000  
piranga_rubra_sdsu2654 0.005021494886  0.004013160915  0.000500259639  0.000500259639  0.000500259639  0.002504605974  0.001501730391  0.001501730391  0.000500259639  0.000500259639  0.002003282503  0.002003282503  0.002004162867  0.003509784232  0.000500259639  0.000500259639  0.000500259639  0.000500259639  0.000500259639  0.001501730391  0.000500259639  0.000500259639  0.000000000000  0.009060510170  0.009060510170  0.004011230438  0.003508890446  0.003508890446  0.000500259639  0.000500259639  
piranga_flava_ku90809 0.012115601299  0.011095083470  0.008553206549  0.008553206549  0.008553206549  0.010580587037  0.009566177508  0.009566177508  0.008553206549  0.008553206549  0.010074273879  0.010074273879  0.009060510170  0.011598908352  0.008553206549  0.008553206549  0.008553206549  0.008553206549  0.008553206549  0.009566177508  0.008553206549  0.008553206549  0.009060510170  0.000000000000  0.000000000000  0.005019782053  0.005522883267  0.005522883267  0.008553206549  0.008553206549  
piranga_flava_lsu15408 0.012115601299  0.011095083470  0.008553206549  0.008553206549  0.008553206549  0.010580587037  0.009566177508  0.009566177508  0.008553206549  0.008553206549  0.010074273879  0.010074273879  0.009060510170  0.011598908352  0.008553206549  0.008553206549  0.008553206549  0.008553206549  0.008553206549  0.009566177508  0.008553206549  0.008553206549  0.009060510170  0.000000000000  0.000000000000  0.005019782053  0.005522883267  0.005522883267  0.008553206549  0.008553206549  
piranga_lutea_ku89864 0.007039294134  0.006027823407  0.003508398350  0.003508398350  0.003508398350  0.005520925129  0.004513953570  0.004513953570  0.003508398350  0.003508398350  0.005017564485  0.005017564485  0.005018471796  0.006530238073  0.003508398350  0.003508398350  0.003508398350  0.003508398350  0.003508398350  0.004513953570  0.003508398350  0.003508398350  0.004011230438  0.005019782053  0.005019782053  0.000000000000  0.000500189887  0.000500189887  0.003508398350  0.003508398350  
piranga_lutea_lsu5400 0.006535426897  0.005524467387  0.003006311041  0.003006311041  0.003006311041  0.005017564485  0.004011230438  0.004011230438  0.003006311041  0.003006311041  0.004514587887  0.004514587887  0.004515624853  0.006026368391  0.003006311041  0.003006311041  0.003006311041  0.003006311041  0.003006311041  0.004011230438  0.003006311041  0.003006311041  0.003508890446  0.005522883267  0.005522883267  0.000500189887  0.000000000000  0.000000000000  0.003006311041  0.003006311041  
piranga_hepatica_ku4970 0.006535426897  0.005524467387  0.003006311041  0.003006311041  0.003006311041  0.005017564485  0.004011230438  0.004011230438  0.003006311041  0.003006311041  0.004514587887  0.004514587887  0.004515624853  0.006026368391  0.003006311041  0.003006311041  0.003006311041  0.003006311041  0.003006311041  0.004011230438  0.003006311041  0.003006311041  0.003508890446  0.005522883267  0.005522883267  0.000500189887  0.000000000000  0.000000000000  0.003006311041  0.003006311041  
piranga_olivacea_ku2699 0.004517064099  0.003509784232  0.000000000000  0.000000000000  0.000000000000  0.002002802211  0.001000699880  0.001000699880  0.000000000000  0.000000000000  0.001501730391  0.001501730391  0.001502339988  0.003006932950  0.000000000000  0.000000000000  0.000000000000  0.000000000000  0.000000000000  0.001000699880  0.000000000000  0.000000000000  0.000500259639  0.008553206549  0.008553206549  0.003508398350  0.003006311041  0.003006311041  0.000000000000  0.000000000000  
piranga_rubra_ku26592 0.004517064099  0.003509784232  0.000000000000  0.000000000000  0.000000000000  0.002002802211  0.001000699880  0.001000699880  0.000000000000  0.000000000000  0.001501730391  0.001501730391  0.001502339988  0.003006932950  0.000000000000  0.000000000000  0.000000000000  0.000000000000  0.000000000000  0.001000699880  0.000000000000  0.000000000000  0.000500259639  0.008553206549  0.008553206549  0.003508398350  0.003006311041  0.003006311041  0.000000000000  0.000000000000  

