30
piranga_rubra_ku26592 0.000000000000  0.002576337346  0.005602861159  0.006478924291  0.009086342478  0.011765848794  0.004124038909  0.011765848794  0.002868223801  0.002576337346  0.010787057529  0.003959491113  0.002582992020  0.002979313514  0.003902829141  0.003157512530  0.005162105308  0.002603163920  0.005991727538  0.003867608268  0.009084387325  0.003868758937  0.006478924291  0.003949066883  0.007758536891  0.006850766861  0.005520380496  0.007759720563  0.002576337346  0.002576337346  
piranga_flava_ku90809 0.002576337346  0.000000000000  0.001847922715  0.003858806359  0.006442815647  0.009087565343  0.001363980455  0.009087565343  0.000000000000  0.000000000000  0.007119008241  0.001317668387  0.000000000000  0.000000000000  0.001298842494  0.001577495611  0.002562754600  0.000000000000  0.002988216374  0.001280546965  0.006442440638  0.001280166543  0.003858806359  0.001307332595  0.005162501531  0.003416409720  0.001827658463  0.005138671853  0.000000000000  0.000000000000  
piranga_ludoviciana_sdsu2385 0.005602861159  0.001847922715  0.000000000000  0.007426866383  0.009292729067  0.011166164556  0.003701680837  0.011166164556  0.001847922715  0.001851343860  0.000000000000  0.001926232440  0.001847922715  0.001847922715  0.003777792406  0.002404332442  0.003700895480  0.001889829879  0.001865156057  0.003700895480  0.009292729067  0.001847922715  0.007426866383  0.003700895480  0.007478372748  0.006177010991  0.000000000000  0.007423682889  0.001847922715  0.001847922715  
piranga_rubriceps_lsu265 0.006478924291  0.003858806359  0.007426866383  0.000000000000  0.002569339196  0.010394647895  0.005490072894  0.010394647895  0.004295274081  0.003863776239  0.012558732814  0.003969970521  0.003858806359  0.004461352150  0.003913010379  0.003167514018  0.006442815647  0.002609958085  0.006009732096  0.005148815870  0.002571250663  0.005150734744  0.000000000000  0.005257087582  0.003878774668  0.001706728900  0.007372113666  0.009037878554  0.003858806359  0.003858806359  
piranga_leucoptera_lsu7783 0.009086342478  0.006442815647  0.009292729067  0.002569339196  0.000000000000  0.013020365712  0.006867587130  0.013020365712  0.005731667645  0.006451128410  0.014369365053  0.006630392281  0.006442815647  0.005953470770  0.006535065332  0.003167514018  0.009037472317  0.005229594987  0.007518152264  0.007738523444  0.005151908952  0.007739674772  0.002569339196  0.006578053721  0.006477778968  0.001706728900  0.009224153722  0.011644065409  0.006442815647  0.006442815647  
cardinalis_cardinalis_ku25393 0.011765848794  0.009087565343  0.011166164556  0.010394647895  0.013020365712  0.000000000000  0.011024967934  0.000000000000  0.010067863242  0.009099378617  0.016187127558  0.010705149258  0.009087565343  0.008952256341  0.010549855033  0.011238746841  0.011708225452  0.009231381142  0.012070520679  0.010399002066  0.013025551764  0.010394647895  0.010394647895  0.010619881053  0.011775484482  0.006856253337  0.011083654572  0.014346648290  0.009087565343  0.009087565343  
piranga_olivacea_ku2699 0.004124038909  0.001363980455  0.003701680837  0.005490072894  0.006867587130  0.011024967934  0.000000000000  0.011024967934  0.001424200527  0.001365843440  0.008911774463  0.000000000000  0.001367711521  0.001478965495  0.002772347938  0.001644963677  0.004100192079  0.001386677278  0.004488049356  0.002730710232  0.006867587130  0.001363980455  0.005490072894  0.002730710232  0.006886076030  0.003416409720  0.003661024815  0.006850544331  0.001363980455  0.001363980455  
cardinalis_cardinalis_ku21828 0.011765848794  0.009087565343  0.011166164556  0.010394647895  0.013020365712  0.000000000000  0.011024967934  0.000000000000  0.010067863242  0.009099378617  0.016187127558  0.010705149258  0.009087565343  0.008952256341  0.010549855033  0.011238746841  0.011708225452  0.009231381142  0.012070520679  0.010399002066  0.013025551764  0.010394647895  0.010394647895  0.010619881053  0.011775484482  0.006856253337  0.011083654572  0.014346648290  0.009087565343  0.009087565343  
piranga_rubra_ku7046 0.002868223801  0.000000000000  0.001847922715  0.004295274081  0.005731667645  0.010067863242  0.001424200527  0.010067863242  0.000000000000  0.000000000000  0.007119008241  0.000000000000  0.000000000000  0.000000000000  0.001447353453  0.001733354222  0.002851398774  0.000000000000  0.002988216374  0.001424671401  0.005731667645  0.000000000000  0.004295274081  0.001424671401  0.005748632645  0.003416409720  0.001827658463  0.005719102039  0.000000000000  0.000000000000  
piranga_bidentata_hgoslp104 0.002576337346  0.000000000000  0.001851343860  0.003863776239  0.006451128410  0.009099378617  0.001365843440  0.009099378617  0.000000000000  0.000000000000  0.007131701035  0.001317668387  0.000000000000  0.000000000000  0.001298842494  0.001577495611  0.002566042674  0.000000000000  0.002988216374  0.001282188869  0.006450752426  0.001281807471  0.003863776239  0.001309043952  0.005162501531  0.003416409720  0.001827658463  0.005145281888  0.000000000000  0.000000000000  
piranga_ludoviciana_sdsu2648 0.010787057529  0.007119008241  0.000000000000  0.012558732814  0.014369365053  0.016187127558  0.008911774463  0.016187127558  0.007119008241  0.007131701035  0.000000000000  0.007409111826  0.007144439170  0.007119008241  0.009089245333  0.009157204257  0.010707820014  0.007274368787  0.007182928075  0.008911053915  0.014369365053  0.007119008241  0.012558732814  0.008911053915  0.012600175780  0.011896813771  0.000000000000  0.012510881185  0.007119008241  0.007119008241  
piranga_roseogularis_ku2049 0.003959491113  0.001317668387  0.001926232440  0.003969970521  0.006630392281  0.010705149258  0.000000000000  0.010705149258  0.000000000000  0.001317668387  0.007409111826  0.000000000000  0.001321150065  0.000000000000  0.002639108949  0.003160400772  0.003960709430  0.001317668387  0.003066094933  0.001317668387  0.005299290353  0.002637095221  0.003969970521  0.002681570812  0.005288129982  0.003416409720  0.001896999902  0.006619378833  0.001317668387  0.001317668387  
piranga_hepatica_ku4970 0.002582992020  0.000000000000  0.001847922715  0.003858806359  0.006442815647  0.009087565343  0.001367711521  0.009087565343  0.000000000000  0.000000000000  0.007144439170  0.001321150065  0.000000000000  0.000000000000  0.001302225267  0.001582488353  0.002569339196  0.000000000000  0.002997172601  0.001283834989  0.006442440638  0.001283452611  0.003858806359  0.001310759796  0.005175861809  0.003416409720  0.001834363651  0.005151908952  0.000000000000  0.000000000000  
piranga_hepatica_ku9084 0.002979313514  0.000000000000  0.001847922715  0.004461352150  0.005953470770  0.008952256341  0.001478965495  0.008952256341  0.000000000000  0.000000000000  0.007119008241  0.000000000000  0.000000000000  0.000000000000  0.001503948887  0.001815158449  0.002961163955  0.000000000000  0.002988216374  0.001479473291  0.005953470770  0.000000000000  0.004461352150  0.001479473291  0.005971776453  0.003416409720  0.001827658463  0.005939915887  0.000000000000  0.000000000000  
piranga_rubra_sdsu2654 0.003902829141  0.001298842494  0.003777792406  0.003913010379  0.006535065332  0.010549855033  0.002772347938  0.010549855033  0.001447353453  0.001298842494  0.009089245333  0.002639108949  0.001302225267  0.001503948887  0.000000000000  0.003160400772  0.003904012755  0.001300531681  0.004527121193  0.002601349995  0.006537063541  0.002599393498  0.003913010379  0.002656636883  0.005212329739  0.005133127295  0.003721555175  0.006524365470  0.001298842494  0.001298842494  
piranga_flava_lsu15408 0.003157512530  0.001577495611  0.002404332442  0.003167514018  0.003167514018  0.011238746841  0.001644963677  0.011238746841  0.001733354222  0.001577495611  0.009157204257  0.003160400772  0.001582488353  0.001815158449  0.003160400772  0.000000000000  0.004743537623  0.001577495611  0.003640270128  0.001577495611  0.003167514018  0.003157512530  0.003167514018  0.001577495611  0.006335031024  0.005842959660  0.002358958576  0.006335031024  0.001577495611  0.001577495611  
piranga_lutea_lsu5400 0.005162105308  0.002562754600  0.003700895480  0.006442815647  0.009037472317  0.011708225452  0.004100192079  0.011708225452  0.002851398774  0.002566042674  0.010707820014  0.003960709430  0.002569339196  0.002961163955  0.003904012755  0.004743537623  0.000000000000  0.002602776323  0.005989127128  0.003848916380  0.009037878554  0.003847766007  0.006442815647  0.003929581429  0.007759720563  0.006851466260  0.003660256673  0.007723264391  0.002562754600  0.002562754600  
piranga_olivacea_ku4672 0.002603163920  0.000000000000  0.001889829879  0.002609958085  0.005229594987  0.009231381142  0.001386677278  0.009231381142  0.000000000000  0.000000000000  0.007274368787  0.001317668387  0.000000000000  0.000000000000  0.001300531681  0.001577495611  0.002602776323  0.000000000000  0.003019799823  0.001300531681  0.003918120944  0.001300139292  0.002609958085  0.001328168912  0.003909099836  0.003416409720  0.001861683722  0.005219130757  0.000000000000  0.000000000000  
piranga_ludoviciana_sdsu2208 0.005991727538  0.002988216374  0.001865156057  0.006009732096  0.007518152264  0.012070520679  0.004488049356  0.012070520679  0.002988216374  0.002988216374  0.007182928075  0.003066094933  0.002997172601  0.002988216374  0.004527121193  0.003640270128  0.005989127128  0.003019799823  0.000000000000  0.004486499177  0.007518152264  0.002988216374  0.006009732096  0.004486499177  0.007495102227  0.006850766861  0.001837734728  0.009006006713  0.002979313514  0.002988216374  
piranga_bidentata_itm160 0.003867608268  0.001280546965  0.003700895480  0.005148815870  0.007738523444  0.010399002066  0.002730710232  0.010399002066  0.001424671401  0.001282188869  0.008911053915  0.001317668387  0.001283834989  0.001479473291  0.002601349995  0.001577495611  0.003848916380  0.001300531681  0.004486499177  0.000000000000  0.007739700984  0.002562754600  0.005148815870  0.002618378336  0.006461037515  0.003416409720  0.003660256673  0.006432041157  0.001280546965  0.001280546965  
piranga_leucoptera_fmnh481795 0.009084387325  0.006442440638  0.009292729067  0.002571250663  0.005151908952  0.013025551764  0.006867587130  0.013025551764  0.005731667645  0.006450752426  0.014369365053  0.005299290353  0.006442440638  0.005953470770  0.006537063541  0.003167514018  0.009037878554  0.003918120944  0.007518152264  0.007739700984  0.000000000000  0.007738523444  0.002571250663  0.006578053721  0.006482073435  0.001706728900  0.009224153722  0.011647613251  0.006442440638  0.006442440638  
piranga_lutea_ku89864 0.003868758937  0.001280166543  0.001847922715  0.005150734744  0.007739674772  0.010394647895  0.001363980455  0.010394647895  0.000000000000  0.001281807471  0.007119008241  0.002637095221  0.001283452611  0.000000000000  0.002599393498  0.003157512530  0.003847766007  0.001300139292  0.002988216374  0.002562754600  0.007738523444  0.000000000000  0.005150734744  0.002616396132  0.006459085690  0.003416409720  0.001827658463  0.006427812881  0.001280166543  0.001280166543  
piranga_rubriceps_lsu34818 0.006478924291  0.003858806359  0.007426866383  0.000000000000  0.002569339196  0.010394647895  0.005490072894  0.010394647895  0.004295274081  0.003863776239  0.012558732814  0.003969970521  0.003858806359  0.004461352150  0.003913010379  0.003167514018  0.006442815647  0.002609958085  0.006009732096  0.005148815870  0.002571250663  0.005150734744  0.000000000000  0.005257087582  0.003878774668  0.001706728900  0.007372113666  0.009037878554  0.003858806359  0.003858806359  
piranga_roseogularis_ku2141 0.003949066883  0.001307332595  0.003700895480  0.005257087582  0.006578053721  0.010619881053  0.002730710232  0.010619881053  0.001424671401  0.001309043952  0.008911053915  0.002681570812  0.001310759796  0.001479473291  0.002656636883  0.001577495611  0.003929581429  0.001328168912  0.004486499177  0.002618378336  0.006578053721  0.002616396132  0.005257087582  0.000000000000  0.006597443293  0.003416409720  0.003660256673  0.006567213003  0.001307332595  0.001307332595  
piranga_erythrocephala_fmnh343371 0.007758536891  0.005162501531  0.007478372748  0.003878774668  0.006477778968  0.011775484482  0.006886076030  0.011775484482  0.005748632645  0.005162501531  0.012600175780  0.005288129982  0.005175861809  0.005971776453  0.005212329739  0.006335031024  0.007759720563  0.003909099836  0.007495102227  0.006461037515  0.006482073435  0.006459085690  0.003878774668  0.006597443293  0.000000000000  0.000000000000  0.007368167677  0.010372036564  0.005162501531  0.005162501531  
piranga_erythrocephala_fmnh343370 0.006850766861  0.003416409720  0.006177010991  0.001706728900  0.001706728900  0.006856253337  0.003416409720  0.006856253337  0.003416409720  0.003416409720  0.011896813771  0.003416409720  0.003416409720  0.003416409720  0.005133127295  0.005842959660  0.006851466260  0.003416409720  0.006850766861  0.003416409720  0.001706728900  0.003416409720  0.001706728900  0.003416409720  0.000000000000  0.000000000000  0.006101630742  0.008578290117  0.003416409720  0.003416409720  
piranga_ludoviciana_sdsu2650 0.005520380496  0.001827658463  0.000000000000  0.007372113666  0.009224153722  0.011083654572  0.003661024815  0.011083654572  0.001827658463  0.001827658463  0.000000000000  0.001896999902  0.001834363651  0.001827658463  0.003721555175  0.002358958576  0.003660256673  0.001861683722  0.001837734728  0.003660256673  0.009224153722  0.001827658463  0.007372113666  0.003660256673  0.007368167677  0.006101630742  0.000000000000  0.007341925685  0.001827658463  0.001827658463  
piranga_bidentata_tepe59 0.007759720563  0.005138671853  0.007423682889  0.009037878554  0.011644065409  0.014346648290  0.006850544331  0.014346648290  0.005719102039  0.005145281888  0.012510881185  0.006619378833  0.005151908952  0.005939915887  0.006524365470  0.006335031024  0.007723264391  0.005219130757  0.009006006713  0.006432041157  0.011647613251  0.006427812881  0.009037878554  0.006567213003  0.010372036564  0.008578290117  0.007341925685  0.000000000000  0.005138671853  0.005138671853  
piranga_rubra_sdsu2635 0.002576337346  0.000000000000  0.001847922715  0.003858806359  0.006442815647  0.009087565343  0.001363980455  0.009087565343  0.000000000000  0.000000000000  0.007119008241  0.001317668387  0.000000000000  0.000000000000  0.001298842494  0.001577495611  0.002562754600  0.000000000000  0.002979313514  0.001280546965  0.006442440638  0.001280166543  0.003858806359  0.001307332595  0.005162501531  0.003416409720  0.001827658463  0.005138671853  0.000000000000  0.000000000000  
piranga_bidentata_itm141 0.002576337346  0.000000000000  0.001847922715  0.003858806359  0.006442815647  0.009087565343  0.001363980455  0.009087565343  0.000000000000  0.000000000000  0.007119008241  0.001317668387  0.000000000000  0.000000000000  0.001298842494  0.001577495611  0.002562754600  0.000000000000  0.002988216374  0.001280546965  0.006442440638  0.001280166543  0.003858806359  0.001307332595  0.005162501531  0.003416409720  0.001827658463  0.005138671853  0.000000000000  0.000000000000  

