30
cardinalis_cardinalis_ku21828 0.000000000000  0.005021120303  0.021347517218  0.024969031067  0.023412795561  0.022379415734  0.020317095653  0.024454441633  0.024976091887  0.027592662267  0.026021052685  0.026021052685  0.035426497108  0.030177804091  0.024983556901  0.023947555398  0.030688301558  0.028609478726  0.031767719348  0.026536460384  0.031787193144  0.033354466038  0.037064849301  0.036022308188  0.029151060358  0.027584191156  0.024461626078  0.027584191156  0.028634155297  0.026544365580  
cardinalis_cardinalis_ku25393 0.005021120303  0.000000000000  0.019277323304  0.023926842368  0.022373347648  0.020305970429  0.018250142949  0.022373347648  0.022892797415  0.025498295180  0.023933343246  0.023933343246  0.033308645559  0.028077941350  0.022899143707  0.021866428056  0.028588472777  0.026515179205  0.029659977198  0.024447661080  0.029677159470  0.031239937652  0.034935483901  0.033895206775  0.027052265127  0.025490953498  0.022379415734  0.025490953498  0.026536460384  0.024454441633  
piranga_ludoviciana_sdsu2648 0.021347517218  0.019277323304  0.000000000000  0.006531159439  0.005018242675  0.003006247406  0.001000692839  0.005018242675  0.005522578741  0.008052034094  0.007545102802  0.007545102802  0.015675289127  0.010579636192  0.006531159439  0.004516776400  0.011084637242  0.009057948071  0.012110445279  0.007036785850  0.012117623875  0.013643817097  0.017234649346  0.016215650843  0.009569891589  0.008556786764  0.005019487245  0.008049598442  0.009064497869  0.007038692689  
piranga_bidentata_itm160 0.024969031067  0.023926842368  0.006531159439  0.000000000000  0.001501706174  0.007541151462  0.005522578741  0.009567442435  0.010075669445  0.012624700180  0.012113837640  0.012113837640  0.019779999613  0.015165886372  0.011090842903  0.009064497869  0.015672386535  0.013633587909  0.016709842847  0.011600380271  0.016719520803  0.018255205077  0.021873022180  0.020848472456  0.014151928112  0.013132162593  0.009569891589  0.012621039020  0.013643817097  0.011603504391  
piranga_bidentata_itm141 0.023412795561  0.022373347648  0.005018242675  0.001501706174  0.000000000000  0.006026051529  0.004011838749  0.008047553674  0.008554477050  0.011096949078  0.010587403712  0.010587403712  0.018237353301  0.013633587909  0.009567442435  0.007545102802  0.014139587418  0.012104843682  0.015173138392  0.010075669445  0.015181977261  0.016714483037  0.020323259016  0.019300567730  0.012621039020  0.011603504391  0.008049598442  0.011093699336  0.012113837640  0.010078384911  
piranga_ludoviciana_sdsu2385 0.022379415734  0.020305970429  0.003006247406  0.007541151462  0.006026051529  0.000000000000  0.002002773988  0.006026051529  0.006531159439  0.009064497869  0.008556786764  0.008556786764  0.016698311517  0.011595314313  0.007541151462  0.005524085560  0.012100822117  0.010071417139  0.013128626892  0.008047553674  0.013136093109  0.014664377041  0.018260666029  0.017240357907  0.010584421384  0.009569891589  0.006027431725  0.009061922662  0.010078384911  0.008049598442  
piranga_ludoviciana_sdsu2650 0.020317095653  0.018250142949  0.001000692839  0.005522578741  0.004011838749  0.002002773988  0.000000000000  0.004011838749  0.004515405327  0.007040989487  0.006534835617  0.006534835617  0.014653715995  0.009565385751  0.005522578741  0.003510871179  0.010069881057  0.008045900168  0.011093699336  0.006027431725  0.011100591755  0.012624700180  0.016210092364  0.015192399968  0.008556786764  0.007545102802  0.004012948374  0.007038692689  0.008052034094  0.006029201329  
piranga_ludoviciana_sdsu2208 0.024454441633  0.022373347648  0.005018242675  0.009567442435  0.008047553674  0.006026051529  0.004011838749  0.000000000000  0.008554477050  0.011096949078  0.010587403712  0.010587403712  0.017722787394  0.012612424246  0.009567442435  0.007545102802  0.014139587418  0.012104843682  0.015173138392  0.010075669445  0.015181977261  0.016714483037  0.020323259016  0.019300567730  0.012621039020  0.011603504391  0.008049598442  0.011093699336  0.012113837640  0.010078384911  
piranga_leucoptera_fmnh481795 0.024976091887  0.022892797415  0.005522578741  0.010075669445  0.008554477050  0.006531159439  0.004515405327  0.008554477050  0.000000000000  0.003512494116  0.003009173106  0.003009173106  0.013633587909  0.008552558873  0.010075669445  0.008052034094  0.014650956178  0.012614900675  0.015686384216  0.010584421384  0.015695766569  0.017229338275  0.020841632042  0.019818404058  0.013132162593  0.012113837640  0.008556786764  0.011603504391  0.012624700180  0.010587403712  
piranga_leucoptera_lsu7783 0.027592662267  0.025498295180  0.008052034094  0.012624700180  0.011096949078  0.009064497869  0.007040989487  0.011096949078  0.003512494116  0.000000000000  0.005530937089  0.005530937089  0.016195797647  0.011093699336  0.012624700180  0.010594545953  0.017215793766  0.015173138392  0.018260666029  0.013136093109  0.018272782903  0.019811717839  0.023441711876  0.022415783367  0.015695766569  0.014673465275  0.011100591755  0.014160474549  0.015186990822  0.013140418066  
piranga_rubriceps_lsu265 0.026021052685  0.023933343246  0.007545102802  0.012113837640  0.010587403712  0.008556786764  0.006534835617  0.010587403712  0.003009173106  0.005530937089  0.000000000000  0.000000000000  0.015682288349  0.010584421384  0.012113837640  0.010084992588  0.016701756706  0.014660426807  0.017744732229  0.012624700180  0.017756299907  0.019294157696  0.022920596757  0.021895210637  0.015181977261  0.013648017530  0.010590778693  0.013648017530  0.014673465275  0.012628755496  
piranga_rubriceps_lsu34818 0.026021052685  0.023933343246  0.007545102802  0.012113837640  0.010587403712  0.008556786764  0.006534835617  0.010587403712  0.003009173106  0.005530937089  0.000000000000  0.000000000000  0.015682288349  0.010584421384  0.012113837640  0.010084992588  0.016701756706  0.014660426807  0.017744732229  0.012624700180  0.017756299907  0.019294157696  0.022920596757  0.021895210637  0.015181977261  0.013648017530  0.010590778693  0.013648017530  0.014673465275  0.012628755496  
piranga_erythrocephala_fmnh343371 0.035426497108  0.033308645559  0.015675289127  0.019779999613  0.018237353301  0.016698311517  0.014653715995  0.017722787394  0.013633587909  0.016195797647  0.015682288349  0.015682288349  0.000000000000  0.005018242675  0.020296449737  0.018245480024  0.024935175582  0.022871446002  0.024962374820  0.020813441923  0.026006211583  0.027561215894  0.031231102014  0.029668364294  0.023400755646  0.022367682258  0.018756594268  0.021849057039  0.022886854116  0.020818277091  
piranga_erythrocephala_fmnh343370 0.030177804091  0.028077941350  0.010579636192  0.015165886372  0.013633587909  0.011595314313  0.009565385751  0.012612424246  0.008552558873  0.011093699336  0.010584421384  0.010584421384  0.005018242675  0.000000000000  0.015165886372  0.013128626892  0.019772635640  0.017722787394  0.020818277091  0.015678589859  0.020829152471  0.022373347648  0.026013429545  0.024461626078  0.018245480024  0.017219910107  0.013636601909  0.016705600610  0.017734757178  0.015682288349  
piranga_bidentata_tepe59 0.024983556901  0.022899143707  0.006531159439  0.011090842903  0.009567442435  0.007541151462  0.005522578741  0.009567442435  0.010075669445  0.012624700180  0.012113837640  0.012113837640  0.020296449737  0.015165886372  0.000000000000  0.004011838749  0.015672386535  0.013633587909  0.016709842847  0.011600380271  0.016719520803  0.018255205077  0.021873022180  0.019811717839  0.014151928112  0.013132162593  0.009569891589  0.012621039020  0.013643817097  0.011603504391  
piranga_bidentata_hgoslp104 0.023947555398  0.021866428056  0.004516776400  0.009064497869  0.007545102802  0.005524085560  0.003510871179  0.007545102802  0.008052034094  0.010594545953  0.010084992588  0.010084992588  0.018245480024  0.013128626892  0.004011838749  0.000000000000  0.013633587909  0.011600380271  0.014668723322  0.009572732837  0.014678602527  0.016210092364  0.019818404058  0.017762680046  0.012117623875  0.011100591755  0.007547664010  0.010590778693  0.011610933028  0.009575965805  
piranga_roseogularis_ku2049 0.030688301558  0.028588472777  0.011084637242  0.015672386535  0.014139587418  0.012100822117  0.010069881057  0.014139587418  0.014650956178  0.017215793766  0.016701756706  0.016701756706  0.024935175582  0.019772635640  0.015672386535  0.013633587909  0.000000000000  0.002002704835  0.020292292046  0.015672386535  0.021336088636  0.022881314192  0.026521866816  0.025490953498  0.018752457320  0.017726377775  0.014142077621  0.017212076428  0.018241216680  0.016188255532  
piranga_roseogularis_ku2141 0.028609478726  0.026515179205  0.009057948071  0.013633587909  0.012104843682  0.010071417139  0.008045900168  0.012104843682  0.012614900675  0.015173138392  0.014660426807  0.014660426807  0.022871446002  0.017722787394  0.013633587909  0.011600380271  0.002002704835  0.000000000000  0.019272511667  0.014144964725  0.019282535107  0.020823514068  0.024454441633  0.023426448646  0.016705600610  0.015682288349  0.012107447167  0.015169313837  0.016195797647  0.014148248348  
piranga_olivacea_ku2699 0.031767719348  0.029659977198  0.012110445279  0.016709842847  0.015173138392  0.013128626892  0.011093699336  0.015173138392  0.015686384216  0.018260666029  0.017744732229  0.017744732229  0.024962374820  0.020818277091  0.016709842847  0.014668723322  0.020292292046  0.019272511667  0.000000000000  0.011088380157  0.022392758475  0.023940247716  0.026544365580  0.026561390907  0.019799543763  0.018771405119  0.015177359659  0.018255205077  0.019288146697  0.017229338275  
piranga_olivacea_ku4672 0.026536460384  0.024447661080  0.007036785850  0.011600380271  0.010075669445  0.008047553674  0.006027431725  0.010075669445  0.010584421384  0.013136093109  0.012624700180  0.012624700180  0.020813441923  0.015678589859  0.011600380271  0.009572732837  0.015672386535  0.014144964725  0.011088380157  0.000000000000  0.017234649346  0.018771405119  0.021353833714  0.021367669228  0.014664377041  0.013643817097  0.010078384911  0.013132162593  0.014156003638  0.012113837640  
piranga_flava_ku90809 0.031787193144  0.029677159470  0.012117623875  0.016719520803  0.015181977261  0.013136093109  0.011100591755  0.015181977261  0.015695766569  0.018272782903  0.017756299907  0.017756299907  0.026006211583  0.020829152471  0.016719520803  0.014678602527  0.021336088636  0.019282535107  0.022392758475  0.017234649346  0.000000000000  0.002504549022  0.006029201329  0.005023141475  0.002506365883  0.008556786764  0.008054860257  0.011100591755  0.012121803609  0.011096949078  
piranga_hepatica_ku9084 0.033354466038  0.031239937652  0.013643817097  0.018255205077  0.016714483037  0.014664377041  0.012624700180  0.016714483037  0.017229338275  0.019811717839  0.019294157696  0.019294157696  0.027561215894  0.022373347648  0.018255205077  0.016210092364  0.022881314192  0.020823514068  0.023940247716  0.018771405119  0.002504549022  0.000000000000  0.007542931828  0.006534835617  0.004012948374  0.010075669445  0.009572732837  0.012624700180  0.013648017530  0.012621039020  
piranga_flava_lsu15408 0.037064849301  0.034935483901  0.017234649346  0.021873022180  0.020323259016  0.018260666029  0.016210092364  0.020323259016  0.020841632042  0.023441711876  0.022920596757  0.022920596757  0.031231102014  0.026013429545  0.021873022180  0.019818404058  0.026521866816  0.024454441633  0.026544365580  0.021353833714  0.006029201329  0.007542931828  0.000000000000  0.010084992588  0.007547664010  0.013643817097  0.013140418066  0.016210092364  0.017240357907  0.016204930422  
piranga_lutea_lsu5400 0.036022308188  0.033895206775  0.016215650843  0.020848472456  0.019300567730  0.017240357907  0.015192399968  0.019300567730  0.019818404058  0.022415783367  0.021895210637  0.021895210637  0.029668364294  0.024461626078  0.019811717839  0.017762680046  0.025490953498  0.023426448646  0.026561390907  0.021367669228  0.005023141475  0.006534835617  0.010084992588  0.000000000000  0.006540069033  0.012628755496  0.012126376468  0.015192399968  0.016221605484  0.015186990822  
piranga_hepatica_ku4970 0.029151060358  0.027052265127  0.009569891589  0.014151928112  0.012621039020  0.010584421384  0.008556786764  0.012621039020  0.013132162593  0.015695766569  0.015181977261  0.015181977261  0.023400755646  0.018245480024  0.014151928112  0.012117623875  0.018752457320  0.016705600610  0.019799543763  0.014664377041  0.002506365883  0.004012948374  0.007547664010  0.006540069033  0.000000000000  0.006026051529  0.005524085560  0.008556786764  0.009572732837  0.009569891589  
piranga_lutea_ku89864 0.027584191156  0.025490953498  0.008556786764  0.013132162593  0.011603504391  0.009569891589  0.007545102802  0.011603504391  0.012113837640  0.014673465275  0.013648017530  0.013648017530  0.022367682258  0.017219910107  0.013132162593  0.011100591755  0.017726377775  0.015682288349  0.018771405119  0.013643817097  0.008556786764  0.010075669445  0.013643817097  0.012628755496  0.006026051529  0.000000000000  0.004516776400  0.007545102802  0.008559487640  0.008556786764  
piranga_rubra_sdsu2635 0.024461626078  0.022379415734  0.005019487245  0.009569891589  0.008049598442  0.006027431725  0.004012948374  0.008049598442  0.008556786764  0.011100591755  0.010590778693  0.010590778693  0.018756594268  0.013636601909  0.009569891589  0.007547664010  0.014142077621  0.012107447167  0.015177359659  0.010078384911  0.008054860257  0.009572732837  0.013140418066  0.012126376468  0.005524085560  0.004516776400  0.000000000000  0.003006835734  0.004012948374  0.005019487245  
piranga_rubra_ku7046 0.027584191156  0.025490953498  0.008049598442  0.012621039020  0.011093699336  0.009061922662  0.007038692689  0.011093699336  0.011603504391  0.014160474549  0.013648017530  0.013648017530  0.021849057039  0.016705600610  0.012621039020  0.010590778693  0.017212076428  0.015169313837  0.018255205077  0.013132162593  0.011100591755  0.012624700180  0.016210092364  0.015192399968  0.008556786764  0.007545102802  0.003006835734  0.000000000000  0.003006046483  0.008049598442  
piranga_rubra_sdsu2654 0.028634155297  0.026536460384  0.009064497869  0.013643817097  0.012113837640  0.010078384911  0.008052034094  0.012113837640  0.012624700180  0.015186990822  0.014673465275  0.014673465275  0.022886854116  0.017734757178  0.013643817097  0.011610933028  0.018241216680  0.016195797647  0.019288146697  0.014156003638  0.012121803609  0.013648017530  0.017240357907  0.016221605484  0.009572732837  0.008559487640  0.004012948374  0.003006046483  0.000000000000  0.009064497869  
piranga_rubra_ku26592 0.026544365580  0.024454441633  0.007038692689  0.011603504391  0.010078384911  0.008049598442  0.006029201329  0.010078384911  0.010587403712  0.013140418066  0.012628755496  0.012628755496  0.020818277091  0.015682288349  0.011603504391  0.009575965805  0.016188255532  0.014148248348  0.017229338275  0.012113837640  0.011096949078  0.012621039020  0.016204930422  0.015186990822  0.009569891589  0.008556786764  0.005019487245  0.008049598442  0.009064497869  0.000000000000  

