30
cardinalis_cardinalis_ku21828 0.000000000000  0.003007996409  0.008046595635  0.010072478335  0.008553392874  0.010074537498  0.011092418810  0.013127588456  0.011089793617  0.013130934727  0.012616771889  0.009060727357  0.011602172455  0.012619832737  0.009058816491  0.010074537498  0.010074537498  0.009566407530  0.008551763239  0.008551763239  0.008551763239  0.010072478335  0.011596771517  0.010578940444  0.010578940444  0.009564630481  0.011599263342  0.012616771889  0.012112469635  0.010074537498  
cardinalis_cardinalis_ku25393 0.003007996409  0.000000000000  0.005017120984  0.007033818845  0.005520995912  0.007034608347  0.008046595635  0.010072478335  0.008045246637  0.010074537498  0.009564630481  0.006025401902  0.008553392874  0.009566407530  0.006024756443  0.007034608347  0.007034608347  0.006529416035  0.005520628448  0.005520628448  0.005520628448  0.007033818845  0.008550548628  0.007538610999  0.007538610999  0.006528905397  0.008551763239  0.009564630481  0.009060727357  0.007034608347  
piranga_erythrocephala_fmnh343370 0.008046595635  0.005017120984  0.000000000000  0.002002811544  0.000500261370  0.002003296923  0.003007996409  0.005019862228  0.003006959561  0.005021598406  0.004515684932  0.001001046210  0.003511138206  0.004517143061  0.001000702209  0.002003296923  0.002003296923  0.001501737021  0.000500191389  0.000500191389  0.000500191389  0.002002811544  0.003508920972  0.002504270432  0.002504270432  0.001501526510  0.003509824754  0.004515684932  0.004014809521  0.002003296923  
piranga_erythrocephala_fmnh343371 0.010072478335  0.007033818845  0.002002811544  0.000000000000  0.001501526510  0.004012038219  0.005019862228  0.007037428102  0.005018537012  0.007039457597  0.006531677140  0.003006959561  0.005524571224  0.006533426845  0.003006332079  0.004012038219  0.004012038219  0.003508920972  0.002504270432  0.002504270432  0.002504270432  0.004011267907  0.005521775782  0.004514001024  0.004514001024  0.003508427237  0.005522967679  0.006531677140  0.006029813045  0.004012038219  
piranga_bidentata_itm160 0.008553392874  0.005520995912  0.000500261370  0.001501526510  0.000000000000  0.002505383017  0.003511138206  0.005524571224  0.003509824754  0.005526586040  0.005019862228  0.001502355615  0.004014809521  0.005021598406  0.001501737021  0.002505383017  0.002505383017  0.002003296923  0.001000702209  0.001000702209  0.001000702209  0.002504622193  0.004012038219  0.003006332079  0.003006332079  0.002002811544  0.004013218882  0.005019862228  0.004519011471  0.002505383017  
piranga_hepatica_ku9084 0.010074537498  0.007034608347  0.002003296923  0.004012038219  0.002505383017  0.000000000000  0.004013218882  0.006027930582  0.004012038219  0.006029813045  0.005522967679  0.002003296923  0.004517143061  0.006535588815  0.003006959561  0.004013218882  0.004013218882  0.003509824754  0.002504622193  0.002504622193  0.002504622193  0.004012038219  0.005522967679  0.004514637461  0.004514637461  0.003508920972  0.005524571224  0.006533426845  0.006032107086  0.004013218882  
piranga_lutea_lsu5400 0.011092418810  0.008046595635  0.003007996409  0.005019862228  0.003511138206  0.004013218882  0.000000000000  0.004011267907  0.002002734926  0.006029813045  0.005522967679  0.002003296923  0.004517143061  0.007548746728  0.004013218882  0.005021598406  0.005021598406  0.004517143061  0.003509824754  0.003509824754  0.003509824754  0.005019862228  0.006533426845  0.005522967679  0.005522967679  0.004515684932  0.006535588815  0.007546023968  0.007044753932  0.005021598406  
piranga_lutea_ku89864 0.013127588456  0.010072478335  0.005019862228  0.007037428102  0.005524571224  0.006027930582  0.004011267907  0.000000000000  0.003006332079  0.008050536242  0.007541817478  0.004012038219  0.006533426845  0.009574231040  0.006027930582  0.007039457597  0.007039457597  0.006533426845  0.005522967679  0.005522967679  0.005522967679  0.007037428102  0.008555437150  0.007541817478  0.007541817478  0.006531677140  0.008557895689  0.009571208188  0.009068948167  0.007039457597  
piranga_hepatica_ku4970 0.011089793617  0.008045246637  0.003006959561  0.005018537012  0.003509824754  0.004012038219  0.002002734926  0.003006332079  0.000000000000  0.006027930582  0.005521775782  0.002002811544  0.004515684932  0.007546023968  0.004012038219  0.005019862228  0.005019862228  0.004515684932  0.003508920972  0.003508920972  0.003508920972  0.005018537012  0.006531677140  0.005521775782  0.005521775782  0.004514637461  0.006533426845  0.007543714092  0.007041899665  0.005019862228  
piranga_rubriceps_lsu265 0.013130934727  0.010074537498  0.005021598406  0.007039457597  0.005526586040  0.006029813045  0.006029813045  0.008050536242  0.006027930582  0.000000000000  0.002505383017  0.004013218882  0.006535588815  0.009577668404  0.006029813045  0.007041899665  0.007041899665  0.006535588815  0.005524571224  0.005524571224  0.005524571224  0.007039457597  0.008557895689  0.007543714092  0.007543714092  0.006533426845  0.008560768112  0.009574231040  0.009072516584  0.007041899665  
piranga_rubriceps_lsu34818 0.012616771889  0.009564630481  0.004515684932  0.006531677140  0.005019862228  0.005522967679  0.005522967679  0.007541817478  0.005521775782  0.002505383017  0.000000000000  0.003508920972  0.006027930582  0.009065793574  0.005522967679  0.006533426845  0.006533426845  0.006027930582  0.005018537012  0.005018537012  0.005018537012  0.006531677140  0.008048358963  0.007035811559  0.007035811559  0.006026460075  0.008050536242  0.009063053178  0.008560768112  0.006533426845  
piranga_roseogularis_ku2049 0.009060727357  0.006025401902  0.001001046210  0.003006959561  0.001502355615  0.002003296923  0.002003296923  0.004012038219  0.002002811544  0.004013218882  0.003508920972  0.000000000000  0.002505383017  0.005526586040  0.002003296923  0.003007996409  0.003007996409  0.002505383017  0.001501737021  0.001501737021  0.001501737021  0.003006959561  0.004515684932  0.003508920972  0.003508920972  0.002504622193  0.004517143061  0.005524571224  0.005023745173  0.003007996409  
piranga_roseogularis_ku2141 0.011602172455  0.008553392874  0.003511138206  0.005524571224  0.004014809521  0.004517143061  0.004517143061  0.006533426845  0.004515684932  0.006535588815  0.006027930582  0.002505383017  0.000000000000  0.008056131141  0.004517143061  0.005526586040  0.005526586040  0.005021598406  0.004013218882  0.004013218882  0.004013218882  0.005524571224  0.007039457597  0.006027930582  0.006027930582  0.005019862228  0.007041899665  0.008053127093  0.007551881998  0.005526586040  
piranga_leucoptera_fmnh481795 0.012619832737  0.009566407530  0.004517143061  0.006533426845  0.005021598406  0.006535588815  0.007548746728  0.009574231040  0.007546023968  0.009577668404  0.009065793574  0.005526586040  0.008056131141  0.000000000000  0.003511138206  0.006535588815  0.006535588815  0.006029813045  0.005019862228  0.005019862228  0.005019862228  0.006533426845  0.008050536242  0.007037428102  0.007037428102  0.006027930582  0.008053127093  0.009065793574  0.008564054045  0.006535588815  
piranga_leucoptera_lsu7783 0.009058816491  0.006024756443  0.001000702209  0.003006332079  0.001501737021  0.003006959561  0.004013218882  0.006027930582  0.004012038219  0.006029813045  0.005522967679  0.002003296923  0.004517143061  0.003511138206  0.000000000000  0.003006959561  0.003006959561  0.002504622193  0.001501526510  0.001501526510  0.001501526510  0.003006332079  0.004514637461  0.003508427237  0.003508427237  0.002504270432  0.004515684932  0.005522967679  0.005021598406  0.003006959561  
piranga_flava_ku90809 0.010074537498  0.007034608347  0.002003296923  0.004012038219  0.002505383017  0.004013218882  0.005021598406  0.007039457597  0.005019862228  0.007041899665  0.006533426845  0.003007996409  0.005526586040  0.006535588815  0.003006959561  0.000000000000  0.000000000000  0.003509824754  0.002504622193  0.002504622193  0.002504622193  0.004012038219  0.005522967679  0.004514637461  0.004514637461  0.003508920972  0.005524571224  0.006533426845  0.006032107086  0.004013218882  
piranga_flava_lsu15408 0.010074537498  0.007034608347  0.002003296923  0.004012038219  0.002505383017  0.004013218882  0.005021598406  0.007039457597  0.005019862228  0.007041899665  0.006533426845  0.003007996409  0.005526586040  0.006535588815  0.003006959561  0.000000000000  0.000000000000  0.003509824754  0.002504622193  0.002504622193  0.002504622193  0.004012038219  0.005522967679  0.004514637461  0.004514637461  0.003508920972  0.005524571224  0.006533426845  0.006032107086  0.004013218882  
piranga_olivacea_ku2699 0.009566407530  0.006529416035  0.001501737021  0.003508920972  0.002003296923  0.003509824754  0.004517143061  0.006533426845  0.004515684932  0.006535588815  0.006027930582  0.002505383017  0.005021598406  0.006029813045  0.002504622193  0.003509824754  0.003509824754  0.000000000000  0.001001046210  0.001001046210  0.001001046210  0.002505383017  0.004013218882  0.003006959561  0.003006959561  0.002003296923  0.004014809521  0.005021598406  0.004521289788  0.002506552529  
piranga_olivacea_ku4672 0.008551763239  0.005520628448  0.000500191389  0.002504270432  0.001000702209  0.002504622193  0.003509824754  0.005522967679  0.003508920972  0.005524571224  0.005018537012  0.001501737021  0.004013218882  0.005019862228  0.001501526510  0.002504622193  0.002504622193  0.001001046210  0.000000000000  0.000000000000  0.000000000000  0.001501737021  0.003006959561  0.002002811544  0.002002811544  0.001000702209  0.003007996409  0.004013218882  0.003512860954  0.001502355615  
piranga_ludoviciana_sdsu2648 0.008551763239  0.005520628448  0.000500191389  0.002504270432  0.001000702209  0.002504622193  0.003509824754  0.005522967679  0.003508920972  0.005524571224  0.005018537012  0.001501737021  0.004013218882  0.005019862228  0.001501526510  0.002504622193  0.002504622193  0.001001046210  0.000000000000  0.000000000000  0.000000000000  0.001501737021  0.003006959561  0.002002811544  0.002002811544  0.001000702209  0.003007996409  0.004013218882  0.003512860954  0.001502355615  
piranga_ludoviciana_sdsu2650 0.008551763239  0.005520628448  0.000500191389  0.002504270432  0.001000702209  0.002504622193  0.003509824754  0.005522967679  0.003508920972  0.005524571224  0.005018537012  0.001501737021  0.004013218882  0.005019862228  0.001501526510  0.002504622193  0.002504622193  0.001001046210  0.000000000000  0.000000000000  0.000000000000  0.001501737021  0.003006959561  0.002002811544  0.002002811544  0.001000702209  0.003007996409  0.004013218882  0.003512860954  0.001502355615  
piranga_bidentata_tepe59 0.010072478335  0.007033818845  0.002002811544  0.004011267907  0.002504622193  0.004012038219  0.005019862228  0.007037428102  0.005018537012  0.007039457597  0.006531677140  0.003006959561  0.005524571224  0.006533426845  0.003006332079  0.004012038219  0.004012038219  0.002505383017  0.001501737021  0.001501737021  0.001501737021  0.000000000000  0.002505383017  0.001501737021  0.001501737021  0.000500261370  0.004517143061  0.005524571224  0.005023745173  0.003007996409  
piranga_ludoviciana_sdsu2208 0.011596771517  0.008550548628  0.003508920972  0.005521775782  0.004012038219  0.005522967679  0.006533426845  0.008555437150  0.006531677140  0.008557895689  0.008048358963  0.004515684932  0.007039457597  0.008050536242  0.004514637461  0.005522967679  0.005522967679  0.004013218882  0.003006959561  0.003006959561  0.003006959561  0.002505383017  0.000000000000  0.003006959561  0.003006959561  0.002003296923  0.006029813045  0.007039457597  0.006538162673  0.004517143061  
piranga_bidentata_hgoslp104 0.010578940444  0.007538610999  0.002504270432  0.004514001024  0.003006332079  0.004514637461  0.005522967679  0.007541817478  0.005521775782  0.007543714092  0.007035811559  0.003508920972  0.006027930582  0.007037428102  0.003508427237  0.004514637461  0.004514637461  0.003006959561  0.002002811544  0.002002811544  0.002002811544  0.001501737021  0.003006959561  0.000000000000  0.000000000000  0.001000702209  0.005019862228  0.006027930582  0.005526586040  0.003509824754  
piranga_bidentata_itm141 0.010578940444  0.007538610999  0.002504270432  0.004514001024  0.003006332079  0.004514637461  0.005522967679  0.007541817478  0.005521775782  0.007543714092  0.007035811559  0.003508920972  0.006027930582  0.007037428102  0.003508427237  0.004514637461  0.004514637461  0.003006959561  0.002002811544  0.002002811544  0.002002811544  0.001501737021  0.003006959561  0.000000000000  0.000000000000  0.001000702209  0.005019862228  0.006027930582  0.005526586040  0.003509824754  
piranga_ludoviciana_sdsu2385 0.009564630481  0.006528905397  0.001501526510  0.003508427237  0.002002811544  0.003508920972  0.004515684932  0.006531677140  0.004514637461  0.006533426845  0.006026460075  0.002504622193  0.005019862228  0.006027930582  0.002504270432  0.003508920972  0.003508920972  0.002003296923  0.001000702209  0.001000702209  0.001000702209  0.000500261370  0.002003296923  0.001000702209  0.001000702209  0.000000000000  0.004013218882  0.005019862228  0.004519011471  0.002505383017  
piranga_rubra_sdsu2635 0.011599263342  0.008551763239  0.003509824754  0.005522967679  0.004013218882  0.005524571224  0.006535588815  0.008557895689  0.006533426845  0.008560768112  0.008050536242  0.004517143061  0.007041899665  0.008053127093  0.004515684932  0.005524571224  0.005524571224  0.004014809521  0.003007996409  0.003007996409  0.003007996409  0.004517143061  0.006029813045  0.005019862228  0.005019862228  0.004013218882  0.000000000000  0.001000702209  0.003511138206  0.001501737021  
piranga_rubra_sdsu2654 0.012616771889  0.009564630481  0.004515684932  0.006531677140  0.005019862228  0.006533426845  0.007546023968  0.009571208188  0.007543714092  0.009574231040  0.009063053178  0.005524571224  0.008053127093  0.009065793574  0.005522967679  0.006533426845  0.006533426845  0.005021598406  0.004013218882  0.004013218882  0.004013218882  0.005524571224  0.007039457597  0.006027930582  0.006027930582  0.005019862228  0.001000702209  0.000000000000  0.004517143061  0.002504622193  
piranga_rubra_ku7046 0.012112469635  0.009060727357  0.004014809521  0.006029813045  0.004519011471  0.006032107086  0.007044753932  0.009068948167  0.007041899665  0.009072516584  0.008560768112  0.005023745173  0.007551881998  0.008564054045  0.005021598406  0.006032107086  0.006032107086  0.004521289788  0.003512860954  0.003512860954  0.003512860954  0.005023745173  0.006538162673  0.005526586040  0.005526586040  0.004519011471  0.003511138206  0.004517143061  0.000000000000  0.002004190687  
piranga_rubra_ku26592 0.010074537498  0.007034608347  0.002003296923  0.004012038219  0.002505383017  0.004013218882  0.005021598406  0.007039457597  0.005019862228  0.007041899665  0.006533426845  0.003007996409  0.005526586040  0.006535588815  0.003006959561  0.004013218882  0.004013218882  0.002506552529  0.001502355615  0.001502355615  0.001502355615  0.003007996409  0.004517143061  0.003509824754  0.003509824754  0.002505383017  0.001501737021  0.002504622193  0.002004190687  0.000000000000  

