30
cardinalis_cardinalis_ku21828 0.000000000000  0.000000000000  0.024934274701  0.026487987690  0.017722444442  0.014140946348  0.019253764882  0.019253764882  0.010577030169  0.015669833678  0.015669833678  0.011083527748  0.009056773824  0.009056773824  0.011591709573  0.011085248458  0.011085248458  0.011085248458  0.010070281047  0.013119581258  0.010070281047  0.012099641208  0.010577030169  0.010070281047  0.010069364319  0.011084172786  0.010576249080  0.010576249080  0.008551066742  0.008551066742  
cardinalis_cardinalis_ku25393 0.000000000000  0.000000000000  0.024934274701  0.026487987690  0.017722444442  0.014140946348  0.019253764882  0.019253764882  0.010577030169  0.015669833678  0.015669833678  0.011083527748  0.009056773824  0.009056773824  0.011591709573  0.011085248458  0.011085248458  0.011085248458  0.010070281047  0.013119581258  0.010070281047  0.012099641208  0.010577030169  0.010070281047  0.010069364319  0.011084172786  0.010576249080  0.010576249080  0.008551066742  0.008551066742  
piranga_leucoptera_fmnh481795 0.024934274701  0.024934274701  0.000000000000  0.008550173024  0.017211365254  0.012611266734  0.017713928492  0.017713928492  0.022347520593  0.027526923425  0.027526923425  0.022859468056  0.020802584403  0.020802584403  0.023377306220  0.022865396621  0.022865396621  0.022865396621  0.021833234576  0.024934274701  0.021833234576  0.023892807236  0.022347520593  0.021833234576  0.021830218188  0.022862210907  0.022344640761  0.022344640761  0.020289371793  0.020289371793  
piranga_leucoptera_lsu7783 0.026487987690  0.026487987690  0.008550173024  0.000000000000  0.018748753224  0.014138955405  0.019252266225  0.019252266225  0.023895719197  0.029086156120  0.029086156120  0.024408714661  0.022347520593  0.022347520593  0.024927665701  0.024414708263  0.024414708263  0.024414708263  0.023380355270  0.026487987690  0.023380355270  0.025444249693  0.023895719197  0.023380355270  0.023377306220  0.024411489105  0.023892807236  0.023892807236  0.021833234576  0.021833234576  
piranga_rubriceps_lsu34818 0.017722444442  0.017722444442  0.017211365254  0.018748753224  0.000000000000  0.004515940291  0.009562872792  0.009562872792  0.015161961556  0.020289371793  0.020289371793  0.015669833678  0.013632110495  0.013632110495  0.016182141241  0.015674306179  0.015674306179  0.015674306179  0.014652467741  0.017722444442  0.014652467741  0.016692828481  0.015161961556  0.014652467741  0.014650178375  0.015671852495  0.015159807257  0.015159807257  0.013123670137  0.013123670137  
piranga_rubriceps_lsu265 0.014140946348  0.014140946348  0.012611266734  0.014138955405  0.004515940291  0.000000000000  0.005017416367  0.005017416367  0.011594020390  0.016695011398  0.016695011398  0.012100444960  0.010071626986  0.010071626986  0.012609735118  0.012103347172  0.012103347172  0.012103347172  0.011086754395  0.014140946348  0.011086754395  0.013118185207  0.011594020390  0.011086754395  0.011085248458  0.012101680405  0.011592649492  0.011592649492  0.009565405201  0.009565405201  
piranga_erythrocephala_fmnh343371 0.019253764882  0.019253764882  0.017713928492  0.019252266225  0.009562872792  0.005017416367  0.000000000000  0.000000000000  0.016689771974  0.021825511075  0.021825511075  0.017200397963  0.015156802583  0.015156802583  0.017712893943  0.017202305040  0.017202305040  0.017202305040  0.016178811371  0.019253764882  0.016178811371  0.018225056696  0.016689771974  0.016178811371  0.016177800762  0.017201132600  0.016688899139  0.016688899139  0.014646901402  0.014646901402  
piranga_erythrocephala_fmnh343370 0.019253764882  0.019253764882  0.017713928492  0.019252266225  0.009562872792  0.005017416367  0.000000000000  0.000000000000  0.016689771974  0.021825511075  0.021825511075  0.017200397963  0.015156802583  0.015156802583  0.017712893943  0.017202305040  0.017202305040  0.017202305040  0.016178811371  0.019253764882  0.016178811371  0.018225056696  0.016689771974  0.016178811371  0.016177800762  0.017201132600  0.016688899139  0.016688899139  0.014646901402  0.014646901402  
piranga_lutea_ku89864 0.010577030169  0.010577030169  0.022347520593  0.023895719197  0.015161961556  0.011594020390  0.016689771974  0.016689771974  0.000000000000  0.007540825564  0.007540825564  0.003006153340  0.001501536233  0.001501536233  0.004011009492  0.004513863995  0.004513863995  0.004513863995  0.003508387906  0.006529129066  0.003508387906  0.005521202981  0.004011009492  0.003508387906  0.003508695836  0.004514018758  0.004011452656  0.004011452656  0.002002747299  0.002002747299  
piranga_roseogularis_ku2049 0.015669833678  0.015669833678  0.027526923425  0.029086156120  0.020289371793  0.016695011398  0.021825511075  0.021825511075  0.007540825564  0.000000000000  0.000000000000  0.004515940291  0.006529708764  0.006529708764  0.009056015217  0.009562872792  0.009562872792  0.009562872792  0.008550173024  0.011592649492  0.008550173024  0.010575898284  0.009056015217  0.008550173024  0.008549707128  0.009562249709  0.009055685142  0.009055685142  0.007034122640  0.007034122640  
piranga_roseogularis_ku2141 0.015669833678  0.015669833678  0.027526923425  0.029086156120  0.020289371793  0.016695011398  0.021825511075  0.021825511075  0.007540825564  0.000000000000  0.000000000000  0.004515940291  0.006529708764  0.006529708764  0.009056015217  0.009562872792  0.009562872792  0.009562872792  0.008550173024  0.011592649492  0.008550173024  0.010575898284  0.009056015217  0.008550173024  0.008549707128  0.009562249709  0.009055685142  0.009055685142  0.007034122640  0.007034122640  
piranga_hepatica_ku4970 0.011083527748  0.011083527748  0.022859468056  0.024408714661  0.015669833678  0.012100444960  0.017200397963  0.017200397963  0.003006153340  0.004515940291  0.004515940291  0.000000000000  0.002003072895  0.002003072895  0.004514597564  0.005017416367  0.005017416367  0.005017416367  0.004011452656  0.007033659455  0.004011452656  0.006026367462  0.004514597564  0.004011452656  0.004012319530  0.005018131223  0.004515600779  0.004515600779  0.002504804122  0.002504804122  
piranga_flava_ku90809 0.009056773824  0.009056773824  0.020802584403  0.022347520593  0.013632110495  0.010071626986  0.015156802583  0.015156802583  0.001501536233  0.006529708764  0.006529708764  0.002003072895  0.000000000000  0.000000000000  0.002504343817  0.003006153340  0.003006153340  0.003006153340  0.002002747299  0.005017260508  0.002002747299  0.004011452656  0.002504343817  0.002002747299  0.002003072895  0.003006326443  0.002504804122  0.002504804122  0.000500191730  0.000500191730  
piranga_lutea_lsu5400 0.009056773824  0.009056773824  0.020802584403  0.022347520593  0.013632110495  0.010071626986  0.015156802583  0.015156802583  0.001501536233  0.006529708764  0.006529708764  0.002003072895  0.000000000000  0.000000000000  0.002504343817  0.003006153340  0.003006153340  0.003006153340  0.002002747299  0.005017260508  0.002002747299  0.004011452656  0.002504343817  0.002002747299  0.002003072895  0.003006326443  0.002504804122  0.002504804122  0.000500191730  0.000500191730  
piranga_hepatica_ku9084 0.011591709573  0.011591709573  0.023377306220  0.024927665701  0.016182141241  0.012609735118  0.017712893943  0.017712893943  0.004011009492  0.009056015217  0.009056015217  0.004514597564  0.002504343817  0.002504343817  0.000000000000  0.005520777105  0.005520777105  0.005520777105  0.004514018758  0.007538617026  0.004514018758  0.006529945894  0.005017416367  0.004514018758  0.004514597564  0.005521202981  0.005018131223  0.005018131223  0.003006326443  0.003006326443  
piranga_ludoviciana_sdsu2648 0.011085248458  0.011085248458  0.022865396621  0.024414708263  0.015674306179  0.012103347172  0.017202305040  0.017202305040  0.004513863995  0.009562872792  0.009562872792  0.005017416367  0.003006153340  0.003006153340  0.005520777105  0.000000000000  0.000000000000  0.000000000000  0.001000709964  0.004011392830  0.001000709964  0.003006326443  0.001501536233  0.001000709964  0.002002842634  0.005017126251  0.004514018758  0.004514018758  0.002504305135  0.002504305135  
piranga_bidentata_itm141 0.011085248458  0.011085248458  0.022865396621  0.024414708263  0.015674306179  0.012103347172  0.017202305040  0.017202305040  0.004513863995  0.009562872792  0.009562872792  0.005017416367  0.003006153340  0.003006153340  0.005520777105  0.000000000000  0.000000000000  0.000000000000  0.001000709964  0.004011392830  0.001000709964  0.003006326443  0.001501536233  0.001000709964  0.002002842634  0.005017126251  0.004514018758  0.004514018758  0.002504305135  0.002504305135  
piranga_bidentata_itm160 0.011085248458  0.011085248458  0.022865396621  0.024414708263  0.015674306179  0.012103347172  0.017202305040  0.017202305040  0.004513863995  0.009562872792  0.009562872792  0.005017416367  0.003006153340  0.003006153340  0.005520777105  0.000000000000  0.000000000000  0.000000000000  0.001000709964  0.004011392830  0.001000709964  0.003006326443  0.001501536233  0.001000709964  0.002002842634  0.005017126251  0.004514018758  0.004514018758  0.002504305135  0.002504305135  
piranga_olivacea_ku2699 0.010070281047  0.010070281047  0.021833234576  0.023380355270  0.014652467741  0.011086754395  0.016178811371  0.016178811371  0.003508387906  0.008550173024  0.008550173024  0.004011452656  0.002002747299  0.002002747299  0.004514018758  0.001000709964  0.001000709964  0.001000709964  0.000000000000  0.003006402190  0.000000000000  0.002003072895  0.000500191730  0.000000000000  0.001000709964  0.004011009492  0.003508695836  0.003508695836  0.001501536233  0.001501536233  
piranga_olivacea_ku4672 0.013119581258  0.013119581258  0.024934274701  0.026487987690  0.017722444442  0.014140946348  0.019253764882  0.019253764882  0.006529129066  0.011592649492  0.011592649492  0.007033659455  0.005017260508  0.005017260508  0.007538617026  0.004011392830  0.004011392830  0.004011392830  0.003006402190  0.000000000000  0.003006402190  0.005017126251  0.003508502624  0.003006402190  0.004011392830  0.007033677826  0.006528975109  0.006528975109  0.004514132905  0.004514132905  
piranga_ludoviciana_sdsu2385 0.010070281047  0.010070281047  0.021833234576  0.023380355270  0.014652467741  0.011086754395  0.016178811371  0.016178811371  0.003508387906  0.008550173024  0.008550173024  0.004011452656  0.002002747299  0.002002747299  0.004514018758  0.001000709964  0.001000709964  0.001000709964  0.000000000000  0.003006402190  0.000000000000  0.002003072895  0.000500191730  0.000000000000  0.001000709964  0.004011009492  0.003508695836  0.003508695836  0.001501536233  0.001501536233  
piranga_bidentata_tepe59 0.012099641208  0.012099641208  0.023892807236  0.025444249693  0.016692828481  0.013118185207  0.018225056696  0.018225056696  0.005521202981  0.010575898284  0.010575898284  0.006026367462  0.004011452656  0.004011452656  0.006529945894  0.003006326443  0.003006326443  0.003006326443  0.002003072895  0.005017126251  0.002003072895  0.000000000000  0.001501727524  0.002003072895  0.003006326443  0.006025379268  0.005522054301  0.005522054301  0.003508695836  0.003508695836  
piranga_bidentata_hgoslp104 0.010577030169  0.010577030169  0.022347520593  0.023895719197  0.015161961556  0.011594020390  0.016689771974  0.016689771974  0.004011009492  0.009056015217  0.009056015217  0.004514597564  0.002504343817  0.002504343817  0.005017416367  0.001501536233  0.001501536233  0.001501536233  0.000500191730  0.003508502624  0.000500191730  0.001501727524  0.000000000000  0.000500191730  0.001501536233  0.004514018758  0.004011452656  0.004011452656  0.002002747299  0.002002747299  
piranga_ludoviciana_sdsu2650 0.010070281047  0.010070281047  0.021833234576  0.023380355270  0.014652467741  0.011086754395  0.016178811371  0.016178811371  0.003508387906  0.008550173024  0.008550173024  0.004011452656  0.002002747299  0.002002747299  0.004514018758  0.001000709964  0.001000709964  0.001000709964  0.000000000000  0.003006402190  0.000000000000  0.002003072895  0.000500191730  0.000000000000  0.001000709964  0.004011009492  0.003508695836  0.003508695836  0.001501536233  0.001501536233  
piranga_ludoviciana_sdsu2208 0.010069364319  0.010069364319  0.021830218188  0.023377306220  0.014650178375  0.011085248458  0.016177800762  0.016177800762  0.003508695836  0.008549707128  0.008549707128  0.004012319530  0.002003072895  0.002003072895  0.004514597564  0.002002842634  0.002002842634  0.002002842634  0.001000709964  0.004011392830  0.001000709964  0.003006326443  0.001501536233  0.001000709964  0.000000000000  0.004011452656  0.003509426779  0.003509426779  0.001501727524  0.001501727524  
piranga_rubra_sdsu2635 0.011084172786  0.011084172786  0.022862210907  0.024411489105  0.015671852495  0.012101680405  0.017201132600  0.017201132600  0.004514018758  0.009562249709  0.009562249709  0.005018131223  0.003006326443  0.003006326443  0.005521202981  0.005017126251  0.005017126251  0.005017126251  0.004011009492  0.007033677826  0.004011009492  0.006025379268  0.004514018758  0.004011009492  0.004011452656  0.000000000000  0.003508695836  0.003508695836  0.002504343817  0.002504343817  
piranga_rubra_ku7046 0.010576249080  0.010576249080  0.022344640761  0.023892807236  0.015159807257  0.011592649492  0.016688899139  0.016688899139  0.004011452656  0.009055685142  0.009055685142  0.004515600779  0.002504804122  0.002504804122  0.005018131223  0.004514018758  0.004514018758  0.004514018758  0.003508695836  0.006528975109  0.003508695836  0.005522054301  0.004011452656  0.003508695836  0.003509426779  0.003508695836  0.000000000000  0.003006921863  0.002003072895  0.002003072895  
piranga_rubra_sdsu2654 0.010576249080  0.010576249080  0.022344640761  0.023892807236  0.015159807257  0.011592649492  0.016688899139  0.016688899139  0.004011452656  0.009055685142  0.009055685142  0.004515600779  0.002504804122  0.002504804122  0.005018131223  0.004514018758  0.004514018758  0.004514018758  0.003508695836  0.006528975109  0.003508695836  0.005522054301  0.004011452656  0.003508695836  0.003509426779  0.003508695836  0.003006921863  0.000000000000  0.002003072895  0.002003072895  
piranga_flava_lsu15408 0.008551066742  0.008551066742  0.020289371793  0.021833234576  0.013123670137  0.009565405201  0.014646901402  0.014646901402  0.002002747299  0.007034122640  0.007034122640  0.002504804122  0.000500191730  0.000500191730  0.003006326443  0.002504305135  0.002504305135  0.002504305135  0.001501536233  0.004514132905  0.001501536233  0.003508695836  0.002002747299  0.001501536233  0.001501727524  0.002504343817  0.002003072895  0.002003072895  0.000000000000  0.000000000000  
piranga_rubra_ku26592 0.008551066742  0.008551066742  0.020289371793  0.021833234576  0.013123670137  0.009565405201  0.014646901402  0.014646901402  0.002002747299  0.007034122640  0.007034122640  0.002504804122  0.000500191730  0.000500191730  0.003006326443  0.002504305135  0.002504305135  0.002504305135  0.001501536233  0.004514132905  0.001501536233  0.003508695836  0.002002747299  0.001501536233  0.001501727524  0.002504343817  0.002003072895  0.002003072895  0.000000000000  0.000000000000  

