30
cardinalis_cardinalis_ku21828 0.000000000000  0.001502430759  0.002002851258  0.002002851258  0.003509071819  0.002504705432  0.008045890691  0.002002851258  0.002002851258  0.003007103203  0.004012267325  0.004012267325  0.004012267325  0.004514876197  0.003007103203  0.003007103203  0.003007103203  0.003007103203  0.003007103203  0.003006421636  0.004517569907  0.003007103203  0.005018871977  0.003007103203  0.004516009340  0.003007103203  0.008049284416  0.007035100339  0.004011427477  0.004011427477  
cardinalis_cardinalis_ku25393 0.001502430759  0.000000000000  0.003510045750  0.003510045750  0.005020299052  0.004013534256  0.009567559373  0.003510045750  0.003510045750  0.004517569907  0.005525137653  0.005525137653  0.005525137653  0.006028509478  0.004517569907  0.004517569907  0.004517569907  0.004517569907  0.004517569907  0.004516009340  0.006032971655  0.004517569907  0.006534153590  0.004517569907  0.006030526339  0.004517569907  0.009572740405  0.008554337381  0.005523416006  0.005523416006  
piranga_flava_lsu15408 0.002002851258  0.003510045750  0.000000000000  0.000000000000  0.001501772798  0.000500269696  0.006025762552  0.000000000000  0.000000000000  0.001001079560  0.002003375358  0.002003375358  0.002003375358  0.002504705432  0.001001079560  0.001001079560  0.001001079560  0.001001079560  0.001001079560  0.002003375358  0.002506761856  0.001001079560  0.003007103203  0.001001079560  0.002505520971  0.001001079560  0.006028509478  0.005017873027  0.002002851258  0.002002851258  
piranga_erythrocephala_fmnh343370 0.002002851258  0.003510045750  0.000000000000  0.000000000000  0.001501772798  0.000500269696  0.006025762552  0.000000000000  0.000000000000  0.001001079560  0.002003375358  0.002003375358  0.002003375358  0.002504705432  0.001001079560  0.001001079560  0.001001079560  0.001001079560  0.001001079560  0.002003375358  0.002506761856  0.001001079560  0.003007103203  0.001001079560  0.002505520971  0.001001079560  0.006028509478  0.005017873027  0.002002851258  0.002002851258  
piranga_rubriceps_lsu265 0.003509071819  0.005020299052  0.001501772798  0.001501772798  0.000000000000  0.002003375358  0.007540959970  0.001501772798  0.001501772798  0.002505520971  0.003510045750  0.003510045750  0.003510045750  0.004012267325  0.002505520971  0.002505520971  0.002505520971  0.002505520971  0.002505520971  0.003510045750  0.004015227910  0.002505520971  0.004516009340  0.002505520971  0.004013534256  0.002505520971  0.007544622027  0.006530815985  0.003509071819  0.003509071819  
piranga_leucoptera_lsu7783 0.002504705432  0.004013534256  0.000500269696  0.000500269696  0.002003375358  0.000000000000  0.006530815985  0.000500269696  0.000500269696  0.001502430759  0.002505520971  0.002505520971  0.002505520971  0.003007103203  0.001502430759  0.001502430759  0.001502430759  0.001502430759  0.001502430759  0.002505520971  0.003009744108  0.001502430759  0.003510045750  0.001502430759  0.003008210812  0.001502430759  0.006534153590  0.005522122827  0.002504705432  0.002504705432  
piranga_erythrocephala_fmnh343371 0.008045890691  0.009567559373  0.006025762552  0.006025762552  0.007540959970  0.006530815985  0.000000000000  0.006025762552  0.006025762552  0.007036419972  0.008047371915  0.008047371915  0.008047371915  0.008552559098  0.007036419972  0.007036419972  0.007036419972  0.007036419972  0.007036419972  0.008047371915  0.008556547290  0.007036419972  0.009059781588  0.007036419972  0.008554337381  0.007036419972  0.012108372157  0.010578468372  0.008045890691  0.008045890691  
piranga_rubriceps_lsu34818 0.002002851258  0.003510045750  0.000000000000  0.000000000000  0.001501772798  0.000500269696  0.006025762552  0.000000000000  0.000000000000  0.001001079560  0.002003375358  0.002003375358  0.002003375358  0.002504705432  0.001001079560  0.001001079560  0.001001079560  0.001001079560  0.001001079560  0.002003375358  0.002506761856  0.001001079560  0.003007103203  0.001001079560  0.002505520971  0.001001079560  0.006028509478  0.005017873027  0.002002851258  0.002002851258  
piranga_leucoptera_fmnh481795 0.002002851258  0.003510045750  0.000000000000  0.000000000000  0.001501772798  0.000500269696  0.006025762552  0.000000000000  0.000000000000  0.001001079560  0.002003375358  0.002003375358  0.002003375358  0.002504705432  0.001001079560  0.001001079560  0.001001079560  0.001001079560  0.001001079560  0.002003375358  0.002506761856  0.001001079560  0.003007103203  0.001001079560  0.002505520971  0.001001079560  0.006028509478  0.005017873027  0.002002851258  0.002002851258  
piranga_ludoviciana_sdsu2650 0.003007103203  0.004517569907  0.001001079560  0.001001079560  0.002505520971  0.001502430759  0.007036419972  0.001001079560  0.001001079560  0.000000000000  0.001000712115  0.001000712115  0.001000712115  0.001501539506  0.000000000000  0.000000000000  0.000000000000  0.000000000000  0.000000000000  0.001000712115  0.001502430759  0.000000000000  0.002002851258  0.000000000000  0.001501772798  0.000000000000  0.005018871977  0.004011015068  0.001000769005  0.001000769005  
piranga_bidentata_itm160 0.004012267325  0.005525137653  0.002003375358  0.002003375358  0.003510045750  0.002505520971  0.008047371915  0.002003375358  0.002003375358  0.001000712115  0.000000000000  0.000000000000  0.000000000000  0.000500192142  0.001000712115  0.001000712115  0.001000712115  0.001000712115  0.001000712115  0.002002851258  0.002505520971  0.001000712115  0.003006421636  0.001000712115  0.002504705432  0.001000712115  0.006026921429  0.005017302561  0.002002752523  0.002002752523  
piranga_ludoviciana_sdsu2385 0.004012267325  0.005525137653  0.002003375358  0.002003375358  0.003510045750  0.002505520971  0.008047371915  0.002003375358  0.002003375358  0.001000712115  0.000000000000  0.000000000000  0.000000000000  0.000500192142  0.001000712115  0.001000712115  0.001000712115  0.001000712115  0.001000712115  0.002002851258  0.002505520971  0.001000712115  0.003006421636  0.001000712115  0.002504705432  0.001000712115  0.006026921429  0.005017302561  0.002002752523  0.002002752523  
piranga_bidentata_itm141 0.004012267325  0.005525137653  0.002003375358  0.002003375358  0.003510045750  0.002505520971  0.008047371915  0.002003375358  0.002003375358  0.001000712115  0.000000000000  0.000000000000  0.000000000000  0.000500192142  0.001000712115  0.001000712115  0.001000712115  0.001000712115  0.001000712115  0.002002851258  0.002505520971  0.001000712115  0.003006421636  0.001000712115  0.002504705432  0.001000712115  0.006026921429  0.005017302561  0.002002752523  0.002002752523  
piranga_bidentata_hgoslp104 0.004514876197  0.006028509478  0.002504705432  0.002504705432  0.004012267325  0.003007103203  0.008552559098  0.002504705432  0.002504705432  0.001501539506  0.000500192142  0.000500192142  0.000500192142  0.000000000000  0.001501539506  0.001501539506  0.001501539506  0.001501539506  0.001501539506  0.002504315596  0.003007103203  0.001501539506  0.003508524628  0.001501539506  0.003006421636  0.001501539506  0.006530815985  0.005520823312  0.002504351823  0.002504351823  
piranga_lutea_ku89864 0.003007103203  0.004517569907  0.001001079560  0.001001079560  0.002505520971  0.001502430759  0.007036419972  0.001001079560  0.001001079560  0.000000000000  0.001000712115  0.001000712115  0.001000712115  0.001501539506  0.000000000000  0.000000000000  0.000000000000  0.000000000000  0.000000000000  0.001000712115  0.001502430759  0.000000000000  0.002002851258  0.000000000000  0.001501772798  0.000000000000  0.005018871977  0.004011015068  0.001000769005  0.001000769005  
piranga_hepatica_ku4970 0.003007103203  0.004517569907  0.001001079560  0.001001079560  0.002505520971  0.001502430759  0.007036419972  0.001001079560  0.001001079560  0.000000000000  0.001000712115  0.001000712115  0.001000712115  0.001501539506  0.000000000000  0.000000000000  0.000000000000  0.000000000000  0.000000000000  0.001000712115  0.001502430759  0.000000000000  0.002002851258  0.000000000000  0.001501772798  0.000000000000  0.005018871977  0.004011015068  0.001000769005  0.001000769005  
piranga_flava_ku90809 0.003007103203  0.004517569907  0.001001079560  0.001001079560  0.002505520971  0.001502430759  0.007036419972  0.001001079560  0.001001079560  0.000000000000  0.001000712115  0.001000712115  0.001000712115  0.001501539506  0.000000000000  0.000000000000  0.000000000000  0.000000000000  0.000000000000  0.001000712115  0.001502430759  0.000000000000  0.002002851258  0.000000000000  0.001501772798  0.000000000000  0.005018871977  0.004011015068  0.001000769005  0.001000769005  
piranga_olivacea_ku4672 0.003007103203  0.004517569907  0.001001079560  0.001001079560  0.002505520971  0.001502430759  0.007036419972  0.001001079560  0.001001079560  0.000000000000  0.001000712115  0.001000712115  0.001000712115  0.001501539506  0.000000000000  0.000000000000  0.000000000000  0.000000000000  0.000000000000  0.001000712115  0.001502430759  0.000000000000  0.002002851258  0.000000000000  0.001501772798  0.000000000000  0.005018871977  0.004011015068  0.001000769005  0.001000769005  
piranga_ludoviciana_sdsu2208 0.003007103203  0.004517569907  0.001001079560  0.001001079560  0.002505520971  0.001502430759  0.007036419972  0.001001079560  0.001001079560  0.000000000000  0.001000712115  0.001000712115  0.001000712115  0.001501539506  0.000000000000  0.000000000000  0.000000000000  0.000000000000  0.000000000000  0.001000712115  0.001502430759  0.000000000000  0.002002851258  0.000000000000  0.001501772798  0.000000000000  0.005018871977  0.004011015068  0.001000769005  0.001000769005  
piranga_bidentata_tepe59 0.003006421636  0.004516009340  0.002003375358  0.002003375358  0.003510045750  0.002505520971  0.008047371915  0.002003375358  0.002003375358  0.001000712115  0.002002851258  0.002002851258  0.002002851258  0.002504315596  0.001000712115  0.001000712115  0.001000712115  0.001000712115  0.001000712115  0.000000000000  0.002505520971  0.001000712115  0.003006421636  0.001000712115  0.002504705432  0.001000712115  0.006026921429  0.005017302561  0.002002752523  0.002002752523  
piranga_rubra_sdsu2635 0.004517569907  0.006032971655  0.002506761856  0.002506761856  0.004015227910  0.003009744108  0.008556547290  0.002506761856  0.002506761856  0.001502430759  0.002505520971  0.002505520971  0.002505520971  0.003007103203  0.001502430759  0.001502430759  0.001502430759  0.001502430759  0.001502430759  0.002505520971  0.000000000000  0.001502430759  0.003510045750  0.001502430759  0.003008210812  0.001502430759  0.006534153590  0.005522122827  0.002504705432  0.002504705432  
piranga_roseogularis_ku2049 0.003007103203  0.004517569907  0.001001079560  0.001001079560  0.002505520971  0.001502430759  0.007036419972  0.001001079560  0.001001079560  0.000000000000  0.001000712115  0.001000712115  0.001000712115  0.001501539506  0.000000000000  0.000000000000  0.000000000000  0.000000000000  0.000000000000  0.001000712115  0.001502430759  0.000000000000  0.002002851258  0.000000000000  0.001501772798  0.000000000000  0.005018871977  0.004011015068  0.001000769005  0.001000769005  
piranga_roseogularis_ku2141 0.005018871977  0.006534153590  0.003007103203  0.003007103203  0.004516009340  0.003510045750  0.009059781588  0.003007103203  0.003007103203  0.002002851258  0.003006421636  0.003006421636  0.003006421636  0.003508524628  0.002002851258  0.002002851258  0.002002851258  0.002002851258  0.002002851258  0.003006421636  0.003510045750  0.002002851258  0.000000000000  0.002002851258  0.003509071819  0.002002851258  0.007036419972  0.006025033207  0.003006166470  0.003006166470  
piranga_lutea_lsu5400 0.003007103203  0.004517569907  0.001001079560  0.001001079560  0.002505520971  0.001502430759  0.007036419972  0.001001079560  0.001001079560  0.000000000000  0.001000712115  0.001000712115  0.001000712115  0.001501539506  0.000000000000  0.000000000000  0.000000000000  0.000000000000  0.000000000000  0.001000712115  0.001502430759  0.000000000000  0.002002851258  0.000000000000  0.001501772798  0.000000000000  0.005018871977  0.004011015068  0.001000769005  0.001000769005  
piranga_ludoviciana_sdsu2648 0.004516009340  0.006030526339  0.002505520971  0.002505520971  0.004013534256  0.003008210812  0.008554337381  0.002505520971  0.002505520971  0.001501772798  0.002504705432  0.002504705432  0.002504705432  0.003006421636  0.001501772798  0.001501772798  0.001501772798  0.001501772798  0.001501772798  0.002504705432  0.003008210812  0.001501772798  0.003509071819  0.001501772798  0.000000000000  0.001501772798  0.006532270029  0.005521258475  0.002504315596  0.002504315596  
piranga_olivacea_ku2699 0.003007103203  0.004517569907  0.001001079560  0.001001079560  0.002505520971  0.001502430759  0.007036419972  0.001001079560  0.001001079560  0.000000000000  0.001000712115  0.001000712115  0.001000712115  0.001501539506  0.000000000000  0.000000000000  0.000000000000  0.000000000000  0.000000000000  0.001000712115  0.001502430759  0.000000000000  0.002002851258  0.000000000000  0.001501772798  0.000000000000  0.005018871977  0.004011015068  0.001000769005  0.001000769005  
piranga_hepatica_ku9084 0.008049284416  0.009572740405  0.006028509478  0.006028509478  0.007544622027  0.006534153590  0.012108372157  0.006028509478  0.006028509478  0.005018871977  0.006026921429  0.006026921429  0.006026921429  0.006530815985  0.005018871977  0.005018871977  0.005018871977  0.005018871977  0.005018871977  0.006026921429  0.006534153590  0.005018871977  0.007036419972  0.005018871977  0.006532270029  0.005018871977  0.000000000000  0.009058137934  0.006025762552  0.006025762552  
piranga_rubra_ku7046 0.007035100339  0.008554337381  0.005017873027  0.005017873027  0.006530815985  0.005522122827  0.010578468372  0.005017873027  0.005017873027  0.004011015068  0.005017302561  0.005017302561  0.005017302561  0.005520823312  0.004011015068  0.004011015068  0.004011015068  0.004011015068  0.004011015068  0.005017302561  0.005522122827  0.004011015068  0.006025033207  0.004011015068  0.005521258475  0.004011015068  0.009058137934  0.000000000000  0.003006421636  0.003006421636  
piranga_rubra_sdsu2654 0.004011427477  0.005523416006  0.002002851258  0.002002851258  0.003509071819  0.002504705432  0.008045890691  0.002002851258  0.002002851258  0.001000769005  0.002002752523  0.002002752523  0.002002752523  0.002504351823  0.001000769005  0.001000769005  0.001000769005  0.001000769005  0.001000769005  0.002002752523  0.002504705432  0.001000769005  0.003006166470  0.001000769005  0.002504315596  0.001000769005  0.006025762552  0.003006421636  0.000000000000  0.000000000000  
piranga_rubra_ku26592 0.004011427477  0.005523416006  0.002002851258  0.002002851258  0.003509071819  0.002504705432  0.008045890691  0.002002851258  0.002002851258  0.001000769005  0.002002752523  0.002002752523  0.002002752523  0.002504351823  0.001000769005  0.001000769005  0.001000769005  0.001000769005  0.001000769005  0.002002752523  0.002504705432  0.001000769005  0.003006166470  0.001000769005  0.002504315596  0.001000769005  0.006025762552  0.003006421636  0.000000000000  0.000000000000  

