30
cardinalis_cardinalis_ku21828 0.000000000000  0.002002750606  0.011088871198  0.012108209497  0.016194459906  0.020848928156  0.021327657185  0.017738514145  0.012615867377  0.012615867377  0.016198550766  0.016717801280  0.015179691147  0.013129785678  0.011600945541  0.014146541174  0.013129785678  0.012111192685  0.012111192685  0.012111192685  0.012111192685  0.014153609591  0.015688922849  0.013133368583  0.014157794854  0.012111192685  0.011600945541  0.014149858243  0.011094074837  0.016717801280  
cardinalis_cardinalis_ku25393 0.002002750606  0.000000000000  0.009061758160  0.010078427725  0.014153609591  0.018795829264  0.019272571078  0.015693581657  0.010584646354  0.010584646354  0.014157794854  0.014675776333  0.013141832574  0.011097323458  0.009572600742  0.012111192685  0.011097323458  0.010081510495  0.010081510495  0.010081510495  0.010081510495  0.012118455130  0.013649616756  0.011101002801  0.012122733666  0.010081510495  0.009572600742  0.012114608017  0.009067164735  0.014675776333  
piranga_erythrocephala_fmnh343370 0.011088871198  0.009061758160  0.000000000000  0.004011413994  0.008047305056  0.012634441635  0.013121637669  0.009569815280  0.006529760186  0.006529760186  0.010075774978  0.010587596712  0.009064246963  0.007036367384  0.005522093128  0.008045836274  0.007036367384  0.006026881353  0.006026881353  0.006026881353  0.006026881353  0.008049202479  0.009569815280  0.007038103593  0.008051528182  0.006026881353  0.005522093128  0.008047305056  0.005018842666  0.010587596712  
piranga_leucoptera_fmnh481795 0.012108209497  0.010078427725  0.004011413994  0.000000000000  0.007038103593  0.013659548834  0.014143658748  0.010587596712  0.007540906660  0.007540906660  0.011094074837  0.011607609189  0.010081510495  0.007036367384  0.006532217778  0.009059698687  0.008049202479  0.007038103593  0.007038103593  0.007038103593  0.007038103593  0.009064246963  0.010587596712  0.008051528182  0.009067164735  0.007038103593  0.006532217778  0.009061758160  0.006028457178  0.011607609189  
piranga_leucoptera_lsu7783 0.016194459906  0.014153609591  0.008047305056  0.007038103593  0.000000000000  0.017761152464  0.018241038198  0.014666367541  0.011598261225  0.011598261225  0.015175335493  0.015693581657  0.014157794854  0.011091257296  0.010584646354  0.013126635982  0.012111192685  0.011094074837  0.011094074837  0.011094074837  0.011094074837  0.013133368583  0.014666367541  0.012114608017  0.013137384335  0.011094074837  0.010584646354  0.013129785678  0.010078427725  0.015693581657  
piranga_erythrocephala_fmnh343371 0.020848928156  0.018795829264  0.012634441635  0.013659548834  0.017761152464  0.000000000000  0.017738514145  0.014167465692  0.016213438306  0.016213438306  0.019825265612  0.020352171083  0.018803195125  0.016734909436  0.015195364448  0.017754837879  0.016734909436  0.015710166574  0.015710166574  0.015710166574  0.014681131240  0.016734909436  0.018278203278  0.015710166574  0.016741482619  0.014681131240  0.015195364448  0.017761152464  0.014686919347  0.020352171083  
piranga_rubriceps_lsu265 0.021327657185  0.019272571078  0.013121637669  0.014143658748  0.018241038198  0.017738514145  0.000000000000  0.006530775355  0.016190805477  0.016190805477  0.020301615222  0.020824170724  0.019277177855  0.017215173535  0.015677559959  0.018237481856  0.017215173535  0.016190805477  0.016190805477  0.016190805477  0.016190805477  0.018245033509  0.019789196309  0.017218997962  0.018249467420  0.016190805477  0.015677559959  0.018241038198  0.015167929518  0.020824170724  
piranga_rubriceps_lsu34818 0.017738514145  0.015693581657  0.009569815280  0.010587596712  0.014666367541  0.014167465692  0.006530775355  0.000000000000  0.012625715167  0.012625715167  0.016717801280  0.017238667173  0.015698675453  0.013645299803  0.012114608017  0.014662314374  0.013645299803  0.012625715167  0.012625715167  0.012625715167  0.012625715167  0.014670854981  0.016208040326  0.013649616756  0.014675776333  0.012625715167  0.012114608017  0.014666367541  0.011607609189  0.017238667173  
piranga_roseogularis_ku2049 0.012615867377  0.010584646354  0.006529760186  0.007540906660  0.011598261225  0.016213438306  0.016190805477  0.012625715167  0.000000000000  0.000000000000  0.009565533746  0.010075774978  0.008554255154  0.006529760186  0.005017287033  0.007538986523  0.006529760186  0.005521236368  0.005521236368  0.005521236368  0.005521236368  0.007540906660  0.009059698687  0.006530775355  0.007542509359  0.005521236368  0.005017287033  0.007539732260  0.004514156524  0.010075774978  
piranga_roseogularis_ku2141 0.012615867377  0.010584646354  0.006529760186  0.007540906660  0.011598261225  0.016213438306  0.016190805477  0.012625715167  0.000000000000  0.000000000000  0.009565533746  0.010075774978  0.008554255154  0.006529760186  0.005017287033  0.007538986523  0.006529760186  0.005521236368  0.005521236368  0.005521236368  0.005521236368  0.007540906660  0.009059698687  0.006530775355  0.007542509359  0.005521236368  0.005017287033  0.007539732260  0.004514156524  0.010075774978  
piranga_rubra_ku7046 0.016198550766  0.014157794854  0.010075774978  0.011094074837  0.015175335493  0.019825265612  0.020301615222  0.016717801280  0.009565533746  0.009565533746  0.000000000000  0.003509058781  0.002002847902  0.006028457178  0.004515980035  0.007036367384  0.006028457178  0.005020258933  0.005020258933  0.005020258933  0.005020258933  0.007040267035  0.008559069360  0.006030459194  0.007042857352  0.005020258933  0.004515980035  0.008047305056  0.005018842666  0.013645299803  
piranga_rubra_sdsu2635 0.016717801280  0.014675776333  0.010587596712  0.011607609189  0.015693581657  0.020352171083  0.020824170724  0.017238667173  0.010075774978  0.010075774978  0.003509058781  0.000000000000  0.001501769566  0.006536382939  0.005022100352  0.007544539994  0.006536382939  0.005527219239  0.005527219239  0.005527219239  0.005527219239  0.007549883635  0.009070511119  0.006539104961  0.007553195926  0.005527219239  0.005022100352  0.008556447945  0.005525084923  0.014162413674  
piranga_rubra_sdsu2654 0.015179691147  0.013141832574  0.009064246963  0.010081510495  0.014157794854  0.018803195125  0.019277177855  0.015698675453  0.008554255154  0.008554255154  0.002002847902  0.001501769566  0.000000000000  0.005022100352  0.003511415623  0.006028457178  0.005022100352  0.004015186220  0.004015186220  0.004015186220  0.004015186220  0.006032887044  0.007549883635  0.005024366568  0.006035740371  0.004015186220  0.003511415623  0.007038103593  0.004013504573  0.012629862513  
piranga_ludoviciana_sdsu2385 0.013129785678  0.011097323458  0.007036367384  0.007036367384  0.011091257296  0.016734909436  0.017215173535  0.013645299803  0.006529760186  0.006529760186  0.006028457178  0.006536382939  0.005022100352  0.000000000000  0.001501769566  0.004011413994  0.003007090228  0.002003367977  0.002003367977  0.002003367977  0.002003367977  0.004013504573  0.005525084923  0.003008189834  0.004015186220  0.002003367977  0.001501769566  0.005017851913  0.002002847902  0.010587596712  
piranga_bidentata_hgoslp104 0.011600945541  0.009572600742  0.005522093128  0.006532217778  0.010584646354  0.015195364448  0.015677559959  0.012114608017  0.005017287033  0.005017287033  0.004515980035  0.005022100352  0.003511415623  0.001501769566  0.000000000000  0.002504311734  0.001501769566  0.000500268825  0.000500268825  0.000500268825  0.000500268825  0.002505507676  0.004013504573  0.001502422899  0.002506739958  0.000500268825  0.000000000000  0.003508516394  0.000500191951  0.009064246963  
piranga_ludoviciana_sdsu2208 0.014146541174  0.012111192685  0.008045836274  0.009059698687  0.013126635982  0.017754837879  0.018237481856  0.014662314374  0.007538986523  0.007538986523  0.007036367384  0.007544539994  0.006028457178  0.004011413994  0.002504311734  0.000000000000  0.003006161716  0.002002750606  0.002002750606  0.002002750606  0.003006414069  0.005018842666  0.006532217778  0.004012247044  0.005020258933  0.003006414069  0.002504311734  0.006025009720  0.003006161716  0.011600945541  
piranga_bidentata_tepe59 0.013129785678  0.011097323458  0.007036367384  0.008049202479  0.012111192685  0.016734909436  0.017215173535  0.013645299803  0.006529760186  0.006529760186  0.006028457178  0.006536382939  0.005022100352  0.003007090228  0.001501769566  0.003006161716  0.000000000000  0.001000711278  0.001000711278  0.001000711278  0.002003367977  0.004013504573  0.005525084923  0.003008189834  0.004015186220  0.002003367977  0.001501769566  0.005017851913  0.002002847902  0.010587596712  
piranga_ludoviciana_sdsu2650 0.012111192685  0.010081510495  0.006026881353  0.007038103593  0.011094074837  0.015710166574  0.016190805477  0.012625715167  0.005521236368  0.005521236368  0.005020258933  0.005527219239  0.004015186220  0.002003367977  0.000500268825  0.002002750606  0.001000711278  0.000000000000  0.000000000000  0.000000000000  0.001001076071  0.003008189834  0.004517529192  0.002004310472  0.003009712529  0.001001076071  0.000500268825  0.004011413994  0.001000711278  0.009572600742  
piranga_bidentata_itm160 0.012111192685  0.010081510495  0.006026881353  0.007038103593  0.011094074837  0.015710166574  0.016190805477  0.012625715167  0.005521236368  0.005521236368  0.005020258933  0.005527219239  0.004015186220  0.002003367977  0.000500268825  0.002002750606  0.001000711278  0.000000000000  0.000000000000  0.000000000000  0.001001076071  0.003008189834  0.004517529192  0.002004310472  0.003009712529  0.001001076071  0.000500268825  0.004011413994  0.001000711278  0.009572600742  
piranga_bidentata_itm141 0.012111192685  0.010081510495  0.006026881353  0.007038103593  0.011094074837  0.015710166574  0.016190805477  0.012625715167  0.005521236368  0.005521236368  0.005020258933  0.005527219239  0.004015186220  0.002003367977  0.000500268825  0.002002750606  0.001000711278  0.000000000000  0.000000000000  0.000000000000  0.001001076071  0.003008189834  0.004517529192  0.002004310472  0.003009712529  0.001001076071  0.000500268825  0.004011413994  0.001000711278  0.009572600742  
piranga_flava_lsu15408 0.012111192685  0.010081510495  0.006026881353  0.007038103593  0.011094074837  0.014681131240  0.016190805477  0.012625715167  0.005521236368  0.005521236368  0.005020258933  0.005527219239  0.004015186220  0.002003367977  0.000500268825  0.003006414069  0.002003367977  0.001001076071  0.001001076071  0.001001076071  0.000000000000  0.002003367977  0.003510025311  0.001001076071  0.002004310472  0.000000000000  0.000500268825  0.004011413994  0.001000711278  0.009572600742  
piranga_hepatica_ku9084 0.014153609591  0.012118455130  0.008049202479  0.009064246963  0.013133368583  0.016734909436  0.018245033509  0.014670854981  0.007540906660  0.007540906660  0.007040267035  0.007549883635  0.006032887044  0.004013504573  0.002505507676  0.005018842666  0.004013504573  0.003008189834  0.003008189834  0.003008189834  0.002003367977  0.000000000000  0.002504311734  0.001000711278  0.002003367977  0.002003367977  0.002505507676  0.006026881353  0.003007090228  0.011097323458  
piranga_lutea_ku89864 0.015688922849  0.013649616756  0.009569815280  0.010587596712  0.014666367541  0.018278203278  0.019789196309  0.016208040326  0.009059698687  0.009059698687  0.008559069360  0.009070511119  0.007549883635  0.005525084923  0.004013504573  0.006532217778  0.005525084923  0.004517529192  0.004517529192  0.004517529192  0.003510025311  0.002504311734  0.000000000000  0.002504698149  0.003510025311  0.003510025311  0.004013504573  0.007542509359  0.004515980035  0.013137384335  
piranga_hepatica_ku4970 0.013133368583  0.011101002801  0.007038103593  0.008051528182  0.012114608017  0.015710166574  0.017218997962  0.013649616756  0.006530775355  0.006530775355  0.006030459194  0.006539104961  0.005024366568  0.003008189834  0.001502422899  0.004012247044  0.003008189834  0.002004310472  0.002004310472  0.002004310472  0.001001076071  0.001000711278  0.002504698149  0.000000000000  0.001001076071  0.001001076071  0.001502422899  0.005018842666  0.002003367977  0.010590977441  
piranga_lutea_lsu5400 0.014157794854  0.012122733666  0.008051528182  0.009067164735  0.013137384335  0.016741482619  0.018249467420  0.014675776333  0.007542509359  0.007542509359  0.007042857352  0.007553195926  0.006035740371  0.004015186220  0.002506739958  0.005020258933  0.004015186220  0.003009712529  0.003009712529  0.003009712529  0.002004310472  0.002003367977  0.003510025311  0.001001076071  0.000000000000  0.002004310472  0.002506739958  0.006028457178  0.003008189834  0.011611587799  
piranga_flava_ku90809 0.012111192685  0.010081510495  0.006026881353  0.007038103593  0.011094074837  0.014681131240  0.016190805477  0.012625715167  0.005521236368  0.005521236368  0.005020258933  0.005527219239  0.004015186220  0.002003367977  0.000500268825  0.003006414069  0.002003367977  0.001001076071  0.001001076071  0.001001076071  0.000000000000  0.002003367977  0.003510025311  0.001001076071  0.002004310472  0.000000000000  0.000500268825  0.004011413994  0.001000711278  0.009572600742  
piranga_ludoviciana_sdsu2648 0.011600945541  0.009572600742  0.005522093128  0.006532217778  0.010584646354  0.015195364448  0.015677559959  0.012114608017  0.005017287033  0.005017287033  0.004515980035  0.005022100352  0.003511415623  0.001501769566  0.000000000000  0.002504311734  0.001501769566  0.000500268825  0.000500268825  0.000500268825  0.000500268825  0.002505507676  0.004013504573  0.001502422899  0.002506739958  0.000500268825  0.000000000000  0.003508516394  0.000500191951  0.009064246963  
piranga_olivacea_ku2699 0.014149858243  0.012114608017  0.008047305056  0.009061758160  0.013129785678  0.017761152464  0.018241038198  0.014666367541  0.007539732260  0.007539732260  0.008047305056  0.008556447945  0.007038103593  0.005017851913  0.003508516394  0.006025009720  0.005017851913  0.004011413994  0.004011413994  0.004011413994  0.004011413994  0.006026881353  0.007542509359  0.005018842666  0.006028457178  0.004011413994  0.003508516394  0.000000000000  0.003006414069  0.011604061650  
piranga_olivacea_ku4672 0.011094074837  0.009067164735  0.005018842666  0.006028457178  0.010078427725  0.014686919347  0.015167929518  0.011607609189  0.004514156524  0.004514156524  0.005018842666  0.005525084923  0.004013504573  0.002002847902  0.000500191951  0.003006161716  0.002002847902  0.001000711278  0.001000711278  0.001000711278  0.001000711278  0.003007090228  0.004515980035  0.002003367977  0.003008189834  0.001000711278  0.000500191951  0.003006414069  0.000000000000  0.008559069360  
piranga_rubra_ku26592 0.016717801280  0.014675776333  0.010587596712  0.011607609189  0.015693581657  0.020352171083  0.020824170724  0.017238667173  0.010075774978  0.010075774978  0.013645299803  0.014162413674  0.012629862513  0.010587596712  0.009064246963  0.011600945541  0.010587596712  0.009572600742  0.009572600742  0.009572600742  0.009572600742  0.011097323458  0.013137384335  0.010590977441  0.011611587799  0.009572600742  0.009064246963  0.011604061650  0.008559069360  0.000000000000  

