30
piranga_rubra_ku26592 0.000000000000  0.008028580306  0.004447212803  0.008939817892  0.009823616939  0.019187296274  0.004495191558  0.016881176926  0.000000000000  0.003555423492  0.003577683862  0.007299434581  0.003672953939  0.008575274883  0.001775439633  0.006539947102  0.007322364822  0.002684443934  0.004730260636  0.004447212803  0.010725139344  0.007129517604  0.008939817892  0.006238776030  0.009867679743  0.009637487317  0.002158971747  0.002665363838  0.002665435261  0.002665363838  
piranga_flava_ku90809 0.008028580306  0.000000000000  0.008752521938  0.013192140368  0.014059036870  0.023841698628  0.008845427850  0.023997362077  0.007867163539  0.007870256370  0.007918730232  0.011904409760  0.004502300693  0.007500330591  0.007870256370  0.003261835813  0.004564382568  0.007184272516  0.010237388660  0.008752521938  0.014950827646  0.004357530989  0.013192140368  0.010516608086  0.014413680119  0.013300376079  0.007587986706  0.006989683748  0.008752521938  0.006989683748  
piranga_ludoviciana_sdsu2385 0.004447212803  0.008752521938  0.000000000000  0.006121485441  0.005233591437  0.016422633087  0.003525359023  0.016529612272  0.004358058890  0.002613859185  0.000874959456  0.008225720883  0.005403263288  0.009656737413  0.004359104134  0.007637662666  0.008249896590  0.001789197664  0.001848737360  0.003488464574  0.006110797586  0.007867163539  0.006121485441  0.006997809588  0.007164969096  0.007216415151  0.001078853371  0.001740917499  0.005235441646  0.001740917499  
piranga_rubriceps_lsu265 0.008939817892  0.013192140368  0.006121485441  0.000000000000  0.004366718162  0.021090710738  0.007967804917  0.021231540464  0.008759701941  0.007001919206  0.005275002491  0.012855812566  0.009957001943  0.012930010033  0.008761224364  0.009853607339  0.011964474308  0.006292061241  0.007438103559  0.007884045381  0.005244594306  0.012298613773  0.000000000000  0.011423207280  0.008079030178  0.008446089804  0.004333501006  0.006121485441  0.009645112610  0.006121485441  
piranga_leucoptera_lsu7783 0.009823616939  0.014059036870  0.005233591437  0.004366718162  0.000000000000  0.021987347243  0.008845427850  0.022132851480  0.009625894567  0.007870256370  0.006148369364  0.013761958754  0.010851221726  0.015080821160  0.009628227644  0.013145492674  0.013805145037  0.007184272516  0.006490419755  0.008752521938  0.000869633198  0.013164553992  0.004366718162  0.012291440766  0.008968306238  0.009639565838  0.006497453715  0.006989683748  0.010512255839  0.006989683748  
cardinalis_cardinalis_ku25393 0.019187296274  0.023841698628  0.016422633087  0.021090710738  0.021987347243  0.000000000000  0.018484332528  0.004693515917  0.019187296274  0.017351154551  0.015595503374  0.021326182429  0.020784056095  0.022855592442  0.019194836680  0.022162914320  0.021374672758  0.016437631412  0.018482099771  0.016422633087  0.022924507102  0.022893635493  0.021090710738  0.022009235147  0.021987347243  0.019422364709  0.012028851950  0.016422633087  0.020127201110  0.016422633087  
piranga_olivacea_ku2699 0.004495191558  0.008845427850  0.003525359023  0.007967804917  0.008845427850  0.018484332528  0.000000000000  0.018398790993  0.004404123284  0.002641477057  0.002641477057  0.008309261522  0.005403263288  0.010740754562  0.004405190802  0.008738010304  0.008341655772  0.001808613491  0.004635883501  0.003525359023  0.009738870148  0.007950562588  0.007967804917  0.007072044189  0.009070073547  0.009643918485  0.002160249033  0.001759294238  0.005290841868  0.001759294238  
cardinalis_cardinalis_ku21828 0.016881176926  0.023997362077  0.016529612272  0.021231540464  0.022132851480  0.004693515917  0.018398790993  0.000000000000  0.018386660164  0.017463249955  0.015597870213  0.020210990424  0.021172899885  0.021745491896  0.018392059064  0.019905673448  0.020280671910  0.015101756593  0.017864660836  0.016529612272  0.023075223464  0.023046614784  0.021231540464  0.022149705885  0.020796077852  0.019422364709  0.010924324629  0.016529612272  0.019328590136  0.016529612272  
piranga_rubra_ku7046 0.000000000000  0.007867163539  0.004358058890  0.008759701941  0.009625894567  0.019187296274  0.004404123284  0.018386660164  0.000000000000  0.003484193572  0.003505568258  0.007299434581  0.003596987234  0.008575274883  0.001739914802  0.006539947102  0.007322364822  0.002684443934  0.004629525318  0.004358058890  0.010509103613  0.006986315259  0.008759701941  0.006113455843  0.009867679743  0.009637487317  0.002158971747  0.002611989145  0.002612057747  0.002611989145  
piranga_bidentata_hgoslp104 0.003555423492  0.007870256370  0.002613859185  0.007001919206  0.007870256370  0.017351154551  0.002641477057  0.017463249955  0.003484193572  0.000000000000  0.001751590321  0.007304508817  0.004499236559  0.009656737413  0.003484436915  0.007637662666  0.007326173504  0.000000000000  0.003704952666  0.002613859185  0.008752521938  0.006987403678  0.007001919206  0.006117299634  0.008067802004  0.008428561699  0.001078853371  0.000869633198  0.004359104134  0.000869633198  
piranga_ludoviciana_sdsu2648 0.003577683862  0.007918730232  0.000874959456  0.005275002491  0.006148369364  0.015595503374  0.002641477057  0.015597870213  0.003505568258  0.001751590321  0.000000000000  0.007344746951  0.004499236559  0.008575274883  0.003505814602  0.006539947102  0.007373441048  0.000899353291  0.002775906491  0.002629898995  0.007032696086  0.007030387763  0.005275002491  0.006154951840  0.006303393159  0.007216415151  0.000000000000  0.000874959456  0.004385870113  0.000874959456  
piranga_roseogularis_ku2049 0.007299434581  0.011904409760  0.008225720883  0.012855812566  0.013761958754  0.021326182429  0.008309261522  0.020210990424  0.007299434581  0.007304508817  0.007344746951  0.000000000000  0.010386638888  0.016189240752  0.009136369222  0.012047559549  0.011035005588  0.006390972002  0.009736728931  0.008225720883  0.014693560497  0.012825698448  0.012855812566  0.002727947017  0.013761958754  0.012076858312  0.005414554852  0.006385142305  0.010059503138  0.006385142305  
piranga_hepatica_ku4970 0.003672953939  0.004502300693  0.005403263288  0.009957001943  0.010851221726  0.020784056095  0.005403263288  0.021172899885  0.003596987234  0.004499236559  0.004499236559  0.010386638888  0.000000000000  0.006421447550  0.003597246624  0.004354287008  0.005669092882  0.003700134858  0.006490419755  0.005403263288  0.011765252002  0.003595530085  0.009957001943  0.009033116968  0.011133114020  0.008425756755  0.003241318220  0.003596987234  0.004500350816  0.003596987234  
piranga_hepatica_ku9084 0.008575274883  0.007500330591  0.009656737413  0.012930010033  0.015080821160  0.022855592442  0.010740754562  0.021745491896  0.008575274883  0.009656737413  0.008575274883  0.016189240752  0.006421447550  0.000000000000  0.008578715244  0.006583506638  0.006416885020  0.008584476807  0.011827338426  0.010740754562  0.016174020179  0.004269121128  0.012930010033  0.015093528346  0.013990220167  0.014607199510  0.008999745951  0.008575274883  0.009661406202  0.008575274883  
piranga_rubra_sdsu2654 0.001775439633  0.007870256370  0.004359104134  0.008761224364  0.009628227644  0.019194836680  0.004405190802  0.018392059064  0.001739914802  0.003484436915  0.003505814602  0.009136369222  0.003597246624  0.008578715244  0.000000000000  0.006542840481  0.007326173504  0.002683857110  0.004632038732  0.004359104134  0.010512255839  0.006987403678  0.008761224364  0.007870256370  0.009870132233  0.009639565838  0.002158704982  0.002611433633  0.000869633198  0.002611433633  
piranga_flava_lsu15408 0.006539947102  0.003261835813  0.007637662666  0.009853607339  0.013145492674  0.022162914320  0.008738010304  0.019905673448  0.006539947102  0.007637662666  0.006539947102  0.012047559549  0.004354287008  0.006583506638  0.006542840481  0.000000000000  0.004350230743  0.006547083430  0.009841002669  0.008738010304  0.014255302120  0.004350230743  0.009853607339  0.010940526645  0.012038360708  0.012499549190  0.006916919794  0.006539947102  0.007641821695  0.006539947102  
piranga_lutea_lsu5400 0.007322364822  0.004564382568  0.008249896590  0.011964474308  0.013805145037  0.021374672758  0.008341655772  0.020280671910  0.007322364822  0.007326173504  0.007373441048  0.011035005588  0.005669092882  0.006416885020  0.007326173504  0.004350230743  0.000000000000  0.006410170781  0.009776520159  0.008249896590  0.014739314839  0.003646435997  0.011964474308  0.010096437088  0.013805145037  0.013300376079  0.006500309481  0.006404306037  0.008249896590  0.006404306037  
piranga_olivacea_ku4672 0.002684443934  0.007184272516  0.001789197664  0.006292061241  0.007184272516  0.016437631412  0.001808613491  0.015101756593  0.002684443934  0.000000000000  0.000899353291  0.006390972002  0.003700134858  0.008584476807  0.002683857110  0.006547083430  0.006410170781  0.000000000000  0.002857883322  0.001789197664  0.008089557388  0.006279216332  0.006292061241  0.005384203308  0.007184272516  0.007225105140  0.000000000000  0.000000000000  0.003581143759  0.000000000000  
piranga_ludoviciana_sdsu2208 0.004730260636  0.010237388660  0.001848737360  0.007438103559  0.006490419755  0.018482099771  0.004635883501  0.017864660836  0.004629525318  0.003704952666  0.002775906491  0.009736728931  0.006490419755  0.011827338426  0.004632038732  0.009841002669  0.009776520159  0.002857883322  0.000000000000  0.004635883501  0.007424297685  0.009293361331  0.007438103559  0.008371092120  0.008583329480  0.009643918485  0.003244198998  0.002775906491  0.005563949863  0.002775906491  
piranga_bidentata_itm160 0.004447212803  0.008752521938  0.003488464574  0.007884045381  0.008752521938  0.016422633087  0.003525359023  0.016529612272  0.004358058890  0.002613859185  0.002629898995  0.008225720883  0.005403263288  0.010740754562  0.004359104134  0.008738010304  0.008249896590  0.001789197664  0.004635883501  0.000000000000  0.009636486972  0.007867163539  0.007884045381  0.006997809588  0.008972414618  0.009643918485  0.002160249033  0.001740917499  0.005235441646  0.001740917499  
piranga_leucoptera_fmnh481795 0.010725139344  0.014950827646  0.006110797586  0.005244594306  0.000869633198  0.022924507102  0.009738870148  0.023075223464  0.010509103613  0.008752521938  0.007032696086  0.014693560497  0.011765252002  0.016174020179  0.010512255839  0.014255302120  0.014739314839  0.008089557388  0.007424297685  0.009636486972  0.000000000000  0.014053784743  0.005244594306  0.013181437853  0.009873844477  0.010856593984  0.007587986706  0.007870256370  0.011397990306  0.007870256370  
piranga_lutea_ku89864 0.007129517604  0.004357530989  0.007867163539  0.012298613773  0.013164553992  0.022893635493  0.007950562588  0.023046614784  0.006986315259  0.006987403678  0.007030387763  0.012825698448  0.003595530085  0.004269121128  0.006987403678  0.004350230743  0.003646435997  0.006279216332  0.009293361331  0.007867163539  0.014053784743  0.000000000000  0.012298613773  0.011397990306  0.013496221100  0.012071667611  0.006496428846  0.006109327168  0.007867163539  0.006109327168  
piranga_rubriceps_lsu34818 0.008939817892  0.013192140368  0.006121485441  0.000000000000  0.004366718162  0.021090710738  0.007967804917  0.021231540464  0.008759701941  0.007001919206  0.005275002491  0.012855812566  0.009957001943  0.012930010033  0.008761224364  0.009853607339  0.011964474308  0.006292061241  0.007438103559  0.007884045381  0.005244594306  0.012298613773  0.000000000000  0.011423207280  0.008079030178  0.008446089804  0.004333501006  0.006121485441  0.009645112610  0.006121485441  
piranga_roseogularis_ku2141 0.006238776030  0.010516608086  0.006997809588  0.011423207280  0.012291440766  0.022009235147  0.007072044189  0.022149705885  0.006113455843  0.006117299634  0.006154951840  0.002727947017  0.009033116968  0.015093528346  0.007870256370  0.010940526645  0.010096437088  0.005384203308  0.008371092120  0.006997809588  0.013181437853  0.011397990306  0.011423207280  0.000000000000  0.012601230001  0.012076858312  0.006504991728  0.005238475900  0.008752521938  0.005238475900  
piranga_erythrocephala_fmnh343371 0.009867679743  0.014413680119  0.007164969096  0.008079030178  0.008968306238  0.021987347243  0.009070073547  0.020796077852  0.009867679743  0.008067802004  0.006303393159  0.013761958754  0.011133114020  0.013990220167  0.009870132233  0.012038360708  0.013805145037  0.007184272516  0.008583329480  0.008972414618  0.009873844477  0.013496221100  0.008079030178  0.012601230001  0.000000000000  0.002396698425  0.004324506876  0.007164969096  0.010776597992  0.007164969096  
piranga_erythrocephala_fmnh343370 0.009637487317  0.013300376079  0.007216415151  0.008446089804  0.009639565838  0.019422364709  0.009643918485  0.019422364709  0.009637487317  0.008428561699  0.007216415151  0.012076858312  0.008425756755  0.014607199510  0.009639565838  0.012499549190  0.013300376079  0.007225105140  0.009643918485  0.009643918485  0.010856593984  0.012071667611  0.008446089804  0.012076858312  0.002396698425  0.000000000000  0.007216415151  0.007216415151  0.010856593984  0.007216415151  
piranga_ludoviciana_sdsu2650 0.002158971747  0.007587986706  0.001078853371  0.004333501006  0.006497453715  0.012028851950  0.002160249033  0.010924324629  0.002158971747  0.001078853371  0.000000000000  0.005414554852  0.003241318220  0.008999745951  0.002158704982  0.006916919794  0.006500309481  0.000000000000  0.003244198998  0.002160249033  0.007587986706  0.006496428846  0.004333501006  0.006504991728  0.004324506876  0.007216415151  0.000000000000  0.000000000000  0.003241423662  0.000000000000  
piranga_bidentata_tepe59 0.002665363838  0.006989683748  0.001740917499  0.006121485441  0.006989683748  0.016422633087  0.001759294238  0.016529612272  0.002611989145  0.000869633198  0.000874959456  0.006385142305  0.003596987234  0.008575274883  0.002611433633  0.006539947102  0.006404306037  0.000000000000  0.002775906491  0.001740917499  0.007870256370  0.006109327168  0.006121485441  0.005238475900  0.007164969096  0.007216415151  0.000000000000  0.000000000000  0.003484436915  0.000000000000  
piranga_rubra_sdsu2635 0.002665435261  0.008752521938  0.005235441646  0.009645112610  0.010512255839  0.020127201110  0.005290841868  0.019328590136  0.002612057747  0.004359104134  0.004385870113  0.010059503138  0.004500350816  0.009661406202  0.000869633198  0.007641821695  0.008249896590  0.003581143759  0.005563949863  0.005235441646  0.011397990306  0.007867163539  0.009645112610  0.008752521938  0.010776597992  0.010856593984  0.003241423662  0.003484436915  0.000000000000  0.003484436915  
piranga_bidentata_itm141 0.002665363838  0.006989683748  0.001740917499  0.006121485441  0.006989683748  0.016422633087  0.001759294238  0.016529612272  0.002611989145  0.000869633198  0.000874959456  0.006385142305  0.003596987234  0.008575274883  0.002611433633  0.006539947102  0.006404306037  0.000000000000  0.002775906491  0.001740917499  0.007870256370  0.006109327168  0.006121485441  0.005238475900  0.007164969096  0.007216415151  0.000000000000  0.000000000000  0.003484436915  0.000000000000  

