30
piranga_rubra_ku26592 0.000000000000  0.009950982889  0.011967301801  0.012951570064  0.007933810486  0.008123122148  0.010100835381  0.007937741944  0.003961897080  0.016013270266  0.012990843969  0.006548234252  0.010958030335  0.006653215564  0.003957976782  0.008959238639  0.011330529103  0.008955051425  0.010489338413  0.011967301801  0.009932685694  0.010474643762  0.011943057848  0.007000945794  0.008943355109  0.003650908063  0.006596192164  0.013992556238  0.003957976782  0.012968277425  
piranga_flava_ku90809 0.009950982889  0.000000000000  0.005949894428  0.014984927736  0.009943439017  0.012235324713  0.003345549256  0.011954956573  0.009960895337  0.009950982889  0.006455638701  0.010976763262  0.002965264302  0.001322916882  0.013992556238  0.001269187884  0.001019466187  0.004957761405  0.004637056087  0.005949894428  0.011949689228  0.002078086442  0.013970940042  0.011057169828  0.010960406127  0.009182546524  0.004938693630  0.007950532167  0.009950982889  0.006943087188  
piranga_ludoviciana_sdsu2385 0.011967301801  0.005949894428  0.000000000000  0.016001170244  0.011957771772  0.011204128755  0.003345549256  0.011954956573  0.011979249075  0.005944838660  0.005373346211  0.009867146395  0.004952850347  0.003980294968  0.016026825749  0.003818187198  0.005120226152  0.002968198143  0.002312646743  0.001974703540  0.013970940042  0.005211848917  0.014984927736  0.011057169828  0.012981227781  0.007331217530  0.004938693630  0.005949894428  0.011967301801  0.004948765890  
piranga_rubriceps_lsu265 0.012951570064  0.014984927736  0.016001170244  0.000000000000  0.006943087188  0.015321825004  0.008976472555  0.014970106261  0.014990262547  0.021100804822  0.011905885172  0.007655962641  0.016001170244  0.007995561328  0.017008023152  0.012838375752  0.015495817605  0.013984896853  0.010500334643  0.017019677617  0.008939592349  0.015778748027  0.000986285189  0.012065989219  0.007951416468  0.001821808245  0.006596192164  0.019063527495  0.014975295888  0.018027787418  
piranga_leucoptera_lsu7783 0.007933810486  0.009943439017  0.011957771772  0.006943087188  0.000000000000  0.010170058873  0.007844723744  0.009937602345  0.009947223916  0.016001170244  0.010810623479  0.006554369870  0.010949495574  0.006653215564  0.011949689228  0.008949211507  0.011321403065  0.008948481011  0.009321645495  0.011957771772  0.003954859413  0.010467871911  0.005944838660  0.007005626331  0.002968198143  0.000000000000  0.006596192164  0.013981022417  0.009937338722  0.012959197179  
cardinalis_cardinalis_ku25393 0.008123122148  0.012235324713  0.011204128755  0.015321825004  0.010170058873  0.000000000000  0.012348763750  0.000000000000  0.010182250629  0.014297196890  0.014353003547  0.007833715726  0.012235324713  0.006645843668  0.012229890202  0.010232647622  0.012648016967  0.008132688034  0.012823861210  0.010175254380  0.012223618839  0.011533058824  0.014286754087  0.008123122148  0.011208275926  0.005479976395  0.008252313076  0.012235324713  0.010171893111  0.011199733200  
piranga_olivacea_ku2699 0.010100835381  0.003345549256  0.003345549256  0.008976472555  0.007844723744  0.012348763750  0.000000000000  0.012348763750  0.010112184882  0.007837036957  0.004466197121  0.009068049514  0.003345549256  0.002649674417  0.014662354194  0.002625327429  0.003345549256  0.003349284338  0.003477399738  0.003345549256  0.010100835381  0.003419000503  0.007844723744  0.008976472555  0.008976472555  0.007331217530  0.003287184934  0.005589599756  0.010100835381  0.004462227482  
cardinalis_cardinalis_ku21828 0.007937741944  0.011954956573  0.011954956573  0.014970106261  0.009937602345  0.000000000000  0.012348763750  0.000000000000  0.009949242260  0.015997331154  0.015156535241  0.008736643015  0.012964486913  0.006645843668  0.011949769688  0.010232647622  0.013391878928  0.008948566186  0.012823861210  0.011954956573  0.011943784329  0.011533058824  0.013959103914  0.009018051455  0.010951612875  0.005479976395  0.008252313076  0.013976252265  0.009939353137  0.012958304249  
piranga_rubra_ku7046 0.003961897080  0.009960895337  0.011979249075  0.014990262547  0.009947223916  0.010182250629  0.010112184882  0.009949242260  0.000000000000  0.016029314434  0.013004923640  0.008761289498  0.010968957951  0.006662080573  0.005955800576  0.008970720554  0.011342212709  0.008963970901  0.010501578330  0.011979249075  0.011954956573  0.010485627507  0.013976252265  0.009029281599  0.010964220804  0.007331217530  0.004938693630  0.014006556422  0.001976655197  0.012981227781  
piranga_bidentata_hgoslp104 0.016013270266  0.009950982889  0.005944838660  0.021100804822  0.016001170244  0.014297196890  0.007837036957  0.015997331154  0.016029314434  0.000000000000  0.008619686265  0.014307314626  0.008946149682  0.007986429435  0.020105080169  0.008949211507  0.009249568709  0.006949980787  0.005798100299  0.003954859413  0.018027787418  0.008361061700  0.020074167995  0.015132181776  0.017036735858  0.009168499651  0.008252313076  0.003954859413  0.016013270266  0.006938489995  
piranga_ludoviciana_sdsu2648 0.012990843969  0.006455638701  0.005373346211  0.011905885172  0.010810623479  0.014353003547  0.004466197121  0.015156535241  0.013004923640  0.008619686265  0.000000000000  0.009910610064  0.005373346211  0.002649674417  0.017404215118  0.003897556198  0.005373346211  0.005379127060  0.004637056087  0.006455638701  0.012990843969  0.004517664681  0.010810623479  0.010869378613  0.011905885172  0.005487358054  0.001641622938  0.004293610791  0.012990843969  0.005368538522  
piranga_roseogularis_ku2049 0.006548234252  0.010976763262  0.009867146395  0.007655962641  0.006554369870  0.007833715726  0.009068049514  0.008736643015  0.008761289498  0.014307314626  0.009910610064  0.000000000000  0.009867146395  0.006653215564  0.010965850796  0.009366863550  0.009867146395  0.007664345400  0.009321645495  0.010976763262  0.008751704692  0.010440662755  0.006554369870  0.002195847458  0.007655962641  0.005487358054  0.008259724142  0.012089080867  0.008751704692  0.012076959646  
piranga_hepatica_ku4970 0.010958030335  0.002965264302  0.004952850347  0.016001170244  0.010949495574  0.012235324713  0.003345549256  0.012964486913  0.010968957951  0.008946149682  0.005373346211  0.009867146395  0.000000000000  0.001322916882  0.015008559096  0.001269187884  0.002041211647  0.003961897080  0.004637056087  0.004952850347  0.012959197179  0.002078086442  0.014984927736  0.010040911596  0.011969699972  0.009182546524  0.004938693630  0.006949118517  0.010958030335  0.005944838660  
piranga_hepatica_ku9084 0.006653215564  0.001322916882  0.003980294968  0.007995561328  0.006653215564  0.006645843668  0.002649674417  0.006645843668  0.006662080573  0.007986429435  0.002649674417  0.006653215564  0.001322916882  0.000000000000  0.012046419056  0.000000000000  0.001322916882  0.003980294968  0.003980294968  0.003980294968  0.006653215564  0.001322482998  0.006653215564  0.005314801098  0.005314801098  0.007331217530  0.003287184934  0.003980294968  0.006653215564  0.003976412295  
piranga_rubra_sdsu2654 0.003957976782  0.013992556238  0.016026825749  0.017008023152  0.011949689228  0.012229890202  0.014662354194  0.011949769688  0.005955800576  0.020105080169  0.017404215118  0.010965850796  0.015008559096  0.012046419056  0.000000000000  0.014158782875  0.015521094354  0.012991778585  0.015229232991  0.016026825749  0.013962312781  0.013663458858  0.015990529338  0.011048479642  0.012972129329  0.009182546524  0.011605065256  0.018070190952  0.007950532167  0.017032793218  
piranga_flava_lsu15408 0.008959238639  0.001269187884  0.003818187198  0.012838375752  0.008949211507  0.010232647622  0.002625327429  0.010232647622  0.008970720554  0.008949211507  0.003897556198  0.009366863550  0.001269187884  0.000000000000  0.014158782875  0.000000000000  0.001269187884  0.003818187198  0.004128178242  0.003818187198  0.010232647622  0.001268788527  0.011538306718  0.008949211507  0.008949211507  0.007331217530  0.003287184934  0.005098038279  0.008959238639  0.003814614461  
piranga_lutea_lsu5400 0.011330529103  0.001019466187  0.005120226152  0.015495817605  0.011321403065  0.012648016967  0.003345549256  0.013391878928  0.011342212709  0.009249568709  0.005373346211  0.009867146395  0.002041211647  0.001322916882  0.015521094354  0.001269187884  0.000000000000  0.004095770884  0.004637056087  0.005120226152  0.013400036376  0.002151870778  0.014446725606  0.010385033595  0.012364382449  0.009182546524  0.004938693630  0.007184487967  0.011330529103  0.006145787775  
piranga_olivacea_ku4672 0.008955051425  0.004957761405  0.002968198143  0.013984896853  0.008948481011  0.008132688034  0.003349284338  0.008948566186  0.008963970901  0.006949980787  0.005379127060  0.007664345400  0.003961897080  0.003980294968  0.012991778585  0.003818187198  0.004095770884  0.000000000000  0.004642437944  0.002968198143  0.010953302710  0.004169213047  0.012972129329  0.008023188376  0.009963253508  0.005487358054  0.004938693630  0.004957761405  0.008955051425  0.003958773531  
piranga_ludoviciana_sdsu2208 0.010489338413  0.004637056087  0.002312646743  0.010500334643  0.009321645495  0.012823861210  0.003477399738  0.012823861210  0.010501578330  0.005798100299  0.004637056087  0.009321645495  0.004637056087  0.003980294968  0.015229232991  0.004128178242  0.004637056087  0.004642437944  0.000000000000  0.002312646743  0.011669711216  0.004748265320  0.009321645495  0.009321645495  0.009321645495  0.007331217530  0.004938693630  0.005803709245  0.010489338413  0.005798100299  
piranga_bidentata_itm160 0.011967301801  0.005949894428  0.001974703540  0.017019677617  0.011957771772  0.010175254380  0.003345549256  0.011954956573  0.011979249075  0.003954859413  0.006455638701  0.010976763262  0.004952850347  0.003980294968  0.016026825749  0.003818187198  0.005120226152  0.002968198143  0.002312646743  0.000000000000  0.013970940042  0.004164871962  0.016001170244  0.011057169828  0.012981227781  0.007331217530  0.004938693630  0.003957976782  0.011967301801  0.002963109827  
piranga_leucoptera_fmnh481795 0.009932685694  0.011949689228  0.013970940042  0.008939592349  0.003954859413  0.012223618839  0.010100835381  0.011943784329  0.011954956573  0.018027787418  0.012990843969  0.008751704692  0.012959197179  0.006653215564  0.013962312781  0.010232647622  0.013400036376  0.010953302710  0.011669711216  0.013970940042  0.000000000000  0.012581708192  0.007937945883  0.009020231768  0.004953668841  0.001821808245  0.006596192164  0.016001170244  0.011943057848  0.014975295888  
piranga_lutea_ku89864 0.010474643762  0.002078086442  0.005211848917  0.015778748027  0.010467871911  0.011533058824  0.003419000503  0.011533058824  0.010485627507  0.008361061700  0.004517664681  0.010440662755  0.002078086442  0.001322482998  0.013663458858  0.001268788527  0.002151870778  0.004169213047  0.004748265320  0.004164871962  0.012581708192  0.000000000000  0.014710581110  0.010474643762  0.010478841398  0.009168499651  0.003287184934  0.005211848917  0.010474643762  0.004162998585  
piranga_rubriceps_lsu34818 0.011943057848  0.013970940042  0.014984927736  0.000986285189  0.005944838660  0.014286754087  0.007844723744  0.013959103914  0.013976252265  0.020074167995  0.010810623479  0.006554369870  0.014984927736  0.006653215564  0.015990529338  0.011538306718  0.014446725606  0.012972129329  0.009321645495  0.016001170244  0.007937945883  0.014710581110  0.000000000000  0.011048479642  0.006949980787  0.001821808245  0.006596192164  0.018040459972  0.013962312781  0.017008023152  
piranga_roseogularis_ku2141 0.007000945794  0.011057169828  0.011057169828  0.012065989219  0.007005626331  0.008123122148  0.008976472555  0.009018051455  0.009029281599  0.015132181776  0.010869378613  0.002195847458  0.010040911596  0.005314801098  0.011048479642  0.008949211507  0.010385033595  0.008023188376  0.009321645495  0.011057169828  0.009020231768  0.010474643762  0.011048479642  0.000000000000  0.008023188376  0.003650908063  0.006596192164  0.013096491216  0.009020231768  0.012065989219  
piranga_erythrocephala_fmnh343371 0.008943355109  0.010960406127  0.012981227781  0.007951416468  0.002968198143  0.011208275926  0.008976472555  0.010951612875  0.010964220804  0.017036735858  0.011905885172  0.007655962641  0.011969699972  0.005314801098  0.012972129329  0.008949211507  0.012364382449  0.009963253508  0.009321645495  0.012981227781  0.004953668841  0.010478841398  0.006949980787  0.008023188376  0.000000000000  0.000000000000  0.004938693630  0.015011025001  0.010953302710  0.013984896853  
piranga_erythrocephala_fmnh343370 0.003650908063  0.009182546524  0.007331217530  0.001821808245  0.000000000000  0.005479976395  0.007331217530  0.005479976395  0.007331217530  0.009168499651  0.005487358054  0.005487358054  0.009182546524  0.007331217530  0.009182546524  0.007331217530  0.009182546524  0.005487358054  0.007331217530  0.007331217530  0.001821808245  0.009168499651  0.001821808245  0.003650908063  0.000000000000  0.000000000000  0.005865707262  0.007331217530  0.007331217530  0.009168499651  
piranga_ludoviciana_sdsu2650 0.006596192164  0.004938693630  0.004938693630  0.006596192164  0.006596192164  0.008252313076  0.003287184934  0.008252313076  0.004938693630  0.008252313076  0.001641622938  0.008259724142  0.004938693630  0.003287184934  0.011605065256  0.003287184934  0.004938693630  0.004938693630  0.004938693630  0.004938693630  0.006596192164  0.003287184934  0.006596192164  0.006596192164  0.004938693630  0.005865707262  0.000000000000  0.003287184934  0.004938693630  0.004936667314  
piranga_bidentata_tepe59 0.013992556238  0.007950532167  0.005949894428  0.019063527495  0.013981022417  0.012235324713  0.005589599756  0.013976252265  0.014006556422  0.003954859413  0.004293610791  0.012089080867  0.006949118517  0.003980294968  0.018070190952  0.005098038279  0.007184487967  0.004957761405  0.005803709245  0.003957976782  0.016001170244  0.005211848917  0.018040459972  0.013096491216  0.015011025001  0.007331217530  0.003287184934  0.000000000000  0.013992556238  0.002963109827  
piranga_rubra_sdsu2635 0.003957976782  0.009950982889  0.011967301801  0.014975295888  0.009937338722  0.010171893111  0.010100835381  0.009939353137  0.001976655197  0.016013270266  0.012990843969  0.008751704692  0.010958030335  0.006653215564  0.007950532167  0.008959238639  0.011330529103  0.008955051425  0.010489338413  0.011967301801  0.011943057848  0.010474643762  0.013962312781  0.009020231768  0.010953302710  0.007331217530  0.004938693630  0.013992556238  0.000000000000  0.012968277425  
piranga_bidentata_itm141 0.012968277425  0.006943087188  0.004948765890  0.018027787418  0.012959197179  0.011199733200  0.004462227482  0.012958304249  0.012981227781  0.006938489995  0.005368538522  0.012076959646  0.005944838660  0.003976412295  0.017032793218  0.003814614461  0.006145787775  0.003958773531  0.005798100299  0.002963109827  0.014975295888  0.004162998585  0.017008023152  0.012065989219  0.013984896853  0.009168499651  0.004936667314  0.002963109827  0.012968277425  0.000000000000  

