30
piranga_rubra_ku26592 0.000000000000  0.013547844825  0.016279478465  0.016254975677  0.025449133693  0.029159680842  0.017660322537  0.029589995373  0.014487594199  0.015468020385  0.014593638716  0.014688141003  0.014451952745  0.011521775309  0.011708412859  0.014451952745  0.012043593151  0.020865594751  0.016576419913  0.014451952745  0.029167843353  0.014095302425  0.016254975677  0.018201517488  0.018209001833  0.022168325763  0.010778173064  0.015370116998  0.013527526587  0.014451952745  
piranga_flava_ku90809 0.013547844825  0.000000000000  0.011496770876  0.015961855411  0.024060215916  0.026720585027  0.014758580515  0.028101279982  0.016009574592  0.010660345098  0.006722563677  0.014607851789  0.004391540438  0.008062045692  0.011496770876  0.004442262605  0.011814827662  0.016864555785  0.010014480417  0.006159971863  0.029529937948  0.003701499228  0.015961855411  0.018780631642  0.017880244727  0.019561266946  0.007476495887  0.007036553796  0.007923452028  0.006159971863  
piranga_ludoviciana_sdsu2385 0.016279478465  0.011496770876  0.000000000000  0.016839754635  0.024942081058  0.028575324269  0.008235065775  0.029926303680  0.015085723946  0.009748226568  0.003829059280  0.010655426616  0.008810399786  0.008046393040  0.012372849198  0.010715783709  0.016413088742  0.011459660362  0.009092505659  0.008810399786  0.030413837729  0.011174835465  0.016839754635  0.016936128123  0.018763848885  0.019521407133  0.003185567372  0.009688125308  0.007027029897  0.008810399786  
piranga_rubriceps_lsu265 0.016254975677  0.015961855411  0.016839754635  0.000000000000  0.013236419178  0.022898408623  0.017521857613  0.024330584845  0.019585776684  0.017843874916  0.016435311874  0.014579087236  0.015047592076  0.015021921526  0.018647204320  0.014313796856  0.017314266140  0.021336991683  0.018309027843  0.016849598492  0.020403303771  0.015876807960  0.000000000000  0.018744196146  0.008858905185  0.011645099374  0.016104756028  0.017733114737  0.015032361997  0.016849598492  
piranga_leucoptera_lsu7783 0.025449133693  0.024060215916  0.024942081058  0.013236419178  0.000000000000  0.029416953820  0.025033498739  0.030743925920  0.027752608930  0.026009015500  0.025288270554  0.023475242563  0.023128411764  0.025614238566  0.026770215214  0.023399039115  0.025659056597  0.029494084808  0.027640213200  0.024950977544  0.008791410533  0.024419112878  0.013236419178  0.026920797197  0.016917083439  0.018185987911  0.025944678872  0.025846723029  0.023115182963  0.024950977544  
cardinalis_cardinalis_ku25393 0.029159680842  0.026720585027  0.028575324269  0.022898408623  0.029416953820  0.000000000000  0.027831698767  0.005345831333  0.030410569002  0.025749951830  0.027123925056  0.026255801035  0.026695981332  0.022129330096  0.030479283464  0.027019407185  0.028621102887  0.031414191538  0.029057585774  0.028593901418  0.033200026158  0.028147377718  0.022898408623  0.028690217968  0.025885987948  0.020850625139  0.024918429149  0.029508114788  0.026663737821  0.028593901418  
piranga_olivacea_ku2699 0.017660322537  0.014758580515  0.008235065775  0.017521857613  0.025033498739  0.027831698767  0.000000000000  0.030223712520  0.015706860127  0.007363361159  0.006731042054  0.011668777665  0.011945107051  0.008074237232  0.014744978542  0.013809791857  0.017096011535  0.009155314418  0.008372971976  0.011945107051  0.026936109728  0.014979676430  0.017521857613  0.014816338017  0.018590327353  0.019521407133  0.003195747661  0.012862688142  0.009158114381  0.011945107051  
cardinalis_cardinalis_ku21828 0.029589995373  0.028101279982  0.029926303680  0.024330584845  0.030743925920  0.005345831333  0.030223712520  0.000000000000  0.032666351265  0.027143594075  0.028704748663  0.027854783667  0.028075822434  0.020938552206  0.031802314820  0.028410412211  0.027594810564  0.032722110113  0.029635729774  0.029945970187  0.034470142245  0.030649828049  0.024330584845  0.030966401109  0.028219983519  0.020850625139  0.024900640257  0.030844043161  0.028041252074  0.029945970187  
piranga_rubra_ku7046 0.014487594199  0.016009574592  0.015085723946  0.019585776684  0.027752608930  0.030410569002  0.015706860127  0.032666351265  0.000000000000  0.014229882559  0.014529130818  0.016606815912  0.013292994466  0.005732464719  0.013299626284  0.014365205440  0.012705994485  0.019585776684  0.015520430858  0.013292994466  0.033264333739  0.015936346665  0.019585776684  0.020578387557  0.021538370357  0.020850625139  0.009616787760  0.012395729255  0.011500212077  0.013292994466  
piranga_bidentata_hgoslp104 0.015468020385  0.010660345098  0.009748226568  0.017843874916  0.026009015500  0.025749951830  0.007363361159  0.027143594075  0.014229882559  0.000000000000  0.002885315532  0.013693052924  0.007965529247  0.008046393040  0.011542079923  0.009867775235  0.017331346622  0.010638861651  0.004523960252  0.007965529247  0.029689376961  0.011239484449  0.017843874916  0.016109881900  0.019788595866  0.018208628203  0.001060544532  0.007073886233  0.011535851234  0.007965529247  
piranga_ludoviciana_sdsu2648 0.014593638716  0.006722563677  0.003829059280  0.016435311874  0.025288270554  0.027123925056  0.006731042054  0.028704748663  0.014529130818  0.002885315532  0.000000000000  0.014585645371  0.005750739220  0.009206889128  0.007683519760  0.007683519760  0.014942569131  0.011550266083  0.000970716347  0.005750739220  0.026296949044  0.006716113641  0.016435311874  0.016557252918  0.016557252918  0.020850625139  0.002147458825  0.006708635441  0.008646643110  0.005750739220  
piranga_roseogularis_ku2049 0.014688141003  0.014607851789  0.010655426616  0.014579087236  0.023475242563  0.026255801035  0.011668777665  0.027854783667  0.016606815912  0.013693052924  0.014585645371  0.000000000000  0.013606948341  0.010355047891  0.013606948341  0.013606948341  0.015041653131  0.016547813741  0.015843394531  0.015582451599  0.023482012757  0.014593638716  0.014579087236  0.003881745827  0.014685611072  0.015556660731  0.013109294620  0.016554899822  0.010655426616  0.015582451599  
piranga_hepatica_ku4970 0.014451952745  0.004391540438  0.008810399786  0.015047592076  0.023128411764  0.026695981332  0.011945107051  0.028075822434  0.013292994466  0.007965529247  0.005750739220  0.013606948341  0.000000000000  0.004584720264  0.008810399786  0.003547220529  0.012724353495  0.015047592076  0.009087251473  0.003506792391  0.028584764383  0.004627263793  0.015047592076  0.017853470886  0.016954860243  0.018208628203  0.006394252036  0.004382236149  0.005263253434  0.003506792391  
piranga_hepatica_ku9084 0.011521775309  0.008062045692  0.008046393040  0.015021921526  0.025614238566  0.022129330096  0.008074237232  0.020938552206  0.005732464719  0.008046393040  0.009206889128  0.010355047891  0.004584720264  0.000000000000  0.006893844355  0.005737832341  0.008046393040  0.012688376458  0.010363220801  0.006893844355  0.025623141759  0.006893844355  0.015021921526  0.012761983718  0.013970890022  0.018196021724  0.009206889128  0.005737832341  0.003434493611  0.006893844355  
piranga_rubra_sdsu2654 0.011708412859  0.011496770876  0.012372849198  0.018647204320  0.026770215214  0.030479283464  0.014744978542  0.031802314820  0.013299626284  0.011542079923  0.007683519760  0.013606948341  0.008810399786  0.006893844355  0.000000000000  0.009821496340  0.016413088742  0.018647204320  0.011847130351  0.008810399786  0.032258883053  0.011184700132  0.018647204320  0.019664764071  0.020590031831  0.020866789761  0.008545302086  0.009688125308  0.010592808906  0.008810399786  
piranga_flava_lsu15408 0.014451952745  0.004442262605  0.010715783709  0.014313796856  0.023399039115  0.027019407185  0.013809791857  0.028410412211  0.014365205440  0.009867775235  0.007683519760  0.013606948341  0.003547220529  0.005737832341  0.009821496340  0.000000000000  0.012876503925  0.017046137109  0.010925328337  0.005331148957  0.027074880859  0.004627263793  0.014313796856  0.018063110810  0.016235423841  0.016885289613  0.007468518817  0.006216922906  0.006220725307  0.005331148957  
piranga_lutea_lsu5400 0.012043593151  0.011814827662  0.016413088742  0.017314266140  0.025659056597  0.028621102887  0.017096011535  0.027594810564  0.012705994485  0.017331346622  0.014942569131  0.015041653131  0.012724353495  0.008046393040  0.016413088742  0.012876503925  0.000000000000  0.021037383320  0.016668528694  0.014570407597  0.031292378650  0.011501271286  0.017314266140  0.018318224253  0.019295379025  0.022183697970  0.012856807883  0.015477576478  0.012710863731  0.014570407597  
piranga_olivacea_ku4672 0.020865594751  0.016864555785  0.011459660362  0.021336991683  0.029494084808  0.031414191538  0.009155314418  0.032722110113  0.019585776684  0.010638861651  0.011550266083  0.016547813741  0.015047592076  0.012688376458  0.018647204320  0.017046137109  0.021037383320  0.000000000000  0.011835259074  0.015047592076  0.033172550120  0.018734537975  0.021336991683  0.017835486731  0.021470627115  0.023488903131  0.008530507975  0.015930850944  0.013240635670  0.015047592076  
piranga_ludoviciana_sdsu2208 0.016576419913  0.010014480417  0.009092505659  0.018309027843  0.027640213200  0.029057585774  0.008372971976  0.029635729774  0.015520430858  0.004523960252  0.000970716347  0.015843394531  0.009087251473  0.010363220801  0.011847130351  0.010925328337  0.016668528694  0.011835259074  0.000000000000  0.009087251473  0.029534731017  0.010392966055  0.018309027843  0.017465496682  0.020307930560  0.022168325763  0.003186408095  0.009996914425  0.011840566641  0.009087251473  
piranga_bidentata_itm160 0.014451952745  0.006159971863  0.008810399786  0.016849598492  0.024950977544  0.028593901418  0.011945107051  0.029945970187  0.013292994466  0.007965529247  0.005750739220  0.015582451599  0.003506792391  0.006893844355  0.008810399786  0.005331148957  0.014570407597  0.015047592076  0.009087251473  0.000000000000  0.030424137994  0.006491291071  0.016849598492  0.019676033472  0.018775486675  0.020866789761  0.006394252036  0.004382236149  0.007030370000  0.000000000000  
piranga_leucoptera_fmnh481795 0.029167843353  0.029529937948  0.030413837729  0.020403303771  0.008791410533  0.033200026158  0.026936109728  0.034470142245  0.033264333739  0.029689376961  0.026296949044  0.023482012757  0.028584764383  0.025623141759  0.032258883053  0.027074880859  0.031292378650  0.033172550120  0.029534731017  0.030424137994  0.000000000000  0.027301924500  0.020403303771  0.030605522147  0.022352482960  0.016885289613  0.028165162403  0.031325516329  0.028568807232  0.030424137994  
piranga_lutea_ku89864 0.014095302425  0.003701499228  0.011174835465  0.015876807960  0.024419112878  0.028147377718  0.014979676430  0.030649828049  0.015936346665  0.011239484449  0.006716113641  0.014593638716  0.004627263793  0.006893844355  0.011184700132  0.004627263793  0.011501271286  0.018734537975  0.010392966055  0.006491291071  0.027301924500  0.000000000000  0.015876807960  0.018858208032  0.015991893833  0.016885289613  0.006394252036  0.007414827732  0.007419840626  0.006491291071  
piranga_rubriceps_lsu34818 0.016254975677  0.015961855411  0.016839754635  0.000000000000  0.013236419178  0.022898408623  0.017521857613  0.024330584845  0.019585776684  0.017843874916  0.016435311874  0.014579087236  0.015047592076  0.015021921526  0.018647204320  0.014313796856  0.017314266140  0.021336991683  0.018309027843  0.016849598492  0.020403303771  0.015876807960  0.000000000000  0.018744196146  0.008858905185  0.011645099374  0.016104756028  0.017733114737  0.015032361997  0.016849598492  
piranga_roseogularis_ku2141 0.018201517488  0.018780631642  0.016936128123  0.018744196146  0.026920797197  0.028690217968  0.014816338017  0.030966401109  0.020578387557  0.016109881900  0.016557252918  0.003881745827  0.017853470886  0.012761983718  0.019664764071  0.018063110810  0.018318224253  0.017835486731  0.017465496682  0.019676033472  0.030605522147  0.018858208032  0.018744196146  0.000000000000  0.020696589422  0.018327827813  0.015104442130  0.020567022015  0.016023439426  0.019676033472  
piranga_erythrocephala_fmnh343371 0.018209001833  0.017880244727  0.018763848885  0.008858905185  0.016917083439  0.025885987948  0.018590327353  0.028219983519  0.021538370357  0.019788595866  0.016557252918  0.014685611072  0.016954860243  0.013970890022  0.020590031831  0.016235423841  0.019295379025  0.021470627115  0.020307930560  0.018775486675  0.022352482960  0.015991893833  0.008858905185  0.020696589422  0.000000000000  0.007738541999  0.016236625316  0.019664764071  0.016936128123  0.018775486675  
piranga_erythrocephala_fmnh343370 0.022168325763  0.019561266946  0.019521407133  0.011645099374  0.018185987911  0.020850625139  0.019521407133  0.020850625139  0.020850625139  0.018208628203  0.020850625139  0.015556660731  0.018208628203  0.018196021724  0.020866789761  0.016885289613  0.022183697970  0.023488903131  0.022168325763  0.020866789761  0.016885289613  0.016885289613  0.011645099374  0.018327827813  0.007738541999  0.000000000000  0.019535787543  0.019521407133  0.016885289613  0.020866789761  
piranga_ludoviciana_sdsu2650 0.010778173064  0.007476495887  0.003185567372  0.016104756028  0.025944678872  0.024918429149  0.003195747661  0.024900640257  0.009616787760  0.001060544532  0.002147458825  0.013109294620  0.006394252036  0.009206889128  0.008545302086  0.007468518817  0.012856807883  0.008530507975  0.003186408095  0.006394252036  0.028165162403  0.006394252036  0.016104756028  0.015104442130  0.016236625316  0.019535787543  0.000000000000  0.005322490009  0.005322490009  0.006394252036  
piranga_bidentata_tepe59 0.015370116998  0.007036553796  0.009688125308  0.017733114737  0.025846723029  0.029508114788  0.012862688142  0.030844043161  0.012395729255  0.007073886233  0.006708635441  0.016554899822  0.004382236149  0.005737832341  0.009688125308  0.006216922906  0.015477576478  0.015930850944  0.009996914425  0.004382236149  0.031325516329  0.007414827732  0.017733114737  0.020567022015  0.019664764071  0.019521407133  0.005322490009  0.000000000000  0.007909389059  0.004382236149  
piranga_rubra_sdsu2635 0.013527526587  0.007923452028  0.007027029897  0.015032361997  0.023115182963  0.026663737821  0.009158114381  0.028041252074  0.011500212077  0.011535851234  0.008646643110  0.010655426616  0.005263253434  0.003434493611  0.010592808906  0.006220725307  0.012710863731  0.013240635670  0.011840566641  0.007030370000  0.028568807232  0.007419840626  0.015032361997  0.016023439426  0.016936128123  0.016885289613  0.005322490009  0.007909389059  0.000000000000  0.007030370000  
piranga_bidentata_itm141 0.014451952745  0.006159971863  0.008810399786  0.016849598492  0.024950977544  0.028593901418  0.011945107051  0.029945970187  0.013292994466  0.007965529247  0.005750739220  0.015582451599  0.003506792391  0.006893844355  0.008810399786  0.005331148957  0.014570407597  0.015047592076  0.009087251473  0.000000000000  0.030424137994  0.006491291071  0.016849598492  0.019676033472  0.018775486675  0.020866789761  0.006394252036  0.004382236149  0.007030370000  0.000000000000  

