30
cardinalis_cardinalis_ku25393 0.000000000000  0.001001047718  0.000500261747  0.005021655452  0.005526653584  0.006028022743  0.006028022743  0.006028022743  0.005021655452  0.001000704823  0.001000704823  0.001000704823  0.001000704823  0.001501742727  0.003008015979  0.004013257291  0.008056275939  0.003008015979  0.005526653584  0.004519051860  0.004519051860  0.005526653584  0.005526653584  0.006538253590  0.008063493839  0.004519051860  0.004519051860  0.007044857730  0.010087160801  0.004519051860  
cardinalis_cardinalis_ku21828 0.001001047718  0.000000000000  0.001502359013  0.006032185920  0.006538253590  0.007039579572  0.007039579572  0.007039579572  0.006032185920  0.002003306483  0.002003306483  0.002003306483  0.002003306483  0.002505397197  0.004014842193  0.005021655452  0.009072695221  0.004014842193  0.006538253590  0.005529069927  0.005529069927  0.006538253590  0.006538253590  0.007551999478  0.009081038853  0.005529069927  0.005529069927  0.008059679976  0.011107355394  0.005529069927  
piranga_hepatica_ku9084 0.000500261747  0.001502359013  0.000000000000  0.005526653584  0.006032185920  0.006533533513  0.006533533513  0.006533533513  0.005526653584  0.001501742727  0.001501742727  0.001501742727  0.001501742727  0.002003306483  0.003511163939  0.004517190396  0.008564215356  0.003511163939  0.006032185920  0.005023794062  0.005023794062  0.006032185920  0.006032185920  0.007044857730  0.008571995523  0.005023794062  0.005023794062  0.007551999478  0.010596985862  0.005023794062  
piranga_leucoptera_fmnh481795 0.005021655452  0.006032185920  0.005526653584  0.000000000000  0.003509855016  0.003508458760  0.003508458760  0.003508458760  0.003006982455  0.005019924822  0.005019924822  0.005019924822  0.005019924822  0.005524645527  0.007042013861  0.008053282101  0.012124889594  0.007042013861  0.009577879049  0.008564215356  0.008564215356  0.009577879049  0.009577879049  0.010596985862  0.012134988539  0.008564215356  0.008564215356  0.011107355394  0.014169511952  0.008564215356  
piranga_erythrocephala_fmnh343371 0.005526653584  0.006538253590  0.006032185920  0.003509855016  0.000000000000  0.004514690873  0.004514690873  0.004514690873  0.003509855016  0.005524645527  0.005524645527  0.005524645527  0.005524645527  0.006029899848  0.007548875822  0.008560940850  0.012636614352  0.007548875822  0.010087160801  0.009072695221  0.009072695221  0.010087160801  0.010087160801  0.011107355394  0.012647283980  0.009072695221  0.009072695221  0.011618270559  0.014683150616  0.009072695221  
piranga_rubriceps_lsu265 0.006028022743  0.007039579572  0.006533533513  0.003508458760  0.004514690873  0.000000000000  0.000000000000  0.000000000000  0.004011309982  0.006026554982  0.006026554982  0.006026554982  0.006026554982  0.006531787761  0.008050698836  0.009063261869  0.013139302477  0.008050698836  0.010589416301  0.009574452921  0.009574452921  0.010589416301  0.010589416301  0.011609566980  0.013148887647  0.009574452921  0.009574452921  0.012120460118  0.015186293806  0.009574452921  
piranga_erythrocephala_fmnh343370 0.006028022743  0.007039579572  0.006533533513  0.003508458760  0.004514690873  0.000000000000  0.000000000000  0.000000000000  0.004011309982  0.006026554982  0.006026554982  0.006026554982  0.006026554982  0.006531787761  0.008050698836  0.009063261869  0.013139302477  0.008050698836  0.010589416301  0.009574452921  0.009574452921  0.010589416301  0.010589416301  0.011609566980  0.013148887647  0.009574452921  0.009574452921  0.012120460118  0.015186293806  0.009574452921  
piranga_rubriceps_lsu34818 0.006028022743  0.007039579572  0.006533533513  0.003508458760  0.004514690873  0.000000000000  0.000000000000  0.000000000000  0.004011309982  0.006026554982  0.006026554982  0.006026554982  0.006026554982  0.006531787761  0.008050698836  0.009063261869  0.013139302477  0.008050698836  0.010589416301  0.009574452921  0.009574452921  0.010589416301  0.010589416301  0.011609566980  0.013148887647  0.009574452921  0.009574452921  0.012120460118  0.015186293806  0.009574452921  
piranga_leucoptera_lsu7783 0.005021655452  0.006032185920  0.005526653584  0.003006982455  0.003509855016  0.004011309982  0.004011309982  0.004011309982  0.000000000000  0.005019924822  0.005019924822  0.005019924822  0.005019924822  0.005524645527  0.007042013861  0.008053282101  0.012124889594  0.007042013861  0.009577879049  0.008564215356  0.008564215356  0.009577879049  0.009577879049  0.010596985862  0.012134988539  0.008564215356  0.008564215356  0.011107355394  0.014169511952  0.008564215356  
piranga_ludoviciana_sdsu2650 0.001000704823  0.002003306483  0.001501742727  0.005019924822  0.005524645527  0.006026554982  0.006026554982  0.006026554982  0.005019924822  0.000000000000  0.000000000000  0.000000000000  0.000000000000  0.000500261747  0.002004196736  0.003008015979  0.007044857730  0.002004196736  0.004519051860  0.003512879556  0.003512879556  0.004519051860  0.004519051860  0.005529069927  0.007051772715  0.003512879556  0.003512879556  0.006034880583  0.009072695221  0.003512879556  
piranga_olivacea_ku2699 0.001000704823  0.002003306483  0.001501742727  0.005019924822  0.005524645527  0.006026554982  0.006026554982  0.006026554982  0.005019924822  0.000000000000  0.000000000000  0.000000000000  0.000000000000  0.000500261747  0.002004196736  0.003008015979  0.007044857730  0.002004196736  0.004519051860  0.003512879556  0.003512879556  0.004519051860  0.004519051860  0.005529069927  0.007051772715  0.003512879556  0.003512879556  0.006034880583  0.009072695221  0.003512879556  
piranga_roseogularis_ku2141 0.001000704823  0.002003306483  0.001501742727  0.005019924822  0.005524645527  0.006026554982  0.006026554982  0.006026554982  0.005019924822  0.000000000000  0.000000000000  0.000000000000  0.000000000000  0.000500261747  0.002004196736  0.003008015979  0.007044857730  0.002004196736  0.004519051860  0.003512879556  0.003512879556  0.004519051860  0.004519051860  0.005529069927  0.007051772715  0.003512879556  0.003512879556  0.006034880583  0.009072695221  0.003512879556  
piranga_bidentata_tepe59 0.001000704823  0.002003306483  0.001501742727  0.005019924822  0.005524645527  0.006026554982  0.006026554982  0.006026554982  0.005019924822  0.000000000000  0.000000000000  0.000000000000  0.000000000000  0.000500261747  0.002004196736  0.003008015979  0.007044857730  0.002004196736  0.004519051860  0.003512879556  0.003512879556  0.004519051860  0.004519051860  0.005529069927  0.007051772715  0.003512879556  0.003512879556  0.006034880583  0.009072695221  0.003512879556  
piranga_bidentata_itm141 0.001501742727  0.002505397197  0.002003306483  0.005524645527  0.006029899848  0.006531787761  0.006531787761  0.006531787761  0.005524645527  0.000500261747  0.000500261747  0.000500261747  0.000500261747  0.000000000000  0.002506561993  0.003511163939  0.007551999478  0.002506561993  0.005023794062  0.004016834092  0.004016834092  0.005023794062  0.005023794062  0.006034880583  0.007559474964  0.004016834092  0.004016834092  0.006541227163  0.009581716684  0.004016834092  
piranga_bidentata_itm160 0.003008015979  0.004014842193  0.003511163939  0.007042013861  0.007548875822  0.008050698836  0.008050698836  0.008050698836  0.007042013861  0.002004196736  0.002004196736  0.002004196736  0.002004196736  0.002506561993  0.000000000000  0.001000704823  0.005021655452  0.000000000000  0.002505397197  0.001502359013  0.001502359013  0.002505397197  0.002505397197  0.003511163939  0.005026340278  0.001502359013  0.001502359013  0.004014842193  0.007042013861  0.001502359013  
piranga_ludoviciana_sdsu2385 0.004013257291  0.005021655452  0.004517190396  0.008053282101  0.008560940850  0.009063261869  0.009063261869  0.009063261869  0.008053282101  0.003008015979  0.003008015979  0.003008015979  0.003008015979  0.003511163939  0.001000704823  0.000000000000  0.006029899848  0.001000704823  0.003509855016  0.002505397197  0.002505397197  0.003509855016  0.003509855016  0.004517190396  0.006034880583  0.002505397197  0.002505397197  0.005021655452  0.008053282101  0.002505397197  
piranga_lutea_lsu5400 0.008056275939  0.009072695221  0.008564215356  0.012124889594  0.012636614352  0.013139302477  0.013139302477  0.013139302477  0.012124889594  0.007044857730  0.007044857730  0.007044857730  0.007044857730  0.007551999478  0.005021655452  0.006029899848  0.000000000000  0.005021655452  0.007548875822  0.006538253590  0.006538253590  0.007548875822  0.007548875822  0.008564215356  0.010095812449  0.006538253590  0.006538253590  0.009072695221  0.012124889594  0.006538253590  
piranga_lutea_ku89864 0.003008015979  0.004014842193  0.003511163939  0.007042013861  0.007548875822  0.008050698836  0.008050698836  0.008050698836  0.007042013861  0.002004196736  0.002004196736  0.002004196736  0.002004196736  0.002506561993  0.000000000000  0.001000704823  0.005021655452  0.000000000000  0.002505397197  0.001502359013  0.001502359013  0.002505397197  0.002505397197  0.003511163939  0.005026340278  0.001502359013  0.001502359013  0.004014842193  0.007042013861  0.001502359013  
piranga_olivacea_ku4672 0.005526653584  0.006538253590  0.006032185920  0.009577879049  0.010087160801  0.010589416301  0.010589416301  0.010589416301  0.009577879049  0.004519051860  0.004519051860  0.004519051860  0.004519051860  0.005023794062  0.002505397197  0.003509855016  0.007548875822  0.002505397197  0.000000000000  0.001000704823  0.001000704823  0.002002822022  0.002002822022  0.003006982455  0.004519051860  0.001000704823  0.001000704823  0.003509855016  0.006533533513  0.001000704823  
piranga_hepatica_ku4970 0.004519051860  0.005529069927  0.005023794062  0.008564215356  0.009072695221  0.009574452921  0.009574452921  0.009574452921  0.008564215356  0.003512879556  0.003512879556  0.003512879556  0.003512879556  0.004016834092  0.001502359013  0.002505397197  0.006538253590  0.001502359013  0.001000704823  0.000000000000  0.000000000000  0.001000704823  0.001000704823  0.002003306483  0.003512879556  0.000000000000  0.000000000000  0.002505397197  0.005524645527  0.000000000000  
piranga_flava_ku90809 0.004519051860  0.005529069927  0.005023794062  0.008564215356  0.009072695221  0.009574452921  0.009574452921  0.009574452921  0.008564215356  0.003512879556  0.003512879556  0.003512879556  0.003512879556  0.004016834092  0.001502359013  0.002505397197  0.006538253590  0.001502359013  0.001000704823  0.000000000000  0.000000000000  0.001000704823  0.001000704823  0.002003306483  0.003512879556  0.000000000000  0.000000000000  0.002505397197  0.005524645527  0.000000000000  
piranga_ludoviciana_sdsu2648 0.005526653584  0.006538253590  0.006032185920  0.009577879049  0.010087160801  0.010589416301  0.010589416301  0.010589416301  0.009577879049  0.004519051860  0.004519051860  0.004519051860  0.004519051860  0.005023794062  0.002505397197  0.003509855016  0.007548875822  0.002505397197  0.002002822022  0.001000704823  0.001000704823  0.000000000000  0.000000000000  0.003006982455  0.004519051860  0.001000704823  0.001000704823  0.003509855016  0.006533533513  0.001000704823  
piranga_bidentata_hgoslp104 0.005526653584  0.006538253590  0.006032185920  0.009577879049  0.010087160801  0.010589416301  0.010589416301  0.010589416301  0.009577879049  0.004519051860  0.004519051860  0.004519051860  0.004519051860  0.005023794062  0.002505397197  0.003509855016  0.007548875822  0.002505397197  0.002002822022  0.001000704823  0.001000704823  0.000000000000  0.000000000000  0.003006982455  0.004519051860  0.001000704823  0.001000704823  0.003509855016  0.006533533513  0.001000704823  
piranga_rubra_ku7046 0.006538253590  0.007551999478  0.007044857730  0.010596985862  0.011107355394  0.011609566980  0.011609566980  0.011609566980  0.010596985862  0.005529069927  0.005529069927  0.005529069927  0.005529069927  0.006034880583  0.003511163939  0.004517190396  0.008564215356  0.003511163939  0.003006982455  0.002003306483  0.002003306483  0.003006982455  0.003006982455  0.000000000000  0.005529069927  0.002003306483  0.002003306483  0.004517190396  0.007546162055  0.002003306483  
piranga_flava_lsu15408 0.008063493839  0.009081038853  0.008571995523  0.012134988539  0.012647283980  0.013148887647  0.013148887647  0.013148887647  0.012134988539  0.007051772715  0.007051772715  0.007051772715  0.007051772715  0.007559474964  0.005026340278  0.006034880583  0.010095812449  0.005026340278  0.004519051860  0.003512879556  0.003512879556  0.004519051860  0.004519051860  0.005529069927  0.000000000000  0.003512879556  0.003512879556  0.006034880583  0.009072695221  0.003512879556  
piranga_ludoviciana_sdsu2208 0.004519051860  0.005529069927  0.005023794062  0.008564215356  0.009072695221  0.009574452921  0.009574452921  0.009574452921  0.008564215356  0.003512879556  0.003512879556  0.003512879556  0.003512879556  0.004016834092  0.001502359013  0.002505397197  0.006538253590  0.001502359013  0.001000704823  0.000000000000  0.000000000000  0.001000704823  0.001000704823  0.002003306483  0.003512879556  0.000000000000  0.000000000000  0.002505397197  0.005524645527  0.000000000000  
piranga_roseogularis_ku2049 0.004519051860  0.005529069927  0.005023794062  0.008564215356  0.009072695221  0.009574452921  0.009574452921  0.009574452921  0.008564215356  0.003512879556  0.003512879556  0.003512879556  0.003512879556  0.004016834092  0.001502359013  0.002505397197  0.006538253590  0.001502359013  0.001000704823  0.000000000000  0.000000000000  0.001000704823  0.001000704823  0.002003306483  0.003512879556  0.000000000000  0.000000000000  0.002505397197  0.005524645527  0.000000000000  
piranga_rubra_sdsu2635 0.007044857730  0.008059679976  0.007551999478  0.011107355394  0.011618270559  0.012120460118  0.012120460118  0.012120460118  0.011107355394  0.006034880583  0.006034880583  0.006034880583  0.006034880583  0.006541227163  0.004014842193  0.005021655452  0.009072695221  0.004014842193  0.003509855016  0.002505397197  0.002505397197  0.003509855016  0.003509855016  0.004517190396  0.006034880583  0.002505397197  0.002505397197  0.000000000000  0.003006982455  0.002505397197  
piranga_rubra_sdsu2654 0.010087160801  0.011107355394  0.010596985862  0.014169511952  0.014683150616  0.015186293806  0.015186293806  0.015186293806  0.014169511952  0.009072695221  0.009072695221  0.009072695221  0.009072695221  0.009581716684  0.007042013861  0.008053282101  0.012124889594  0.007042013861  0.006533533513  0.005524645527  0.005524645527  0.006533533513  0.006533533513  0.007546162055  0.009072695221  0.005524645527  0.005524645527  0.003006982455  0.000000000000  0.005524645527  
piranga_rubra_ku26592 0.004519051860  0.005529069927  0.005023794062  0.008564215356  0.009072695221  0.009574452921  0.009574452921  0.009574452921  0.008564215356  0.003512879556  0.003512879556  0.003512879556  0.003512879556  0.004016834092  0.001502359013  0.002505397197  0.006538253590  0.001502359013  0.001000704823  0.000000000000  0.000000000000  0.001000704823  0.001000704823  0.002003306483  0.003512879556  0.000000000000  0.000000000000  0.002505397197  0.005524645527  0.000000000000  

