30
cardinalis_cardinalis_ku21828 0.000000000000  0.000000000000  0.011100998938  0.011100998938  0.015207982349  0.017265313286  0.015710162216  0.017244666879  0.011094068534  0.013137377429  0.014670846235  0.014670846235  0.014675769406  0.014675769406  0.014675769406  0.014675769406  0.014675769406  0.017244666879  0.014675769406  0.014675769406  0.014162406712  0.014675769406  0.013649609802  0.014157786218  0.014157786218  0.014157786218  0.011604055134  0.011604055134  0.014157786218  0.013129776261  
cardinalis_cardinalis_ku25393 0.000000000000  0.000000000000  0.011100998938  0.011100998938  0.015207982349  0.017265313286  0.015710162216  0.017244666879  0.011094068534  0.013137377429  0.014670846235  0.014670846235  0.014675769406  0.014675769406  0.014675769406  0.014675769406  0.014675769406  0.017244666879  0.014675769406  0.014675769406  0.014162406712  0.014675769406  0.013649609802  0.014157786218  0.014157786218  0.014157786218  0.011604055134  0.011604055134  0.014157786218  0.013129776261  
piranga_erythrocephala_fmnh343371 0.011100998938  0.011100998938  0.000000000000  0.000000000000  0.008057462665  0.010088963724  0.008559066665  0.010078422772  0.009064243223  0.011100998938  0.012629857210  0.012629857210  0.012634438112  0.012634438112  0.012634438112  0.012634438112  0.012634438112  0.015195359828  0.012634438112  0.012634438112  0.012122729989  0.012634438112  0.011611584009  0.012118449815  0.012118449815  0.012118449815  0.009572596910  0.009572596910  0.012118449815  0.011094068534  
piranga_erythrocephala_fmnh343370 0.011100998938  0.011100998938  0.000000000000  0.000000000000  0.008057462665  0.010088963724  0.008559066665  0.010078422772  0.009064243223  0.011100998938  0.012629857210  0.012629857210  0.012634438112  0.012634438112  0.012634438112  0.012634438112  0.012634438112  0.015195359828  0.012634438112  0.012634438112  0.012122729989  0.012634438112  0.011611584009  0.012118449815  0.012118449815  0.012118449815  0.009572596910  0.009572596910  0.012118449815  0.011094068534  
piranga_leucoptera_fmnh481795 0.015207982349  0.015207982349  0.008057462665  0.008057462665  0.000000000000  0.002003367876  0.006534085385  0.008049199043  0.013152023952  0.015207982349  0.016748489674  0.016748489674  0.016755934994  0.016755934994  0.016755934994  0.016755934994  0.016755934994  0.019338367637  0.016755934994  0.016755934994  0.016239378361  0.016755934994  0.015723394569  0.016232239493  0.016232239493  0.016232239493  0.013665162492  0.013665162492  0.016232239493  0.015195359828  
piranga_leucoptera_lsu7783 0.017265313286  0.017265313286  0.010088963724  0.010088963724  0.002003367876  0.000000000000  0.008559066665  0.010078422772  0.015201454352  0.017265313286  0.018810995556  0.018810995556  0.018819237497  0.018819237497  0.018819237497  0.018819237497  0.018819237497  0.021410903266  0.018819237497  0.018819237497  0.018300685916  0.018819237497  0.017782711608  0.018292752799  0.018292752799  0.018292752799  0.015716561475  0.015716561475  0.018292752799  0.017251113504  
piranga_rubriceps_lsu265 0.015710162216  0.015710162216  0.008559066665  0.008559066665  0.006534085385  0.008559066665  0.000000000000  0.001501538197  0.013654361397  0.015710162216  0.017251113504  0.017251113504  0.017257995758  0.017257995758  0.017257995758  0.017257995758  0.017257995758  0.019840791428  0.017257995758  0.017257995758  0.016741478914  0.017257995758  0.016225534823  0.016734903066  0.016734903066  0.016734903066  0.014167460673  0.014167460673  0.016734903066  0.015698666614  
piranga_rubriceps_lsu34818 0.017244666879  0.017244666879  0.010078422772  0.010078422772  0.008049199043  0.010078422772  0.001501538197  0.000000000000  0.015184472617  0.017244666879  0.018788889387  0.018788889387  0.018795821150  0.018795821150  0.018795821150  0.018795821150  0.018795821150  0.021384144714  0.018795821150  0.018795821150  0.018278194938  0.018795821150  0.017761143940  0.018271570897  0.018271570897  0.018271570897  0.015698666614  0.015698666614  0.018271570897  0.017233081931  
piranga_roseogularis_ku2049 0.011094068534  0.011094068534  0.009064243223  0.009064243223  0.013152023952  0.015201454352  0.013654361397  0.015184472617  0.000000000000  0.002004310789  0.004515979107  0.004515979107  0.004517528851  0.004517528851  0.004517528851  0.004517528851  0.004517528851  0.007042856652  0.004517528851  0.004517528851  0.004013504168  0.004517528851  0.003510024883  0.004012246192  0.004012246192  0.004012246192  0.001501538197  0.001501538197  0.004012246192  0.003006161221  
piranga_roseogularis_ku2141 0.013137377429  0.013137377429  0.011100998938  0.011100998938  0.015207982349  0.017265313286  0.015710162216  0.017244666879  0.002004310789  0.000000000000  0.006536382112  0.006536382112  0.006539105277  0.006539105277  0.006539105277  0.006539105277  0.006539105277  0.009074285972  0.006539105277  0.006539105277  0.006032887135  0.006539105277  0.005527219146  0.006030458282  0.006030458282  0.006030458282  0.003510024883  0.003510024883  0.006030458282  0.005018841241  
piranga_olivacea_ku2699 0.014670846235  0.014670846235  0.012629857210  0.012629857210  0.016748489674  0.018810995556  0.017251113504  0.018788889387  0.004515979107  0.006536382112  0.000000000000  0.000000000000  0.003008189856  0.003008189856  0.003008189856  0.003008189856  0.003008189856  0.005527219146  0.003008189856  0.003008189856  0.007549883102  0.008057462665  0.007042856652  0.007546996512  0.007546996512  0.007546996512  0.005020257970  0.005020257970  0.007546996512  0.006532215453  
piranga_olivacea_ku4672 0.014670846235  0.014670846235  0.012629857210  0.012629857210  0.016748489674  0.018810995556  0.017251113504  0.018788889387  0.004515979107  0.006536382112  0.000000000000  0.000000000000  0.003008189856  0.003008189856  0.003008189856  0.003008189856  0.003008189856  0.005527219146  0.003008189856  0.003008189856  0.007549883102  0.008057462665  0.007042856652  0.007546996512  0.007546996512  0.007546996512  0.005020257970  0.005020257970  0.007546996512  0.006532215453  
piranga_ludoviciana_sdsu2648 0.014675769406  0.014675769406  0.012634438112  0.012634438112  0.016755934994  0.018819237497  0.017257995758  0.018795821150  0.004517528851  0.006539105277  0.003008189856  0.003008189856  0.000000000000  0.000000000000  0.000000000000  0.000000000000  0.000000000000  0.002505507617  0.000000000000  0.000000000000  0.007553196816  0.008061072622  0.007045874770  0.007549883102  0.007549883102  0.007549883102  0.005022100115  0.005022100115  0.007549883102  0.006534085385  
piranga_bidentata_tepe59 0.014675769406  0.014675769406  0.012634438112  0.012634438112  0.016755934994  0.018819237497  0.017257995758  0.018795821150  0.004517528851  0.006539105277  0.003008189856  0.003008189856  0.000000000000  0.000000000000  0.000000000000  0.000000000000  0.000000000000  0.002505507617  0.000000000000  0.000000000000  0.007553196816  0.008061072622  0.007045874770  0.007549883102  0.007549883102  0.007549883102  0.005022100115  0.005022100115  0.007549883102  0.006534085385  
piranga_bidentata_itm141 0.014675769406  0.014675769406  0.012634438112  0.012634438112  0.016755934994  0.018819237497  0.017257995758  0.018795821150  0.004517528851  0.006539105277  0.003008189856  0.003008189856  0.000000000000  0.000000000000  0.000000000000  0.000000000000  0.000000000000  0.002505507617  0.000000000000  0.000000000000  0.007553196816  0.008061072622  0.007045874770  0.007549883102  0.007549883102  0.007549883102  0.005022100115  0.005022100115  0.007549883102  0.006534085385  
piranga_bidentata_hgoslp104 0.014675769406  0.014675769406  0.012634438112  0.012634438112  0.016755934994  0.018819237497  0.017257995758  0.018795821150  0.004517528851  0.006539105277  0.003008189856  0.003008189856  0.000000000000  0.000000000000  0.000000000000  0.000000000000  0.000000000000  0.002505507617  0.000000000000  0.000000000000  0.007553196816  0.008061072622  0.007045874770  0.007549883102  0.007549883102  0.007549883102  0.005022100115  0.005022100115  0.007549883102  0.006534085385  
piranga_bidentata_itm160 0.014675769406  0.014675769406  0.012634438112  0.012634438112  0.016755934994  0.018819237497  0.017257995758  0.018795821150  0.004517528851  0.006539105277  0.003008189856  0.003008189856  0.000000000000  0.000000000000  0.000000000000  0.000000000000  0.000000000000  0.002505507617  0.000000000000  0.000000000000  0.007553196816  0.008061072622  0.007045874770  0.007549883102  0.007549883102  0.007549883102  0.005022100115  0.005022100115  0.007549883102  0.006534085385  
piranga_ludoviciana_sdsu2208 0.017244666879  0.017244666879  0.015195359828  0.015195359828  0.019338367637  0.021410903266  0.019840791428  0.021384144714  0.007042856652  0.009074285972  0.005527219146  0.005527219146  0.002505507617  0.002505507617  0.002505507617  0.002505507617  0.002505507617  0.000000000000  0.002505507617  0.002505507617  0.010093336283  0.010603699619  0.009583532142  0.010088963724  0.010088963724  0.010088963724  0.007549883102  0.007549883102  0.010088963724  0.009067162049  
piranga_ludoviciana_sdsu2385 0.014675769406  0.014675769406  0.012634438112  0.012634438112  0.016755934994  0.018819237497  0.017257995758  0.018795821150  0.004517528851  0.006539105277  0.003008189856  0.003008189856  0.000000000000  0.000000000000  0.000000000000  0.000000000000  0.000000000000  0.002505507617  0.000000000000  0.000000000000  0.007553196816  0.008061072622  0.007045874770  0.007549883102  0.007549883102  0.007549883102  0.005022100115  0.005022100115  0.007549883102  0.006534085385  
piranga_ludoviciana_sdsu2650 0.014675769406  0.014675769406  0.012634438112  0.012634438112  0.016755934994  0.018819237497  0.017257995758  0.018795821150  0.004517528851  0.006539105277  0.003008189856  0.003008189856  0.000000000000  0.000000000000  0.000000000000  0.000000000000  0.000000000000  0.002505507617  0.000000000000  0.000000000000  0.007553196816  0.008061072622  0.007045874770  0.007549883102  0.007549883102  0.007549883102  0.005022100115  0.005022100115  0.007549883102  0.006534085385  
piranga_lutea_ku89864 0.014162406712  0.014162406712  0.012122729989  0.012122729989  0.016239378361  0.018300685916  0.016741478914  0.018278194938  0.004013504168  0.006032887135  0.007549883102  0.007549883102  0.007553196816  0.007553196816  0.007553196816  0.007553196816  0.007553196816  0.010093336283  0.007553196816  0.007553196816  0.000000000000  0.005532765346  0.004521902139  0.005024367317  0.005024367317  0.005024367317  0.002506740454  0.002506740454  0.005024367317  0.004013504168  
piranga_flava_ku90809 0.014675769406  0.014675769406  0.012634438112  0.012634438112  0.016755934994  0.018819237497  0.017257995758  0.018795821150  0.004517528851  0.006539105277  0.008057462665  0.008057462665  0.008061072622  0.008061072622  0.008061072622  0.008061072622  0.008061072622  0.010603699619  0.008061072622  0.008061072622  0.005532765346  0.000000000000  0.001001076150  0.005529779725  0.005529779725  0.005529779725  0.003009713244  0.003009713244  0.005529779725  0.004517528851  
piranga_flava_lsu15408 0.013649609802  0.013649609802  0.011611584009  0.011611584009  0.015723394569  0.017782711608  0.016225534823  0.017761143940  0.003510024883  0.005527219146  0.007042856652  0.007042856652  0.007045874770  0.007045874770  0.007045874770  0.007045874770  0.007045874770  0.009583532142  0.007045874770  0.007045874770  0.004521902139  0.001001076150  0.000000000000  0.004519503314  0.004519503314  0.004519503314  0.002004310789  0.002004310789  0.004519503314  0.003510024883  
piranga_lutea_lsu5400 0.014157786218  0.014157786218  0.012118449815  0.012118449815  0.016232239493  0.018292752799  0.016734903066  0.018271570897  0.004012246192  0.006030458282  0.007546996512  0.007546996512  0.007549883102  0.007549883102  0.007549883102  0.007549883102  0.007549883102  0.010088963724  0.007549883102  0.007549883102  0.005024367317  0.005529779725  0.004519503314  0.000000000000  0.002002847644  0.002002847644  0.002505507617  0.002505507617  0.005022100115  0.004012246192  
piranga_hepatica_ku9084 0.014157786218  0.014157786218  0.012118449815  0.012118449815  0.016232239493  0.018292752799  0.016734903066  0.018271570897  0.004012246192  0.006030458282  0.007546996512  0.007546996512  0.007549883102  0.007549883102  0.007549883102  0.007549883102  0.007549883102  0.010088963724  0.007549883102  0.007549883102  0.005024367317  0.005529779725  0.004519503314  0.002002847644  0.000000000000  0.000000000000  0.002505507617  0.002505507617  0.005022100115  0.004012246192  
piranga_hepatica_ku4970 0.014157786218  0.014157786218  0.012118449815  0.012118449815  0.016232239493  0.018292752799  0.016734903066  0.018271570897  0.004012246192  0.006030458282  0.007546996512  0.007546996512  0.007549883102  0.007549883102  0.007549883102  0.007549883102  0.007549883102  0.010088963724  0.007549883102  0.007549883102  0.005024367317  0.005529779725  0.004519503314  0.002002847644  0.000000000000  0.000000000000  0.002505507617  0.002505507617  0.005022100115  0.004012246192  
piranga_rubra_sdsu2654 0.011604055134  0.011604055134  0.009572596910  0.009572596910  0.013665162492  0.015716561475  0.014167460673  0.015698666614  0.001501538197  0.003510024883  0.005020257970  0.005020257970  0.005022100115  0.005022100115  0.005022100115  0.005022100115  0.005022100115  0.007549883102  0.005022100115  0.005022100115  0.002506740454  0.003009713244  0.002004310789  0.002505507617  0.002505507617  0.002505507617  0.000000000000  0.000000000000  0.002505507617  0.001501538197  
piranga_rubra_sdsu2635 0.011604055134  0.011604055134  0.009572596910  0.009572596910  0.013665162492  0.015716561475  0.014167460673  0.015698666614  0.001501538197  0.003510024883  0.005020257970  0.005020257970  0.005022100115  0.005022100115  0.005022100115  0.005022100115  0.005022100115  0.007549883102  0.005022100115  0.005022100115  0.002506740454  0.003009713244  0.002004310789  0.002505507617  0.002505507617  0.002505507617  0.000000000000  0.000000000000  0.002505507617  0.001501538197  
piranga_rubra_ku7046 0.014157786218  0.014157786218  0.012118449815  0.012118449815  0.016232239493  0.018292752799  0.016734903066  0.018271570897  0.004012246192  0.006030458282  0.007546996512  0.007546996512  0.007549883102  0.007549883102  0.007549883102  0.007549883102  0.007549883102  0.010088963724  0.007549883102  0.007549883102  0.005024367317  0.005529779725  0.004519503314  0.005022100115  0.005022100115  0.005022100115  0.002505507617  0.002505507617  0.000000000000  0.004012246192  
piranga_rubra_ku26592 0.013129776261  0.013129776261  0.011094068534  0.011094068534  0.015195359828  0.017251113504  0.015698666614  0.017233081931  0.003006161221  0.005018841241  0.006532215453  0.006532215453  0.006534085385  0.006534085385  0.006534085385  0.006534085385  0.006534085385  0.009067162049  0.006534085385  0.006534085385  0.004013504168  0.004517528851  0.003510024883  0.004012246192  0.004012246192  0.004012246192  0.001501538197  0.001501538197  0.004012246192  0.000000000000  

