30
cardinalis_cardinalis_ku21828 0.000000000000  0.000000000000  0.002003047953  0.002504765112  0.002504765112  0.002003047953  0.002003047953  0.002003047953  0.002003047953  0.006528731919  0.004513912923  0.004513912923  0.004513912923  0.004513912923  0.004513912923  0.004513912923  0.004513912923  0.004513912923  0.004513912923  0.004513912923  0.004513912923  0.004513912923  0.004513912923  0.004513912923  0.004513912923  0.004513912923  0.007033385992  0.004513912923  0.004513912923  0.004513912923  
cardinalis_cardinalis_ku25393 0.000000000000  0.000000000000  0.002003047953  0.002504765112  0.002504765112  0.002003047953  0.002003047953  0.002003047953  0.002003047953  0.006528731919  0.004513912923  0.004513912923  0.004513912923  0.004513912923  0.004513912923  0.004513912923  0.004513912923  0.004513912923  0.004513912923  0.004513912923  0.004513912923  0.004513912923  0.004513912923  0.004513912923  0.004513912923  0.004513912923  0.007033385992  0.004513912923  0.004513912923  0.004513912923  
piranga_ludoviciana_sdsu2650 0.002003047953  0.002003047953  0.000000000000  0.000500190176  0.000500190176  0.000000000000  0.000000000000  0.000000000000  0.000000000000  0.004513979001  0.002504262476  0.002504262476  0.002504262476  0.002504262476  0.002504262476  0.002504262476  0.002504262476  0.002504262476  0.002504262476  0.002504262476  0.002504262476  0.002504262476  0.002504262476  0.002504262476  0.002504262476  0.002504262476  0.005017089035  0.002504262476  0.002504262476  0.002504262476  
piranga_rubriceps_lsu265 0.002504765112  0.002504765112  0.000500190176  0.000000000000  0.000000000000  0.000500190176  0.000500190176  0.000500190176  0.000500190176  0.005017089035  0.003006099611  0.003006099611  0.003006099611  0.003006099611  0.003006099611  0.003006099611  0.003006099611  0.003006099611  0.003006099611  0.003006099611  0.003006099611  0.003006099611  0.003006099611  0.003006099611  0.003006099611  0.003006099611  0.005520584097  0.003006099611  0.003006099611  0.003006099611  
piranga_rubriceps_lsu34818 0.002504765112  0.002504765112  0.000500190176  0.000000000000  0.000000000000  0.000500190176  0.000500190176  0.000500190176  0.000500190176  0.005017089035  0.003006099611  0.003006099611  0.003006099611  0.003006099611  0.003006099611  0.003006099611  0.003006099611  0.003006099611  0.003006099611  0.003006099611  0.003006099611  0.003006099611  0.003006099611  0.003006099611  0.003006099611  0.003006099611  0.005520584097  0.003006099611  0.003006099611  0.003006099611  
piranga_leucoptera_fmnh481795 0.002003047953  0.002003047953  0.000000000000  0.000500190176  0.000500190176  0.000000000000  0.000000000000  0.000000000000  0.000000000000  0.004513979001  0.002504262476  0.002504262476  0.002504262476  0.002504262476  0.002504262476  0.002504262476  0.002504262476  0.002504262476  0.002504262476  0.002504262476  0.002504262476  0.002504262476  0.002504262476  0.002504262476  0.002504262476  0.002504262476  0.005017089035  0.002504262476  0.002504262476  0.002504262476  
piranga_erythrocephala_fmnh343371 0.002003047953  0.002003047953  0.000000000000  0.000500190176  0.000500190176  0.000000000000  0.000000000000  0.000000000000  0.000000000000  0.004513979001  0.002504262476  0.002504262476  0.002504262476  0.002504262476  0.002504262476  0.002504262476  0.002504262476  0.002504262476  0.002504262476  0.002504262476  0.002504262476  0.002504262476  0.002504262476  0.002504262476  0.002504262476  0.002504262476  0.005017089035  0.002504262476  0.002504262476  0.002504262476  
piranga_erythrocephala_fmnh343370 0.002003047953  0.002003047953  0.000000000000  0.000500190176  0.000500190176  0.000000000000  0.000000000000  0.000000000000  0.000000000000  0.004513979001  0.002504262476  0.002504262476  0.002504262476  0.002504262476  0.002504262476  0.002504262476  0.002504262476  0.002504262476  0.002504262476  0.002504262476  0.002504262476  0.002504262476  0.002504262476  0.002504262476  0.002504262476  0.002504262476  0.005017089035  0.002504262476  0.002504262476  0.002504262476  
piranga_leucoptera_lsu7783 0.002003047953  0.002003047953  0.000000000000  0.000500190176  0.000500190176  0.000000000000  0.000000000000  0.000000000000  0.000000000000  0.004513979001  0.002504262476  0.002504262476  0.002504262476  0.002504262476  0.002504262476  0.002504262476  0.002504262476  0.002504262476  0.002504262476  0.002504262476  0.002504262476  0.002504262476  0.002504262476  0.002504262476  0.002504262476  0.002504262476  0.005017089035  0.002504262476  0.002504262476  0.002504262476  
piranga_bidentata_itm141 0.006528731919  0.006528731919  0.004513979001  0.005017089035  0.005017089035  0.004513979001  0.004513979001  0.004513979001  0.004513979001  0.000000000000  0.002002807913  0.002002807913  0.002002807913  0.002002807913  0.002002807913  0.002002807913  0.002002807913  0.002002807913  0.002002807913  0.002002807913  0.002002807913  0.002002807913  0.002002807913  0.002002807913  0.002002807913  0.002002807913  0.004513979001  0.002002807913  0.002002807913  0.002002807913  
piranga_bidentata_hgoslp104 0.004513912923  0.004513912923  0.002504262476  0.003006099611  0.003006099611  0.002504262476  0.002504262476  0.002504262476  0.002504262476  0.002002807913  0.000000000000  0.000000000000  0.000000000000  0.000000000000  0.000000000000  0.000000000000  0.000000000000  0.000000000000  0.000000000000  0.000000000000  0.000000000000  0.000000000000  0.000000000000  0.000000000000  0.000000000000  0.000000000000  0.002504262476  0.000000000000  0.000000000000  0.000000000000  
piranga_flava_lsu15408 0.004513912923  0.004513912923  0.002504262476  0.003006099611  0.003006099611  0.002504262476  0.002504262476  0.002504262476  0.002504262476  0.002002807913  0.000000000000  0.000000000000  0.000000000000  0.000000000000  0.000000000000  0.000000000000  0.000000000000  0.000000000000  0.000000000000  0.000000000000  0.000000000000  0.000000000000  0.000000000000  0.000000000000  0.000000000000  0.000000000000  0.002504262476  0.000000000000  0.000000000000  0.000000000000  
piranga_ludoviciana_sdsu2648 0.004513912923  0.004513912923  0.002504262476  0.003006099611  0.003006099611  0.002504262476  0.002504262476  0.002504262476  0.002504262476  0.002002807913  0.000000000000  0.000000000000  0.000000000000  0.000000000000  0.000000000000  0.000000000000  0.000000000000  0.000000000000  0.000000000000  0.000000000000  0.000000000000  0.000000000000  0.000000000000  0.000000000000  0.000000000000  0.000000000000  0.002504262476  0.000000000000  0.000000000000  0.000000000000  
piranga_roseogularis_ku2049 0.004513912923  0.004513912923  0.002504262476  0.003006099611  0.003006099611  0.002504262476  0.002504262476  0.002504262476  0.002504262476  0.002002807913  0.000000000000  0.000000000000  0.000000000000  0.000000000000  0.000000000000  0.000000000000  0.000000000000  0.000000000000  0.000000000000  0.000000000000  0.000000000000  0.000000000000  0.000000000000  0.000000000000  0.000000000000  0.000000000000  0.002504262476  0.000000000000  0.000000000000  0.000000000000  
piranga_olivacea_ku2699 0.004513912923  0.004513912923  0.002504262476  0.003006099611  0.003006099611  0.002504262476  0.002504262476  0.002504262476  0.002504262476  0.002002807913  0.000000000000  0.000000000000  0.000000000000  0.000000000000  0.000000000000  0.000000000000  0.000000000000  0.000000000000  0.000000000000  0.000000000000  0.000000000000  0.000000000000  0.000000000000  0.000000000000  0.000000000000  0.000000000000  0.002504262476  0.000000000000  0.000000000000  0.000000000000  
piranga_roseogularis_ku2141 0.004513912923  0.004513912923  0.002504262476  0.003006099611  0.003006099611  0.002504262476  0.002504262476  0.002504262476  0.002504262476  0.002002807913  0.000000000000  0.000000000000  0.000000000000  0.000000000000  0.000000000000  0.000000000000  0.000000000000  0.000000000000  0.000000000000  0.000000000000  0.000000000000  0.000000000000  0.000000000000  0.000000000000  0.000000000000  0.000000000000  0.002504262476  0.000000000000  0.000000000000  0.000000000000  
piranga_bidentata_tepe59 0.004513912923  0.004513912923  0.002504262476  0.003006099611  0.003006099611  0.002504262476  0.002504262476  0.002504262476  0.002504262476  0.002002807913  0.000000000000  0.000000000000  0.000000000000  0.000000000000  0.000000000000  0.000000000000  0.000000000000  0.000000000000  0.000000000000  0.000000000000  0.000000000000  0.000000000000  0.000000000000  0.000000000000  0.000000000000  0.000000000000  0.002504262476  0.000000000000  0.000000000000  0.000000000000  
piranga_bidentata_itm160 0.004513912923  0.004513912923  0.002504262476  0.003006099611  0.003006099611  0.002504262476  0.002504262476  0.002504262476  0.002504262476  0.002002807913  0.000000000000  0.000000000000  0.000000000000  0.000000000000  0.000000000000  0.000000000000  0.000000000000  0.000000000000  0.000000000000  0.000000000000  0.000000000000  0.000000000000  0.000000000000  0.000000000000  0.000000000000  0.000000000000  0.002504262476  0.000000000000  0.000000000000  0.000000000000  
piranga_lutea_ku89864 0.004513912923  0.004513912923  0.002504262476  0.003006099611  0.003006099611  0.002504262476  0.002504262476  0.002504262476  0.002504262476  0.002002807913  0.000000000000  0.000000000000  0.000000000000  0.000000000000  0.000000000000  0.000000000000  0.000000000000  0.000000000000  0.000000000000  0.000000000000  0.000000000000  0.000000000000  0.000000000000  0.000000000000  0.000000000000  0.000000000000  0.002504262476  0.000000000000  0.000000000000  0.000000000000  
piranga_flava_ku90809 0.004513912923  0.004513912923  0.002504262476  0.003006099611  0.003006099611  0.002504262476  0.002504262476  0.002504262476  0.002504262476  0.002002807913  0.000000000000  0.000000000000  0.000000000000  0.000000000000  0.000000000000  0.000000000000  0.000000000000  0.000000000000  0.000000000000  0.000000000000  0.000000000000  0.000000000000  0.000000000000  0.000000000000  0.000000000000  0.000000000000  0.002504262476  0.000000000000  0.000000000000  0.000000000000  
piranga_rubra_sdsu2635 0.004513912923  0.004513912923  0.002504262476  0.003006099611  0.003006099611  0.002504262476  0.002504262476  0.002504262476  0.002504262476  0.002002807913  0.000000000000  0.000000000000  0.000000000000  0.000000000000  0.000000000000  0.000000000000  0.000000000000  0.000000000000  0.000000000000  0.000000000000  0.000000000000  0.000000000000  0.000000000000  0.000000000000  0.000000000000  0.000000000000  0.002504262476  0.000000000000  0.000000000000  0.000000000000  
piranga_ludoviciana_sdsu2385 0.004513912923  0.004513912923  0.002504262476  0.003006099611  0.003006099611  0.002504262476  0.002504262476  0.002504262476  0.002504262476  0.002002807913  0.000000000000  0.000000000000  0.000000000000  0.000000000000  0.000000000000  0.000000000000  0.000000000000  0.000000000000  0.000000000000  0.000000000000  0.000000000000  0.000000000000  0.000000000000  0.000000000000  0.000000000000  0.000000000000  0.002504262476  0.000000000000  0.000000000000  0.000000000000  
piranga_rubra_ku7046 0.004513912923  0.004513912923  0.002504262476  0.003006099611  0.003006099611  0.002504262476  0.002504262476  0.002504262476  0.002504262476  0.002002807913  0.000000000000  0.000000000000  0.000000000000  0.000000000000  0.000000000000  0.000000000000  0.000000000000  0.000000000000  0.000000000000  0.000000000000  0.000000000000  0.000000000000  0.000000000000  0.000000000000  0.000000000000  0.000000000000  0.002504262476  0.000000000000  0.000000000000  0.000000000000  
piranga_olivacea_ku4672 0.004513912923  0.004513912923  0.002504262476  0.003006099611  0.003006099611  0.002504262476  0.002504262476  0.002504262476  0.002504262476  0.002002807913  0.000000000000  0.000000000000  0.000000000000  0.000000000000  0.000000000000  0.000000000000  0.000000000000  0.000000000000  0.000000000000  0.000000000000  0.000000000000  0.000000000000  0.000000000000  0.000000000000  0.000000000000  0.000000000000  0.002504262476  0.000000000000  0.000000000000  0.000000000000  
piranga_hepatica_ku4970 0.004513912923  0.004513912923  0.002504262476  0.003006099611  0.003006099611  0.002504262476  0.002504262476  0.002504262476  0.002504262476  0.002002807913  0.000000000000  0.000000000000  0.000000000000  0.000000000000  0.000000000000  0.000000000000  0.000000000000  0.000000000000  0.000000000000  0.000000000000  0.000000000000  0.000000000000  0.000000000000  0.000000000000  0.000000000000  0.000000000000  0.002504262476  0.000000000000  0.000000000000  0.000000000000  
piranga_hepatica_ku9084 0.004513912923  0.004513912923  0.002504262476  0.003006099611  0.003006099611  0.002504262476  0.002504262476  0.002504262476  0.002504262476  0.002002807913  0.000000000000  0.000000000000  0.000000000000  0.000000000000  0.000000000000  0.000000000000  0.000000000000  0.000000000000  0.000000000000  0.000000000000  0.000000000000  0.000000000000  0.000000000000  0.000000000000  0.000000000000  0.000000000000  0.002504262476  0.000000000000  0.000000000000  0.000000000000  
piranga_lutea_lsu5400 0.007033385992  0.007033385992  0.005017089035  0.005520584097  0.005520584097  0.005017089035  0.005017089035  0.005017089035  0.005017089035  0.004513979001  0.002504262476  0.002504262476  0.002504262476  0.002504262476  0.002504262476  0.002504262476  0.002504262476  0.002504262476  0.002504262476  0.002504262476  0.002504262476  0.002504262476  0.002504262476  0.002504262476  0.002504262476  0.002504262476  0.000000000000  0.002504262476  0.002504262476  0.002504262476  
piranga_rubra_sdsu2654 0.004513912923  0.004513912923  0.002504262476  0.003006099611  0.003006099611  0.002504262476  0.002504262476  0.002504262476  0.002504262476  0.002002807913  0.000000000000  0.000000000000  0.000000000000  0.000000000000  0.000000000000  0.000000000000  0.000000000000  0.000000000000  0.000000000000  0.000000000000  0.000000000000  0.000000000000  0.000000000000  0.000000000000  0.000000000000  0.000000000000  0.002504262476  0.000000000000  0.000000000000  0.000000000000  
piranga_ludoviciana_sdsu2208 0.004513912923  0.004513912923  0.002504262476  0.003006099611  0.003006099611  0.002504262476  0.002504262476  0.002504262476  0.002504262476  0.002002807913  0.000000000000  0.000000000000  0.000000000000  0.000000000000  0.000000000000  0.000000000000  0.000000000000  0.000000000000  0.000000000000  0.000000000000  0.000000000000  0.000000000000  0.000000000000  0.000000000000  0.000000000000  0.000000000000  0.002504262476  0.000000000000  0.000000000000  0.000000000000  
piranga_rubra_ku26592 0.004513912923  0.004513912923  0.002504262476  0.003006099611  0.003006099611  0.002504262476  0.002504262476  0.002504262476  0.002504262476  0.002002807913  0.000000000000  0.000000000000  0.000000000000  0.000000000000  0.000000000000  0.000000000000  0.000000000000  0.000000000000  0.000000000000  0.000000000000  0.000000000000  0.000000000000  0.000000000000  0.000000000000  0.000000000000  0.000000000000  0.002504262476  0.000000000000  0.000000000000  0.000000000000  

