30
cardinalis_cardinalis_ku21828 0.000000000000  0.001501576491  0.022900118056  0.022900118056  0.025496152523  0.026543584664  0.024973389117  0.024451258769  0.024451258769  0.024973389117  0.027068256489  0.023414732371  0.027060392589  0.024445201515  0.028102839316  0.026012411915  0.024973389117  0.023935959527  0.025489375240  0.023935959527  0.023414732371  0.023414732371  0.023414732371  0.027046178158  0.029131793140  0.029131793140  0.026012411915  0.026012411915  0.026012411915  0.030192567473  
cardinalis_cardinalis_ku25393 0.001501576491  0.000000000000  0.024451258769  0.024451258769  0.027053033038  0.028102839316  0.026529086883  0.026005776652  0.026005776652  0.026529086883  0.028628702551  0.024966972284  0.028620756122  0.025999645061  0.029665507405  0.027570398821  0.026529086883  0.025489375240  0.027046178158  0.025489375240  0.024966972284  0.024966972284  0.024966972284  0.028606383118  0.030696609845  0.030696609845  0.027570398821  0.027570398821  0.027570398821  0.031759866306  
piranga_leucoptera_lsu7783 0.022900118056  0.024451258769  0.000000000000  0.002002949767  0.004515458244  0.005524496459  0.004011823292  0.003508775944  0.003508775944  0.004011823292  0.006029902487  0.002504434864  0.006028040148  0.003508590349  0.007037898479  0.005018492886  0.004011823292  0.003006643781  0.004514604302  0.003006643781  0.002504434864  0.002504434864  0.002504434864  0.006025753872  0.009060164555  0.009060164555  0.005522971041  0.005522971041  0.005522971041  0.009570354934  
piranga_leucoptera_fmnh481795 0.022900118056  0.024451258769  0.002002949767  0.000000000000  0.004515458244  0.005524496459  0.004011823292  0.003508775944  0.003508775944  0.004011823292  0.006029902487  0.002504434864  0.006028040148  0.003508590349  0.007037898479  0.005018492886  0.004011823292  0.003006643781  0.004514604302  0.003006643781  0.002504434864  0.002504434864  0.002504434864  0.006025753872  0.009060164555  0.009060164555  0.005522971041  0.005522971041  0.005522971041  0.009570354934  
piranga_erythrocephala_fmnh343371 0.025496152523  0.027053033038  0.004515458244  0.004515458244  0.000000000000  0.006029902487  0.004515458244  0.006026657169  0.006026657169  0.006531981355  0.008559221433  0.005018492886  0.008556626149  0.006025753872  0.009570354934  0.007542493830  0.006531981355  0.005522971041  0.007036320770  0.005522971041  0.005018492886  0.005018492886  0.005018492886  0.008552882706  0.011599658988  0.011599658988  0.008049261823  0.008049261823  0.008049261823  0.012112913190  
piranga_rubriceps_lsu265 0.026543584664  0.028102839316  0.005524496459  0.005524496459  0.006029902487  0.000000000000  0.002504906740  0.007037898479  0.007037898479  0.007544409934  0.009576427095  0.006028040148  0.009573149423  0.007036320770  0.009570354934  0.008556626149  0.007544409934  0.006533701595  0.008049261823  0.006533701595  0.006028040148  0.006028040148  0.006028040148  0.009568043948  0.012620663995  0.012620663995  0.009064588212  0.009064588212  0.009064588212  0.013135818571  
piranga_rubriceps_lsu34818 0.024973389117  0.026529086883  0.004011823292  0.004011823292  0.004515458244  0.002504906740  0.000000000000  0.005521924532  0.005521924532  0.006026657169  0.008051517117  0.004514604302  0.008049261823  0.005521357258  0.009062134860  0.007036320770  0.006026657169  0.005018492886  0.006530741248  0.005018492886  0.004514604302  0.004514604302  0.004514604302  0.008046196996  0.011090061719  0.011090061719  0.007542493830  0.007542493830  0.007542493830  0.011602369106  
piranga_ludoviciana_sdsu2648 0.024451258769  0.026005776652  0.003508775944  0.003508775944  0.006026657169  0.007037898479  0.005521924532  0.000000000000  0.001001161453  0.002504906740  0.004518598885  0.001000736688  0.004516789878  0.002002810229  0.005524496459  0.003509438343  0.002504906740  0.001501858857  0.003006643781  0.001501858857  0.001000736688  0.001000736688  0.001000736688  0.004514604302  0.007542493830  0.007542493830  0.004012819918  0.004012819918  0.004012819918  0.008051517117  
piranga_olivacea_ku4672 0.024451258769  0.026005776652  0.003508775944  0.003508775944  0.006026657169  0.007037898479  0.005521924532  0.001001161453  0.000000000000  0.002504906740  0.004518598885  0.001000736688  0.004516789878  0.002002810229  0.005524496459  0.003509438343  0.002504906740  0.001501858857  0.003006643781  0.001501858857  0.001000736688  0.001000736688  0.001000736688  0.004514604302  0.007542493830  0.007542493830  0.004012819918  0.004012819918  0.004012819918  0.008051517117  
piranga_erythrocephala_fmnh343370 0.024973389117  0.026529086883  0.004011823292  0.004011823292  0.006531981355  0.007544409934  0.006026657169  0.002504906740  0.002504906740  0.000000000000  0.005023494847  0.001501858857  0.005021349600  0.002504434864  0.006029902487  0.004012819918  0.003007448771  0.002003564139  0.003509438343  0.002003564139  0.001501858857  0.001501858857  0.001501858857  0.005018492886  0.008049261823  0.008049261823  0.004516789878  0.004516789878  0.004516789878  0.008559221433  
piranga_lutea_lsu5400 0.027068256489  0.028628702551  0.006029902487  0.006029902487  0.008559221433  0.009576427095  0.008051517117  0.004518598885  0.004518598885  0.005023494847  0.000000000000  0.003512192265  0.007045513820  0.004516789878  0.008057471857  0.006032243863  0.005023494847  0.004016243628  0.005526500466  0.004016243628  0.003512192265  0.003512192265  0.003512192265  0.007039956771  0.010082311198  0.010082311198  0.006538581182  0.006538581182  0.006538581182  0.010596038246  
piranga_hepatica_ku9084 0.023414732371  0.024966972284  0.002504434864  0.002504434864  0.005018492886  0.006028040148  0.004514604302  0.001000736688  0.001000736688  0.001501858857  0.003512192265  0.000000000000  0.003510577224  0.001000785555  0.004516789878  0.002504906740  0.001501858857  0.000500290139  0.002002949767  0.000500290139  0.000000000000  0.000000000000  0.000000000000  0.003508775944  0.006531981355  0.006531981355  0.003007448771  0.003007448771  0.003007448771  0.007039956771  
piranga_olivacea_ku2699 0.027060392589  0.028620756122  0.006028040148  0.006028040148  0.008556626149  0.009573149423  0.008049261823  0.004516789878  0.004516789878  0.005021349600  0.007045513820  0.003510577224  0.000000000000  0.004515458244  0.008054253902  0.006029902487  0.005021349600  0.004014293470  0.005524496459  0.004014293470  0.003510577224  0.003510577224  0.003510577224  0.007037898479  0.010079174764  0.010079174764  0.006535901644  0.006535901644  0.006535901644  0.010592074955  
piranga_bidentata_tepe59 0.024445201515  0.025999645061  0.003508590349  0.003508590349  0.006025753872  0.007036320770  0.005521357258  0.002002810229  0.002002810229  0.002504434864  0.004516789878  0.001000785555  0.004515458244  0.000000000000  0.005522971041  0.003508775944  0.002504434864  0.001501576491  0.003006314830  0.001501576491  0.001000785555  0.001000785555  0.001000785555  0.004514228378  0.007541059086  0.007541059086  0.004011823292  0.004011823292  0.004011823292  0.008049261823  
piranga_flava_lsu15408 0.028102839316  0.029665507405  0.007037898479  0.007037898479  0.009570354934  0.009570354934  0.009062134860  0.005524496459  0.005524496459  0.006029902487  0.008057471857  0.004516789878  0.008054253902  0.005522971041  0.000000000000  0.004012819918  0.005019682173  0.004012819918  0.005522971041  0.004012819918  0.004516789878  0.004516789878  0.004516789878  0.008049261823  0.011095281506  0.011095281506  0.007546807073  0.007546807073  0.007546807073  0.011609246996  
piranga_bidentata_itm160 0.026012411915  0.027570398821  0.005018492886  0.005018492886  0.007542493830  0.008556626149  0.007036320770  0.003509438343  0.003509438343  0.004012819918  0.006032243863  0.002504906740  0.006029902487  0.003508775944  0.004012819918  0.000000000000  0.003006643781  0.002002949767  0.003508775944  0.002002949767  0.002504906740  0.002504906740  0.002504906740  0.006026657169  0.009062134860  0.009062134860  0.005524496459  0.005524496459  0.005524496459  0.009573149423  
piranga_ludoviciana_sdsu2650 0.024973389117  0.026529086883  0.004011823292  0.004011823292  0.006531981355  0.007544409934  0.006026657169  0.002504906740  0.002504906740  0.003007448771  0.005023494847  0.001501858857  0.005021349600  0.002504434864  0.005019682173  0.003006643781  0.000000000000  0.001000736688  0.002504434864  0.001000736688  0.001501858857  0.001501858857  0.001501858857  0.005018492886  0.008049261823  0.008049261823  0.004516789878  0.004516789878  0.004516789878  0.008559221433  
piranga_ludoviciana_sdsu2208 0.023935959527  0.025489375240  0.003006643781  0.003006643781  0.005522971041  0.006533701595  0.005018492886  0.001501858857  0.001501858857  0.002003564139  0.004016243628  0.000500290139  0.004014293470  0.001501576491  0.004012819918  0.002002949767  0.001000736688  0.000000000000  0.001501576491  0.000000000000  0.000500290139  0.000500290139  0.000500290139  0.004011823292  0.007037898479  0.007037898479  0.003510577224  0.003510577224  0.003510577224  0.007546807073  
piranga_bidentata_hgoslp104 0.025489375240  0.027046178158  0.004514604302  0.004514604302  0.007036320770  0.008049261823  0.006530741248  0.003006643781  0.003006643781  0.003509438343  0.005526500466  0.002002949767  0.005524496459  0.003006314830  0.005522971041  0.003508775944  0.002504434864  0.001501576491  0.000000000000  0.001501576491  0.002002949767  0.002002949767  0.002002949767  0.005521924532  0.008554513132  0.008554513132  0.005019682173  0.005019682173  0.005019682173  0.009064588212  
piranga_bidentata_itm141 0.023935959527  0.025489375240  0.003006643781  0.003006643781  0.005522971041  0.006533701595  0.005018492886  0.001501858857  0.001501858857  0.002003564139  0.004016243628  0.000500290139  0.004014293470  0.001501576491  0.004012819918  0.002002949767  0.001000736688  0.000000000000  0.001501576491  0.000000000000  0.000500290139  0.000500290139  0.000500290139  0.004011823292  0.007037898479  0.007037898479  0.003510577224  0.003510577224  0.003510577224  0.007546807073  
piranga_ludoviciana_sdsu2385 0.023414732371  0.024966972284  0.002504434864  0.002504434864  0.005018492886  0.006028040148  0.004514604302  0.001000736688  0.001000736688  0.001501858857  0.003512192265  0.000000000000  0.003510577224  0.001000785555  0.004516789878  0.002504906740  0.001501858857  0.000500290139  0.002002949767  0.000500290139  0.000000000000  0.000000000000  0.000000000000  0.003508775944  0.006531981355  0.006531981355  0.003007448771  0.003007448771  0.003007448771  0.007039956771  
piranga_flava_ku90809 0.023414732371  0.024966972284  0.002504434864  0.002504434864  0.005018492886  0.006028040148  0.004514604302  0.001000736688  0.001000736688  0.001501858857  0.003512192265  0.000000000000  0.003510577224  0.001000785555  0.004516789878  0.002504906740  0.001501858857  0.000500290139  0.002002949767  0.000500290139  0.000000000000  0.000000000000  0.000000000000  0.003508775944  0.006531981355  0.006531981355  0.003007448771  0.003007448771  0.003007448771  0.007039956771  
piranga_hepatica_ku4970 0.023414732371  0.024966972284  0.002504434864  0.002504434864  0.005018492886  0.006028040148  0.004514604302  0.001000736688  0.001000736688  0.001501858857  0.003512192265  0.000000000000  0.003510577224  0.001000785555  0.004516789878  0.002504906740  0.001501858857  0.000500290139  0.002002949767  0.000500290139  0.000000000000  0.000000000000  0.000000000000  0.003508775944  0.006531981355  0.006531981355  0.003007448771  0.003007448771  0.003007448771  0.007039956771  
piranga_lutea_ku89864 0.027046178158  0.028606383118  0.006025753872  0.006025753872  0.008552882706  0.009568043948  0.008046196996  0.004514604302  0.004514604302  0.005018492886  0.007039956771  0.003508775944  0.007037898479  0.004514228378  0.008049261823  0.006026657169  0.005018492886  0.004011823292  0.005521924532  0.004011823292  0.003508775944  0.003508775944  0.003508775944  0.000000000000  0.005019682173  0.005019682173  0.006531981355  0.006531981355  0.006531981355  0.010585601006  
piranga_roseogularis_ku2049 0.029131793140  0.030696609845  0.009060164555  0.009060164555  0.011599658988  0.012620663995  0.011090061719  0.007542493830  0.007542493830  0.008049261823  0.010082311198  0.006531981355  0.010079174764  0.007541059086  0.011095281506  0.009062134860  0.008049261823  0.007037898479  0.008554513132  0.007037898479  0.006531981355  0.006531981355  0.006531981355  0.005019682173  0.000000000000  0.000000000000  0.009570354934  0.009570354934  0.009570354934  0.013644092514  
piranga_roseogularis_ku2141 0.029131793140  0.030696609845  0.009060164555  0.009060164555  0.011599658988  0.012620663995  0.011090061719  0.007542493830  0.007542493830  0.008049261823  0.010082311198  0.006531981355  0.010079174764  0.007541059086  0.011095281506  0.009062134860  0.008049261823  0.007037898479  0.008554513132  0.007037898479  0.006531981355  0.006531981355  0.006531981355  0.005019682173  0.000000000000  0.000000000000  0.009570354934  0.009570354934  0.009570354934  0.013644092514  
piranga_rubra_sdsu2635 0.026012411915  0.027570398821  0.005522971041  0.005522971041  0.008049261823  0.009064588212  0.007542493830  0.004012819918  0.004012819918  0.004516789878  0.006538581182  0.003007448771  0.006535901644  0.004011823292  0.007546807073  0.005524496459  0.004516789878  0.003510577224  0.005019682173  0.003510577224  0.003007448771  0.003007448771  0.003007448771  0.006531981355  0.009570354934  0.009570354934  0.000000000000  0.000000000000  0.000000000000  0.004012819918  
piranga_rubra_ku7046 0.026012411915  0.027570398821  0.005522971041  0.005522971041  0.008049261823  0.009064588212  0.007542493830  0.004012819918  0.004012819918  0.004516789878  0.006538581182  0.003007448771  0.006535901644  0.004011823292  0.007546807073  0.005524496459  0.004516789878  0.003510577224  0.005019682173  0.003510577224  0.003007448771  0.003007448771  0.003007448771  0.006531981355  0.009570354934  0.009570354934  0.000000000000  0.000000000000  0.000000000000  0.004012819918  
piranga_rubra_sdsu2654 0.026012411915  0.027570398821  0.005522971041  0.005522971041  0.008049261823  0.009064588212  0.007542493830  0.004012819918  0.004012819918  0.004516789878  0.006538581182  0.003007448771  0.006535901644  0.004011823292  0.007546807073  0.005524496459  0.004516789878  0.003510577224  0.005019682173  0.003510577224  0.003007448771  0.003007448771  0.003007448771  0.006531981355  0.009570354934  0.009570354934  0.000000000000  0.000000000000  0.000000000000  0.004012819918  
piranga_rubra_ku26592 0.030192567473  0.031759866306  0.009570354934  0.009570354934  0.012112913190  0.013135818571  0.011602369106  0.008051517117  0.008051517117  0.008559221433  0.010596038246  0.007039956771  0.010592074955  0.008049261823  0.011609246996  0.009573149423  0.008559221433  0.007546807073  0.009064588212  0.007546807073  0.007039956771  0.007039956771  0.007039956771  0.010585601006  0.013644092514  0.013644092514  0.004012819918  0.004012819918  0.004012819918  0.000000000000  

