30
piranga_rubra_ku26592 0.000000000000  0.003562670246  0.009848659902  0.017157759322  0.015347879247  0.018044241931  0.006247656962  0.020500254927  0.006786459668  0.008956362317  0.009757348570  0.007094474627  0.008053476096  0.009024290646  0.008056645951  0.003335607975  0.004999825442  0.009874819651  0.007705705478  0.006254732574  0.013522432770  0.005351755376  0.016240569870  0.009798903351  0.018289376847  0.015280157361  0.009726859924  0.007154767645  0.008957593525  0.006254732574  
piranga_flava_ku90809 0.003562670246  0.000000000000  0.008042247095  0.013493559019  0.011691857360  0.014380043621  0.004453277052  0.016542769638  0.004835425855  0.005353644567  0.007788661985  0.003539450130  0.006251870539  0.006758817764  0.006255819652  0.001109718362  0.003998824849  0.008066689138  0.004391972236  0.004459531050  0.009878816001  0.003560953981  0.012583064613  0.006844871244  0.014575613890  0.012481317861  0.006941473460  0.003564126918  0.007156324304  0.004459531050  
piranga_ludoviciana_sdsu2385 0.009848659902  0.008042247095  0.000000000000  0.016230527101  0.016245176320  0.020781537243  0.008937584460  0.023489617698  0.010688225902  0.009848659902  0.001937499183  0.008294306942  0.010753595744  0.014741343244  0.010758053578  0.007808860167  0.009031360840  0.011676181236  0.003291755315  0.008948347673  0.014418922890  0.008039088607  0.015315216294  0.010795522893  0.019196235722  0.016703296645  0.011144891374  0.008046275920  0.009848295998  0.008948347673  
piranga_rubriceps_lsu265 0.017157759322  0.013493559019  0.016230527101  0.000000000000  0.008968116268  0.018991939048  0.014398931565  0.023489617698  0.013674314536  0.011684942598  0.015722537835  0.010675108150  0.014418922890  0.021656139094  0.014424328972  0.014579145011  0.017171729903  0.016265738148  0.015516412943  0.012598069832  0.007164152022  0.015315216294  0.000890579618  0.014754533000  0.013645452290  0.016703296645  0.019612897536  0.011687772502  0.018996415057  0.012598069832  
piranga_leucoptera_lsu7783 0.015347879247  0.011691857360  0.016245176320  0.008968116268  0.000000000000  0.019005115781  0.012594384754  0.021507244394  0.011704614125  0.009875185294  0.015738003932  0.009483479824  0.012603011474  0.019370437420  0.012609206770  0.012329546859  0.015147521654  0.014457075380  0.015533630214  0.010787066593  0.003573679747  0.013510252713  0.008065283830  0.014769061171  0.010894799912  0.013888725779  0.016787273368  0.009878816001  0.017187276365  0.010787066593  
cardinalis_cardinalis_ku25393 0.018044241931  0.014380043621  0.020781537243  0.018991939048  0.019005115781  0.000000000000  0.015283949608  0.007738225374  0.013641535499  0.014380043621  0.019694297529  0.013072155059  0.015292649851  0.019392560846  0.015298887718  0.014608809795  0.018225809841  0.018074483967  0.016670807107  0.013473843843  0.017169982470  0.016201307785  0.018071788547  0.017768756581  0.022002155847  0.018138140068  0.019667316527  0.012564150383  0.019884266563  0.013473843843  
piranga_olivacea_ku2699 0.006247656962  0.004453277052  0.008937584460  0.014398931565  0.012594384754  0.015283949608  0.000000000000  0.017521147620  0.004837268878  0.006247656962  0.009747837049  0.005908828755  0.005351094756  0.010163463466  0.005351755376  0.004450247790  0.006005245351  0.005361546285  0.007705705478  0.003562436229  0.010779352944  0.004452219023  0.013488267357  0.007823971830  0.015487714038  0.013879040525  0.008332486600  0.004456187024  0.008046636603  0.003562436229  
cardinalis_cardinalis_ku21828 0.020500254927  0.016542769638  0.023489617698  0.023489617698  0.021507244394  0.007738225374  0.017521147620  0.000000000000  0.014540356996  0.016542769638  0.020997057407  0.014278402073  0.017533366845  0.020545368049  0.017541690885  0.014608809795  0.019278174362  0.020558778960  0.018115537292  0.015560694901  0.018526197344  0.018518331168  0.022488583024  0.019172417492  0.024516582473  0.018138140068  0.019667316527  0.014573528648  0.022520055137  0.015560694901  
piranga_rubra_ku7046 0.006786459668  0.004835425855  0.010688225902  0.013674314536  0.011704614125  0.013641535499  0.004837268878  0.014540356996  0.000000000000  0.005807612261  0.009757348570  0.006081311552  0.004835425855  0.010174954085  0.004836674484  0.004455204502  0.006314951288  0.007773525377  0.007714197493  0.002896774969  0.009738344054  0.005806833818  0.012686765663  0.008569924484  0.015837970989  0.013879040525  0.006941473460  0.003865656555  0.009717963182  0.002896774969  
piranga_bidentata_hgoslp104 0.008956362317  0.005353644567  0.009848659902  0.011684942598  0.009875185294  0.014380043621  0.006247656962  0.016542769638  0.005807612261  0.000000000000  0.009760644878  0.005908828755  0.006251870539  0.012464797152  0.006255819652  0.006695490401  0.009044431782  0.008973670511  0.007714197493  0.004459531050  0.008067915177  0.007148374430  0.010777374692  0.008818963775  0.012729065438  0.015288904512  0.009736443876  0.003564126918  0.010770688850  0.004459531050  
piranga_ludoviciana_sdsu2648 0.009757348570  0.007788661985  0.001937499183  0.015722537835  0.015738003932  0.019694297529  0.009747837049  0.020997057407  0.009757348570  0.009760644878  0.000000000000  0.009809075141  0.010747530685  0.014758079210  0.010753307545  0.007817581197  0.009538684112  0.012727961988  0.005500342025  0.008779732886  0.013748714359  0.008767416384  0.014725562240  0.011879860214  0.019969632133  0.018109358667  0.012544168431  0.007796252417  0.010742805248  0.008779732886  
piranga_roseogularis_ku2049 0.007094474627  0.003539450130  0.008294306942  0.010675108150  0.009483479824  0.013072155059  0.005908828755  0.014278402073  0.006081311552  0.005908828755  0.009809075141  0.000000000000  0.007107578441  0.010817119463  0.007107578441  0.003863047913  0.007107578441  0.008303408124  0.006699640663  0.005914987186  0.007094474627  0.007099952623  0.009477212016  0.002353696552  0.014288472238  0.016740430996  0.009314402847  0.004725616866  0.010704853459  0.005914987186  
piranga_hepatica_ku4970 0.008053476096  0.006251870539  0.010753595744  0.014418922890  0.012603011474  0.015292649851  0.005351094756  0.017533366845  0.004835425855  0.006251870539  0.010747530685  0.007107578441  0.000000000000  0.007896955962  0.005356759479  0.006695490401  0.008031052127  0.008068277953  0.009938980948  0.003564126918  0.010787066593  0.004456187024  0.013505708916  0.009808514880  0.015501799782  0.015300646054  0.009748991541  0.004459531050  0.009863208097  0.003564126918  
piranga_hepatica_ku9084 0.009024290646  0.006758817764  0.014741343244  0.021656139094  0.019370437420  0.019392560846  0.010163463466  0.020545368049  0.010174954085  0.012464797152  0.014758079210  0.010817119463  0.007896955962  0.000000000000  0.012472580430  0.008109838836  0.009204599008  0.014793949753  0.011344067542  0.009038208783  0.015904230420  0.004497954271  0.020493736560  0.014110495365  0.024042907297  0.019530804680  0.012557857909  0.010180025970  0.013619007558  0.009038208783  
piranga_rubra_sdsu2654 0.008056645951  0.006255819652  0.010758053578  0.014424328972  0.012609206770  0.015298887718  0.005351755376  0.017541690885  0.004836674484  0.006255819652  0.010753307545  0.007107578441  0.005356759479  0.012472580430  0.000000000000  0.005575583628  0.007023436635  0.008073925982  0.009943819033  0.003566803411  0.010792796172  0.006251870539  0.013510252713  0.008822768122  0.015510770159  0.015300646054  0.006941473460  0.004463036509  0.006255819652  0.003566803411  
piranga_flava_lsu15408 0.003335607975  0.001109718362  0.007808860167  0.014579145011  0.012329546859  0.014608809795  0.004450247790  0.014608809795  0.004455204502  0.006695490401  0.007817581197  0.003863047913  0.006695490401  0.008109838836  0.005575583628  0.000000000000  0.003334688719  0.007824190927  0.005766785903  0.003338399568  0.008941865402  0.003334688719  0.013445202366  0.007881555831  0.016887067920  0.012481317861  0.008332486600  0.004455570952  0.007821633713  0.003338399568  
piranga_lutea_lsu5400 0.004999825442  0.003998824849  0.009031360840  0.017171729903  0.015147521654  0.018225809841  0.006005245351  0.019278174362  0.006314951288  0.009044431782  0.009538684112  0.007107578441  0.008031052127  0.009204599008  0.007023436635  0.003334688719  0.000000000000  0.009049988342  0.006871865975  0.006013647279  0.012085791658  0.005001160707  0.016145874014  0.010203867009  0.018234810837  0.013888725779  0.009736443876  0.007023436635  0.009047992929  0.006013647279  
piranga_olivacea_ku4672 0.009874819651  0.008066689138  0.011676181236  0.016265738148  0.014457075380  0.018074483967  0.005361546285  0.020558778960  0.007773525377  0.008973670511  0.012727961988  0.008303408124  0.008068277953  0.014793949753  0.008073925982  0.007824190927  0.009049988342  0.000000000000  0.012195992349  0.006267021358  0.012631962138  0.008061051247  0.015347879247  0.010806128573  0.017391820539  0.016717107714  0.012557857909  0.007169546940  0.011699590668  0.006267021358  
piranga_ludoviciana_sdsu2208 0.007705705478  0.004391972236  0.003291755315  0.015516412943  0.015533630214  0.016670807107  0.007705705478  0.018115537292  0.007714197493  0.007714197493  0.005500342025  0.006699640663  0.009938980948  0.011344067542  0.009943819033  0.005766785903  0.006871865975  0.012195992349  0.000000000000  0.006607015052  0.012169532644  0.006599747538  0.014392239022  0.009350463250  0.020109207575  0.015300646054  0.008377944811  0.005500342025  0.008824430591  0.006607015052  
piranga_bidentata_itm160 0.006254732574  0.004459531050  0.008948347673  0.012598069832  0.010787066593  0.013473843843  0.003562436229  0.015560694901  0.002896774969  0.004459531050  0.008779732886  0.005914987186  0.003564126918  0.009038208783  0.003566803411  0.003338399568  0.006013647279  0.006267021358  0.006607015052  0.000000000000  0.008976461976  0.004457246945  0.011687772502  0.007834427583  0.013658571984  0.012481317861  0.006941473460  0.002672390568  0.008059465256  0.000000000000  
piranga_leucoptera_fmnh481795 0.013522432770  0.009878816001  0.014418922890  0.007164152022  0.003573679747  0.017169982470  0.010779352944  0.018526197344  0.009738344054  0.008067915177  0.013748714359  0.007094474627  0.010787066593  0.015904230420  0.010792796172  0.008941865402  0.012085791658  0.012631962138  0.012169532644  0.008976461976  0.000000000000  0.011691857360  0.006264170395  0.011785081686  0.009065982873  0.011078393551  0.013946840648  0.008071096460  0.015356631869  0.008976461976  
piranga_lutea_ku89864 0.005351755376  0.003560953981  0.008039088607  0.015315216294  0.013510252713  0.016201307785  0.004452219023  0.018518331168  0.005806833818  0.007148374430  0.008767416384  0.007099952623  0.004456187024  0.004497954271  0.006251870539  0.003334688719  0.005001160707  0.008061051247  0.006599747538  0.004457246945  0.011691857360  0.000000000000  0.014401803979  0.008814127356  0.016421362316  0.015288904512  0.008342995185  0.005353644567  0.007150322325  0.004457246945  
piranga_rubriceps_lsu34818 0.016240569870  0.012583064613  0.015315216294  0.000890579618  0.008065283830  0.018071788547  0.013488267357  0.022488583024  0.012686765663  0.010777374692  0.014725562240  0.009477212016  0.013505708916  0.020493736560  0.013510252713  0.013445202366  0.016145874014  0.015347879247  0.014392239022  0.011687772502  0.006264170395  0.014401803979  0.000000000000  0.013757826466  0.012724023781  0.015288904512  0.018185364032  0.010779352944  0.018074483967  0.011687772502  
piranga_roseogularis_ku2141 0.009798903351  0.006844871244  0.010795522893  0.014754533000  0.014769061171  0.017768756581  0.007823971830  0.019172417492  0.008569924484  0.008818963775  0.011879860214  0.002353696552  0.009808514880  0.014110495365  0.008822768122  0.007881555831  0.010203867009  0.010806128573  0.009350463250  0.007834427583  0.011785081686  0.008814127356  0.013757826466  0.000000000000  0.017775798177  0.013888725779  0.012557857909  0.006848300204  0.012795227733  0.007834427583  
piranga_erythrocephala_fmnh343371 0.018289376847  0.014575613890  0.019196235722  0.013645452290  0.010894799912  0.022002155847  0.015487714038  0.024516582473  0.015837970989  0.012729065438  0.019969632133  0.014288472238  0.015501799782  0.024042907297  0.015510770159  0.016887067920  0.018234810837  0.017391820539  0.020109207575  0.013658571984  0.009065982873  0.016421362316  0.012724023781  0.017775798177  0.000000000000  0.000000000000  0.023944987414  0.012735386049  0.018292102599  0.013658571984  
piranga_erythrocephala_fmnh343370 0.015280157361  0.012481317861  0.016703296645  0.016703296645  0.013888725779  0.018138140068  0.013879040525  0.018138140068  0.013879040525  0.015288904512  0.018109358667  0.016740430996  0.015300646054  0.019530804680  0.015300646054  0.012481317861  0.013888725779  0.016717107714  0.015300646054  0.012481317861  0.011078393551  0.015288904512  0.015288904512  0.013888725779  0.000000000000  0.000000000000  0.020876531387  0.013888725779  0.016717107714  0.012481317861  
piranga_ludoviciana_sdsu2650 0.009726859924  0.006941473460  0.011144891374  0.019612897536  0.016787273368  0.019667316527  0.008332486600  0.019667316527  0.006941473460  0.009736443876  0.012544168431  0.009314402847  0.009748991541  0.012557857909  0.006941473460  0.008332486600  0.009736443876  0.012557857909  0.008377944811  0.006941473460  0.013946840648  0.008342995185  0.018185364032  0.012557857909  0.023944987414  0.020876531387  0.000000000000  0.008342995185  0.012574523084  0.006941473460  
piranga_bidentata_tepe59 0.007154767645  0.003564126918  0.008046275920  0.011687772502  0.009878816001  0.012564150383  0.004456187024  0.014573528648  0.003865656555  0.003564126918  0.007796252417  0.004725616866  0.004459531050  0.010180025970  0.004463036509  0.004455570952  0.007023436635  0.007169546940  0.005500342025  0.002672390568  0.008071096460  0.005353644567  0.010779352944  0.006848300204  0.012735386049  0.013888725779  0.008342995185  0.000000000000  0.007156719064  0.002672390568  
piranga_rubra_sdsu2635 0.008957593525  0.007156324304  0.009848295998  0.018996415057  0.017187276365  0.019884266563  0.008046636603  0.022520055137  0.009717963182  0.010770688850  0.010742805248  0.010704853459  0.009863208097  0.013619007558  0.006255819652  0.007821633713  0.009047992929  0.011699590668  0.008824430591  0.008059465256  0.015356631869  0.007150322325  0.018074483967  0.012795227733  0.018292102599  0.016717107714  0.012574523084  0.007156719064  0.000000000000  0.008059465256  
piranga_bidentata_itm141 0.006254732574  0.004459531050  0.008948347673  0.012598069832  0.010787066593  0.013473843843  0.003562436229  0.015560694901  0.002896774969  0.004459531050  0.008779732886  0.005914987186  0.003564126918  0.009038208783  0.003566803411  0.003338399568  0.006013647279  0.006267021358  0.006607015052  0.000000000000  0.008976461976  0.004457246945  0.011687772502  0.007834427583  0.013658571984  0.012481317861  0.006941473460  0.002672390568  0.008059465256  0.000000000000  

