30
piranga_rubra_ku26592 0.000000000000  0.005898077274  0.005902322464  0.014248686763  0.013113764176  0.015502522567  0.002591739190  0.014480560202  0.001960278205  0.007109112275  0.005126587298  0.004890996140  0.000000000000  0.001248685925  0.002351918421  0.002561860566  0.003535556919  0.007092305265  0.006475651824  0.008285575442  0.009495948471  0.010457729726  0.013051135202  0.009493768604  0.014263206179  0.011316227140  0.005159651877  0.007092305265  0.001175306446  0.007092305265  
piranga_flava_ku90809 0.005898077274  0.000000000000  0.011697035785  0.020002168786  0.018900244206  0.021268090190  0.005145617043  0.020324052883  0.001918900778  0.012974546090  0.007595070845  0.011046075630  0.000000000000  0.001230251539  0.008157473732  0.000000000000  0.004668877392  0.012883364771  0.008953240829  0.014072960948  0.015290552728  0.008329143641  0.018811462153  0.015485532246  0.020022870446  0.012956109778  0.007752081560  0.012883364771  0.006995641440  0.012883364771  
piranga_ludoviciana_sdsu2385 0.005902322464  0.011697035785  0.000000000000  0.017614843919  0.016506784962  0.018870065353  0.006433986885  0.017899266970  0.009657572221  0.001167076407  0.003785382540  0.007343028314  0.006286891811  0.007425867007  0.008162423609  0.008885052841  0.009393081236  0.010521913587  0.005099694623  0.002321039640  0.012913238910  0.012552985394  0.016428343968  0.011878955392  0.017633769697  0.014602241948  0.001283479716  0.001158960827  0.007001269010  0.001158960827  
piranga_rubriceps_lsu265 0.014248686763  0.020002168786  0.017614843919  0.000000000000  0.010538579679  0.021268090190  0.014233307390  0.020324052883  0.013555557743  0.018945119618  0.016556420348  0.009810366361  0.009447353631  0.014928743466  0.016421531507  0.016586410199  0.017706418111  0.018811462153  0.018013854401  0.020011404577  0.006999030873  0.023188945821  0.001157230673  0.013075282842  0.011676090058  0.006428343970  0.018224924240  0.018811462153  0.015254665582  0.018811462153  
piranga_leucoptera_lsu7783 0.013113764176  0.018900244206  0.016506784962  0.010538579679  0.000000000000  0.020186354063  0.012988479828  0.017996919994  0.011680701050  0.017835411486  0.015338964583  0.008622380556  0.007909887581  0.013736077128  0.015307849210  0.015370953124  0.016598665443  0.017709057811  0.016790854027  0.018914686386  0.005833459616  0.023217834798  0.009362420784  0.009518545876  0.010556747426  0.008061990270  0.016988353098  0.017709057811  0.014139293040  0.017709057811  
cardinalis_cardinalis_ku25393 0.015502522567  0.021268090190  0.018870065353  0.021268090190  0.020186354063  0.000000000000  0.015590645307  0.001175306446  0.011628443198  0.020219442876  0.017899854253  0.013562113580  0.011078359295  0.016238438401  0.017667336869  0.017938735086  0.018976264017  0.020076152111  0.016747587411  0.020076152111  0.016539829409  0.029782730929  0.020076152111  0.016723705935  0.021305362689  0.021316658238  0.019607485971  0.018870065353  0.016500836588  0.020076152111  
piranga_olivacea_ku2699 0.002591739190  0.005145617043  0.006433986885  0.014233307390  0.012988479828  0.015590645307  0.000000000000  0.015590645307  0.005832722501  0.007752081560  0.005139762146  0.006756528213  0.003141285133  0.003853454718  0.005139762146  0.005145617043  0.006441656452  0.005145617043  0.006433986885  0.009034128278  0.010356484828  0.009941542704  0.012929126424  0.007820029621  0.012929126424  0.012977127713  0.006612682701  0.007732101114  0.003858410822  0.007732101114  
cardinalis_cardinalis_ku21828 0.014480560202  0.020324052883  0.017899266970  0.020324052883  0.017996919994  0.001175306446  0.015590645307  0.000000000000  0.011628443198  0.019256192962  0.017899854253  0.012480926682  0.011078359295  0.016238438401  0.016683842668  0.017938735086  0.018000690601  0.019118120919  0.016747587411  0.019118120919  0.015539587908  0.028249775925  0.019118120919  0.013271997471  0.020359070674  0.021316658238  0.019607485971  0.017899266970  0.015502522567  0.019118120919  
piranga_rubra_ku7046 0.001960278205  0.001918900778  0.009657572221  0.013555557743  0.011680701050  0.011628443198  0.005832722501  0.011628443198  0.000000000000  0.009770810074  0.007711080863  0.002082762178  0.001948817516  0.001918900778  0.001918900778  0.001918900778  0.001933743444  0.009668995673  0.007711080863  0.009657572221  0.009708325910  0.007100291942  0.011603276486  0.003941905348  0.009657572221  0.007662500867  0.008101534238  0.009657572221  0.003843427213  0.009657572221  
piranga_bidentata_hgoslp104 0.007109112275  0.012974546090  0.001167076407  0.018945119618  0.017835411486  0.020219442876  0.007752081560  0.019256192962  0.009770810074  0.000000000000  0.005093201105  0.008577296225  0.006306716923  0.008740817587  0.009406455807  0.010247373946  0.010606514383  0.011789321028  0.006433367989  0.003510731996  0.014204193489  0.014680496666  0.017748323156  0.013113372335  0.018967469124  0.014649783536  0.002576092884  0.002337314679  0.008236826310  0.002337314679  
piranga_ludoviciana_sdsu2648 0.005126587298  0.007595070845  0.003785382540  0.016556420348  0.015338964583  0.017899854253  0.005139762146  0.017899854253  0.007711080863  0.005093201105  0.000000000000  0.008009605151  0.004707058830  0.006320126953  0.007588445791  0.007604697440  0.008919016504  0.008865397457  0.003819115321  0.006327527059  0.012741730504  0.012189620826  0.015270724489  0.009015966419  0.015270724489  0.014602241948  0.005213451598  0.005054584637  0.006328125990  0.005054584637  
piranga_roseogularis_ku2049 0.004890996140  0.011046075630  0.007343028314  0.009810366361  0.008622380556  0.013562113580  0.006756528213  0.012480926682  0.002082762178  0.008577296225  0.008009605151  0.000000000000  0.000000000000  0.006510202235  0.007341594849  0.008020311908  0.008577296225  0.011050063661  0.009445338423  0.008577296225  0.003674931872  0.018929199341  0.008577296225  0.003660175415  0.009822235839  0.006490933862  0.009242143491  0.007343028314  0.006119758410  0.008577296225  
piranga_hepatica_ku4970 0.000000000000  0.000000000000  0.006286891811  0.009447353631  0.007909887581  0.011078359295  0.003141285133  0.011078359295  0.001948817516  0.006306716923  0.004707058830  0.000000000000  0.000000000000  0.000000000000  0.000000000000  0.000000000000  0.000000000000  0.006295657736  0.004707058830  0.007872524201  0.006311782571  0.007527904721  0.007864961122  0.001577680875  0.006286891811  0.005796882071  0.004836053444  0.006286891811  0.001565332882  0.007872524201  
piranga_hepatica_ku9084 0.001248685925  0.001230251539  0.007425867007  0.014928743466  0.013736077128  0.016238438401  0.003853454718  0.016238438401  0.001918900778  0.008740817587  0.006320126953  0.006510202235  0.000000000000  0.000000000000  0.003697579225  0.001259696692  0.002476219965  0.007425867007  0.007662973415  0.009929390946  0.011201350005  0.006968349518  0.013674852974  0.008811673737  0.014937952549  0.011316227140  0.006450588356  0.008675815206  0.002467056478  0.008675815206  
piranga_rubra_sdsu2654 0.002351918421  0.008157473732  0.008162423609  0.016421531507  0.015307849210  0.017667336869  0.005139762146  0.016683842668  0.001918900778  0.009406455807  0.007588445791  0.007341594849  0.000000000000  0.003697579225  0.000000000000  0.005055316191  0.005847103335  0.009340557525  0.008944697952  0.010521913587  0.011725731780  0.014657458427  0.015236785110  0.011875933950  0.016437368196  0.014586869929  0.007745179094  0.009340557525  0.003486986032  0.009340557525  
piranga_flava_lsu15408 0.002561860566  0.000000000000  0.008885052841  0.016586410199  0.015370953124  0.017938735086  0.005145617043  0.017938735086  0.001918900778  0.010247373946  0.007604697440  0.008020311908  0.000000000000  0.001259696692  0.005055316191  0.000000000000  0.001266076184  0.008885052841  0.008953240829  0.011457205695  0.012764090011  0.004846363352  0.015299847639  0.010329739181  0.015299847639  0.012956109778  0.007853553045  0.010169214693  0.003794959518  0.010169214693  
piranga_lutea_lsu5400 0.003535556919  0.004668877392  0.009393081236  0.017706418111  0.016598665443  0.018976264017  0.006441656452  0.018000690601  0.001933743444  0.010606514383  0.008919016504  0.008577296225  0.000000000000  0.002476219965  0.005847103335  0.001266076184  0.000000000000  0.010581572386  0.010300151051  0.011773342664  0.012980904651  0.008329143641  0.016514935348  0.013082179744  0.017729992271  0.014602241948  0.009057508129  0.010581572386  0.004681859249  0.010581572386  
piranga_olivacea_ku4672 0.007092305265  0.012883364771  0.010521913587  0.018811462153  0.017709057811  0.020076152111  0.005145617043  0.019118120919  0.009668995673  0.011789321028  0.008865397457  0.011050063661  0.006295657736  0.007425867007  0.009340557525  0.008885052841  0.010581572386  0.000000000000  0.010237021731  0.012894362990  0.014104019732  0.014657458427  0.017623198928  0.014282606517  0.018833494182  0.014602241948  0.010356296209  0.011706509469  0.008179079272  0.011706509469  
piranga_ludoviciana_sdsu2208 0.006475651824  0.008953240829  0.005099694623  0.018013854401  0.016790854027  0.016747587411  0.006433986885  0.016747587411  0.007711080863  0.006433367989  0.003819115321  0.009445338423  0.004707058830  0.007662973415  0.008944697952  0.008953240829  0.010300151051  0.010237021731  0.000000000000  0.007672299290  0.014160014825  0.014924827079  0.016714373728  0.010410393792  0.016714373728  0.014602241948  0.006586549398  0.006384081709  0.007672773026  0.006384081709  
piranga_bidentata_itm160 0.008285575442  0.014072960948  0.002321039640  0.020011404577  0.018914686386  0.020076152111  0.009034128278  0.019118120919  0.009657572221  0.003510731996  0.006327527059  0.008577296225  0.007872524201  0.009929390946  0.010521913587  0.011457205695  0.011773342664  0.012894362990  0.007672299290  0.000000000000  0.015298092347  0.016818538670  0.018821368274  0.013082179744  0.020036560161  0.017913446701  0.003859307726  0.001158960827  0.009360109908  0.001158960827  
piranga_leucoptera_fmnh481795 0.009495948471  0.015290552728  0.012913238910  0.006999030873  0.005833459616  0.016539829409  0.010356484828  0.015539587908  0.009708325910  0.014204193489  0.012741730504  0.003674931872  0.006311782571  0.011201350005  0.011725731780  0.012764090011  0.012980904651  0.014104019732  0.014160014825  0.015298092347  0.000000000000  0.018908332618  0.005827329029  0.008318816018  0.007003807590  0.003206762232  0.013013255532  0.014104019732  0.010557480316  0.014104019732  
piranga_lutea_ku89864 0.010457729726  0.008329143641  0.012552985394  0.023188945821  0.023217834798  0.029782730929  0.009941542704  0.028249775925  0.007100291942  0.014680496666  0.012189620826  0.018929199341  0.007527904721  0.006968349518  0.014657458427  0.004846363352  0.008329143641  0.014657458427  0.014924827079  0.016818538670  0.018908332618  0.000000000000  0.023188945821  0.025361925421  0.027531651719  0.021951317227  0.011927890204  0.014680496666  0.012579305057  0.014680496666  
piranga_rubriceps_lsu34818 0.013051135202  0.018811462153  0.016428343968  0.001157230673  0.009362420784  0.020076152111  0.012929126424  0.019118120919  0.011603276486  0.017748323156  0.015270724489  0.008577296225  0.007864961122  0.013674852974  0.015236785110  0.015299847639  0.016514935348  0.017623198928  0.016714373728  0.018821368274  0.005827329029  0.023188945821  0.000000000000  0.011875933950  0.010501687401  0.004819115353  0.016910064813  0.017623198928  0.014070941746  0.017623198928  
piranga_roseogularis_ku2141 0.009493768604  0.015485532246  0.011878955392  0.013075282842  0.009518545876  0.016723705935  0.007820029621  0.013271997471  0.003941905348  0.013113372335  0.009015966419  0.003660175415  0.001577680875  0.008811673737  0.011875933950  0.010329739181  0.013082179744  0.014282606517  0.010410393792  0.013082179744  0.008318816018  0.025361925421  0.011875933950  0.000000000000  0.013082179744  0.008068019763  0.011661539396  0.011878955392  0.010691760195  0.013082179744  
piranga_erythrocephala_fmnh343371 0.014263206179  0.020022870446  0.017633769697  0.011676090058  0.010556747426  0.021305362689  0.012929126424  0.020359070674  0.009657572221  0.018967469124  0.015270724489  0.009822235839  0.006286891811  0.014937952549  0.016437368196  0.015299847639  0.017729992271  0.018833494182  0.016714373728  0.020036560161  0.007003807590  0.027531651719  0.010501687401  0.013082179744  0.000000000000  0.006428343970  0.016910064813  0.018833494182  0.015271880273  0.018833494182  
piranga_erythrocephala_fmnh343370 0.011316227140  0.012956109778  0.014602241948  0.006428343970  0.008061990270  0.021316658238  0.012977127713  0.021316658238  0.007662500867  0.014649783536  0.014602241948  0.006490933862  0.005796882071  0.011316227140  0.014586869929  0.012956109778  0.014602241948  0.014602241948  0.014602241948  0.017913446701  0.003206762232  0.021951317227  0.004819115353  0.008068019763  0.006428343970  0.000000000000  0.016236350685  0.016254671467  0.012956109778  0.016254671467  
piranga_ludoviciana_sdsu2650 0.005159651877  0.007752081560  0.001283479716  0.018224924240  0.016988353098  0.019607485971  0.006612682701  0.019607485971  0.008101534238  0.002576092884  0.005213451598  0.009242143491  0.004836053444  0.006450588356  0.007745179094  0.007853553045  0.009057508129  0.010356296209  0.006586549398  0.003859307726  0.013013255532  0.011927890204  0.016910064813  0.011661539396  0.016910064813  0.016236350685  0.000000000000  0.002569473671  0.006458921260  0.002569473671  
piranga_bidentata_tepe59 0.007092305265  0.012883364771  0.001158960827  0.018811462153  0.017709057811  0.018870065353  0.007732101114  0.017899266970  0.009657572221  0.002337314679  0.005054584637  0.007343028314  0.006286891811  0.008675815206  0.009340557525  0.010169214693  0.010581572386  0.011706509469  0.006384081709  0.001158960827  0.014104019732  0.014680496666  0.017623198928  0.011878955392  0.018833494182  0.016254671467  0.002569473671  0.000000000000  0.008179079272  0.002321039640  
piranga_rubra_sdsu2635 0.001175306446  0.006995641440  0.007001269010  0.015254665582  0.014139293040  0.016500836588  0.003858410822  0.015502522567  0.003843427213  0.008236826310  0.006328125990  0.006119758410  0.001565332882  0.002467056478  0.003486986032  0.003794959518  0.004681859249  0.008179079272  0.007672773026  0.009360109908  0.010557480316  0.012579305057  0.014070941746  0.010691760195  0.015271880273  0.012956109778  0.006458921260  0.008179079272  0.000000000000  0.008179079272  
piranga_bidentata_itm141 0.007092305265  0.012883364771  0.001158960827  0.018811462153  0.017709057811  0.020076152111  0.007732101114  0.019118120919  0.009657572221  0.002337314679  0.005054584637  0.008577296225  0.007872524201  0.008675815206  0.009340557525  0.010169214693  0.010581572386  0.011706509469  0.006384081709  0.001158960827  0.014104019732  0.014680496666  0.017623198928  0.013082179744  0.018833494182  0.016254671467  0.002569473671  0.002321039640  0.008179079272  0.000000000000  

