30
cardinalis_cardinalis_ku21828 0.000000000000  0.000000000000  0.001501775857  0.001501775857  0.001000714063  0.001000714063  0.001501545477  0.001501545477  0.001501545477  0.001501545477  0.010081800565  0.005020330634  0.005020330634  0.005020330634  0.001000714063  0.001000714063  0.001000714063  0.001000714063  0.001501775857  0.001501775857  0.002504330359  0.005522176936  0.001501775857  0.001501775857  0.001501775857  0.001501775857  0.001501775857  0.001501775857  0.001501775857  0.001501775857  
cardinalis_cardinalis_ku25393 0.000000000000  0.000000000000  0.001501775857  0.001501775857  0.001000714063  0.001000714063  0.001501545477  0.001501545477  0.001501545477  0.001501545477  0.010081800565  0.005020330634  0.005020330634  0.005020330634  0.001000714063  0.001000714063  0.001000714063  0.001000714063  0.001501775857  0.001501775857  0.002504330359  0.005522176936  0.001501775857  0.001501775857  0.001501775857  0.001501775857  0.001501775857  0.001501775857  0.001501775857  0.001501775857  
piranga_rubriceps_lsu265 0.001501775857  0.001501775857  0.000000000000  0.000000000000  0.000500269826  0.000500269826  0.001000714063  0.001000714063  0.001000714063  0.001000714063  0.009576084007  0.004517590890  0.004517590890  0.004517590890  0.000500269826  0.000500269826  0.000500269826  0.000500269826  0.001001080082  0.001001080082  0.002002859061  0.005018911750  0.001001080082  0.001001080082  0.001001080082  0.001001080082  0.001001080082  0.001001080082  0.001001080082  0.001001080082  
piranga_rubriceps_lsu34818 0.001501775857  0.001501775857  0.000000000000  0.000000000000  0.000500269826  0.000500269826  0.001000714063  0.001000714063  0.001000714063  0.001000714063  0.009576084007  0.004517590890  0.004517590890  0.004517590890  0.000500269826  0.000500269826  0.000500269826  0.000500269826  0.001001080082  0.001001080082  0.002002859061  0.005018911750  0.001001080082  0.001001080082  0.001001080082  0.001001080082  0.001001080082  0.001001080082  0.001001080082  0.001001080082  
piranga_ludoviciana_sdsu2208 0.001000714063  0.001000714063  0.000500269826  0.000500269826  0.000000000000  0.000000000000  0.000500193242  0.000500193242  0.000500193242  0.000500193242  0.009067402740  0.004013552063  0.004013552063  0.004013552063  0.000000000000  0.000000000000  0.000000000000  0.000000000000  0.000500269826  0.000500269826  0.001501545477  0.004514911605  0.000500269826  0.000500269826  0.000500269826  0.000500269826  0.000500269826  0.000500269826  0.000500269826  0.000500269826  
piranga_ludoviciana_sdsu2650 0.001000714063  0.001000714063  0.000500269826  0.000500269826  0.000000000000  0.000000000000  0.000500193242  0.000500193242  0.000500193242  0.000500193242  0.009067402740  0.004013552063  0.004013552063  0.004013552063  0.000000000000  0.000000000000  0.000000000000  0.000000000000  0.000500269826  0.000500269826  0.001501545477  0.004514911605  0.000500269826  0.000500269826  0.000500269826  0.000500269826  0.000500269826  0.000500269826  0.000500269826  0.000500269826  
piranga_hepatica_ku4970 0.001501545477  0.001501545477  0.001000714063  0.001000714063  0.000500193242  0.000500193242  0.000000000000  0.000000000000  0.000000000000  0.000000000000  0.008562338641  0.003511456226  0.003511456226  0.003511456226  0.000500193242  0.000500193242  0.000500193242  0.000500193242  0.001000714063  0.001000714063  0.002002764731  0.005017922038  0.001000714063  0.001000714063  0.001000714063  0.001000714063  0.001000714063  0.001000714063  0.001000714063  0.001000714063  
piranga_flava_ku90809 0.001501545477  0.001501545477  0.001000714063  0.001000714063  0.000500193242  0.000500193242  0.000000000000  0.000000000000  0.000000000000  0.000000000000  0.008562338641  0.003511456226  0.003511456226  0.003511456226  0.000500193242  0.000500193242  0.000500193242  0.000500193242  0.001000714063  0.001000714063  0.002002764731  0.005017922038  0.001000714063  0.001000714063  0.001000714063  0.001000714063  0.001000714063  0.001000714063  0.001000714063  0.001000714063  
piranga_lutea_ku89864 0.001501545477  0.001501545477  0.001000714063  0.001000714063  0.000500193242  0.000500193242  0.000000000000  0.000000000000  0.000000000000  0.000000000000  0.008562338641  0.003511456226  0.003511456226  0.003511456226  0.000500193242  0.000500193242  0.000500193242  0.000500193242  0.001000714063  0.001000714063  0.002002764731  0.005017922038  0.001000714063  0.001000714063  0.001000714063  0.001000714063  0.001000714063  0.001000714063  0.001000714063  0.001000714063  
piranga_lutea_lsu5400 0.001501545477  0.001501545477  0.001000714063  0.001000714063  0.000500193242  0.000500193242  0.000000000000  0.000000000000  0.000000000000  0.000000000000  0.008562338641  0.003511456226  0.003511456226  0.003511456226  0.000500193242  0.000500193242  0.000500193242  0.000500193242  0.001000714063  0.001000714063  0.002002764731  0.005017922038  0.001000714063  0.001000714063  0.001000714063  0.001000714063  0.001000714063  0.001000714063  0.001000714063  0.001000714063  
piranga_olivacea_ku2699 0.010081800565  0.010081800565  0.009576084007  0.009576084007  0.009067402740  0.009067402740  0.008562338641  0.008562338641  0.008562338641  0.008562338641  0.000000000000  0.007043008735  0.007043008735  0.007043008735  0.009067402740  0.009067402740  0.009067402740  0.009067402740  0.009576084007  0.009576084007  0.010587911015  0.013645822793  0.009576084007  0.009576084007  0.009576084007  0.009576084007  0.009576084007  0.009576084007  0.009576084007  0.009576084007  
piranga_ludoviciana_sdsu2648 0.005020330634  0.005020330634  0.004517590890  0.004517590890  0.004013552063  0.004013552063  0.003511456226  0.003511456226  0.003511456226  0.003511456226  0.007043008735  0.000000000000  0.000000000000  0.000000000000  0.004013552063  0.004013552063  0.004013552063  0.004013552063  0.004517590890  0.004517590890  0.005523460419  0.008556651346  0.004517590890  0.004517590890  0.004517590890  0.004517590890  0.004517590890  0.004517590890  0.004517590890  0.004517590890  
piranga_bidentata_hgoslp104 0.005020330634  0.005020330634  0.004517590890  0.004517590890  0.004013552063  0.004013552063  0.003511456226  0.003511456226  0.003511456226  0.003511456226  0.007043008735  0.000000000000  0.000000000000  0.000000000000  0.004013552063  0.004013552063  0.004013552063  0.004013552063  0.004517590890  0.004517590890  0.005523460419  0.008556651346  0.004517590890  0.004517590890  0.004517590890  0.004517590890  0.004517590890  0.004517590890  0.004517590890  0.004517590890  
piranga_ludoviciana_sdsu2385 0.005020330634  0.005020330634  0.004517590890  0.004517590890  0.004013552063  0.004013552063  0.003511456226  0.003511456226  0.003511456226  0.003511456226  0.007043008735  0.000000000000  0.000000000000  0.000000000000  0.004013552063  0.004013552063  0.004013552063  0.004013552063  0.004517590890  0.004517590890  0.005523460419  0.008556651346  0.004517590890  0.004517590890  0.004517590890  0.004517590890  0.004517590890  0.004517590890  0.004517590890  0.004517590890  
piranga_leucoptera_fmnh481795 0.001000714063  0.001000714063  0.000500269826  0.000500269826  0.000000000000  0.000000000000  0.000500193242  0.000500193242  0.000500193242  0.000500193242  0.009067402740  0.004013552063  0.004013552063  0.004013552063  0.000000000000  0.000000000000  0.000000000000  0.000000000000  0.000500269826  0.000500269826  0.001501545477  0.004514911605  0.000500269826  0.000500269826  0.000500269826  0.000500269826  0.000500269826  0.000500269826  0.000500269826  0.000500269826  
piranga_erythrocephala_fmnh343371 0.001000714063  0.001000714063  0.000500269826  0.000500269826  0.000000000000  0.000000000000  0.000500193242  0.000500193242  0.000500193242  0.000500193242  0.009067402740  0.004013552063  0.004013552063  0.004013552063  0.000000000000  0.000000000000  0.000000000000  0.000000000000  0.000500269826  0.000500269826  0.001501545477  0.004514911605  0.000500269826  0.000500269826  0.000500269826  0.000500269826  0.000500269826  0.000500269826  0.000500269826  0.000500269826  
piranga_hepatica_ku9084 0.001000714063  0.001000714063  0.000500269826  0.000500269826  0.000000000000  0.000000000000  0.000500193242  0.000500193242  0.000500193242  0.000500193242  0.009067402740  0.004013552063  0.004013552063  0.004013552063  0.000000000000  0.000000000000  0.000000000000  0.000000000000  0.000500269826  0.000500269826  0.001501545477  0.004514911605  0.000500269826  0.000500269826  0.000500269826  0.000500269826  0.000500269826  0.000500269826  0.000500269826  0.000500269826  
piranga_leucoptera_lsu7783 0.001000714063  0.001000714063  0.000500269826  0.000500269826  0.000000000000  0.000000000000  0.000500193242  0.000500193242  0.000500193242  0.000500193242  0.009067402740  0.004013552063  0.004013552063  0.004013552063  0.000000000000  0.000000000000  0.000000000000  0.000000000000  0.000500269826  0.000500269826  0.001501545477  0.004514911605  0.000500269826  0.000500269826  0.000500269826  0.000500269826  0.000500269826  0.000500269826  0.000500269826  0.000500269826  
piranga_bidentata_tepe59 0.001501775857  0.001501775857  0.001001080082  0.001001080082  0.000500269826  0.000500269826  0.001000714063  0.001000714063  0.001000714063  0.001000714063  0.009576084007  0.004517590890  0.004517590890  0.004517590890  0.000500269826  0.000500269826  0.000500269826  0.000500269826  0.000000000000  0.000000000000  0.001000773409  0.004011458792  0.000000000000  0.000000000000  0.000000000000  0.000000000000  0.000000000000  0.000000000000  0.000000000000  0.000000000000  
piranga_bidentata_itm160 0.001501775857  0.001501775857  0.001001080082  0.001001080082  0.000500269826  0.000500269826  0.001000714063  0.001000714063  0.001000714063  0.001000714063  0.009576084007  0.004517590890  0.004517590890  0.004517590890  0.000500269826  0.000500269826  0.000500269826  0.000500269826  0.000000000000  0.000000000000  0.001000773409  0.004011458792  0.000000000000  0.000000000000  0.000000000000  0.000000000000  0.000000000000  0.000000000000  0.000000000000  0.000000000000  
piranga_rubra_sdsu2635 0.002504330359  0.002504330359  0.002002859061  0.002002859061  0.001501545477  0.001501545477  0.002002764731  0.002002764731  0.002002764731  0.002002764731  0.010587911015  0.005523460419  0.005523460419  0.005523460419  0.001501545477  0.001501545477  0.001501545477  0.001501545477  0.001000773409  0.001000773409  0.000000000000  0.003007115471  0.001000773409  0.001000773409  0.001000773409  0.001000773409  0.001000773409  0.001000773409  0.001000773409  0.001000773409  
piranga_rubra_sdsu2654 0.005522176936  0.005522176936  0.005018911750  0.005018911750  0.004514911605  0.004514911605  0.005017922038  0.005017922038  0.005017922038  0.005017922038  0.013645822793  0.008556651346  0.008556651346  0.008556651346  0.004514911605  0.004514911605  0.004514911605  0.004514911605  0.004011458792  0.004011458792  0.003007115471  0.000000000000  0.004011458792  0.004011458792  0.004011458792  0.004011458792  0.004011458792  0.004011458792  0.004011458792  0.004011458792  
piranga_olivacea_ku4672 0.001501775857  0.001501775857  0.001001080082  0.001001080082  0.000500269826  0.000500269826  0.001000714063  0.001000714063  0.001000714063  0.001000714063  0.009576084007  0.004517590890  0.004517590890  0.004517590890  0.000500269826  0.000500269826  0.000500269826  0.000500269826  0.000000000000  0.000000000000  0.001000773409  0.004011458792  0.000000000000  0.000000000000  0.000000000000  0.000000000000  0.000000000000  0.000000000000  0.000000000000  0.000000000000  
piranga_bidentata_itm141 0.001501775857  0.001501775857  0.001001080082  0.001001080082  0.000500269826  0.000500269826  0.001000714063  0.001000714063  0.001000714063  0.001000714063  0.009576084007  0.004517590890  0.004517590890  0.004517590890  0.000500269826  0.000500269826  0.000500269826  0.000500269826  0.000000000000  0.000000000000  0.001000773409  0.004011458792  0.000000000000  0.000000000000  0.000000000000  0.000000000000  0.000000000000  0.000000000000  0.000000000000  0.000000000000  
piranga_rubra_ku7046 0.001501775857  0.001501775857  0.001001080082  0.001001080082  0.000500269826  0.000500269826  0.001000714063  0.001000714063  0.001000714063  0.001000714063  0.009576084007  0.004517590890  0.004517590890  0.004517590890  0.000500269826  0.000500269826  0.000500269826  0.000500269826  0.000000000000  0.000000000000  0.001000773409  0.004011458792  0.000000000000  0.000000000000  0.000000000000  0.000000000000  0.000000000000  0.000000000000  0.000000000000  0.000000000000  
piranga_flava_lsu15408 0.001501775857  0.001501775857  0.001001080082  0.001001080082  0.000500269826  0.000500269826  0.001000714063  0.001000714063  0.001000714063  0.001000714063  0.009576084007  0.004517590890  0.004517590890  0.004517590890  0.000500269826  0.000500269826  0.000500269826  0.000500269826  0.000000000000  0.000000000000  0.001000773409  0.004011458792  0.000000000000  0.000000000000  0.000000000000  0.000000000000  0.000000000000  0.000000000000  0.000000000000  0.000000000000  
piranga_erythrocephala_fmnh343370 0.001501775857  0.001501775857  0.001001080082  0.001001080082  0.000500269826  0.000500269826  0.001000714063  0.001000714063  0.001000714063  0.001000714063  0.009576084007  0.004517590890  0.004517590890  0.004517590890  0.000500269826  0.000500269826  0.000500269826  0.000500269826  0.000000000000  0.000000000000  0.001000773409  0.004011458792  0.000000000000  0.000000000000  0.000000000000  0.000000000000  0.000000000000  0.000000000000  0.000000000000  0.000000000000  
piranga_roseogularis_ku2049 0.001501775857  0.001501775857  0.001001080082  0.001001080082  0.000500269826  0.000500269826  0.001000714063  0.001000714063  0.001000714063  0.001000714063  0.009576084007  0.004517590890  0.004517590890  0.004517590890  0.000500269826  0.000500269826  0.000500269826  0.000500269826  0.000000000000  0.000000000000  0.001000773409  0.004011458792  0.000000000000  0.000000000000  0.000000000000  0.000000000000  0.000000000000  0.000000000000  0.000000000000  0.000000000000  
piranga_roseogularis_ku2141 0.001501775857  0.001501775857  0.001001080082  0.001001080082  0.000500269826  0.000500269826  0.001000714063  0.001000714063  0.001000714063  0.001000714063  0.009576084007  0.004517590890  0.004517590890  0.004517590890  0.000500269826  0.000500269826  0.000500269826  0.000500269826  0.000000000000  0.000000000000  0.001000773409  0.004011458792  0.000000000000  0.000000000000  0.000000000000  0.000000000000  0.000000000000  0.000000000000  0.000000000000  0.000000000000  
piranga_rubra_ku26592 0.001501775857  0.001501775857  0.001001080082  0.001001080082  0.000500269826  0.000500269826  0.001000714063  0.001000714063  0.001000714063  0.001000714063  0.009576084007  0.004517590890  0.004517590890  0.004517590890  0.000500269826  0.000500269826  0.000500269826  0.000500269826  0.000000000000  0.000000000000  0.001000773409  0.004011458792  0.000000000000  0.000000000000  0.000000000000  0.000000000000  0.000000000000  0.000000000000  0.000000000000  0.000000000000  

