30
piranga_rubra_ku26592 0.000000000000  0.000000000000  0.004056354730  0.001279031043  0.000000000000  0.002562990347  0.004134955406  0.002562990347  0.000000000000  0.004056354730  0.005549601878  0.000000000000  0.000000000000  0.000000000000  0.002562990347  0.000000000000  0.000000000000  0.000000000000  0.000000000000  0.000000000000  0.000000000000  0.000000000000  0.001279031043  0.000000000000  0.000000000000  0.000000000000  0.000000000000  0.000000000000  0.001280669060  0.000000000000  
piranga_flava_ku90809 0.000000000000  0.000000000000  0.003991589294  0.001259696735  0.000000000000  0.002524173687  0.004067676261  0.002524173687  0.000000000000  0.003986285404  0.005549601878  0.001326056683  0.000000000000  0.000000000000  0.002524173687  0.000000000000  0.000000000000  0.000000000000  0.000000000000  0.000000000000  0.000000000000  0.000000000000  0.001259696735  0.001257678756  0.000000000000  0.000000000000  0.000000000000  0.000000000000  0.001261285573  0.000000000000  
piranga_ludoviciana_sdsu2385 0.004056354730  0.003991589294  0.000000000000  0.005328543439  0.003996907317  0.006676096464  0.004067676261  0.006676096464  0.004319156170  0.000000000000  0.000000000000  0.004221902161  0.003991589294  0.005212138036  0.006676096464  0.004826411762  0.004140328235  0.000000000000  0.000000000000  0.000000000000  0.003991589294  0.003991589294  0.005328543439  0.003991589294  0.003996907317  0.005468670824  0.000000000000  0.000000000000  0.005335651302  0.000000000000  
piranga_rubriceps_lsu265 0.001279031043  0.001259696735  0.005328543439  0.000000000000  0.001259696735  0.003791202920  0.005432125670  0.003791202920  0.001357143387  0.005328543439  0.005549601878  0.001328300261  0.001259696735  0.000000000000  0.003791202920  0.001506383108  0.001304049866  0.001370159922  0.000000000000  0.001370159922  0.001258111894  0.001259696735  0.000000000000  0.001259696735  0.001259696735  0.000000000000  0.000000000000  0.001370159922  0.002526264975  0.001370159922  
piranga_leucoptera_lsu7783 0.000000000000  0.000000000000  0.003996907317  0.001259696735  0.000000000000  0.002524173687  0.004073199120  0.002524173687  0.000000000000  0.003996907317  0.005549601878  0.000000000000  0.000000000000  0.000000000000  0.002524173687  0.000000000000  0.000000000000  0.000000000000  0.000000000000  0.000000000000  0.000000000000  0.000000000000  0.001259696735  0.000000000000  0.000000000000  0.000000000000  0.000000000000  0.000000000000  0.001261285573  0.000000000000  
cardinalis_cardinalis_ku25393 0.002562990347  0.002524173687  0.006676096464  0.003791202920  0.002524173687  0.000000000000  0.006801958154  0.000000000000  0.002716142446  0.006676096464  0.007411908253  0.002661916269  0.002524173687  0.001618537562  0.005058972086  0.001506383108  0.002613222920  0.002742211323  0.001661566539  0.002745976354  0.002524173687  0.002524173687  0.003791202920  0.002524173687  0.002524173687  0.001692500808  0.002268389440  0.002745976354  0.003791202920  0.002745976354  
piranga_olivacea_ku2699 0.004134955406  0.004067676261  0.004067676261  0.005432125670  0.004073199120  0.006801958154  0.000000000000  0.006801958154  0.004408384747  0.004067676261  0.005708635563  0.004307117587  0.004067676261  0.005342640338  0.006801958154  0.004938103718  0.004222250167  0.000000000000  0.005080264251  0.000000000000  0.004067676261  0.004067676261  0.005432125670  0.004067676261  0.004073199120  0.005612514783  0.000000000000  0.000000000000  0.005439512797  0.000000000000  
cardinalis_cardinalis_ku21828 0.002562990347  0.002524173687  0.006676096464  0.003791202920  0.002524173687  0.000000000000  0.006801958154  0.000000000000  0.002716142446  0.006676096464  0.007411908253  0.002661916269  0.002524173687  0.001618537562  0.005058972086  0.001506383108  0.002613222920  0.002742211323  0.001661566539  0.002745976354  0.002524173687  0.002524173687  0.003791202920  0.002524173687  0.002524173687  0.001692500808  0.002268389440  0.002745976354  0.003791202920  0.002745976354  
piranga_rubra_ku7046 0.000000000000  0.000000000000  0.004319156170  0.001357143387  0.000000000000  0.002716142446  0.004408384747  0.002716142446  0.000000000000  0.004319156170  0.005549601878  0.000000000000  0.000000000000  0.000000000000  0.002716142446  0.000000000000  0.000000000000  0.000000000000  0.000000000000  0.000000000000  0.000000000000  0.000000000000  0.001357143387  0.000000000000  0.000000000000  0.000000000000  0.000000000000  0.000000000000  0.001357143387  0.000000000000  
piranga_bidentata_hgoslp104 0.004056354730  0.003986285404  0.000000000000  0.005328543439  0.003996907317  0.006676096464  0.004067676261  0.006676096464  0.004319156170  0.000000000000  0.000000000000  0.005627798419  0.003986285404  0.005212138036  0.006676096464  0.004826411762  0.004134621983  0.000000000000  0.000000000000  0.000000000000  0.003991589294  0.003986285404  0.005328543439  0.005320862756  0.003996907317  0.005468670824  0.000000000000  0.000000000000  0.005335651302  0.000000000000  
piranga_ludoviciana_sdsu2648 0.005549601878  0.005549601878  0.000000000000  0.005549601878  0.005549601878  0.007411908253  0.005708635563  0.007411908253  0.005549601878  0.000000000000  0.000000000000  0.005549601878  0.005549601878  0.005549601878  0.007411908253  0.005549601878  0.005549601878  0.000000000000  0.000000000000  0.000000000000  0.005549601878  0.005549601878  0.005549601878  0.005549601878  0.005549601878  0.005549601878  0.000000000000  0.000000000000  0.007411908253  0.000000000000  
piranga_roseogularis_ku2049 0.000000000000  0.001326056683  0.004221902161  0.001328300261  0.000000000000  0.002661916269  0.004307117587  0.002661916269  0.000000000000  0.005627798419  0.005549601878  0.000000000000  0.001326056683  0.000000000000  0.002661916269  0.000000000000  0.001326056683  0.000000000000  0.000000000000  0.000000000000  0.000000000000  0.001326056683  0.001328300261  0.000000000000  0.000000000000  0.000000000000  0.000000000000  0.000000000000  0.001330066991  0.000000000000  
piranga_hepatica_ku4970 0.000000000000  0.000000000000  0.003991589294  0.001259696735  0.000000000000  0.002524173687  0.004067676261  0.002524173687  0.000000000000  0.003986285404  0.005549601878  0.001326056683  0.000000000000  0.000000000000  0.002524173687  0.000000000000  0.000000000000  0.000000000000  0.000000000000  0.000000000000  0.000000000000  0.000000000000  0.001259696735  0.001257678756  0.000000000000  0.000000000000  0.000000000000  0.000000000000  0.001261285573  0.000000000000  
piranga_hepatica_ku9084 0.000000000000  0.000000000000  0.005212138036  0.000000000000  0.000000000000  0.001618537562  0.005342640338  0.001618537562  0.000000000000  0.005212138036  0.005549601878  0.000000000000  0.000000000000  0.000000000000  0.001618537562  0.000000000000  0.000000000000  0.000000000000  0.000000000000  0.000000000000  0.000000000000  0.000000000000  0.000000000000  0.000000000000  0.000000000000  0.000000000000  0.000000000000  0.000000000000  0.001618537562  0.000000000000  
piranga_rubra_sdsu2654 0.002562990347  0.002524173687  0.006676096464  0.003791202920  0.002524173687  0.005058972086  0.006801958154  0.005058972086  0.002716142446  0.006676096464  0.007411908253  0.002661916269  0.002524173687  0.001618537562  0.000000000000  0.001506383108  0.002613222920  0.002742211323  0.001661566539  0.002745976354  0.002524173687  0.002524173687  0.003791202920  0.002524173687  0.002524173687  0.001692500808  0.002268389440  0.002745976354  0.001260850247  0.002745976354  
piranga_flava_lsu15408 0.000000000000  0.000000000000  0.004826411762  0.001506383108  0.000000000000  0.001506383108  0.004938103718  0.001506383108  0.000000000000  0.004826411762  0.005549601878  0.000000000000  0.000000000000  0.000000000000  0.001506383108  0.000000000000  0.000000000000  0.000000000000  0.000000000000  0.000000000000  0.000000000000  0.000000000000  0.001506383108  0.000000000000  0.000000000000  0.000000000000  0.000000000000  0.000000000000  0.001506383108  0.000000000000  
piranga_lutea_lsu5400 0.000000000000  0.000000000000  0.004140328235  0.001304049866  0.000000000000  0.002613222920  0.004222250167  0.002613222920  0.000000000000  0.004134621983  0.005549601878  0.001326056683  0.000000000000  0.000000000000  0.002613222920  0.000000000000  0.000000000000  0.000000000000  0.000000000000  0.000000000000  0.000000000000  0.000000000000  0.001304049866  0.001301887398  0.000000000000  0.000000000000  0.000000000000  0.000000000000  0.001305752634  0.000000000000  
piranga_olivacea_ku4672 0.000000000000  0.000000000000  0.000000000000  0.001370159922  0.000000000000  0.002742211323  0.000000000000  0.002742211323  0.000000000000  0.000000000000  0.000000000000  0.000000000000  0.000000000000  0.000000000000  0.002742211323  0.000000000000  0.000000000000  0.000000000000  0.000000000000  0.000000000000  0.000000000000  0.000000000000  0.001370159922  0.000000000000  0.000000000000  0.000000000000  0.000000000000  0.000000000000  0.001370159922  0.000000000000  
piranga_ludoviciana_sdsu2208 0.000000000000  0.000000000000  0.000000000000  0.000000000000  0.000000000000  0.001661566539  0.005080264251  0.001661566539  0.000000000000  0.000000000000  0.000000000000  0.000000000000  0.000000000000  0.000000000000  0.001661566539  0.000000000000  0.000000000000  0.000000000000  0.000000000000  0.000000000000  0.000000000000  0.000000000000  0.000000000000  0.000000000000  0.000000000000  0.000000000000  0.000000000000  0.000000000000  0.001661566539  0.000000000000  
piranga_bidentata_itm160 0.000000000000  0.000000000000  0.000000000000  0.001370159922  0.000000000000  0.002745976354  0.000000000000  0.002745976354  0.000000000000  0.000000000000  0.000000000000  0.000000000000  0.000000000000  0.000000000000  0.002745976354  0.000000000000  0.000000000000  0.000000000000  0.000000000000  0.000000000000  0.000000000000  0.000000000000  0.001370159922  0.000000000000  0.000000000000  0.000000000000  0.000000000000  0.000000000000  0.001372039838  0.000000000000  
piranga_leucoptera_fmnh481795 0.000000000000  0.000000000000  0.003991589294  0.001258111894  0.000000000000  0.002524173687  0.004067676261  0.002524173687  0.000000000000  0.003991589294  0.005549601878  0.000000000000  0.000000000000  0.000000000000  0.002524173687  0.000000000000  0.000000000000  0.000000000000  0.000000000000  0.000000000000  0.000000000000  0.000000000000  0.001258111894  0.000000000000  0.000000000000  0.000000000000  0.000000000000  0.000000000000  0.001261285573  0.000000000000  
piranga_lutea_ku89864 0.000000000000  0.000000000000  0.003991589294  0.001259696735  0.000000000000  0.002524173687  0.004067676261  0.002524173687  0.000000000000  0.003986285404  0.005549601878  0.001326056683  0.000000000000  0.000000000000  0.002524173687  0.000000000000  0.000000000000  0.000000000000  0.000000000000  0.000000000000  0.000000000000  0.000000000000  0.001259696735  0.001257678756  0.000000000000  0.000000000000  0.000000000000  0.000000000000  0.001261285573  0.000000000000  
piranga_rubriceps_lsu34818 0.001279031043  0.001259696735  0.005328543439  0.000000000000  0.001259696735  0.003791202920  0.005432125670  0.003791202920  0.001357143387  0.005328543439  0.005549601878  0.001328300261  0.001259696735  0.000000000000  0.003791202920  0.001506383108  0.001304049866  0.001370159922  0.000000000000  0.001370159922  0.001258111894  0.001259696735  0.000000000000  0.001259696735  0.001259696735  0.000000000000  0.000000000000  0.001370159922  0.002526264975  0.001370159922  
piranga_roseogularis_ku2141 0.000000000000  0.001257678756  0.003991589294  0.001259696735  0.000000000000  0.002524173687  0.004067676261  0.002524173687  0.000000000000  0.005320862756  0.005549601878  0.000000000000  0.001257678756  0.000000000000  0.002524173687  0.000000000000  0.001301887398  0.000000000000  0.000000000000  0.000000000000  0.000000000000  0.001257678756  0.001259696735  0.000000000000  0.000000000000  0.000000000000  0.000000000000  0.000000000000  0.001261285573  0.000000000000  
piranga_erythrocephala_fmnh343371 0.000000000000  0.000000000000  0.003996907317  0.001259696735  0.000000000000  0.002524173687  0.004073199120  0.002524173687  0.000000000000  0.003996907317  0.005549601878  0.000000000000  0.000000000000  0.000000000000  0.002524173687  0.000000000000  0.000000000000  0.000000000000  0.000000000000  0.000000000000  0.000000000000  0.000000000000  0.001259696735  0.000000000000  0.000000000000  0.000000000000  0.000000000000  0.000000000000  0.001261285573  0.000000000000  
piranga_erythrocephala_fmnh343370 0.000000000000  0.000000000000  0.005468670824  0.000000000000  0.000000000000  0.001692500808  0.005612514783  0.001692500808  0.000000000000  0.005468670824  0.005549601878  0.000000000000  0.000000000000  0.000000000000  0.001692500808  0.000000000000  0.000000000000  0.000000000000  0.000000000000  0.000000000000  0.000000000000  0.000000000000  0.000000000000  0.000000000000  0.000000000000  0.000000000000  0.000000000000  0.000000000000  0.001692500808  0.000000000000  
piranga_ludoviciana_sdsu2650 0.000000000000  0.000000000000  0.000000000000  0.000000000000  0.000000000000  0.002268389440  0.000000000000  0.002268389440  0.000000000000  0.000000000000  0.000000000000  0.000000000000  0.000000000000  0.000000000000  0.002268389440  0.000000000000  0.000000000000  0.000000000000  0.000000000000  0.000000000000  0.000000000000  0.000000000000  0.000000000000  0.000000000000  0.000000000000  0.000000000000  0.000000000000  0.000000000000  0.002268389440  0.000000000000  
piranga_bidentata_tepe59 0.000000000000  0.000000000000  0.000000000000  0.001370159922  0.000000000000  0.002745976354  0.000000000000  0.002745976354  0.000000000000  0.000000000000  0.000000000000  0.000000000000  0.000000000000  0.000000000000  0.002745976354  0.000000000000  0.000000000000  0.000000000000  0.000000000000  0.000000000000  0.000000000000  0.000000000000  0.001370159922  0.000000000000  0.000000000000  0.000000000000  0.000000000000  0.000000000000  0.001372039838  0.000000000000  
piranga_rubra_sdsu2635 0.001280669060  0.001261285573  0.005335651302  0.002526264975  0.001261285573  0.003791202920  0.005439512797  0.003791202920  0.001357143387  0.005335651302  0.007411908253  0.001330066991  0.001261285573  0.001618537562  0.001260850247  0.001506383108  0.001305752634  0.001370159922  0.001661566539  0.001372039838  0.001261285573  0.001261285573  0.002526264975  0.001261285573  0.001261285573  0.001692500808  0.002268389440  0.001372039838  0.000000000000  0.001372039838  
piranga_bidentata_itm141 0.000000000000  0.000000000000  0.000000000000  0.001370159922  0.000000000000  0.002745976354  0.000000000000  0.002745976354  0.000000000000  0.000000000000  0.000000000000  0.000000000000  0.000000000000  0.000000000000  0.002745976354  0.000000000000  0.000000000000  0.000000000000  0.000000000000  0.000000000000  0.000000000000  0.000000000000  0.001370159922  0.000000000000  0.000000000000  0.000000000000  0.000000000000  0.000000000000  0.001372039838  0.000000000000  

