30
cardinalis_cardinalis_ku21828 0.000000000000  0.000000000000  0.001502425578  0.003513244030  0.001502425578  0.005024390689  0.005024390689  0.001502425578  0.001001077260  0.002004315241  0.001501770759  0.001501770759  0.001501770759  0.002003370629  0.003008197211  0.003008197211  0.003008197211  0.005527243295  0.004517543708  0.003008197211  0.004015200746  0.004519521824  0.004015200746  0.004015200746  0.004015200746  0.004015200746  0.004015200746  0.004015200746  0.004015200746  0.004519521824  
cardinalis_cardinalis_ku25393 0.000000000000  0.000000000000  0.001502425578  0.003513244030  0.001502425578  0.005024390689  0.005024390689  0.001502425578  0.001001077260  0.002004315241  0.001501770759  0.001501770759  0.001501770759  0.002003370629  0.003008197211  0.003008197211  0.003008197211  0.005527243295  0.004517543708  0.003008197211  0.004015200746  0.004519521824  0.004015200746  0.004015200746  0.004015200746  0.004015200746  0.004015200746  0.004015200746  0.004015200746  0.004519521824  
piranga_leucoptera_fmnh481795 0.001502425578  0.001502425578  0.000000000000  0.002004315241  0.000000000000  0.003511426270  0.003511426270  0.000000000000  0.000500269122  0.001502425578  0.001000711610  0.001000711610  0.001000711610  0.001501770759  0.002505512389  0.002505512389  0.002505512389  0.005022119330  0.004013515237  0.002505512389  0.003511426270  0.004015200746  0.003511426270  0.003511426270  0.003511426270  0.003511426270  0.003511426270  0.003511426270  0.003511426270  0.004015200746  
piranga_erythrocephala_fmnh343371 0.003513244030  0.003513244030  0.002004315241  0.000000000000  0.002004315241  0.005529808535  0.005529808535  0.002004315241  0.002506747421  0.003513244030  0.003008197211  0.003008197211  0.003008197211  0.003511426270  0.004519521824  0.004519521824  0.004519521824  0.007045917189  0.006032916794  0.004519521824  0.005529808535  0.006035776555  0.005529808535  0.005529808535  0.005529808535  0.005529808535  0.005529808535  0.005529808535  0.005529808535  0.006035776555  
piranga_erythrocephala_fmnh343370 0.001502425578  0.001502425578  0.000000000000  0.002004315241  0.000000000000  0.003511426270  0.003511426270  0.000000000000  0.000500269122  0.001502425578  0.001000711610  0.001000711610  0.001000711610  0.001501770759  0.002505512389  0.002505512389  0.002505512389  0.005022119330  0.004013515237  0.002505512389  0.003511426270  0.004015200746  0.003511426270  0.003511426270  0.003511426270  0.003511426270  0.003511426270  0.003511426270  0.003511426270  0.004015200746  
piranga_rubriceps_lsu265 0.005024390689  0.005024390689  0.003511426270  0.005529808535  0.003511426270  0.000000000000  0.000000000000  0.003511426270  0.004015200746  0.005024390689  0.004517543708  0.004517543708  0.004517543708  0.005022119330  0.006032916794  0.006032916794  0.006032916794  0.008565655322  0.007549926625  0.006032916794  0.007045917189  0.007553246491  0.007045917189  0.007045917189  0.007045917189  0.007045917189  0.007045917189  0.007045917189  0.007045917189  0.007553246491  
piranga_rubriceps_lsu34818 0.005024390689  0.005024390689  0.003511426270  0.005529808535  0.003511426270  0.000000000000  0.000000000000  0.003511426270  0.004015200746  0.005024390689  0.004517543708  0.004517543708  0.004517543708  0.005022119330  0.006032916794  0.006032916794  0.006032916794  0.008565655322  0.007549926625  0.006032916794  0.007045917189  0.007553246491  0.007045917189  0.007045917189  0.007045917189  0.007045917189  0.007045917189  0.007045917189  0.007045917189  0.007553246491  
piranga_leucoptera_lsu7783 0.001502425578  0.001502425578  0.000000000000  0.002004315241  0.000000000000  0.003511426270  0.003511426270  0.000000000000  0.000500269122  0.001502425578  0.001000711610  0.001000711610  0.001000711610  0.001501770759  0.002505512389  0.002505512389  0.002505512389  0.005022119330  0.004013515237  0.002505512389  0.003511426270  0.004015200746  0.003511426270  0.003511426270  0.003511426270  0.003511426270  0.003511426270  0.003511426270  0.003511426270  0.004015200746  
piranga_roseogularis_ku2141 0.001001077260  0.001001077260  0.000500269122  0.002506747421  0.000500269122  0.004015200746  0.004015200746  0.000500269122  0.000000000000  0.001001077260  0.000500192018  0.000500192018  0.000500192018  0.001000711610  0.002003370629  0.002003370629  0.002003370629  0.004517543708  0.003510032734  0.002003370629  0.003008197211  0.003511426270  0.003008197211  0.003008197211  0.003008197211  0.003008197211  0.003008197211  0.003008197211  0.003008197211  0.003511426270  
piranga_roseogularis_ku2049 0.002004315241  0.002004315241  0.001502425578  0.003513244030  0.001502425578  0.005024390689  0.005024390689  0.001502425578  0.001001077260  0.000000000000  0.001501770759  0.001501770759  0.001501770759  0.002003370629  0.003008197211  0.003008197211  0.003008197211  0.005527243295  0.004517543708  0.003008197211  0.004015200746  0.004519521824  0.004015200746  0.004015200746  0.004015200746  0.004015200746  0.004015200746  0.004015200746  0.004015200746  0.004519521824  
piranga_bidentata_tepe59 0.001501770759  0.001501770759  0.001000711610  0.003008197211  0.001000711610  0.004517543708  0.004517543708  0.001000711610  0.000500192018  0.001501770759  0.000000000000  0.000000000000  0.000000000000  0.000500269122  0.001502425578  0.001502425578  0.001502425578  0.004015200746  0.003008197211  0.001502425578  0.002506747421  0.003009723291  0.002506747421  0.002506747421  0.002506747421  0.002506747421  0.002506747421  0.002506747421  0.002506747421  0.003009723291  
piranga_bidentata_itm160 0.001501770759  0.001501770759  0.001000711610  0.003008197211  0.001000711610  0.004517543708  0.004517543708  0.001000711610  0.000500192018  0.001501770759  0.000000000000  0.000000000000  0.000000000000  0.000500269122  0.001502425578  0.001502425578  0.001502425578  0.004015200746  0.003008197211  0.001502425578  0.002506747421  0.003009723291  0.002506747421  0.002506747421  0.002506747421  0.002506747421  0.002506747421  0.002506747421  0.002506747421  0.003009723291  
piranga_bidentata_hgoslp104 0.001501770759  0.001501770759  0.001000711610  0.003008197211  0.001000711610  0.004517543708  0.004517543708  0.001000711610  0.000500192018  0.001501770759  0.000000000000  0.000000000000  0.000000000000  0.000500269122  0.001502425578  0.001502425578  0.001502425578  0.004015200746  0.003008197211  0.001502425578  0.002506747421  0.003009723291  0.002506747421  0.002506747421  0.002506747421  0.002506747421  0.002506747421  0.002506747421  0.002506747421  0.003009723291  
piranga_bidentata_itm141 0.002003370629  0.002003370629  0.001501770759  0.003511426270  0.001501770759  0.005022119330  0.005022119330  0.001501770759  0.001000711610  0.002003370629  0.000500269122  0.000500269122  0.000500269122  0.000000000000  0.002004315241  0.002004315241  0.002004315241  0.004519521824  0.003511426270  0.002004315241  0.003009723291  0.003513244030  0.003009723291  0.003009723291  0.003009723291  0.003009723291  0.003009723291  0.003009723291  0.003009723291  0.003513244030  
piranga_ludoviciana_sdsu2648 0.003008197211  0.003008197211  0.002505512389  0.004519521824  0.002505512389  0.006032916794  0.006032916794  0.002505512389  0.002003370629  0.003008197211  0.001502425578  0.001502425578  0.001502425578  0.002004315241  0.000000000000  0.000000000000  0.000000000000  0.002505512389  0.001501770759  0.000000000000  0.001001077260  0.001502425578  0.001001077260  0.001001077260  0.001001077260  0.001001077260  0.001001077260  0.001001077260  0.001001077260  0.001502425578  
piranga_flava_ku90809 0.003008197211  0.003008197211  0.002505512389  0.004519521824  0.002505512389  0.006032916794  0.006032916794  0.002505512389  0.002003370629  0.003008197211  0.001502425578  0.001502425578  0.001502425578  0.002004315241  0.000000000000  0.000000000000  0.000000000000  0.002505512389  0.001501770759  0.000000000000  0.001001077260  0.001502425578  0.001001077260  0.001001077260  0.001001077260  0.001001077260  0.001001077260  0.001001077260  0.001001077260  0.001502425578  
piranga_lutea_ku89864 0.003008197211  0.003008197211  0.002505512389  0.004519521824  0.002505512389  0.006032916794  0.006032916794  0.002505512389  0.002003370629  0.003008197211  0.001502425578  0.001502425578  0.001502425578  0.002004315241  0.000000000000  0.000000000000  0.000000000000  0.002505512389  0.001501770759  0.000000000000  0.001001077260  0.001502425578  0.001001077260  0.001001077260  0.001001077260  0.001001077260  0.001001077260  0.001001077260  0.001001077260  0.001502425578  
piranga_ludoviciana_sdsu2650 0.005527243295  0.005527243295  0.005022119330  0.007045917189  0.005022119330  0.008565655322  0.008565655322  0.005022119330  0.004517543708  0.005527243295  0.004015200746  0.004015200746  0.004015200746  0.004519521824  0.002505512389  0.002505512389  0.002505512389  0.000000000000  0.004013515237  0.002505512389  0.003511426270  0.004015200746  0.003511426270  0.003511426270  0.003511426270  0.003511426270  0.003511426270  0.003511426270  0.003511426270  0.004015200746  
piranga_ludoviciana_sdsu2385 0.004517543708  0.004517543708  0.004013515237  0.006032916794  0.004013515237  0.007549926625  0.007549926625  0.004013515237  0.003510032734  0.004517543708  0.003008197211  0.003008197211  0.003008197211  0.003511426270  0.001501770759  0.001501770759  0.001501770759  0.004013515237  0.000000000000  0.001501770759  0.002505512389  0.003008197211  0.002505512389  0.002505512389  0.002505512389  0.002505512389  0.002505512389  0.002505512389  0.002505512389  0.003008197211  
piranga_hepatica_ku9084 0.003008197211  0.003008197211  0.002505512389  0.004519521824  0.002505512389  0.006032916794  0.006032916794  0.002505512389  0.002003370629  0.003008197211  0.001502425578  0.001502425578  0.001502425578  0.002004315241  0.000000000000  0.000000000000  0.000000000000  0.002505512389  0.001501770759  0.000000000000  0.001001077260  0.001502425578  0.001001077260  0.001001077260  0.001001077260  0.001001077260  0.001001077260  0.001001077260  0.001001077260  0.001502425578  
piranga_flava_lsu15408 0.004015200746  0.004015200746  0.003511426270  0.005529808535  0.003511426270  0.007045917189  0.007045917189  0.003511426270  0.003008197211  0.004015200746  0.002506747421  0.002506747421  0.002506747421  0.003009723291  0.001001077260  0.001001077260  0.001001077260  0.003511426270  0.002505512389  0.001001077260  0.000000000000  0.000500269122  0.000000000000  0.000000000000  0.000000000000  0.000000000000  0.000000000000  0.000000000000  0.000000000000  0.000500269122  
piranga_lutea_lsu5400 0.004519521824  0.004519521824  0.004015200746  0.006035776555  0.004015200746  0.007553246491  0.007553246491  0.004015200746  0.003511426270  0.004519521824  0.003009723291  0.003009723291  0.003009723291  0.003513244030  0.001502425578  0.001502425578  0.001502425578  0.004015200746  0.003008197211  0.001502425578  0.000500269122  0.000000000000  0.000500269122  0.000500269122  0.000500269122  0.000500269122  0.000500269122  0.000500269122  0.000500269122  0.001001077260  
piranga_rubra_ku7046 0.004015200746  0.004015200746  0.003511426270  0.005529808535  0.003511426270  0.007045917189  0.007045917189  0.003511426270  0.003008197211  0.004015200746  0.002506747421  0.002506747421  0.002506747421  0.003009723291  0.001001077260  0.001001077260  0.001001077260  0.003511426270  0.002505512389  0.001001077260  0.000000000000  0.000500269122  0.000000000000  0.000000000000  0.000000000000  0.000000000000  0.000000000000  0.000000000000  0.000000000000  0.000500269122  
piranga_hepatica_ku4970 0.004015200746  0.004015200746  0.003511426270  0.005529808535  0.003511426270  0.007045917189  0.007045917189  0.003511426270  0.003008197211  0.004015200746  0.002506747421  0.002506747421  0.002506747421  0.003009723291  0.001001077260  0.001001077260  0.001001077260  0.003511426270  0.002505512389  0.001001077260  0.000000000000  0.000500269122  0.000000000000  0.000000000000  0.000000000000  0.000000000000  0.000000000000  0.000000000000  0.000000000000  0.000500269122  
piranga_rubra_sdsu2654 0.004015200746  0.004015200746  0.003511426270  0.005529808535  0.003511426270  0.007045917189  0.007045917189  0.003511426270  0.003008197211  0.004015200746  0.002506747421  0.002506747421  0.002506747421  0.003009723291  0.001001077260  0.001001077260  0.001001077260  0.003511426270  0.002505512389  0.001001077260  0.000000000000  0.000500269122  0.000000000000  0.000000000000  0.000000000000  0.000000000000  0.000000000000  0.000000000000  0.000000000000  0.000500269122  
piranga_rubra_sdsu2635 0.004015200746  0.004015200746  0.003511426270  0.005529808535  0.003511426270  0.007045917189  0.007045917189  0.003511426270  0.003008197211  0.004015200746  0.002506747421  0.002506747421  0.002506747421  0.003009723291  0.001001077260  0.001001077260  0.001001077260  0.003511426270  0.002505512389  0.001001077260  0.000000000000  0.000500269122  0.000000000000  0.000000000000  0.000000000000  0.000000000000  0.000000000000  0.000000000000  0.000000000000  0.000500269122  
piranga_olivacea_ku4672 0.004015200746  0.004015200746  0.003511426270  0.005529808535  0.003511426270  0.007045917189  0.007045917189  0.003511426270  0.003008197211  0.004015200746  0.002506747421  0.002506747421  0.002506747421  0.003009723291  0.001001077260  0.001001077260  0.001001077260  0.003511426270  0.002505512389  0.001001077260  0.000000000000  0.000500269122  0.000000000000  0.000000000000  0.000000000000  0.000000000000  0.000000000000  0.000000000000  0.000000000000  0.000500269122  
piranga_ludoviciana_sdsu2208 0.004015200746  0.004015200746  0.003511426270  0.005529808535  0.003511426270  0.007045917189  0.007045917189  0.003511426270  0.003008197211  0.004015200746  0.002506747421  0.002506747421  0.002506747421  0.003009723291  0.001001077260  0.001001077260  0.001001077260  0.003511426270  0.002505512389  0.001001077260  0.000000000000  0.000500269122  0.000000000000  0.000000000000  0.000000000000  0.000000000000  0.000000000000  0.000000000000  0.000000000000  0.000500269122  
piranga_olivacea_ku2699 0.004015200746  0.004015200746  0.003511426270  0.005529808535  0.003511426270  0.007045917189  0.007045917189  0.003511426270  0.003008197211  0.004015200746  0.002506747421  0.002506747421  0.002506747421  0.003009723291  0.001001077260  0.001001077260  0.001001077260  0.003511426270  0.002505512389  0.001001077260  0.000000000000  0.000500269122  0.000000000000  0.000000000000  0.000000000000  0.000000000000  0.000000000000  0.000000000000  0.000000000000  0.000500269122  
piranga_rubra_ku26592 0.004519521824  0.004519521824  0.004015200746  0.006035776555  0.004015200746  0.007553246491  0.007553246491  0.004015200746  0.003511426270  0.004519521824  0.003009723291  0.003009723291  0.003009723291  0.003513244030  0.001502425578  0.001502425578  0.001502425578  0.004015200746  0.003008197211  0.001502425578  0.000500269122  0.001001077260  0.000500269122  0.000500269122  0.000500269122  0.000500269122  0.000500269122  0.000500269122  0.000500269122  0.000000000000  

