30
piranga_rubra_ku26592 0.000000000000  0.001305776061  0.005242206338  0.006558282083  0.003925893316  0.006562590904  0.001613350906  0.007887072280  0.000000000000  0.003925893316  0.003929372407  0.002123919100  0.002615558643  0.009725332324  0.000000000000  0.002696671894  0.001305776061  0.002615558643  0.005469675694  0.005472897944  0.003925893316  0.001305776061  0.005242206338  0.003925893316  0.001565366623  0.002075430491  0.001838817170  0.003925893316  0.000000000000  0.002615558643  
piranga_flava_ku90809 0.001305776061  0.000000000000  0.003820889920  0.005099194817  0.002543816509  0.005101795392  0.000000000000  0.006386555991  0.001869760549  0.002543816509  0.002545646411  0.000000000000  0.001270925606  0.006458874197  0.001328324505  0.000000000000  0.000000000000  0.001270925606  0.003638652239  0.003641530575  0.002543816509  0.000000000000  0.003820889920  0.002613626804  0.000000000000  0.000000000000  0.000000000000  0.002543816509  0.001270925606  0.001270925606  
piranga_ludoviciana_sdsu2385 0.005242206338  0.003820889920  0.000000000000  0.003820889920  0.001270925606  0.006382475798  0.001613350906  0.007669626242  0.003747746901  0.001270925606  0.001270552300  0.002123919100  0.002543816509  0.003217221390  0.005333067710  0.002696671894  0.003820889920  0.002543816509  0.001815449181  0.001818751036  0.001270925606  0.003820889920  0.002545646411  0.001305776061  0.001515546466  0.002075430491  0.001770450826  0.001270925606  0.005101795392  0.002543816509  
piranga_rubriceps_lsu265 0.006558282083  0.005099194817  0.003820889920  0.000000000000  0.002543816509  0.007666242416  0.003229870660  0.008955791611  0.005626876203  0.002543816509  0.005099194817  0.004253334889  0.006382475798  0.006458874197  0.006672052406  0.005402213505  0.005099194817  0.003819760101  0.007298813264  0.000000000000  0.002543816509  0.005099194817  0.001270552300  0.002613626804  0.003033888753  0.004156109121  0.003544718710  0.002543816509  0.006382475798  0.003819760101  
piranga_leucoptera_lsu7783 0.003925893316  0.002543816509  0.001270925606  0.002543816509  0.000000000000  0.005099194817  0.000000000000  0.006382475798  0.001869760549  0.000000000000  0.002543816509  0.000000000000  0.003820889920  0.006458874197  0.003993837672  0.000000000000  0.002543816509  0.001270552300  0.003638652239  0.000000000000  0.000000000000  0.002543816509  0.001270925606  0.000000000000  0.000000000000  0.000000000000  0.000000000000  0.000000000000  0.003820889920  0.001270552300  
cardinalis_cardinalis_ku25393 0.006562590904  0.005101795392  0.006382475798  0.007666242416  0.005099194817  0.000000000000  0.004853141393  0.001270925606  0.007518317120  0.005099194817  0.005101795392  0.006394479360  0.006386555991  0.016293319357  0.006676512524  0.008126714573  0.005101795392  0.003820889920  0.009142624488  0.007306802526  0.005099194817  0.005101795392  0.006382475798  0.005239460276  0.004558185520  0.006247984413  0.005327122465  0.005099194817  0.006386555991  0.003820889920  
piranga_olivacea_ku2699 0.001613350906  0.000000000000  0.001613350906  0.003229870660  0.000000000000  0.004853141393  0.000000000000  0.006482608479  0.001869760549  0.000000000000  0.001613350906  0.000000000000  0.001613350906  0.006458874197  0.001613350906  0.000000000000  0.000000000000  0.000000000000  0.003678810218  0.000000000000  0.000000000000  0.000000000000  0.001613350906  0.000000000000  0.000000000000  0.000000000000  0.000000000000  0.000000000000  0.001613350906  0.000000000000  
cardinalis_cardinalis_ku21828 0.007887072280  0.006386555991  0.007669626242  0.008955791611  0.006382475798  0.001270925606  0.006482608479  0.000000000000  0.009418176136  0.006382475798  0.006386555991  0.008546417669  0.007675194993  0.019626523970  0.008024198728  0.010868716338  0.006386555991  0.005101795392  0.010994434287  0.009150962485  0.006382475798  0.006386555991  0.007669626242  0.006558282083  0.006087944797  0.008350161313  0.007116999807  0.006382475798  0.007675194993  0.005101795392  
piranga_rubra_ku7046 0.000000000000  0.001869760549  0.003747746901  0.005626876203  0.001869760549  0.007518317120  0.001869760549  0.009418176136  0.000000000000  0.001869760549  0.003747746901  0.002123919100  0.003747746901  0.009725332324  0.000000000000  0.002696671894  0.001869760549  0.001869760549  0.005634031751  0.002305062888  0.001869760549  0.001869760549  0.003747746901  0.001869760549  0.001909024213  0.002155972952  0.002331939288  0.001869760549  0.000000000000  0.001869760549  
piranga_bidentata_hgoslp104 0.003925893316  0.002543816509  0.001270925606  0.002543816509  0.000000000000  0.005099194817  0.000000000000  0.006382475798  0.001869760549  0.000000000000  0.002543816509  0.000000000000  0.003820889920  0.006458874197  0.003993837672  0.000000000000  0.002543816509  0.001270552300  0.003638652239  0.000000000000  0.000000000000  0.002543816509  0.001270925606  0.000000000000  0.000000000000  0.000000000000  0.000000000000  0.000000000000  0.003820889920  0.001270552300  
piranga_ludoviciana_sdsu2648 0.003929372407  0.002545646411  0.001270552300  0.005099194817  0.002543816509  0.005101795392  0.001613350906  0.006386555991  0.003747746901  0.002543816509  0.000000000000  0.002123919100  0.001270925606  0.003217221390  0.003997438401  0.002696671894  0.002545646411  0.001270925606  0.001815449181  0.003641530575  0.002543816509  0.002545646411  0.003820889920  0.002613626804  0.001515546466  0.002075430491  0.001770450826  0.002543816509  0.003824185151  0.001270925606  
piranga_roseogularis_ku2049 0.002123919100  0.000000000000  0.002123919100  0.004253334889  0.000000000000  0.006394479360  0.000000000000  0.008546417669  0.002123919100  0.000000000000  0.002123919100  0.000000000000  0.002123919100  0.006458874197  0.002123919100  0.000000000000  0.000000000000  0.000000000000  0.004258458633  0.000000000000  0.000000000000  0.000000000000  0.002123919100  0.000000000000  0.000000000000  0.000000000000  0.000000000000  0.000000000000  0.002123919100  0.000000000000  
piranga_hepatica_ku4970 0.002615558643  0.001270925606  0.002543816509  0.006382475798  0.003820889920  0.006386555991  0.001613350906  0.007675194993  0.003747746901  0.003820889920  0.001270925606  0.002123919100  0.000000000000  0.003217221390  0.002660795317  0.002696671894  0.001270925606  0.002545646411  0.001815449181  0.005472897944  0.003820889920  0.001270925606  0.005101795392  0.003925893316  0.001515546466  0.002075430491  0.001770450826  0.003820889920  0.002545646411  0.002545646411  
piranga_hepatica_ku9084 0.009725332324  0.006458874197  0.003217221390  0.006458874197  0.006458874197  0.016293319357  0.006458874197  0.019626523970  0.009725332324  0.006458874197  0.003217221390  0.006458874197  0.003217221390  0.000000000000  0.009725332324  0.006458874197  0.006458874197  0.006458874197  0.006458874197  0.006630171321  0.006458874197  0.006458874197  0.006458874197  0.006458874197  0.006458874197  0.006458874197  0.006458874197  0.006458874197  0.009725332324  0.006458874197  
piranga_rubra_sdsu2654 0.000000000000  0.001328324505  0.005333067710  0.006672052406  0.003993837672  0.006676512524  0.001613350906  0.008024198728  0.000000000000  0.003993837672  0.003997438401  0.002123919100  0.002660795317  0.009725332324  0.000000000000  0.002696671894  0.001328324505  0.002660795317  0.005469675694  0.005834813150  0.003993837672  0.001328324505  0.005333067710  0.004108704834  0.001515546466  0.002075430491  0.001770450826  0.003993837672  0.000000000000  0.002660795317  
piranga_flava_lsu15408 0.002696671894  0.000000000000  0.002696671894  0.005402213505  0.000000000000  0.008126714573  0.000000000000  0.010868716338  0.002696671894  0.000000000000  0.002696671894  0.000000000000  0.002696671894  0.006458874197  0.002696671894  0.000000000000  0.000000000000  0.000000000000  0.005410487667  0.000000000000  0.000000000000  0.000000000000  0.002696671894  0.000000000000  0.000000000000  0.000000000000  0.000000000000  0.000000000000  0.002696671894  0.000000000000  
piranga_lutea_lsu5400 0.001305776061  0.000000000000  0.003820889920  0.005099194817  0.002543816509  0.005101795392  0.000000000000  0.006386555991  0.001869760549  0.002543816509  0.002545646411  0.000000000000  0.001270925606  0.006458874197  0.001328324505  0.000000000000  0.000000000000  0.001270925606  0.003638652239  0.003641530575  0.002543816509  0.000000000000  0.003820889920  0.002613626804  0.000000000000  0.000000000000  0.000000000000  0.002543816509  0.001270925606  0.001270925606  
piranga_olivacea_ku4672 0.002615558643  0.001270925606  0.002543816509  0.003819760101  0.001270552300  0.003820889920  0.000000000000  0.005101795392  0.001869760549  0.001270552300  0.001270925606  0.000000000000  0.002545646411  0.006458874197  0.002660795317  0.000000000000  0.001270925606  0.000000000000  0.003638652239  0.001817986534  0.001270552300  0.001270925606  0.002543816509  0.001305382001  0.000000000000  0.000000000000  0.000000000000  0.001270552300  0.002545646411  0.000000000000  
piranga_ludoviciana_sdsu2208 0.005469675694  0.003638652239  0.001815449181  0.007298813264  0.003638652239  0.009142624488  0.003678810218  0.010994434287  0.005634031751  0.003638652239  0.001815449181  0.004258458633  0.001815449181  0.006458874197  0.005469675694  0.005410487667  0.003638652239  0.003638652239  0.000000000000  0.004559410233  0.003638652239  0.003638652239  0.005469675694  0.003638652239  0.003754782934  0.004267545291  0.004569828193  0.003638652239  0.005469675694  0.003638652239  
piranga_bidentata_itm160 0.005472897944  0.003641530575  0.001818751036  0.000000000000  0.000000000000  0.007306802526  0.000000000000  0.009150962485  0.002305062888  0.000000000000  0.003641530575  0.000000000000  0.005472897944  0.006630171321  0.005834813150  0.000000000000  0.003641530575  0.001817986534  0.004559410233  0.000000000000  0.000000000000  0.003641530575  0.000000000000  0.000000000000  0.000000000000  0.000000000000  0.000000000000  0.000000000000  0.005472897944  0.001817986534  
piranga_leucoptera_fmnh481795 0.003925893316  0.002543816509  0.001270925606  0.002543816509  0.000000000000  0.005099194817  0.000000000000  0.006382475798  0.001869760549  0.000000000000  0.002543816509  0.000000000000  0.003820889920  0.006458874197  0.003993837672  0.000000000000  0.002543816509  0.001270552300  0.003638652239  0.000000000000  0.000000000000  0.002543816509  0.001270925606  0.000000000000  0.000000000000  0.000000000000  0.000000000000  0.000000000000  0.003820889920  0.001270552300  
piranga_lutea_ku89864 0.001305776061  0.000000000000  0.003820889920  0.005099194817  0.002543816509  0.005101795392  0.000000000000  0.006386555991  0.001869760549  0.002543816509  0.002545646411  0.000000000000  0.001270925606  0.006458874197  0.001328324505  0.000000000000  0.000000000000  0.001270925606  0.003638652239  0.003641530575  0.002543816509  0.000000000000  0.003820889920  0.002613626804  0.000000000000  0.000000000000  0.000000000000  0.002543816509  0.001270925606  0.001270925606  
piranga_rubriceps_lsu34818 0.005242206338  0.003820889920  0.002545646411  0.001270552300  0.001270925606  0.006382475798  0.001613350906  0.007669626242  0.003747746901  0.001270925606  0.003820889920  0.002123919100  0.005101795392  0.006458874197  0.005333067710  0.002696671894  0.003820889920  0.002543816509  0.005469675694  0.000000000000  0.001270925606  0.003820889920  0.000000000000  0.001305776061  0.001515546466  0.002075430491  0.001770450826  0.001270925606  0.005101795392  0.002543816509  
piranga_roseogularis_ku2141 0.003925893316  0.002613626804  0.001305776061  0.002613626804  0.000000000000  0.005239460276  0.000000000000  0.006558282083  0.001869760549  0.000000000000  0.002613626804  0.000000000000  0.003925893316  0.006458874197  0.004108704834  0.000000000000  0.002613626804  0.001305382001  0.003638652239  0.000000000000  0.000000000000  0.002613626804  0.001305776061  0.000000000000  0.000000000000  0.000000000000  0.000000000000  0.000000000000  0.003925893316  0.001305382001  
piranga_erythrocephala_fmnh343371 0.001565366623  0.000000000000  0.001515546466  0.003033888753  0.000000000000  0.004558185520  0.000000000000  0.006087944797  0.001909024213  0.000000000000  0.001515546466  0.000000000000  0.001515546466  0.006458874197  0.001515546466  0.000000000000  0.000000000000  0.000000000000  0.003754782934  0.000000000000  0.000000000000  0.000000000000  0.001515546466  0.000000000000  0.000000000000  0.000000000000  0.000000000000  0.000000000000  0.001515546466  0.000000000000  
piranga_erythrocephala_fmnh343370 0.002075430491  0.000000000000  0.002075430491  0.004156109121  0.000000000000  0.006247984413  0.000000000000  0.008350161313  0.002155972952  0.000000000000  0.002075430491  0.000000000000  0.002075430491  0.006458874197  0.002075430491  0.000000000000  0.000000000000  0.000000000000  0.004267545291  0.000000000000  0.000000000000  0.000000000000  0.002075430491  0.000000000000  0.000000000000  0.000000000000  0.000000000000  0.000000000000  0.002075430491  0.000000000000  
piranga_ludoviciana_sdsu2650 0.001838817170  0.000000000000  0.001770450826  0.003544718710  0.000000000000  0.005327122465  0.000000000000  0.007116999807  0.002331939288  0.000000000000  0.001770450826  0.000000000000  0.001770450826  0.006458874197  0.001770450826  0.000000000000  0.000000000000  0.000000000000  0.004569828193  0.000000000000  0.000000000000  0.000000000000  0.001770450826  0.000000000000  0.000000000000  0.000000000000  0.000000000000  0.000000000000  0.001770450826  0.000000000000  
piranga_bidentata_tepe59 0.003925893316  0.002543816509  0.001270925606  0.002543816509  0.000000000000  0.005099194817  0.000000000000  0.006382475798  0.001869760549  0.000000000000  0.002543816509  0.000000000000  0.003820889920  0.006458874197  0.003993837672  0.000000000000  0.002543816509  0.001270552300  0.003638652239  0.000000000000  0.000000000000  0.002543816509  0.001270925606  0.000000000000  0.000000000000  0.000000000000  0.000000000000  0.000000000000  0.003820889920  0.001270552300  
piranga_rubra_sdsu2635 0.000000000000  0.001270925606  0.005101795392  0.006382475798  0.003820889920  0.006386555991  0.001613350906  0.007675194993  0.000000000000  0.003820889920  0.003824185151  0.002123919100  0.002545646411  0.009725332324  0.000000000000  0.002696671894  0.001270925606  0.002545646411  0.005469675694  0.005472897944  0.003820889920  0.001270925606  0.005101795392  0.003925893316  0.001515546466  0.002075430491  0.001770450826  0.003820889920  0.000000000000  0.002545646411  
piranga_bidentata_itm141 0.002615558643  0.001270925606  0.002543816509  0.003819760101  0.001270552300  0.003820889920  0.000000000000  0.005101795392  0.001869760549  0.001270552300  0.001270925606  0.000000000000  0.002545646411  0.006458874197  0.002660795317  0.000000000000  0.001270925606  0.000000000000  0.003638652239  0.001817986534  0.001270552300  0.001270925606  0.002543816509  0.001305382001  0.000000000000  0.000000000000  0.000000000000  0.001270552300  0.002545646411  0.000000000000  

