30
piranga_rubra_ku26592 0.000000000000  0.004593934645  0.005756128431  0.021011513565  0.020986880492  0.018504548332  0.003827576101  0.015769693174  0.008070918570  0.008078579469  0.007155088185  0.008832952970  0.005976293317  0.005733028108  0.005744342438  0.002642503125  0.008172903922  0.004605852447  0.007229229930  0.006909494436  0.020986880492  0.009233477766  0.022180058744  0.006488130507  0.017435492471  0.018174619718  0.006627606566  0.005762762756  0.003438495319  0.008070918570  
piranga_flava_ku90809 0.004593934645  0.000000000000  0.001128757800  0.015732735826  0.016002991055  0.014234609311  0.002539910405  0.011580389917  0.003391843810  0.003394485560  0.002372877970  0.007515321230  0.001184932925  0.002857722666  0.001127206383  0.000000000000  0.003421586239  0.003390999744  0.005774409697  0.004527650591  0.016002991055  0.004505958612  0.017166245528  0.002541753975  0.012539761639  0.015538832709  0.005294791291  0.001130033335  0.003388013260  0.003391843810  
piranga_ludoviciana_sdsu2385 0.005756128431  0.001128757800  0.000000000000  0.015764353821  0.016031891201  0.015549993873  0.002551481858  0.012884864252  0.004527650591  0.002262805822  0.001184932925  0.005033265920  0.002384192791  0.004293164028  0.002258790857  0.001321126871  0.004588664596  0.003403387606  0.004324104396  0.003391843810  0.016031891201  0.005671251795  0.017197751362  0.003817834013  0.012559115000  0.015567077407  0.003965766420  0.000000000000  0.004527650591  0.002258790857  
piranga_rubriceps_lsu265 0.021011513565  0.015732735826  0.015764353821  0.000000000000  0.008424252530  0.022162154072  0.016767741927  0.019442600662  0.018221532908  0.016985035115  0.015253479916  0.018247006643  0.017965982869  0.014448807353  0.016952591547  0.015728502480  0.019700971680  0.018252554347  0.013078145371  0.019461311045  0.010858165566  0.020679197948  0.000000000000  0.015444914950  0.017005668655  0.016635817826  0.017411389449  0.015783495243  0.019422990714  0.018221532908  
piranga_leucoptera_lsu7783 0.020986880492  0.016002991055  0.016031891201  0.008424252530  0.000000000000  0.022162154072  0.016789399319  0.019442600662  0.018353433936  0.017185915172  0.015619310845  0.019103476160  0.018120244460  0.017392664462  0.017156282553  0.017419374894  0.019750735082  0.018384348744  0.016034448398  0.019523876828  0.009091846862  0.020673483829  0.010240409350  0.015444914950  0.017197751362  0.018199560344  0.017411389449  0.016050272500  0.019489004919  0.018353433936  
cardinalis_cardinalis_ku25393 0.018504548332  0.014234609311  0.015549993873  0.022162154072  0.022162154072  0.000000000000  0.016027728347  0.003804816269  0.018175929613  0.015549993873  0.016377758110  0.016813806428  0.013739729638  0.013059167553  0.015537212234  0.009254040615  0.017113390158  0.016920527817  0.013065011479  0.019500896679  0.020848872100  0.019518509147  0.022162154072  0.016869091323  0.016854708505  0.016448448733  0.017466187228  0.015549993873  0.018175929613  0.018175929613  
piranga_olivacea_ku2699 0.003827576101  0.002539910405  0.002551481858  0.016767741927  0.016789399319  0.016027728347  0.000000000000  0.013278396863  0.005112084632  0.005110433185  0.003912435744  0.006678798491  0.003929405682  0.004293164028  0.002546377986  0.002935007877  0.006464789117  0.001273643705  0.004324104396  0.003829098060  0.015489772342  0.007659228017  0.016789399319  0.003932952429  0.012872827458  0.017294760586  0.003965766420  0.002551481858  0.005105559565  0.005112084632  
cardinalis_cardinalis_ku21828 0.015769693174  0.011580389917  0.012884864252  0.019442600662  0.019442600662  0.003804816269  0.013278396863  0.000000000000  0.015489772342  0.012884864252  0.013566645290  0.013925625950  0.010925341441  0.013002563152  0.012873006958  0.009211417929  0.014397346942  0.014234609311  0.010140426491  0.016803670310  0.018139482124  0.016820278230  0.019442600662  0.014192990054  0.014179558090  0.016374984720  0.014690902310  0.012884864252  0.015489772342  0.015489772342  
piranga_rubra_ku7046 0.008070918570  0.003391843810  0.004527650591  0.018221532908  0.018353433936  0.018175929613  0.005112084632  0.015489772342  0.000000000000  0.006815312166  0.005949397040  0.007562685511  0.004776347044  0.007169288803  0.004525619204  0.003971015817  0.006893617036  0.005682307625  0.010140426491  0.007946100328  0.018353433936  0.007951728585  0.019523876828  0.006374131544  0.014869084647  0.018198246575  0.009296983235  0.004532781336  0.006803155972  0.006803155972  
piranga_bidentata_hgoslp104 0.008078579469  0.003394485560  0.002262805822  0.016985035115  0.017185915172  0.015549993873  0.005110433185  0.012884864252  0.006815312166  0.000000000000  0.003568089221  0.006300098609  0.004780611658  0.005733028108  0.004527650591  0.002645999165  0.006900004326  0.005685554205  0.002878286089  0.005672653194  0.017185915172  0.007959164587  0.018353433936  0.006380495342  0.013710145593  0.015558981286  0.006627606566  0.002262805822  0.006807579411  0.004532781336  
piranga_ludoviciana_sdsu2648 0.007155088185  0.002372877970  0.001184932925  0.015253479916  0.015619310845  0.016377758110  0.003912435744  0.013566645290  0.005949397040  0.003568089221  0.000000000000  0.006324004082  0.003606696455  0.005757785580  0.003560938442  0.002667171221  0.006005003842  0.004753641838  0.005799526650  0.004753641838  0.015619310845  0.007155088185  0.016841990640  0.005364000210  0.014408157439  0.017019102428  0.005380254029  0.001186338657  0.005949397040  0.003560938442  
piranga_roseogularis_ku2049 0.008832952970  0.007515321230  0.005033265920  0.018247006643  0.019103476160  0.016813806428  0.006678798491  0.013925625950  0.007562685511  0.006300098609  0.006324004082  0.000000000000  0.007524746564  0.007177342245  0.005022224768  0.006873610504  0.010072458344  0.007562685511  0.010152528247  0.008834930949  0.019103476160  0.011318238123  0.017806014614  0.001369995217  0.013952781150  0.018923417259  0.009704600829  0.005039607402  0.007553164953  0.007562685511  
piranga_hepatica_ku4970 0.005976293317  0.001184932925  0.002384192791  0.017965982869  0.018120244460  0.013739729638  0.003929405682  0.010925341441  0.004776347044  0.004780611658  0.003606696455  0.007524746564  0.000000000000  0.001426676936  0.002379735824  0.001314182062  0.004763532062  0.004774085874  0.007229229930  0.005977849059  0.018120244460  0.005954939947  0.019352504143  0.004055229015  0.014453268713  0.016854867930  0.006798837233  0.002387038377  0.004770650433  0.004776347044  
piranga_hepatica_ku9084 0.005733028108  0.002857722666  0.004293164028  0.014448807353  0.017392664462  0.013059167553  0.004293164028  0.013002563152  0.007169288803  0.005733028108  0.005757785580  0.007177342245  0.001426676936  0.000000000000  0.004288937531  0.003049441374  0.002861811811  0.004311674886  0.008868390875  0.008616149304  0.014466638575  0.007177342245  0.014448807353  0.005733028108  0.010079431313  0.014856696579  0.008628540424  0.004293164028  0.005726894039  0.007169288803  
piranga_rubra_sdsu2654 0.005744342438  0.001127206383  0.002258790857  0.016952591547  0.017156282553  0.015537212234  0.002546377986  0.012873006958  0.004525619204  0.004527650591  0.003560938442  0.005022224768  0.002379735824  0.004288937531  0.000000000000  0.001319002076  0.004579486720  0.003398683050  0.007221059567  0.005663000122  0.017156282553  0.005659810598  0.018321188218  0.003814491936  0.013690087139  0.016847582025  0.006623191984  0.002261344812  0.002257697082  0.004525619204  
piranga_flava_lsu15408 0.002642503125  0.000000000000  0.001321126871  0.015728502480  0.017419374894  0.009254040615  0.002935007877  0.009211417929  0.003971015817  0.002645999165  0.002667171221  0.006873610504  0.001314182062  0.003049441374  0.001319002076  0.000000000000  0.002635538688  0.002644001215  0.006302083827  0.002645999165  0.017406531464  0.003953685428  0.017406531464  0.003040170519  0.013354185683  0.014701871211  0.006121277371  0.001322874557  0.001319002076  0.001321126871  
piranga_lutea_lsu5400 0.008172903922  0.003421586239  0.004588664596  0.019700971680  0.019750735082  0.017113390158  0.006464789117  0.014397346942  0.006893617036  0.006900004326  0.006005003842  0.010072458344  0.004763532062  0.002861811811  0.004579486720  0.002635538688  0.000000000000  0.006889080840  0.010167275049  0.008052349609  0.019750735082  0.008023022701  0.020938048512  0.006471335491  0.016216608745  0.018198246575  0.009442768556  0.004593934645  0.006885705669  0.006893617036  
piranga_olivacea_ku4672 0.004605852447  0.003390999744  0.003403387606  0.018252554347  0.018384348744  0.016920527817  0.001273643705  0.014234609311  0.005682307625  0.005685554205  0.004753641838  0.007562685511  0.004774085874  0.004311674886  0.003398683050  0.002644001215  0.006889080840  0.000000000000  0.005793249387  0.004541032511  0.018384348744  0.007946100328  0.019556271220  0.005112084632  0.014897494305  0.016920687277  0.005313099210  0.003407253020  0.005675857179  0.005682307625  
piranga_ludoviciana_sdsu2208 0.007229229930  0.005774409697  0.004324104396  0.013078145371  0.016034448398  0.013065011479  0.004324104396  0.010140426491  0.010140426491  0.002878286089  0.005799526650  0.010152528247  0.007229229930  0.008868390875  0.007221059567  0.006302083827  0.010167275049  0.005793249387  0.000000000000  0.005768186714  0.014572051354  0.010152528247  0.013078145371  0.008688593292  0.008688593292  0.013736917847  0.001436927098  0.004324104396  0.010140426491  0.007221059567  
piranga_bidentata_itm160 0.006909494436  0.004527650591  0.003391843810  0.019461311045  0.019523876828  0.019500896679  0.003829098060  0.016803670310  0.007946100328  0.005672653194  0.004753641838  0.008834930949  0.005977849059  0.008616149304  0.005663000122  0.002645999165  0.008052349609  0.004541032511  0.005768186714  0.000000000000  0.019523876828  0.009098685855  0.020697258531  0.007659228017  0.016030904957  0.019523489929  0.005292011344  0.003395683031  0.007946100328  0.001128757800  
piranga_leucoptera_fmnh481795 0.020986880492  0.016002991055  0.016031891201  0.010858165566  0.009091846862  0.020848872100  0.015489772342  0.018139482124  0.018353433936  0.017185915172  0.015619310845  0.019103476160  0.018120244460  0.014466638575  0.017156282553  0.017406531464  0.019750735082  0.018384348744  0.014572051354  0.019523876828  0.000000000000  0.020673483829  0.012546037791  0.014153890961  0.017197751362  0.016876591301  0.016065289875  0.016050272500  0.019489004919  0.018353433936  
piranga_lutea_ku89864 0.009233477766  0.004505958612  0.005671251795  0.020679197948  0.020673483829  0.019518509147  0.007659228017  0.016820278230  0.007951728585  0.007959164587  0.007155088185  0.011318238123  0.005954939947  0.007177342245  0.005659810598  0.003953685428  0.008023022701  0.007946100328  0.010152528247  0.009098685855  0.020673483829  0.000000000000  0.021848436999  0.007667115164  0.016012568251  0.019498109126  0.010649012566  0.005677691798  0.007942705775  0.007951728585  
piranga_rubriceps_lsu34818 0.022180058744  0.017166245528  0.017197751362  0.000000000000  0.010240409350  0.022162154072  0.016789399319  0.019442600662  0.019523876828  0.018353433936  0.016841990640  0.017806014614  0.019352504143  0.014448807353  0.018321188218  0.017406531464  0.020938048512  0.019556271220  0.013078145371  0.020697258531  0.012546037791  0.021848436999  0.000000000000  0.015444914950  0.016031891201  0.016876591301  0.017411389449  0.017217493478  0.020659747243  0.019523876828  
piranga_roseogularis_ku2141 0.006488130507  0.002541753975  0.003817834013  0.015444914950  0.015444914950  0.016869091323  0.003932952429  0.014192990054  0.006374131544  0.006380495342  0.005364000210  0.001369995217  0.004055229015  0.005733028108  0.003814491936  0.003040170519  0.006471335491  0.005112084632  0.008688593292  0.007659228017  0.014153890961  0.007667115164  0.015444914950  0.000000000000  0.011540425250  0.016326372234  0.007964233925  0.003817834013  0.006374131544  0.006374131544  
piranga_erythrocephala_fmnh343371 0.017435492471  0.012539761639  0.012559115000  0.017005668655  0.017197751362  0.016854708505  0.012872827458  0.014179558090  0.014869084647  0.013710145593  0.014408157439  0.013952781150  0.014453268713  0.010079431313  0.013690087139  0.013354185683  0.016216608745  0.014897494305  0.008688593292  0.016030904957  0.017197751362  0.016012568251  0.016031891201  0.011540425250  0.000000000000  0.007728287613  0.013336574691  0.012573471216  0.016005683945  0.014869084647  
piranga_erythrocephala_fmnh343370 0.018174619718  0.015538832709  0.015567077407  0.016635817826  0.018199560344  0.016448448733  0.017294760586  0.016374984720  0.018198246575  0.015558981286  0.017019102428  0.018923417259  0.016854867930  0.014856696579  0.016847582025  0.014701871211  0.018198246575  0.016920687277  0.013736917847  0.019523489929  0.016876591301  0.019498109126  0.016876591301  0.016326372234  0.007728287613  0.000000000000  0.016374984720  0.015587299516  0.016847582025  0.018198246575  
piranga_ludoviciana_sdsu2650 0.006627606566  0.005294791291  0.003965766420  0.017411389449  0.017411389449  0.017466187228  0.003965766420  0.014690902310  0.009296983235  0.006627606566  0.005380254029  0.009704600829  0.006798837233  0.008628540424  0.006623191984  0.006121277371  0.009442768556  0.005313099210  0.001436927098  0.005292011344  0.016065289875  0.010649012566  0.017411389449  0.007964233925  0.013336574691  0.016374984720  0.000000000000  0.003965766420  0.009296983235  0.006623191984  
piranga_bidentata_tepe59 0.005762762756  0.001130033335  0.000000000000  0.015783495243  0.016050272500  0.015549993873  0.002551481858  0.012884864252  0.004532781336  0.002262805822  0.001186338657  0.005039607402  0.002387038377  0.004293164028  0.002261344812  0.001322874557  0.004593934645  0.003407253020  0.004324104396  0.003395683031  0.016050272500  0.005677691798  0.017217493478  0.003817834013  0.012573471216  0.015587299516  0.003965766420  0.000000000000  0.004532781336  0.002261344812  
piranga_rubra_sdsu2635 0.003438495319  0.003388013260  0.004527650591  0.019422990714  0.019489004919  0.018175929613  0.005105559565  0.015489772342  0.006803155972  0.006807579411  0.005949397040  0.007553164953  0.004770650433  0.005726894039  0.002257697082  0.001319002076  0.006885705669  0.005675857179  0.010140426491  0.007946100328  0.019489004919  0.007942705775  0.020659747243  0.006374131544  0.016005683945  0.016847582025  0.009296983235  0.004532781336  0.000000000000  0.006803155972  
piranga_bidentata_itm141 0.008070918570  0.003391843810  0.002258790857  0.018221532908  0.018353433936  0.018175929613  0.005112084632  0.015489772342  0.006803155972  0.004532781336  0.003560938442  0.007562685511  0.004776347044  0.007169288803  0.004525619204  0.001321126871  0.006893617036  0.005682307625  0.007221059567  0.001128757800  0.018353433936  0.007951728585  0.019523876828  0.006374131544  0.014869084647  0.018198246575  0.006623191984  0.002261344812  0.006803155972  0.000000000000  

