30
cardinalis_cardinalis_ku21828 0.000000000000  0.005024010419  0.018254917413  0.018254917413  0.010597945177  0.016230043212  0.011104386232  0.011104386232  0.012639931841  0.014169233021  0.012639931841  0.012639931841  0.012639931841  0.015204790363  0.015204790363  0.015204790363  0.012639931841  0.012639931841  0.012639931841  0.012639931841  0.016223401755  0.021380079377  0.019340337279  0.014181110425  0.014181110425  0.014181110425  0.014181110425  0.014181110425  0.014181110425  0.019843010454  
cardinalis_cardinalis_ku25393 0.005024010419  0.000000000000  0.013125385336  0.013125385336  0.005524926951  0.011104386232  0.006028492296  0.006028492296  0.007547671252  0.009065683648  0.007547671252  0.007547671252  0.007547671252  0.010087602667  0.010087602667  0.010087602667  0.007547671252  0.007547671252  0.007547671252  0.007547671252  0.011100366198  0.016211643566  0.014181110425  0.009072363529  0.009072363529  0.009072363529  0.009072363529  0.009072363529  0.009072363529  0.014683488648  
piranga_erythrocephala_fmnh343371 0.018254917413  0.013125385336  0.000000000000  0.000000000000  0.007540040662  0.013127818217  0.008045507698  0.008045507698  0.013639372231  0.015170532913  0.013639372231  0.013639372231  0.013639372231  0.016201920346  0.016201920346  0.016201920346  0.013639372231  0.013639372231  0.013639372231  0.013639372231  0.017223312536  0.021341080712  0.020332286494  0.015177782209  0.015177782209  0.015177782209  0.015177782209  0.015177782209  0.015177782209  0.020838680678  
piranga_erythrocephala_fmnh343370 0.018254917413  0.013125385336  0.000000000000  0.000000000000  0.007540040662  0.013127818217  0.008045507698  0.008045507698  0.013639372231  0.015170532913  0.013639372231  0.013639372231  0.013639372231  0.016201920346  0.016201920346  0.016201920346  0.013639372231  0.013639372231  0.013639372231  0.013639372231  0.017223312536  0.021341080712  0.020332286494  0.015177782209  0.015177782209  0.015177782209  0.015177782209  0.015177782209  0.015177782209  0.020838680678  
piranga_leucoptera_lsu7783 0.010597945177  0.005524926951  0.007540040662  0.007540040662  0.000000000000  0.005527032015  0.000500197929  0.000500197929  0.006032910639  0.007547671252  0.006032910639  0.006032910639  0.006032910639  0.008567250181  0.008567250181  0.008567250181  0.006032910639  0.006032910639  0.006032910639  0.006032910639  0.009577879339  0.014677944480  0.012651645971  0.007554211631  0.007554211631  0.007554211631  0.007554211631  0.007554211631  0.007554211631  0.013153030111  
piranga_leucoptera_fmnh481795 0.016230043212  0.011104386232  0.013127818217  0.013127818217  0.005527032015  0.000000000000  0.006030453360  0.006030453360  0.011620493772  0.013147566010  0.011620493772  0.011620493772  0.011620493772  0.014181110425  0.014181110425  0.014181110425  0.011620493772  0.011620493772  0.011620493772  0.011620493772  0.015198374524  0.020346885452  0.018309639118  0.013158998357  0.013158998357  0.013158998357  0.013158998357  0.013158998357  0.013158998357  0.018811864890  
piranga_rubriceps_lsu265 0.011104386232  0.006028492296  0.008045507698  0.008045507698  0.000500197929  0.006030453360  0.000000000000  0.000000000000  0.006536588789  0.008052409464  0.006536588789  0.006536588789  0.006536588789  0.009072363529  0.009072363529  0.009072363529  0.006536588789  0.006536588789  0.006536588789  0.006536588789  0.010083798312  0.015187063557  0.013158998357  0.008058663922  0.008058663922  0.008058663922  0.008058663922  0.008058663922  0.008058663922  0.013660928469  
piranga_rubriceps_lsu34818 0.011104386232  0.006028492296  0.008045507698  0.008045507698  0.000500197929  0.006030453360  0.000000000000  0.000000000000  0.006536588789  0.008052409464  0.006536588789  0.006536588789  0.006536588789  0.009072363529  0.009072363529  0.009072363529  0.006536588789  0.006536588789  0.006536588789  0.006536588789  0.010083798312  0.015187063557  0.013158998357  0.008058663922  0.008058663922  0.008058663922  0.008058663922  0.008058663922  0.008058663922  0.013660928469  
piranga_ludoviciana_sdsu2650 0.012639931841  0.007547671252  0.013639372231  0.013639372231  0.006032910639  0.011620493772  0.006536588789  0.006536588789  0.000000000000  0.001501592531  0.000000000000  0.000000000000  0.000000000000  0.002505981860  0.002505981860  0.002505981860  0.000000000000  0.000000000000  0.000000000000  0.000000000000  0.003509586962  0.008557550046  0.006542705886  0.001502684167  0.001502684167  0.001502684167  0.001502684167  0.001502684167  0.001502684167  0.007043334709  
piranga_roseogularis_ku2141 0.014169233021  0.009065683648  0.015170532913  0.015170532913  0.007547671252  0.013147566010  0.008052409464  0.008052409464  0.001501592531  0.000000000000  0.001501592531  0.001501592531  0.001501592531  0.004013040721  0.004013040721  0.004013040721  0.001501592531  0.001501592531  0.001501592531  0.001501592531  0.005018749645  0.010077693206  0.008058663922  0.003007585399  0.003007585399  0.003007585399  0.003007585399  0.003007585399  0.003007585399  0.008560284230  
piranga_flava_lsu15408 0.012639931841  0.007547671252  0.013639372231  0.013639372231  0.006032910639  0.011620493772  0.006536588789  0.006536588789  0.000000000000  0.001501592531  0.000000000000  0.000000000000  0.000000000000  0.002505981860  0.002505981860  0.002505981860  0.000000000000  0.000000000000  0.000000000000  0.000000000000  0.003509586962  0.008557550046  0.006542705886  0.001502684167  0.001502684167  0.001502684167  0.001502684167  0.001502684167  0.001502684167  0.007043334709  
piranga_lutea_ku89864 0.012639931841  0.007547671252  0.013639372231  0.013639372231  0.006032910639  0.011620493772  0.006536588789  0.006536588789  0.000000000000  0.001501592531  0.000000000000  0.000000000000  0.000000000000  0.002505981860  0.002505981860  0.002505981860  0.000000000000  0.000000000000  0.000000000000  0.000000000000  0.003509586962  0.008557550046  0.006542705886  0.001502684167  0.001502684167  0.001502684167  0.001502684167  0.001502684167  0.001502684167  0.007043334709  
piranga_roseogularis_ku2049 0.012639931841  0.007547671252  0.013639372231  0.013639372231  0.006032910639  0.011620493772  0.006536588789  0.006536588789  0.000000000000  0.001501592531  0.000000000000  0.000000000000  0.000000000000  0.002505981860  0.002505981860  0.002505981860  0.000000000000  0.000000000000  0.000000000000  0.000000000000  0.003509586962  0.008557550046  0.006542705886  0.001502684167  0.001502684167  0.001502684167  0.001502684167  0.001502684167  0.001502684167  0.007043334709  
piranga_bidentata_hgoslp104 0.015204790363  0.010087602667  0.016201920346  0.016201920346  0.008567250181  0.014181110425  0.009072363529  0.009072363529  0.002505981860  0.004013040721  0.002505981860  0.002505981860  0.002505981860  0.000000000000  0.000000000000  0.000000000000  0.002505981860  0.002505981860  0.002505981860  0.002505981860  0.006030453360  0.010590121155  0.009081041386  0.004016629252  0.004016629252  0.004016629252  0.004016629252  0.004016629252  0.004016629252  0.009581826400  
piranga_ludoviciana_sdsu2208 0.015204790363  0.010087602667  0.016201920346  0.016201920346  0.008567250181  0.014181110425  0.009072363529  0.009072363529  0.002505981860  0.004013040721  0.002505981860  0.002505981860  0.002505981860  0.000000000000  0.000000000000  0.000000000000  0.002505981860  0.002505981860  0.002505981860  0.002505981860  0.006030453360  0.010590121155  0.009081041386  0.004016629252  0.004016629252  0.004016629252  0.004016629252  0.004016629252  0.004016629252  0.009581826400  
piranga_olivacea_ku2699 0.015204790363  0.010087602667  0.016201920346  0.016201920346  0.008567250181  0.014181110425  0.009072363529  0.009072363529  0.002505981860  0.004013040721  0.002505981860  0.002505981860  0.002505981860  0.000000000000  0.000000000000  0.000000000000  0.002505981860  0.002505981860  0.002505981860  0.002505981860  0.006030453360  0.010590121155  0.009081041386  0.004016629252  0.004016629252  0.004016629252  0.004016629252  0.004016629252  0.004016629252  0.009581826400  
piranga_bidentata_itm141 0.012639931841  0.007547671252  0.013639372231  0.013639372231  0.006032910639  0.011620493772  0.006536588789  0.006536588789  0.000000000000  0.001501592531  0.000000000000  0.000000000000  0.000000000000  0.002505981860  0.002505981860  0.002505981860  0.000000000000  0.000000000000  0.000000000000  0.000000000000  0.003509586962  0.008557550046  0.006542705886  0.001502684167  0.001502684167  0.001502684167  0.001502684167  0.001502684167  0.001502684167  0.007043334709  
piranga_ludoviciana_sdsu2385 0.012639931841  0.007547671252  0.013639372231  0.013639372231  0.006032910639  0.011620493772  0.006536588789  0.006536588789  0.000000000000  0.001501592531  0.000000000000  0.000000000000  0.000000000000  0.002505981860  0.002505981860  0.002505981860  0.000000000000  0.000000000000  0.000000000000  0.000000000000  0.003509586962  0.008557550046  0.006542705886  0.001502684167  0.001502684167  0.001502684167  0.001502684167  0.001502684167  0.001502684167  0.007043334709  
piranga_olivacea_ku4672 0.012639931841  0.007547671252  0.013639372231  0.013639372231  0.006032910639  0.011620493772  0.006536588789  0.006536588789  0.000000000000  0.001501592531  0.000000000000  0.000000000000  0.000000000000  0.002505981860  0.002505981860  0.002505981860  0.000000000000  0.000000000000  0.000000000000  0.000000000000  0.003509586962  0.008557550046  0.006542705886  0.001502684167  0.001502684167  0.001502684167  0.001502684167  0.001502684167  0.001502684167  0.007043334709  
piranga_bidentata_itm160 0.012639931841  0.007547671252  0.013639372231  0.013639372231  0.006032910639  0.011620493772  0.006536588789  0.006536588789  0.000000000000  0.001501592531  0.000000000000  0.000000000000  0.000000000000  0.002505981860  0.002505981860  0.002505981860  0.000000000000  0.000000000000  0.000000000000  0.000000000000  0.003509586962  0.008557550046  0.006542705886  0.001502684167  0.001502684167  0.001502684167  0.001502684167  0.001502684167  0.001502684167  0.007043334709  
piranga_bidentata_tepe59 0.016223401755  0.011100366198  0.017223312536  0.017223312536  0.009577879339  0.015198374524  0.010083798312  0.010083798312  0.003509586962  0.005018749645  0.003509586962  0.003509586962  0.003509586962  0.006030453360  0.006030453360  0.006030453360  0.003509586962  0.003509586962  0.003509586962  0.003509586962  0.000000000000  0.012114749105  0.010091907820  0.005021761793  0.005021761793  0.005021761793  0.005021761793  0.005021761793  0.005021761793  0.010593782365  
piranga_rubra_ku7046 0.021380079377  0.016211643566  0.021341080712  0.021341080712  0.014677944480  0.020346885452  0.015187063557  0.015187063557  0.008557550046  0.010077693206  0.008557550046  0.008557550046  0.008557550046  0.010590121155  0.010590121155  0.010590121155  0.008557550046  0.008557550046  0.008557550046  0.008557550046  0.012114749105  0.000000000000  0.012118482263  0.007036826340  0.007036826340  0.007036826340  0.007036826340  0.007036826340  0.007036826340  0.011607354875  
piranga_ludoviciana_sdsu2648 0.019340337279  0.014181110425  0.020332286494  0.020332286494  0.012651645971  0.018309639118  0.013158998357  0.013158998357  0.006542705886  0.008058663922  0.006542705886  0.006542705886  0.006542705886  0.009081041386  0.009081041386  0.009081041386  0.006542705886  0.006542705886  0.006542705886  0.006542705886  0.010091907820  0.012118482263  0.000000000000  0.005024010419  0.005024010419  0.005024010419  0.005024010419  0.005024010419  0.005024010419  0.010597945177  
piranga_lutea_lsu5400 0.014181110425  0.009072363529  0.015177782209  0.015177782209  0.007554211631  0.013158998357  0.008058663922  0.008058663922  0.001502684167  0.003007585399  0.001502684167  0.001502684167  0.001502684167  0.004016629252  0.004016629252  0.004016629252  0.001502684167  0.001502684167  0.001502684167  0.001502684167  0.005021761793  0.007036826340  0.005024010419  0.000000000000  0.000000000000  0.000000000000  0.000000000000  0.000000000000  0.000000000000  0.005524926951  
piranga_hepatica_ku9084 0.014181110425  0.009072363529  0.015177782209  0.015177782209  0.007554211631  0.013158998357  0.008058663922  0.008058663922  0.001502684167  0.003007585399  0.001502684167  0.001502684167  0.001502684167  0.004016629252  0.004016629252  0.004016629252  0.001502684167  0.001502684167  0.001502684167  0.001502684167  0.005021761793  0.007036826340  0.005024010419  0.000000000000  0.000000000000  0.000000000000  0.000000000000  0.000000000000  0.000000000000  0.005524926951  
piranga_rubra_sdsu2635 0.014181110425  0.009072363529  0.015177782209  0.015177782209  0.007554211631  0.013158998357  0.008058663922  0.008058663922  0.001502684167  0.003007585399  0.001502684167  0.001502684167  0.001502684167  0.004016629252  0.004016629252  0.004016629252  0.001502684167  0.001502684167  0.001502684167  0.001502684167  0.005021761793  0.007036826340  0.005024010419  0.000000000000  0.000000000000  0.000000000000  0.000000000000  0.000000000000  0.000000000000  0.005524926951  
piranga_hepatica_ku4970 0.014181110425  0.009072363529  0.015177782209  0.015177782209  0.007554211631  0.013158998357  0.008058663922  0.008058663922  0.001502684167  0.003007585399  0.001502684167  0.001502684167  0.001502684167  0.004016629252  0.004016629252  0.004016629252  0.001502684167  0.001502684167  0.001502684167  0.001502684167  0.005021761793  0.007036826340  0.005024010419  0.000000000000  0.000000000000  0.000000000000  0.000000000000  0.000000000000  0.000000000000  0.005524926951  
piranga_flava_ku90809 0.014181110425  0.009072363529  0.015177782209  0.015177782209  0.007554211631  0.013158998357  0.008058663922  0.008058663922  0.001502684167  0.003007585399  0.001502684167  0.001502684167  0.001502684167  0.004016629252  0.004016629252  0.004016629252  0.001502684167  0.001502684167  0.001502684167  0.001502684167  0.005021761793  0.007036826340  0.005024010419  0.000000000000  0.000000000000  0.000000000000  0.000000000000  0.000000000000  0.000000000000  0.005524926951  
piranga_rubra_sdsu2654 0.014181110425  0.009072363529  0.015177782209  0.015177782209  0.007554211631  0.013158998357  0.008058663922  0.008058663922  0.001502684167  0.003007585399  0.001502684167  0.001502684167  0.001502684167  0.004016629252  0.004016629252  0.004016629252  0.001502684167  0.001502684167  0.001502684167  0.001502684167  0.005021761793  0.007036826340  0.005024010419  0.000000000000  0.000000000000  0.000000000000  0.000000000000  0.000000000000  0.000000000000  0.005524926951  
piranga_rubra_ku26592 0.019843010454  0.014683488648  0.020838680678  0.020838680678  0.013153030111  0.018811864890  0.013660928469  0.013660928469  0.007043334709  0.008560284230  0.007043334709  0.007043334709  0.007043334709  0.009581826400  0.009581826400  0.009581826400  0.007043334709  0.007043334709  0.007043334709  0.007043334709  0.010593782365  0.011607354875  0.010597945177  0.005524926951  0.005524926951  0.005524926951  0.005524926951  0.005524926951  0.005524926951  0.000000000000  

