30
cardinalis_cardinalis_ku21828 0.000000000000  0.001501589120  0.017270997750  0.027148083658  0.026129559533  0.029825900110  0.020362082048  0.020362082048  0.026632300141  0.024537291483  0.021947997221  0.028792467649  0.030907706594  0.031409525892  0.027716275661  0.025614738872  0.024023169813  0.025601976277  0.030876046384  0.030876046384  0.026632300141  0.032446597447  0.036725170036  0.037768808736  0.038327656221  0.036725170036  0.038327656221  0.037229113595  0.036168659617  0.037229113595  
cardinalis_cardinalis_ku25393 0.001501589120  0.000000000000  0.018810611537  0.028709879511  0.027689245237  0.031394087692  0.021908513754  0.021908513754  0.028192984202  0.026093219976  0.023498209977  0.030358422108  0.032478511016  0.032981324378  0.029279639668  0.027173316742  0.025577993868  0.027160442011  0.032446597447  0.032446597447  0.028192984202  0.034020644997  0.038309194504  0.039355112086  0.039915379670  0.038309194504  0.039915379670  0.038814140250  0.037751275250  0.038814140250  
piranga_erythrocephala_fmnh343370 0.017270997750  0.018810611537  0.000000000000  0.015218187200  0.013694179084  0.017827110460  0.008062265445  0.008062265445  0.014709780103  0.011631177841  0.009602099692  0.016289283355  0.018358639100  0.018857722415  0.015243281459  0.013186983758  0.011637509491  0.013179071869  0.018336996000  0.018336996000  0.014194140394  0.019879258133  0.024059587549  0.025087434480  0.025628015350  0.024059587549  0.026156359945  0.025087434480  0.024046936242  0.025087434480  
piranga_erythrocephala_fmnh343371 0.027148083658  0.028709879511  0.015218187200  0.000000000000  0.011625344182  0.015734724618  0.009065463667  0.009065463667  0.018284194958  0.015191759440  0.012639381560  0.019348195171  0.021424888510  0.021927234711  0.018299771619  0.016236218093  0.014682793919  0.016229135300  0.021404872334  0.021404872334  0.017249072999  0.022953687016  0.027148083658  0.028180897498  0.028722348630  0.027148083658  0.029252377482  0.029239524987  0.027136241968  0.028180897498  
piranga_leucoptera_fmnh481795 0.026129559533  0.027689245237  0.013694179084  0.011625344182  0.000000000000  0.004016552224  0.007550491278  0.007550491278  0.016753290967  0.013666081232  0.011118930327  0.017816910905  0.019889928426  0.020390638065  0.016769698791  0.014709780103  0.013158332650  0.014702280831  0.019869094952  0.019869094952  0.015719777576  0.021414625639  0.025601976277  0.026632300141  0.027173316742  0.025601976277  0.026644793671  0.027689245237  0.025589727848  0.026632300141  
piranga_leucoptera_lsu7783 0.029825900110  0.031394087692  0.017827110460  0.015734724618  0.004016552224  0.000000000000  0.011625344182  0.011625344182  0.020902426996  0.017789339996  0.015226050209  0.021982963868  0.024072750543  0.024573305144  0.020923733666  0.018847288123  0.017279315957  0.018837359601  0.024046936242  0.024046936242  0.019859439170  0.025601976277  0.029825900110  0.030860996567  0.031409525892  0.029825900110  0.030876046384  0.031927852635  0.029811104966  0.030860996567  
piranga_rubriceps_lsu265 0.020362082048  0.021908513754  0.008062265445  0.009065463667  0.007550491278  0.011625344182  0.000000000000  0.000000000000  0.011100015984  0.008049875286  0.005524840646  0.012137854859  0.014187003972  0.014688787443  0.011108476980  0.009072079616  0.007544999586  0.009068523588  0.014174234753  0.014174234753  0.010080229695  0.015706843477  0.019841650959  0.020865920934  0.021395628885  0.019841650959  0.021917618893  0.021908513754  0.019833519117  0.020865920934  
piranga_rubriceps_lsu34818 0.020362082048  0.021908513754  0.008062265445  0.009065463667  0.007550491278  0.011625344182  0.000000000000  0.000000000000  0.011100015984  0.008049875286  0.005524840646  0.012137854859  0.014187003972  0.014688787443  0.011108476980  0.009072079616  0.007544999586  0.009068523588  0.014174234753  0.014174234753  0.010080229695  0.015706843477  0.019841650959  0.020865920934  0.021395628885  0.019841650959  0.021917618893  0.021908513754  0.019833519117  0.020865920934  
piranga_roseogularis_ku2049 0.026632300141  0.028192984202  0.014709780103  0.018284194958  0.016753290967  0.020902426996  0.011100015984  0.011100015984  0.000000000000  0.003008888115  0.008566972055  0.015226050209  0.016251894631  0.016753290967  0.013158332650  0.012137854859  0.010087268483  0.011620008810  0.016753290967  0.016753290967  0.012634327874  0.018291730083  0.022450244040  0.023477245310  0.024012055258  0.022450244040  0.024537291483  0.024526313272  0.022440254930  0.023477245310  
piranga_roseogularis_ku2141 0.024537291483  0.026093219976  0.011631177841  0.015191759440  0.013666081232  0.017789339996  0.008049875286  0.008049875286  0.003008888115  0.000000000000  0.005526925811  0.012144047481  0.014194140394  0.014695283179  0.011113454760  0.009076131448  0.007040525181  0.008563274013  0.013666081232  0.013666081232  0.009574175248  0.015197612146  0.019330131343  0.020353580583  0.020883155310  0.019330131343  0.021404872334  0.021395628885  0.019321860464  0.020353580583  
piranga_olivacea_ku4672 0.021947997221  0.023498209977  0.009602099692  0.012639381560  0.011118930327  0.015226050209  0.005524840646  0.005524840646  0.008566972055  0.005526925811  0.000000000000  0.009602099692  0.011644338835  0.012144047481  0.008575852865  0.006546282594  0.005023907478  0.006542512970  0.011631177841  0.011631177841  0.007550491278  0.013158332650  0.017279315957  0.018299771619  0.018827937136  0.017279315957  0.019348195171  0.019338909676  0.017270997750  0.018299771619  
piranga_rubra_ku7046 0.028792467649  0.030358422108  0.016289283355  0.019348195171  0.017816910905  0.021982963868  0.012137854859  0.012137854859  0.015226050209  0.012144047481  0.009602099692  0.000000000000  0.008071427039  0.008571165106  0.005026626571  0.003010706960  0.011637509491  0.013179071869  0.018336996000  0.018336996000  0.014194140394  0.019879258133  0.024059587549  0.025087434480  0.025628015350  0.024059587549  0.026156359945  0.026142702522  0.024046936242  0.025087434480  
piranga_ludoviciana_sdsu2648 0.030907706594  0.032478511016  0.018358639100  0.021424888510  0.019889928426  0.024072750543  0.014187003972  0.014187003972  0.016251894631  0.014194140394  0.011644338835  0.008071427039  0.000000000000  0.006542512970  0.003010706960  0.005026626571  0.013686404307  0.015234415058  0.020412215533  0.020412215533  0.016251894631  0.021959143337  0.026156359945  0.027186707568  0.027730565566  0.026156359945  0.028261182820  0.028246508689  0.026142702522  0.027186707568  
piranga_ludoviciana_sdsu2208 0.031409525892  0.032981324378  0.018857722415  0.021927234711  0.020390638065  0.024573305144  0.014688787443  0.014688787443  0.016753290967  0.014695283179  0.012144047481  0.008571165106  0.006542512970  0.000000000000  0.003510743530  0.005526925811  0.014187003972  0.015734724618  0.020912826102  0.020912826102  0.016753290967  0.022460744071  0.026657802745  0.027689245237  0.028232351482  0.026657802745  0.028762866481  0.028748842398  0.026644793671  0.027689245237  
piranga_ludoviciana_sdsu2650 0.027716275661  0.029279639668  0.015243281459  0.018299771619  0.016769698791  0.020923733666  0.011108476980  0.011108476980  0.013158332650  0.011113454760  0.008575852865  0.005026626571  0.003010706960  0.003510743530  0.000000000000  0.002003622770  0.010607303429  0.012144047481  0.017288138654  0.017288138654  0.013158332650  0.018827937136  0.022996162665  0.024023169813  0.024560787703  0.022996162665  0.025087434480  0.025075051331  0.022984776710  0.024023169813  
piranga_olivacea_ku2699 0.025614738872  0.027173316742  0.013186983758  0.016236218093  0.014709780103  0.018847288123  0.009072079616  0.009072079616  0.012137854859  0.009076131448  0.006546282594  0.003010706960  0.005026626571  0.005526925811  0.002003622770  0.000000000000  0.008571165106  0.010101554116  0.015226050209  0.015226050209  0.011113454760  0.016761242894  0.020912826102  0.021937360917  0.022471754736  0.020912826102  0.022996162665  0.022984776710  0.020902426996  0.021937360917  
piranga_ludoviciana_sdsu2385 0.024023169813  0.025577993868  0.011637509491  0.014682793919  0.013158332650  0.017279315957  0.007544999586  0.007544999586  0.010087268483  0.007040525181  0.005023907478  0.011637509491  0.013686404307  0.014187003972  0.010607303429  0.008571165106  0.000000000000  0.004518916807  0.009585905484  0.009585905484  0.005524840646  0.011108476980  0.015210826323  0.016229135300  0.016753290967  0.015210826323  0.017270997750  0.017263184324  0.015203967873  0.016229135300  
piranga_bidentata_hgoslp104 0.025601976277  0.027160442011  0.013179071869  0.016229135300  0.014702280831  0.018837359601  0.009068523588  0.009068523588  0.011620008810  0.008563274013  0.006542512970  0.013179071869  0.015234415058  0.015734724618  0.012144047481  0.010101554116  0.004518916807  0.000000000000  0.007043166949  0.007043166949  0.003006365493  0.008560071283  0.012639381560  0.013655036518  0.014174234753  0.012639381560  0.014688787443  0.014682793919  0.012634327874  0.013655036518  
piranga_bidentata_itm141 0.030876046384  0.032446597447  0.018336996000  0.021404872334  0.019869094952  0.024046936242  0.014174234753  0.014174234753  0.016753290967  0.013666081232  0.011631177841  0.018336996000  0.020412215533  0.020912826102  0.017288138654  0.015226050209  0.009585905484  0.007043166949  0.000000000000  0.000000000000  0.008052230438  0.013660308276  0.017781159909  0.018802708986  0.019330131343  0.017781159909  0.019850291075  0.019841650959  0.017773485417  0.018802708986  
piranga_bidentata_itm160 0.030876046384  0.032446597447  0.018336996000  0.021404872334  0.019869094952  0.024046936242  0.014174234753  0.014174234753  0.016753290967  0.013666081232  0.011631177841  0.018336996000  0.020412215533  0.020912826102  0.017288138654  0.015226050209  0.009585905484  0.007043166949  0.000000000000  0.000000000000  0.008052230438  0.013660308276  0.017781159909  0.018802708986  0.019330131343  0.017781159909  0.019850291075  0.019841650959  0.017773485417  0.018802708986  
piranga_bidentata_tepe59 0.026632300141  0.028192984202  0.014194140394  0.017249072999  0.015719777576  0.019859439170  0.010080229695  0.010080229695  0.012634327874  0.009574175248  0.007550491278  0.014194140394  0.016251894631  0.016753290967  0.013158332650  0.011113454760  0.005524840646  0.003006365493  0.008052230438  0.008052230438  0.000000000000  0.005529502762  0.009590807955  0.010602185089  0.011118930327  0.009590807955  0.011631177841  0.011625344182  0.009585905484  0.010602185089  
piranga_lutea_lsu5400 0.032446597447  0.034020644997  0.019879258133  0.022953687016  0.021414625639  0.025601976277  0.015706843477  0.015706843477  0.018291730083  0.015197612146  0.013158332650  0.019879258133  0.021959143337  0.022460744071  0.018827937136  0.016761242894  0.011108476980  0.008560071283  0.013660308276  0.013660308276  0.005529502762  0.000000000000  0.005026626571  0.006032777465  0.006542512970  0.005026626571  0.007049930809  0.007046302260  0.005023907478  0.006032777465  
piranga_lutea_ku89864 0.036725170036  0.038309194504  0.024059587549  0.027148083658  0.025601976277  0.029825900110  0.019841650959  0.019841650959  0.022450244040  0.019330131343  0.017279315957  0.024059587549  0.026156359945  0.026657802745  0.022996162665  0.020912826102  0.015210826323  0.012639381560  0.017781159909  0.017781159909  0.009590807955  0.005026626571  0.000000000000  0.010096295647  0.010612918758  0.009085721316  0.011124903381  0.011118930327  0.009080678782  0.010096295647  
piranga_hepatica_ku4970 0.037768808736  0.039355112086  0.025087434480  0.028180897498  0.026632300141  0.030860996567  0.020865920934  0.020865920934  0.023477245310  0.020353580583  0.018299771619  0.025087434480  0.027186707568  0.027689245237  0.024023169813  0.021937360917  0.016229135300  0.013655036518  0.018802708986  0.018802708986  0.010602185089  0.006032777465  0.010096295647  0.000000000000  0.006539235795  0.005023907478  0.007046302260  0.007043166949  0.005021679384  0.006030343090  
piranga_flava_ku90809 0.038327656221  0.039915379670  0.025628015350  0.028722348630  0.027173316742  0.031409525892  0.021395628885  0.021395628885  0.024012055258  0.020883155310  0.018827937136  0.025628015350  0.027730565566  0.028232351482  0.024560787703  0.022471754736  0.016753290967  0.014174234753  0.019330131343  0.019330131343  0.011118930327  0.006542512970  0.010612918758  0.006539235795  0.000000000000  0.003512419609  0.005529502762  0.005526925811  0.003510743530  0.004517036735  
piranga_flava_lsu15408 0.036725170036  0.038309194504  0.024059587549  0.027148083658  0.025601976277  0.029825900110  0.019841650959  0.019841650959  0.022450244040  0.019330131343  0.017279315957  0.024059587549  0.026156359945  0.026657802745  0.022996162665  0.020912826102  0.015210826323  0.012639381560  0.017781159909  0.017781159909  0.009590807955  0.005026626571  0.009085721316  0.005023907478  0.003512419609  0.000000000000  0.004016552224  0.004014529304  0.002003622770  0.003007558051  
piranga_rubra_sdsu2635 0.038327656221  0.039915379670  0.026156359945  0.029252377482  0.026644793671  0.030876046384  0.021917618893  0.021917618893  0.024537291483  0.021404872334  0.019348195171  0.026156359945  0.028261182820  0.028762866481  0.025087434480  0.022996162665  0.017270997750  0.014688787443  0.019850291075  0.019850291075  0.011631177841  0.007049930809  0.011124903381  0.007046302260  0.005529502762  0.004016552224  0.000000000000  0.004016552224  0.002004751105  0.003008888115  
piranga_rubra_sdsu2654 0.037229113595  0.038814140250  0.025087434480  0.029239524987  0.027689245237  0.031927852635  0.021908513754  0.021908513754  0.024526313272  0.021395628885  0.019338909676  0.026142702522  0.028246508689  0.028748842398  0.025075051331  0.022984776710  0.017263184324  0.014682793919  0.019841650959  0.019841650959  0.011625344182  0.007046302260  0.011118930327  0.007043166949  0.005526925811  0.004014529304  0.004016552224  0.000000000000  0.002003622770  0.003007558051  
piranga_hepatica_ku9084 0.036168659617  0.037751275250  0.024046936242  0.027136241968  0.025589727848  0.029811104966  0.019833519117  0.019833519117  0.022440254930  0.019321860464  0.017270997750  0.024046936242  0.026142702522  0.026644793671  0.022984776710  0.020902426996  0.015203967873  0.012634327874  0.017773485417  0.017773485417  0.009585905484  0.005023907478  0.009080678782  0.005021679384  0.003510743530  0.002003622770  0.002004751105  0.002003622770  0.000000000000  0.001000744794  
piranga_rubra_ku26592 0.037229113595  0.038814140250  0.025087434480  0.028180897498  0.026632300141  0.030860996567  0.020865920934  0.020865920934  0.023477245310  0.020353580583  0.018299771619  0.025087434480  0.027186707568  0.027689245237  0.024023169813  0.021937360917  0.016229135300  0.013655036518  0.018802708986  0.018802708986  0.010602185089  0.006032777465  0.010096295647  0.006030343090  0.004517036735  0.003007558051  0.003008888115  0.003007558051  0.001000744794  0.000000000000  

