30
piranga_rubra_ku26592 0.000000000000  0.005400660923  0.010865148908  0.014987358696  0.021952574372  0.024743543785  0.005516290907  0.023329446334  0.004036805707  0.010865148908  0.013147873758  0.007337811341  0.006754268832  0.000000000000  0.005390156919  0.005576340281  0.006754268832  0.010843782414  0.009091432615  0.012231212451  0.019505135622  0.008152656757  0.014987358696  0.009502722126  0.016791385948  0.012348618803  0.007545882429  0.008119557577  0.004038523945  0.009353646492  
piranga_flava_ku90809 0.005400660923  0.000000000000  0.013631005024  0.020584375424  0.027637859390  0.024743543785  0.011112207659  0.023329446334  0.009479785620  0.010865148908  0.015833725226  0.012307452744  0.006754268832  0.002988072027  0.008111610991  0.003708325007  0.006754268832  0.016378795239  0.009091432615  0.012231212451  0.025262320392  0.005415846104  0.020584375424  0.015042170598  0.022555095507  0.017396192892  0.007545882429  0.008119557577  0.006754268832  0.011728999050  
piranga_ludoviciana_sdsu2385 0.010865148908  0.013631005024  0.000000000000  0.012181543617  0.019079742332  0.020433300552  0.005524990629  0.019040873525  0.009489838721  0.005378873444  0.013147873758  0.007353227888  0.012262815780  0.009036659160  0.013601069604  0.009323734754  0.009502856466  0.008078843815  0.006036382048  0.009451397269  0.016605474095  0.010924873051  0.012181543617  0.009477123735  0.016739751340  0.012368346782  0.003764160390  0.005378873444  0.012231212451  0.004647639892  
piranga_rubriceps_lsu265 0.014987358696  0.020584375424  0.012181543617  0.000000000000  0.012181543617  0.021830920799  0.009254097884  0.020433300552  0.013601069604  0.014941845318  0.010481135726  0.009836721236  0.019199481979  0.006000162000  0.020544628802  0.020787944000  0.019199481979  0.012162061788  0.006036382048  0.016311993620  0.009620266470  0.020694137850  0.000000000000  0.010823605017  0.009700399058  0.007373884326  0.003764160390  0.014941845318  0.019158084147  0.002316614735  
piranga_leucoptera_lsu7783 0.021952574372  0.027637859390  0.019079742332  0.012181543617  0.000000000000  0.028856581691  0.014866873029  0.027436946679  0.020544628802  0.021882971453  0.015792325848  0.014817208697  0.026235801853  0.012064175653  0.027587848722  0.026579973965  0.026235801853  0.019050783873  0.012171594466  0.023269854619  0.005467667953  0.027782878893  0.012181543617  0.016319493594  0.011078425840  0.014863907261  0.015234971299  0.021882971453  0.026184159050  0.009333460052  
cardinalis_cardinalis_ku25393 0.024743543785  0.024743543785  0.020433300552  0.021830920799  0.028856581691  0.000000000000  0.020539861101  0.001337497527  0.023329446334  0.020433300552  0.010481135726  0.024890704965  0.023346089788  0.006000162000  0.027550363598  0.026523324183  0.023346089788  0.023210027725  0.006036382048  0.021819707291  0.026509848588  0.024865085978  0.021830920799  0.021860753772  0.026714959241  0.022512685551  0.022979406925  0.020433300552  0.026144960324  0.002316614735  
piranga_olivacea_ku2699 0.005516290907  0.011112207659  0.005524990629  0.009254097884  0.014866873029  0.020539861101  0.000000000000  0.018629544922  0.001832627454  0.005524990629  0.005429986952  0.005150320576  0.011132660506  0.002988072027  0.007372327112  0.010564961028  0.009254097884  0.005516290907  0.006036382048  0.009237601885  0.012996238260  0.009254097884  0.009254097884  0.009271258184  0.005524990629  0.009862794873  0.003764160390  0.003674261344  0.009226626257  0.004971098593  
cardinalis_cardinalis_ku21828 0.023329446334  0.023329446334  0.019040873525  0.020433300552  0.027436946679  0.001337497527  0.018629544922  0.000000000000  0.021920665041  0.019040873525  0.010481135726  0.022334086839  0.021935074983  0.006000162000  0.026130060269  0.024572923271  0.021935074983  0.021811583972  0.006036382048  0.020424278386  0.025072281863  0.023442694300  0.020433300552  0.020461177446  0.025264625082  0.019945706977  0.019068443749  0.019040873525  0.024727766727  0.002316614735  
piranga_rubra_ku7046 0.004036805707  0.009479785620  0.009489838721  0.013601069604  0.020544628802  0.023329446334  0.001832627454  0.021920665041  0.000000000000  0.009489838721  0.010481135726  0.004886085129  0.008119557577  0.000000000000  0.006748413451  0.007440899923  0.008119557577  0.009472709676  0.009091432615  0.010852973814  0.018079554261  0.009528594170  0.013601069604  0.008130560733  0.015364204375  0.009862794873  0.003764160390  0.006754268832  0.008106635095  0.006993255874  
piranga_bidentata_hgoslp104 0.010865148908  0.010865148908  0.005378873444  0.014941845318  0.021882971453  0.020433300552  0.005524990629  0.019040873525  0.009489838721  0.000000000000  0.010481135726  0.009836721236  0.009502856466  0.006000162000  0.013601069604  0.007440899923  0.006763075934  0.010808980147  0.006036382048  0.006727006571  0.018021878299  0.008163650745  0.014941845318  0.012229486605  0.019602813697  0.014890764085  0.003764160390  0.002679785918  0.012231212451  0.004647639892  
piranga_ludoviciana_sdsu2648 0.013147873758  0.015833725226  0.013147873758  0.010481135726  0.015792325848  0.010481135726  0.005429986952  0.010481135726  0.010481135726  0.010481135726  0.000000000000  0.009419731576  0.015833725226  0.009524407404  0.013147873758  0.013439459863  0.013147873758  0.015792325848  0.007059079064  0.013147873758  0.018538344111  0.013147873758  0.010481135726  0.018588205605  0.007833241014  0.012397969319  0.006110150063  0.007833241014  0.015792325848  0.013147873758  
piranga_roseogularis_ku2049 0.007337811341  0.012307452744  0.007353227888  0.009836721236  0.014817208697  0.024890704965  0.005150320576  0.022334086839  0.004886085129  0.009836721236  0.009419731576  0.000000000000  0.014853636769  0.004335326121  0.009814393859  0.012307452744  0.012336783341  0.007353227888  0.007682782915  0.014817208697  0.012336783341  0.012336783341  0.009836721236  0.002441023178  0.009836721236  0.010679113549  0.007566515118  0.009836721236  0.009814393859  0.008119459387  
piranga_hepatica_ku4970 0.006754268832  0.006754268832  0.012262815780  0.019199481979  0.026235801853  0.023346089788  0.011132660506  0.021935074983  0.008119557577  0.009502856466  0.015833725226  0.014853636769  0.000000000000  0.002988072027  0.009472709676  0.007440899923  0.005400660923  0.012231212451  0.012171594466  0.010865148908  0.023841566101  0.006790632021  0.019199481979  0.013669116831  0.021131544505  0.019987113912  0.011407847241  0.006763075934  0.008111610991  0.011728999050  
piranga_hepatica_ku9084 0.000000000000  0.002988072027  0.009036659160  0.006000162000  0.012064175653  0.006000162000  0.002988072027  0.006000162000  0.000000000000  0.006000162000  0.009524407404  0.004335326121  0.002988072027  0.000000000000  0.000000000000  0.003138102901  0.000000000000  0.012064175653  0.010034138852  0.009036659160  0.015140026209  0.000000000000  0.006000162000  0.006018217527  0.002988072027  0.003821702892  0.005535184762  0.002988072027  0.002985263854  0.009036659160  
piranga_rubra_sdsu2654 0.005390156919  0.008111610991  0.013601069604  0.020544628802  0.027587848722  0.027550363598  0.007372327112  0.026130060269  0.006748413451  0.013601069604  0.013147873758  0.009814393859  0.009472709676  0.000000000000  0.000000000000  0.005567477988  0.009472709676  0.016352255853  0.009091432615  0.014974743090  0.025213481218  0.010888060015  0.020544628802  0.015007808875  0.022508587615  0.014863907261  0.007545882429  0.010843782414  0.006745522363  0.009353646492  
piranga_flava_lsu15408 0.005576340281  0.003708325007  0.009323734754  0.020787944000  0.026579973965  0.026523324183  0.010564961028  0.024572923271  0.007440899923  0.007440899923  0.013439459863  0.012307452744  0.007440899923  0.003138102901  0.005567477988  0.000000000000  0.005567477988  0.015006324267  0.012171594466  0.011200880426  0.024653835008  0.005567477988  0.020787944000  0.013142656576  0.018850809187  0.019945706977  0.007545882429  0.005567477988  0.005567477988  0.012061479297  
piranga_lutea_lsu5400 0.006754268832  0.006754268832  0.009502856466  0.019199481979  0.026235801853  0.023346089788  0.009254097884  0.021935074983  0.008119557577  0.006763075934  0.013147873758  0.012336783341  0.005400660923  0.000000000000  0.009472709676  0.005567477988  0.000000000000  0.015002990620  0.009091432615  0.010865148908  0.023841566101  0.004059595099  0.019199481979  0.013669116831  0.021131544505  0.017430275373  0.003764160390  0.004043181260  0.008111610991  0.009353646492  
piranga_olivacea_ku4672 0.010843782414  0.016378795239  0.008078843815  0.012162061788  0.019050783873  0.023210027725  0.005516290907  0.021811583972  0.009472709676  0.010808980147  0.015792325848  0.007353227888  0.012231212451  0.012064175653  0.016352255853  0.015006324267  0.015002990620  0.000000000000  0.009091432615  0.012170313431  0.016578189001  0.016464104794  0.012162061788  0.009454177790  0.016705765964  0.012368346782  0.007566515118  0.010808980147  0.014974743090  0.006979312987  
piranga_ludoviciana_sdsu2208 0.009091432615  0.009091432615  0.006036382048  0.006036382048  0.012171594466  0.006036382048  0.006036382048  0.006036382048  0.009091432615  0.006036382048  0.007059079064  0.007682782915  0.012171594466  0.010034138852  0.009091432615  0.012171594466  0.009091432615  0.009091432615  0.000000000000  0.009091432615  0.012171594466  0.012171594466  0.006036382048  0.009119069109  0.009091432615  0.006865224830  0.000000000000  0.006036382048  0.009091432615  0.009494263375  
piranga_bidentata_itm160 0.012231212451  0.012231212451  0.009451397269  0.016311993620  0.023269854619  0.021819707291  0.009237601885  0.020424278386  0.010852973814  0.006727006571  0.013147873758  0.014817208697  0.010865148908  0.009036659160  0.014974743090  0.011200880426  0.010865148908  0.012170313431  0.009091432615  0.000000000000  0.020848843318  0.012295718681  0.016311993620  0.013593941259  0.021017098372  0.017430275373  0.007566515118  0.006727006571  0.013601069604  0.000000000000  
piranga_leucoptera_fmnh481795 0.019505135622  0.025262320392  0.016605474095  0.009620266470  0.005467667953  0.026509848588  0.012996238260  0.025072281863  0.018079554261  0.018021878299  0.018538344111  0.012336783341  0.023841566101  0.015140026209  0.025213481218  0.024653835008  0.023841566101  0.016578189001  0.012171594466  0.020848843318  0.000000000000  0.025291534068  0.009620266470  0.013807666695  0.011294693555  0.007373884326  0.011407847241  0.019443656460  0.023791039543  0.009625449058  
piranga_lutea_ku89864 0.008152656757  0.005415846104  0.010924873051  0.020694137850  0.027782878893  0.024865085978  0.009254097884  0.023442694300  0.009528594170  0.008163650745  0.013147873758  0.012336783341  0.006790632021  0.000000000000  0.010888060015  0.005567477988  0.004059595099  0.016464104794  0.012171594466  0.012295718681  0.025291534068  0.000000000000  0.020694137850  0.015126007902  0.022679227421  0.017430275373  0.007566515118  0.005422625627  0.009518458546  0.011812132580  
piranga_rubriceps_lsu34818 0.014987358696  0.020584375424  0.012181543617  0.000000000000  0.012181543617  0.021830920799  0.009254097884  0.020433300552  0.013601069604  0.014941845318  0.010481135726  0.009836721236  0.019199481979  0.006000162000  0.020544628802  0.020787944000  0.019199481979  0.012162061788  0.006036382048  0.016311993620  0.009620266470  0.020694137850  0.000000000000  0.010823605017  0.009700399058  0.007373884326  0.003764160390  0.014941845318  0.019158084147  0.002316614735  
piranga_roseogularis_ku2141 0.009502722126  0.015042170598  0.009477123735  0.010823605017  0.016319493594  0.021860753772  0.009271258184  0.020461177446  0.008130560733  0.012229486605  0.018588205605  0.002441023178  0.013669116831  0.006018217527  0.015007808875  0.013142656576  0.013669116831  0.009454177790  0.009119069109  0.013593941259  0.013807666695  0.015126007902  0.010823605017  0.000000000000  0.015337740446  0.007392054151  0.003764160390  0.012229486605  0.013633101480  0.009375571578  
piranga_erythrocephala_fmnh343371 0.016791385948  0.022555095507  0.016739751340  0.009700399058  0.011078425840  0.026714959241  0.005524990629  0.025264625082  0.015364204375  0.019602813697  0.007833241014  0.009836721236  0.021131544505  0.002988072027  0.022508587615  0.018850809187  0.021131544505  0.016705765964  0.009091432615  0.021017098372  0.011294693555  0.022679227421  0.009700399058  0.015337740446  0.000000000000  0.007373884326  0.007566515118  0.016739751340  0.021083327403  0.006993255874  
piranga_erythrocephala_fmnh343370 0.012348618803  0.017396192892  0.012368346782  0.007373884326  0.014863907261  0.022512685551  0.009862794873  0.019945706977  0.009862794873  0.014890764085  0.012397969319  0.010679113549  0.019987113912  0.003821702892  0.014863907261  0.019945706977  0.017430275373  0.012368346782  0.006865224830  0.017430275373  0.007373884326  0.017430275373  0.007373884326  0.007392054151  0.007373884326  0.000000000000  0.011370705965  0.014890764085  0.014863907261  0.007211809887  
piranga_ludoviciana_sdsu2650 0.007545882429  0.007545882429  0.003764160390  0.003764160390  0.015234971299  0.022979406925  0.003764160390  0.019068443749  0.003764160390  0.003764160390  0.006110150063  0.007566515118  0.011407847241  0.005535184762  0.007545882429  0.007545882429  0.003764160390  0.007566515118  0.000000000000  0.007566515118  0.011407847241  0.007566515118  0.003764160390  0.003764160390  0.007566515118  0.011370705965  0.000000000000  0.003764160390  0.007545882429  0.010187482068  
piranga_bidentata_tepe59 0.008119557577  0.008119557577  0.005378873444  0.014941845318  0.021882971453  0.020433300552  0.003674261344  0.019040873525  0.006754268832  0.002679785918  0.007833241014  0.009836721236  0.006763075934  0.002988072027  0.010843782414  0.005567477988  0.004043181260  0.010808980147  0.006036382048  0.006727006571  0.019443656460  0.005422625627  0.014941845318  0.012229486605  0.016739751340  0.014890764085  0.003764160390  0.000000000000  0.009479785620  0.004647639892  
piranga_rubra_sdsu2635 0.004038523945  0.006754268832  0.012231212451  0.019158084147  0.026184159050  0.026144960324  0.009226626257  0.024727766727  0.008106635095  0.012231212451  0.015792325848  0.009814393859  0.008111610991  0.002985263854  0.006745522363  0.005567477988  0.008111610991  0.014974743090  0.009091432615  0.013601069604  0.023791039543  0.009518458546  0.019158084147  0.013633101480  0.021083327403  0.014863907261  0.007545882429  0.009479785620  0.000000000000  0.011702489761  
piranga_bidentata_itm141 0.009353646492  0.011728999050  0.004647639892  0.002316614735  0.009333460052  0.002316614735  0.004971098593  0.002316614735  0.006993255874  0.004647639892  0.013147873758  0.008119459387  0.011728999050  0.009036659160  0.009353646492  0.012061479297  0.009353646492  0.006979312987  0.009494263375  0.000000000000  0.009625449058  0.011812132580  0.002316614735  0.009375571578  0.006993255874  0.007211809887  0.010187482068  0.004647639892  0.011702489761  0.000000000000  

