30
piranga_rubra_ku26592 0.000000000000  0.000000000000  0.003376931894  0.003687548769  0.001686623096  0.001869506160  0.000000000000  0.000000000000  0.000000000000  0.001685978475  0.003562739509  0.000000000000  0.000000000000  0.000000000000  0.000000000000  0.001685978475  0.000000000000  0.003376291825  0.001685978475  0.001685978475  0.001686623096  0.000000000000  0.003376291825  0.001686623096  0.003379519990  0.001887146343  0.001760168716  0.001685978475  0.000000000000  0.001685978475  
piranga_flava_ku90809 0.000000000000  0.000000000000  0.002543706720  0.005443749291  0.003818709452  0.002748005697  0.000000000000  0.000000000000  0.000000000000  0.001270442163  0.002863827433  0.000000000000  0.000000000000  0.000000000000  0.000000000000  0.001453219137  0.000000000000  0.002543344133  0.001270442163  0.001270442163  0.002543344133  0.000000000000  0.005096917888  0.001270808119  0.003819816265  0.001841957711  0.001564633218  0.002543344133  0.000000000000  0.001270442163  
piranga_ludoviciana_sdsu2385 0.003376931894  0.002543706720  0.000000000000  0.008184502997  0.006377983367  0.005504109854  0.002897484469  0.002761462097  0.002550193679  0.001270442163  0.002863827433  0.002173312020  0.002546946069  0.003452719597  0.002543706720  0.004370761045  0.002757654508  0.002543344133  0.001270442163  0.001270442163  0.005096917888  0.002543706720  0.007661919922  0.003818709452  0.006377622170  0.005539095932  0.001564633218  0.002543344133  0.002543706720  0.001270442163  
piranga_rubriceps_lsu265 0.003687548769  0.005443749291  0.008184502997  0.000000000000  0.004079525573  0.005503670895  0.003123214021  0.000000000000  0.005443749291  0.006812487047  0.007385631701  0.002277244625  0.005451168038  0.003452050377  0.005443749291  0.004712497184  0.005526483005  0.008183240234  0.006812487047  0.006812487047  0.002716453675  0.005443749291  0.000000000000  0.004079525573  0.004078272611  0.001841188885  0.004897119377  0.008183240234  0.005443749291  0.006812487047  
piranga_leucoptera_lsu7783 0.001686623096  0.003818709452  0.006377983367  0.004079525573  0.000000000000  0.004123113250  0.002897013688  0.000000000000  0.003828455989  0.005096917888  0.007184007341  0.000000000000  0.003823576509  0.003452050377  0.003818709452  0.004369322055  0.004140183758  0.006377622170  0.005096917888  0.005096917888  0.001270442163  0.003818709452  0.003819807449  0.002543706720  0.002543344133  0.000000000000  0.004705106216  0.006377622170  0.003818709452  0.005096917888  
cardinalis_cardinalis_ku25393 0.001869506160  0.002748005697  0.005504109854  0.005503670895  0.004123113250  0.000000000000  0.001580026607  0.000000000000  0.002748005697  0.004124404050  0.004475090555  0.000000000000  0.002751786672  0.001727412047  0.002748005697  0.003177801396  0.002763192280  0.004124404050  0.004124404050  0.004124404050  0.002745871672  0.002748005697  0.005503670895  0.001371928766  0.004124404050  0.000000000000  0.003303787062  0.005507124684  0.002748005697  0.004124404050  
piranga_olivacea_ku2699 0.000000000000  0.000000000000  0.002897484469  0.003123214021  0.002897013688  0.001580026607  0.000000000000  0.000000000000  0.000000000000  0.001446911096  0.003033216662  0.000000000000  0.000000000000  0.000000000000  0.000000000000  0.001453219137  0.000000000000  0.002897013688  0.001446911096  0.001446911096  0.001447385815  0.000000000000  0.002897013688  0.001447385815  0.002899389417  0.001841957711  0.001564633218  0.002897013688  0.000000000000  0.001446911096  
cardinalis_cardinalis_ku21828 0.000000000000  0.000000000000  0.002761462097  0.000000000000  0.000000000000  0.000000000000  0.000000000000  0.000000000000  0.000000000000  0.000000000000  0.000000000000  0.000000000000  0.000000000000  0.000000000000  0.000000000000  0.002761462097  0.000000000000  0.002763192280  0.000000000000  0.000000000000  0.000000000000  0.000000000000  0.000000000000  0.000000000000  0.002763192280  0.000000000000  0.000000000000  0.000000000000  0.000000000000  0.000000000000  
piranga_rubra_ku7046 0.000000000000  0.000000000000  0.002550193679  0.005443749291  0.003828455989  0.002748005697  0.000000000000  0.000000000000  0.000000000000  0.001273678435  0.002863827433  0.000000000000  0.000000000000  0.000000000000  0.000000000000  0.001457455144  0.000000000000  0.002549829236  0.001273678435  0.001273678435  0.002549829236  0.000000000000  0.005109940436  0.001274046258  0.003829568474  0.001841957711  0.001564633218  0.002549829236  0.000000000000  0.001273678435  
piranga_bidentata_hgoslp104 0.001685978475  0.001270442163  0.001270442163  0.006812487047  0.005096917888  0.004124404050  0.001446911096  0.000000000000  0.001273678435  0.000000000000  0.001430818233  0.000000000000  0.001272058241  0.001723759389  0.001270442163  0.002910132602  0.001377168627  0.001270808119  0.000000000000  0.000000000000  0.003818709452  0.001270442163  0.006377983367  0.002543344133  0.005097294156  0.003687548769  0.000000000000  0.001270808119  0.001270442163  0.000000000000  
piranga_ludoviciana_sdsu2648 0.003562739509  0.002863827433  0.002863827433  0.007385631701  0.007184007341  0.004475090555  0.003033216662  0.000000000000  0.002863827433  0.001430818233  0.000000000000  0.002183880600  0.002863827433  0.003452050377  0.002863827433  0.004575924366  0.002992372263  0.002866148978  0.001430818233  0.001430818233  0.005741109367  0.002863827433  0.007184007341  0.004301829845  0.007186368466  0.005541429734  0.001580026607  0.002866148978  0.002863827433  0.001430818233  
piranga_roseogularis_ku2049 0.000000000000  0.000000000000  0.002173312020  0.002277244625  0.000000000000  0.000000000000  0.000000000000  0.000000000000  0.000000000000  0.000000000000  0.002183880600  0.000000000000  0.000000000000  0.000000000000  0.000000000000  0.002173312020  0.000000000000  0.002174383395  0.000000000000  0.000000000000  0.000000000000  0.000000000000  0.002173312020  0.000000000000  0.002174383395  0.000000000000  0.000000000000  0.000000000000  0.000000000000  0.000000000000  
piranga_hepatica_ku4970 0.000000000000  0.000000000000  0.002546946069  0.005451168038  0.003823576509  0.002751786672  0.000000000000  0.000000000000  0.000000000000  0.001272058241  0.002863827433  0.000000000000  0.000000000000  0.000000000000  0.000000000000  0.001453219137  0.000000000000  0.002546582556  0.001272058241  0.001272058241  0.002546582556  0.000000000000  0.005103420855  0.001272425128  0.003824686153  0.001841957711  0.001564633218  0.002546582556  0.000000000000  0.001272058241  
piranga_hepatica_ku9084 0.000000000000  0.000000000000  0.003452719597  0.003452050377  0.003452050377  0.001727412047  0.000000000000  0.000000000000  0.000000000000  0.001723759389  0.003452050377  0.000000000000  0.000000000000  0.000000000000  0.000000000000  0.001723759389  0.000000000000  0.001723759389  0.001723759389  0.001723759389  0.001724433236  0.000000000000  0.003452050377  0.001724433236  0.003455425258  0.001841957711  0.001723759389  0.001723759389  0.000000000000  0.001723759389  
piranga_rubra_sdsu2654 0.000000000000  0.000000000000  0.002543706720  0.005443749291  0.003818709452  0.002748005697  0.000000000000  0.000000000000  0.000000000000  0.001270442163  0.002863827433  0.000000000000  0.000000000000  0.000000000000  0.000000000000  0.001453219137  0.000000000000  0.002543344133  0.001270442163  0.001270442163  0.002543344133  0.000000000000  0.005096917888  0.001270808119  0.003819816265  0.001841957711  0.001564633218  0.002543344133  0.000000000000  0.001270442163  
piranga_flava_lsu15408 0.001685978475  0.001453219137  0.004370761045  0.004712497184  0.004369322055  0.003177801396  0.001453219137  0.002761462097  0.001457455144  0.002910132602  0.004575924366  0.002173312020  0.001453219137  0.001723759389  0.001453219137  0.000000000000  0.001594572293  0.004369322055  0.002910132602  0.002910132602  0.002909657691  0.001453219137  0.004369322055  0.002909657691  0.004370772068  0.003687548769  0.003133549941  0.004369322055  0.001453219137  0.002910132602  
piranga_lutea_lsu5400 0.000000000000  0.000000000000  0.002757654508  0.005526483005  0.004140183758  0.002763192280  0.000000000000  0.000000000000  0.000000000000  0.001377168627  0.002992372263  0.000000000000  0.000000000000  0.000000000000  0.000000000000  0.001594572293  0.000000000000  0.001377168627  0.001377168627  0.001377168627  0.002757228185  0.000000000000  0.005526483005  0.001377598672  0.004141485297  0.001841957711  0.001658024511  0.002757228185  0.000000000000  0.001377168627  
piranga_olivacea_ku4672 0.003376291825  0.002543344133  0.002543344133  0.008183240234  0.006377622170  0.004124404050  0.002897013688  0.002763192280  0.002549829236  0.001270808119  0.002866148978  0.002174383395  0.002546582556  0.001723759389  0.002543344133  0.004369322055  0.001377168627  0.000000000000  0.001270808119  0.001270808119  0.005097294156  0.002543344133  0.007660814265  0.003819816265  0.006379481017  0.003687548769  0.001565188357  0.002545174648  0.002543344133  0.001270808119  
piranga_ludoviciana_sdsu2208 0.001685978475  0.001270442163  0.001270442163  0.006812487047  0.005096917888  0.004124404050  0.001446911096  0.000000000000  0.001273678435  0.000000000000  0.001430818233  0.000000000000  0.001272058241  0.001723759389  0.001270442163  0.002910132602  0.001377168627  0.001270808119  0.000000000000  0.000000000000  0.003818709452  0.001270442163  0.006377983367  0.002543344133  0.005097294156  0.003687548769  0.000000000000  0.001270808119  0.001270442163  0.000000000000  
piranga_bidentata_itm160 0.001685978475  0.001270442163  0.001270442163  0.006812487047  0.005096917888  0.004124404050  0.001446911096  0.000000000000  0.001273678435  0.000000000000  0.001430818233  0.000000000000  0.001272058241  0.001723759389  0.001270442163  0.002910132602  0.001377168627  0.001270808119  0.000000000000  0.000000000000  0.003818709452  0.001270442163  0.006377983367  0.002543344133  0.005097294156  0.003687548769  0.000000000000  0.001270808119  0.001270442163  0.000000000000  
piranga_leucoptera_fmnh481795 0.001686623096  0.002543344133  0.005096917888  0.002716453675  0.001270442163  0.002745871672  0.001447385815  0.000000000000  0.002549829236  0.003818709452  0.005741109367  0.000000000000  0.002546582556  0.001724433236  0.002543344133  0.002909657691  0.002757228185  0.005097294156  0.003818709452  0.003818709452  0.000000000000  0.002543344133  0.002543706720  0.001270442163  0.001270808119  0.000000000000  0.003132999070  0.005097294156  0.002543344133  0.003818709452  
piranga_lutea_ku89864 0.000000000000  0.000000000000  0.002543706720  0.005443749291  0.003818709452  0.002748005697  0.000000000000  0.000000000000  0.000000000000  0.001270442163  0.002863827433  0.000000000000  0.000000000000  0.000000000000  0.000000000000  0.001453219137  0.000000000000  0.002543344133  0.001270442163  0.001270442163  0.002543344133  0.000000000000  0.005096917888  0.001270808119  0.003819816265  0.001841957711  0.001564633218  0.002543344133  0.000000000000  0.001270442163  
piranga_rubriceps_lsu34818 0.003376291825  0.005096917888  0.007661919922  0.000000000000  0.003819807449  0.005503670895  0.002897013688  0.000000000000  0.005109940436  0.006377983367  0.007184007341  0.002173312020  0.005103420855  0.003452050377  0.005096917888  0.004369322055  0.005526483005  0.007660814265  0.006377983367  0.006377983367  0.002543706720  0.005096917888  0.000000000000  0.003819807449  0.003818709452  0.001841188885  0.004705106216  0.007660814265  0.005096917888  0.006377983367  
piranga_roseogularis_ku2141 0.001686623096  0.001270808119  0.003818709452  0.004079525573  0.002543706720  0.001371928766  0.001447385815  0.000000000000  0.001274046258  0.002543344133  0.004301829845  0.000000000000  0.001272425128  0.001724433236  0.001270808119  0.002909657691  0.001377598672  0.003819816265  0.002543344133  0.002543344133  0.001270442163  0.001270808119  0.003819807449  0.000000000000  0.002543344133  0.000000000000  0.003132999070  0.003819816265  0.001270808119  0.002543344133  
piranga_erythrocephala_fmnh343371 0.003379519990  0.003819816265  0.006377622170  0.004078272611  0.002543344133  0.004124404050  0.002899389417  0.002763192280  0.003829568474  0.005097294156  0.007186368466  0.002174383395  0.003824686153  0.003455425258  0.003819816265  0.004370772068  0.004141485297  0.006379481017  0.005097294156  0.005097294156  0.001270808119  0.003819816265  0.003818709452  0.002543344133  0.000000000000  0.001841957711  0.004706788375  0.006379481017  0.003819816265  0.005097294156  
piranga_erythrocephala_fmnh343370 0.001887146343  0.001841957711  0.005539095932  0.001841188885  0.000000000000  0.000000000000  0.001841957711  0.000000000000  0.001841957711  0.003687548769  0.005541429734  0.000000000000  0.001841957711  0.001841957711  0.001841957711  0.003687548769  0.001841957711  0.003687548769  0.003687548769  0.003687548769  0.000000000000  0.001841957711  0.001841188885  0.000000000000  0.001841957711  0.000000000000  0.003687548769  0.003687548769  0.001841957711  0.003687548769  
piranga_ludoviciana_sdsu2650 0.001760168716  0.001564633218  0.001564633218  0.004897119377  0.004705106216  0.003303787062  0.001564633218  0.000000000000  0.001564633218  0.000000000000  0.001580026607  0.000000000000  0.001564633218  0.001723759389  0.001564633218  0.003133549941  0.001658024511  0.001565188357  0.000000000000  0.000000000000  0.003132999070  0.001564633218  0.004705106216  0.003132999070  0.004706788375  0.003687548769  0.000000000000  0.001565188357  0.001564633218  0.000000000000  
piranga_bidentata_tepe59 0.001685978475  0.002543344133  0.002543344133  0.008183240234  0.006377622170  0.005507124684  0.002897013688  0.000000000000  0.002549829236  0.001270808119  0.002866148978  0.000000000000  0.002546582556  0.001723759389  0.002543344133  0.004369322055  0.002757228185  0.002545174648  0.001270808119  0.001270808119  0.005097294156  0.002543344133  0.007660814265  0.003819816265  0.006379481017  0.003687548769  0.001565188357  0.000000000000  0.002543344133  0.001270808119  
piranga_rubra_sdsu2635 0.000000000000  0.000000000000  0.002543706720  0.005443749291  0.003818709452  0.002748005697  0.000000000000  0.000000000000  0.000000000000  0.001270442163  0.002863827433  0.000000000000  0.000000000000  0.000000000000  0.000000000000  0.001453219137  0.000000000000  0.002543344133  0.001270442163  0.001270442163  0.002543344133  0.000000000000  0.005096917888  0.001270808119  0.003819816265  0.001841957711  0.001564633218  0.002543344133  0.000000000000  0.001270442163  
piranga_bidentata_itm141 0.001685978475  0.001270442163  0.001270442163  0.006812487047  0.005096917888  0.004124404050  0.001446911096  0.000000000000  0.001273678435  0.000000000000  0.001430818233  0.000000000000  0.001272058241  0.001723759389  0.001270442163  0.002910132602  0.001377168627  0.001270808119  0.000000000000  0.000000000000  0.003818709452  0.001270442163  0.006377983367  0.002543344133  0.005097294156  0.003687548769  0.000000000000  0.001270808119  0.001270442163  0.000000000000  

