30
cardinalis_cardinalis_ku21828 0.000000000000  0.000000000000  0.006544276520  0.006544276520  0.005531177984  0.005531177984  0.003511914919  0.003511914919  0.007051697176  0.007559700537  0.003511914919  0.003511914919  0.003511914919  0.003511914919  0.003511914919  0.003511914919  0.008577460735  0.004015867230  0.003511914919  0.003511914919  0.003511914919  0.003511914919  0.004520394302  0.005531177984  0.003511914919  0.003511914919  0.003511914919  0.003511914919  0.003511914919  0.003511914919  
cardinalis_cardinalis_ku25393 0.000000000000  0.000000000000  0.006544276520  0.006544276520  0.005531177984  0.005531177984  0.003511914919  0.003511914919  0.007051697176  0.007559700537  0.003511914919  0.003511914919  0.003511914919  0.003511914919  0.003511914919  0.003511914919  0.008577460735  0.004015867230  0.003511914919  0.003511914919  0.003511914919  0.003511914919  0.004520394302  0.005531177984  0.003511914919  0.003511914919  0.003511914919  0.003511914919  0.003511914919  0.003511914919  
piranga_rubriceps_lsu265 0.006544276520  0.006544276520  0.000000000000  0.000000000000  0.005028471576  0.005028471576  0.003010218686  0.003010218686  0.006548227051  0.007055974670  0.003010218686  0.003010218686  0.003010218686  0.003010218686  0.003010218686  0.003010218686  0.008073221618  0.003513919316  0.003010218686  0.003010218686  0.003010218686  0.003010218686  0.004018194134  0.005028471576  0.003010218686  0.003010218686  0.003010218686  0.003010218686  0.003010218686  0.003010218686  
piranga_rubriceps_lsu34818 0.006544276520  0.006544276520  0.000000000000  0.000000000000  0.005028471576  0.005028471576  0.003010218686  0.003010218686  0.006548227051  0.007055974670  0.003010218686  0.003010218686  0.003010218686  0.003010218686  0.003010218686  0.003010218686  0.008073221618  0.003513919316  0.003010218686  0.003010218686  0.003010218686  0.003010218686  0.004018194134  0.005028471576  0.003010218686  0.003010218686  0.003010218686  0.003010218686  0.003010218686  0.003010218686  
piranga_roseogularis_ku2049 0.005531177984  0.005531177984  0.005028471576  0.005028471576  0.000000000000  0.000000000000  0.002004534767  0.002004534767  0.005534476835  0.006041061551  0.002004534767  0.002004534767  0.002004534767  0.002004534767  0.002004534767  0.002004534767  0.007055974670  0.002507090937  0.002004534767  0.002004534767  0.002004534767  0.002004534767  0.003010218686  0.004018194134  0.002004534767  0.002004534767  0.002004534767  0.002004534767  0.002004534767  0.002004534767  
piranga_roseogularis_ku2141 0.005531177984  0.005531177984  0.005028471576  0.005028471576  0.000000000000  0.000000000000  0.002004534767  0.002004534767  0.005534476835  0.006041061551  0.002004534767  0.002004534767  0.002004534767  0.002004534767  0.002004534767  0.002004534767  0.007055974670  0.002507090937  0.002004534767  0.002004534767  0.002004534767  0.002004534767  0.003010218686  0.004018194134  0.002004534767  0.002004534767  0.002004534767  0.002004534767  0.002004534767  0.002004534767  
piranga_ludoviciana_sdsu2648 0.003511914919  0.003511914919  0.003010218686  0.003010218686  0.002004534767  0.002004534767  0.000000000000  0.000000000000  0.003513919316  0.004018194134  0.000000000000  0.000000000000  0.000000000000  0.000000000000  0.000000000000  0.000000000000  0.005028471576  0.000500282781  0.000000000000  0.000000000000  0.000000000000  0.000000000000  0.001001131980  0.002004534767  0.000000000000  0.000000000000  0.000000000000  0.000000000000  0.000000000000  0.000000000000  
piranga_ludoviciana_sdsu2208 0.003511914919  0.003511914919  0.003010218686  0.003010218686  0.002004534767  0.002004534767  0.000000000000  0.000000000000  0.003513919316  0.004018194134  0.000000000000  0.000000000000  0.000000000000  0.000000000000  0.000000000000  0.000000000000  0.005028471576  0.000500282781  0.000000000000  0.000000000000  0.000000000000  0.000000000000  0.001001131980  0.002004534767  0.000000000000  0.000000000000  0.000000000000  0.000000000000  0.000000000000  0.000000000000  
piranga_ludoviciana_sdsu2385 0.007051697176  0.007051697176  0.006548227051  0.006548227051  0.005534476835  0.005534476835  0.003513919316  0.003513919316  0.000000000000  0.007564305745  0.003513919316  0.003513919316  0.003513919316  0.003513919316  0.003513919316  0.003513919316  0.008582723636  0.004018194134  0.003513919316  0.003513919316  0.003513919316  0.003513919316  0.004523044448  0.005534476835  0.003513919316  0.003513919316  0.003513919316  0.003513919316  0.003513919316  0.003513919316  
piranga_rubra_sdsu2635 0.007559700537  0.007559700537  0.007055974670  0.007055974670  0.006041061551  0.006041061551  0.004018194134  0.004018194134  0.007564305745  0.000000000000  0.004018194134  0.004018194134  0.004018194134  0.004018194134  0.004018194134  0.004018194134  0.009092813152  0.004523044448  0.004018194134  0.004018194134  0.004018194134  0.004018194134  0.005028471576  0.006041061551  0.004018194134  0.004018194134  0.004018194134  0.004018194134  0.004018194134  0.004018194134  
piranga_leucoptera_lsu7783 0.003511914919  0.003511914919  0.003010218686  0.003010218686  0.002004534767  0.002004534767  0.000000000000  0.000000000000  0.003513919316  0.004018194134  0.000000000000  0.000000000000  0.000000000000  0.000000000000  0.000000000000  0.000000000000  0.005028471576  0.000500282781  0.000000000000  0.000000000000  0.000000000000  0.000000000000  0.001001131980  0.002004534767  0.000000000000  0.000000000000  0.000000000000  0.000000000000  0.000000000000  0.000000000000  
piranga_ludoviciana_sdsu2650 0.003511914919  0.003511914919  0.003010218686  0.003010218686  0.002004534767  0.002004534767  0.000000000000  0.000000000000  0.003513919316  0.004018194134  0.000000000000  0.000000000000  0.000000000000  0.000000000000  0.000000000000  0.000000000000  0.005028471576  0.000500282781  0.000000000000  0.000000000000  0.000000000000  0.000000000000  0.001001131980  0.002004534767  0.000000000000  0.000000000000  0.000000000000  0.000000000000  0.000000000000  0.000000000000  
piranga_bidentata_tepe59 0.003511914919  0.003511914919  0.003010218686  0.003010218686  0.002004534767  0.002004534767  0.000000000000  0.000000000000  0.003513919316  0.004018194134  0.000000000000  0.000000000000  0.000000000000  0.000000000000  0.000000000000  0.000000000000  0.005028471576  0.000500282781  0.000000000000  0.000000000000  0.000000000000  0.000000000000  0.001001131980  0.002004534767  0.000000000000  0.000000000000  0.000000000000  0.000000000000  0.000000000000  0.000000000000  
piranga_flava_ku90809 0.003511914919  0.003511914919  0.003010218686  0.003010218686  0.002004534767  0.002004534767  0.000000000000  0.000000000000  0.003513919316  0.004018194134  0.000000000000  0.000000000000  0.000000000000  0.000000000000  0.000000000000  0.000000000000  0.005028471576  0.000500282781  0.000000000000  0.000000000000  0.000000000000  0.000000000000  0.001001131980  0.002004534767  0.000000000000  0.000000000000  0.000000000000  0.000000000000  0.000000000000  0.000000000000  
piranga_bidentata_itm160 0.003511914919  0.003511914919  0.003010218686  0.003010218686  0.002004534767  0.002004534767  0.000000000000  0.000000000000  0.003513919316  0.004018194134  0.000000000000  0.000000000000  0.000000000000  0.000000000000  0.000000000000  0.000000000000  0.005028471576  0.000500282781  0.000000000000  0.000000000000  0.000000000000  0.000000000000  0.001001131980  0.002004534767  0.000000000000  0.000000000000  0.000000000000  0.000000000000  0.000000000000  0.000000000000  
piranga_rubra_ku7046 0.003511914919  0.003511914919  0.003010218686  0.003010218686  0.002004534767  0.002004534767  0.000000000000  0.000000000000  0.003513919316  0.004018194134  0.000000000000  0.000000000000  0.000000000000  0.000000000000  0.000000000000  0.000000000000  0.005028471576  0.000500282781  0.000000000000  0.000000000000  0.000000000000  0.000000000000  0.001001131980  0.002004534767  0.000000000000  0.000000000000  0.000000000000  0.000000000000  0.000000000000  0.000000000000  
piranga_hepatica_ku9084 0.008577460735  0.008577460735  0.008073221618  0.008073221618  0.007055974670  0.007055974670  0.005028471576  0.005028471576  0.008582723636  0.009092813152  0.005028471576  0.005028471576  0.005028471576  0.005028471576  0.005028471576  0.005028471576  0.000000000000  0.005534476835  0.005028471576  0.005028471576  0.005028471576  0.005028471576  0.006041061551  0.007055974670  0.005028471576  0.005028471576  0.005028471576  0.005028471576  0.005028471576  0.005028471576  
piranga_leucoptera_fmnh481795 0.004015867230  0.004015867230  0.003513919316  0.003513919316  0.002507090937  0.002507090937  0.000500282781  0.000500282781  0.004018194134  0.004523044448  0.000500282781  0.000500282781  0.000500282781  0.000500282781  0.000500282781  0.000500282781  0.005534476835  0.000000000000  0.000500282781  0.000500282781  0.000500282781  0.000500282781  0.001502548879  0.002507090937  0.000500282781  0.000500282781  0.000500282781  0.000500282781  0.000500282781  0.000500282781  
piranga_hepatica_ku4970 0.003511914919  0.003511914919  0.003010218686  0.003010218686  0.002004534767  0.002004534767  0.000000000000  0.000000000000  0.003513919316  0.004018194134  0.000000000000  0.000000000000  0.000000000000  0.000000000000  0.000000000000  0.000000000000  0.005028471576  0.000500282781  0.000000000000  0.000000000000  0.000000000000  0.000000000000  0.001001131980  0.002004534767  0.000000000000  0.000000000000  0.000000000000  0.000000000000  0.000000000000  0.000000000000  
piranga_bidentata_itm141 0.003511914919  0.003511914919  0.003010218686  0.003010218686  0.002004534767  0.002004534767  0.000000000000  0.000000000000  0.003513919316  0.004018194134  0.000000000000  0.000000000000  0.000000000000  0.000000000000  0.000000000000  0.000000000000  0.005028471576  0.000500282781  0.000000000000  0.000000000000  0.000000000000  0.000000000000  0.001001131980  0.002004534767  0.000000000000  0.000000000000  0.000000000000  0.000000000000  0.000000000000  0.000000000000  
piranga_erythrocephala_fmnh343370 0.003511914919  0.003511914919  0.003010218686  0.003010218686  0.002004534767  0.002004534767  0.000000000000  0.000000000000  0.003513919316  0.004018194134  0.000000000000  0.000000000000  0.000000000000  0.000000000000  0.000000000000  0.000000000000  0.005028471576  0.000500282781  0.000000000000  0.000000000000  0.000000000000  0.000000000000  0.001001131980  0.002004534767  0.000000000000  0.000000000000  0.000000000000  0.000000000000  0.000000000000  0.000000000000  
piranga_olivacea_ku2699 0.003511914919  0.003511914919  0.003010218686  0.003010218686  0.002004534767  0.002004534767  0.000000000000  0.000000000000  0.003513919316  0.004018194134  0.000000000000  0.000000000000  0.000000000000  0.000000000000  0.000000000000  0.000000000000  0.005028471576  0.000500282781  0.000000000000  0.000000000000  0.000000000000  0.000000000000  0.001001131980  0.002004534767  0.000000000000  0.000000000000  0.000000000000  0.000000000000  0.000000000000  0.000000000000  
piranga_erythrocephala_fmnh343371 0.004520394302  0.004520394302  0.004018194134  0.004018194134  0.003010218686  0.003010218686  0.001001131980  0.001001131980  0.004523044448  0.005028471576  0.001001131980  0.001001131980  0.001001131980  0.001001131980  0.001001131980  0.001001131980  0.006041061551  0.001502548879  0.001001131980  0.001001131980  0.001001131980  0.001001131980  0.000000000000  0.003010218686  0.001001131980  0.001001131980  0.001001131980  0.001001131980  0.001001131980  0.001001131980  
piranga_olivacea_ku4672 0.005531177984  0.005531177984  0.005028471576  0.005028471576  0.004018194134  0.004018194134  0.002004534767  0.002004534767  0.005534476835  0.006041061551  0.002004534767  0.002004534767  0.002004534767  0.002004534767  0.002004534767  0.002004534767  0.007055974670  0.002507090937  0.002004534767  0.002004534767  0.002004534767  0.002004534767  0.003010218686  0.000000000000  0.002004534767  0.002004534767  0.002004534767  0.002004534767  0.002004534767  0.002004534767  
piranga_lutea_ku89864 0.003511914919  0.003511914919  0.003010218686  0.003010218686  0.002004534767  0.002004534767  0.000000000000  0.000000000000  0.003513919316  0.004018194134  0.000000000000  0.000000000000  0.000000000000  0.000000000000  0.000000000000  0.000000000000  0.005028471576  0.000500282781  0.000000000000  0.000000000000  0.000000000000  0.000000000000  0.001001131980  0.002004534767  0.000000000000  0.000000000000  0.000000000000  0.000000000000  0.000000000000  0.000000000000  
piranga_flava_lsu15408 0.003511914919  0.003511914919  0.003010218686  0.003010218686  0.002004534767  0.002004534767  0.000000000000  0.000000000000  0.003513919316  0.004018194134  0.000000000000  0.000000000000  0.000000000000  0.000000000000  0.000000000000  0.000000000000  0.005028471576  0.000500282781  0.000000000000  0.000000000000  0.000000000000  0.000000000000  0.001001131980  0.002004534767  0.000000000000  0.000000000000  0.000000000000  0.000000000000  0.000000000000  0.000000000000  
piranga_rubra_sdsu2654 0.003511914919  0.003511914919  0.003010218686  0.003010218686  0.002004534767  0.002004534767  0.000000000000  0.000000000000  0.003513919316  0.004018194134  0.000000000000  0.000000000000  0.000000000000  0.000000000000  0.000000000000  0.000000000000  0.005028471576  0.000500282781  0.000000000000  0.000000000000  0.000000000000  0.000000000000  0.001001131980  0.002004534767  0.000000000000  0.000000000000  0.000000000000  0.000000000000  0.000000000000  0.000000000000  
piranga_lutea_lsu5400 0.003511914919  0.003511914919  0.003010218686  0.003010218686  0.002004534767  0.002004534767  0.000000000000  0.000000000000  0.003513919316  0.004018194134  0.000000000000  0.000000000000  0.000000000000  0.000000000000  0.000000000000  0.000000000000  0.005028471576  0.000500282781  0.000000000000  0.000000000000  0.000000000000  0.000000000000  0.001001131980  0.002004534767  0.000000000000  0.000000000000  0.000000000000  0.000000000000  0.000000000000  0.000000000000  
piranga_bidentata_hgoslp104 0.003511914919  0.003511914919  0.003010218686  0.003010218686  0.002004534767  0.002004534767  0.000000000000  0.000000000000  0.003513919316  0.004018194134  0.000000000000  0.000000000000  0.000000000000  0.000000000000  0.000000000000  0.000000000000  0.005028471576  0.000500282781  0.000000000000  0.000000000000  0.000000000000  0.000000000000  0.001001131980  0.002004534767  0.000000000000  0.000000000000  0.000000000000  0.000000000000  0.000000000000  0.000000000000  
piranga_rubra_ku26592 0.003511914919  0.003511914919  0.003010218686  0.003010218686  0.002004534767  0.002004534767  0.000000000000  0.000000000000  0.003513919316  0.004018194134  0.000000000000  0.000000000000  0.000000000000  0.000000000000  0.000000000000  0.000000000000  0.005028471576  0.000500282781  0.000000000000  0.000000000000  0.000000000000  0.000000000000  0.001001131980  0.002004534767  0.000000000000  0.000000000000  0.000000000000  0.000000000000  0.000000000000  0.000000000000  

