30
cardinalis_cardinalis_ku21828 0.000000000000  0.001502317911  0.014675275053  0.017249128621  0.016206998865  0.016721754147  0.021371548806  0.020859528308  0.014157568462  0.019291045589  0.017231630970  0.014670431004  0.016206998865  0.017226616322  0.013151946732  0.013151946732  0.017752902057  0.017231630970  0.017237054826  0.011101649983  0.013654230791  0.015194486338  0.015194486338  0.014680525639  0.024466290356  0.023430785425  0.015194486338  0.011612111391  0.012123109128  0.010595574245  
cardinalis_cardinalis_ku25393 0.001502317911  0.000000000000  0.016217952065  0.018800004453  0.017752902057  0.018269297002  0.022933148598  0.022420314745  0.015697781402  0.020845138643  0.018779973431  0.016212271551  0.017752902057  0.018774116165  0.014692244889  0.014692244889  0.019303734693  0.018779973431  0.018786240825  0.012634644324  0.015194486338  0.016739635319  0.016739635319  0.016224040025  0.026034515969  0.024996508770  0.016739635319  0.013146718110  0.013659331621  0.012127784748  
piranga_erythrocephala_fmnh343371 0.014675275053  0.016217952065  0.000000000000  0.002506447505  0.018768669413  0.019285317077  0.023952133343  0.023438376073  0.016711875315  0.021863766045  0.019279999774  0.017226616322  0.018768669413  0.019791727353  0.015703182505  0.015703182505  0.020838561243  0.019796914800  0.019802514156  0.014670431004  0.017237054826  0.018786240825  0.018786240825  0.018269297002  0.027057730637  0.026018533109  0.017752902057  0.014157568462  0.014670431004  0.013137475855  
piranga_erythrocephala_fmnh343370 0.017249128621  0.018800004453  0.002506447505  0.000000000000  0.021357413602  0.021876820077  0.026567288975  0.026052163073  0.018774116165  0.023944670187  0.021350964478  0.019291045589  0.020838561243  0.021863766045  0.018282496155  0.018282496155  0.023438376073  0.022389763190  0.022396781855  0.017242887505  0.019821779778  0.021379234115  0.021379234115  0.020859528308  0.029684035786  0.028640627543  0.020340377257  0.016727306533  0.017242887505  0.015703182505  
piranga_leucoptera_fmnh481795 0.016206998865  0.017752902057  0.018768669413  0.021357413602  0.000000000000  0.001501523593  0.006029500439  0.005526264142  0.017217816208  0.022371189513  0.020303852835  0.017732542939  0.019275094071  0.020299208652  0.015692787824  0.016206998865  0.021344928190  0.020303852835  0.020308910020  0.015174812427  0.017741902694  0.018257735588  0.018257735588  0.017741902694  0.027566644403  0.026526929627  0.018257735588  0.014661964057  0.015174812427  0.013641363150  
piranga_leucoptera_lsu7783 0.016721754147  0.018269297002  0.019285317077  0.021876820077  0.001501523593  0.000000000000  0.004518750740  0.004016539776  0.017732542939  0.022890566918  0.020821303420  0.018247815005  0.019791727353  0.020816376907  0.016206998865  0.016721754147  0.021863766045  0.020821303420  0.020826643241  0.015688202157  0.018257735588  0.018774116165  0.018774116165  0.018257735588  0.028090757289  0.027050204046  0.018774116165  0.015174812427  0.015688202157  0.014153408680  
piranga_rubriceps_lsu265 0.021371548806  0.022933148598  0.023952133343  0.026567288975  0.006029500439  0.004518750740  0.000000000000  0.000500191097  0.022383157985  0.027581858324  0.025495806363  0.022903105195  0.024458955094  0.025488728110  0.020852127793  0.021371548806  0.026549894541  0.025495806363  0.025503301137  0.020326555655  0.022917300123  0.022396781855  0.022396781855  0.021876820077  0.032823460868  0.031775447810  0.023438376073  0.019808525029  0.020326555655  0.018779973431  
piranga_rubriceps_lsu34818 0.020859528308  0.022420314745  0.023438376073  0.026052163073  0.005526264142  0.004016539776  0.000500191097  0.000000000000  0.021870086487  0.027065675095  0.024980847799  0.022389763190  0.023944670187  0.024973640838  0.020340377257  0.020859528308  0.026034515969  0.024980847799  0.024988470572  0.019814947032  0.022404213592  0.021883966427  0.021883966427  0.021364275173  0.032304118444  0.031256791865  0.022925017859  0.019297184924  0.019814947032  0.018269297002  
piranga_flava_ku90809 0.014157568462  0.015697781402  0.016711875315  0.018774116165  0.017217816208  0.017732542939  0.022383157985  0.021870086487  0.000000000000  0.005019678349  0.003006900921  0.002504590577  0.004011948633  0.005017540972  0.011601336812  0.012111509440  0.017217816208  0.016186766423  0.016189994144  0.011089190880  0.013637886840  0.015174812427  0.015174812427  0.014661964057  0.023399051296  0.022365827031  0.014149655907  0.010072060176  0.011089190880  0.009565981130  
piranga_flava_lsu15408 0.019291045589  0.020845138643  0.021863766045  0.023944670187  0.022371189513  0.022890566918  0.027581858324  0.027065675095  0.005019678349  0.000000000000  0.008050081736  0.007543343346  0.009062517238  0.010074022057  0.016711875315  0.017226616322  0.022371189513  0.021329300257  0.021334095686  0.016193631641  0.018763633563  0.020314379812  0.020314379812  0.019796914800  0.028600738384  0.027559665706  0.019279999774  0.015167421913  0.016193631641  0.014658341936  
piranga_lutea_ku89864 0.017231630970  0.018779973431  0.019279999774  0.021350964478  0.020303852835  0.020821303420  0.025495806363  0.024980847799  0.003006900921  0.008050081736  0.000000000000  0.005522790176  0.007037132386  0.008046314540  0.014661964057  0.015174812427  0.020303852835  0.019266519037  0.019270600360  0.014146310532  0.016707549645  0.018252569998  0.018252569998  0.017737017671  0.025991572592  0.024954518746  0.017222011271  0.013123862096  0.014146310532  0.012615961424  
piranga_hepatica_ku4970 0.014670431004  0.016212271551  0.017226616322  0.019291045589  0.017732542939  0.018247815005  0.022903105195  0.022389763190  0.002504590577  0.007543343346  0.005522790176  0.000000000000  0.001501722417  0.002504258347  0.012111509440  0.012622217791  0.017732542939  0.016700127752  0.016703633660  0.011598555037  0.014149655907  0.015688202157  0.015688202157  0.015174812427  0.023918969376  0.022884920002  0.014661964057  0.010580359630  0.011598555037  0.010074022057  
piranga_lutea_lsu5400 0.016206998865  0.017752902057  0.018768669413  0.020838561243  0.019275094071  0.019791727353  0.024458955094  0.023944670187  0.004011948633  0.009062517238  0.007037132386  0.001501722417  0.000000000000  0.004011215445  0.013641363150  0.014153408680  0.019275094071  0.018239538377  0.018243471000  0.013126655722  0.015684024790  0.017226616322  0.017226616322  0.016711875315  0.025475822733  0.024439443853  0.016197678521  0.012105802820  0.013126655722  0.011598555037  
piranga_hepatica_ku9084 0.017226616322  0.018774116165  0.019791727353  0.021863766045  0.020299208652  0.020816376907  0.025488728110  0.024973640838  0.005017540972  0.010074022057  0.008046314540  0.002504258347  0.004011215445  0.000000000000  0.014658341936  0.015170912976  0.020299208652  0.019262850497  0.019266519037  0.014143372948  0.016703633660  0.018247815005  0.018247815005  0.017732542939  0.026507726194  0.025469996400  0.017217816208  0.013121475666  0.014143372948  0.012613442804  
piranga_olivacea_ku2699 0.013151946732  0.014692244889  0.015703182505  0.018282496155  0.015692787824  0.016206998865  0.020852127793  0.020340377257  0.011601336812  0.016711875315  0.014661964057  0.012111509440  0.013641363150  0.014658341936  0.000000000000  0.009068175695  0.016206998865  0.015174812427  0.015179119877  0.010082331664  0.012630097064  0.014167107505  0.014167107505  0.013654230791  0.022383157985  0.021350964478  0.013141894356  0.009573472513  0.010082331664  0.008560106952  
piranga_olivacea_ku4672 0.013151946732  0.014692244889  0.015703182505  0.018282496155  0.016206998865  0.016721754147  0.021371548806  0.020859528308  0.012111509440  0.017226616322  0.015174812427  0.012622217791  0.014153408680  0.015170912976  0.009068175695  0.000000000000  0.016206998865  0.015174812427  0.015179119877  0.010082331664  0.012630097064  0.014167107505  0.014167107505  0.013654230791  0.022383157985  0.021350964478  0.013141894356  0.009573472513  0.010082331664  0.008560106952  
piranga_ludoviciana_sdsu2650 0.017752902057  0.019303734693  0.020838561243  0.023438376073  0.021344928190  0.021863766045  0.026549894541  0.026034515969  0.017217816208  0.022371189513  0.020303852835  0.017732542939  0.019275094071  0.020299208652  0.016206998865  0.016206998865  0.000000000000  0.013123862096  0.013126655722  0.007541529356  0.010076388192  0.011604523721  0.011604523721  0.011094611529  0.020314379812  0.019285317077  0.013129856150  0.009565981130  0.010074022057  0.008553039095  
piranga_ludoviciana_sdsu2208 0.017231630970  0.018779973431  0.019796914800  0.022389763190  0.020303852835  0.020821303420  0.025495806363  0.024980847799  0.016186766423  0.021329300257  0.019266519037  0.016700127752  0.018239538377  0.019262850497  0.015174812427  0.015174812427  0.013123862096  0.000000000000  0.001000698953  0.007034446539  0.009565981130  0.011091698785  0.011091698785  0.010582594238  0.020299208652  0.019270600360  0.012105802820  0.008550341490  0.009057052210  0.007539107828  
piranga_ludoviciana_sdsu2648 0.017237054826  0.018786240825  0.019802514156  0.022396781855  0.020308910020  0.020826643241  0.025503301137  0.024988470572  0.016189994144  0.021334095686  0.019270600360  0.016703633660  0.018243471000  0.019266519037  0.015179119877  0.015179119877  0.013126655722  0.001000698953  0.000000000000  0.007035588596  0.009568074816  0.011094611529  0.011094611529  0.010585233392  0.020303852835  0.019275094071  0.012108453220  0.008551488602  0.009058470346  0.007540117387  
piranga_bidentata_hgoslp104 0.011101649983  0.012634644324  0.014670431004  0.017242887505  0.015174812427  0.015688202157  0.020326555655  0.019814947032  0.011089190880  0.016193631641  0.014146310532  0.011598555037  0.013126655722  0.014143372948  0.010082331664  0.010082331664  0.007541529356  0.007034446539  0.007035588596  0.000000000000  0.002505320424  0.004014611184  0.004014611184  0.003510993665  0.015170912976  0.014149655907  0.007037132386  0.003508399393  0.004011215445  0.002504258347  
piranga_ludoviciana_sdsu2385 0.013654230791  0.015194486338  0.017237054826  0.019821779778  0.017741902694  0.018257735588  0.022917300123  0.022404213592  0.013637886840  0.018763633563  0.016707549645  0.014149655907  0.015684024790  0.016703633660  0.012630097064  0.012630097064  0.010076388192  0.009565981130  0.009568074816  0.002505320424  0.000000000000  0.004516952238  0.004516952238  0.004013080675  0.017737017671  0.016711875315  0.009570572073  0.006026288376  0.006531447761  0.005018409756  
piranga_bidentata_itm160 0.015194486338  0.016739635319  0.018786240825  0.021379234115  0.018257735588  0.018774116165  0.022396781855  0.021883966427  0.015174812427  0.020314379812  0.018252569998  0.015688202157  0.017226616322  0.018247815005  0.014167107505  0.014167107505  0.011604523721  0.011091698785  0.011094611529  0.004014611184  0.004516952238  0.000000000000  0.000000000000  0.000500257192  0.019285317077  0.018257735588  0.011097928724  0.007543343346  0.008050081736  0.006533122968  
piranga_bidentata_tepe59 0.015194486338  0.016739635319  0.018786240825  0.021379234115  0.018257735588  0.018774116165  0.022396781855  0.021883966427  0.015174812427  0.020314379812  0.018252569998  0.015688202157  0.017226616322  0.018247815005  0.014167107505  0.014167107505  0.011604523721  0.011091698785  0.011094611529  0.004014611184  0.004516952238  0.000000000000  0.000000000000  0.000500257192  0.019285317077  0.018257735588  0.011097928724  0.007543343346  0.008050081736  0.006533122968  
piranga_bidentata_itm141 0.014680525639  0.016224040025  0.018269297002  0.020859528308  0.017741902694  0.018257735588  0.021876820077  0.021364275173  0.014661964057  0.019796914800  0.017737017671  0.015174812427  0.016711875315  0.017732542939  0.013654230791  0.013654230791  0.011094611529  0.010582594238  0.010585233392  0.003510993665  0.004013080675  0.000500257192  0.000500257192  0.000000000000  0.018768669413  0.017741902694  0.010588276702  0.007037132386  0.007543343346  0.006027694217  
piranga_roseogularis_ku2049 0.024466290356  0.026034515969  0.027057730637  0.029684035786  0.027566644403  0.028090757289  0.032823460868  0.032304118444  0.023399051296  0.028600738384  0.025991572592  0.023918969376  0.025475822733  0.026507726194  0.022383157985  0.022383157985  0.020314379812  0.020299208652  0.020303852835  0.015170912976  0.017737017671  0.019285317077  0.019285317077  0.018768669413  0.000000000000  0.001000698953  0.019275094071  0.015676896515  0.016189994144  0.014655127904  
piranga_roseogularis_ku2141 0.023430785425  0.024996508770  0.026018533109  0.028640627543  0.026526929627  0.027050204046  0.031775447810  0.031256791865  0.022365827031  0.027559665706  0.024954518746  0.022884920002  0.024439443853  0.025469996400  0.021350964478  0.021350964478  0.019285317077  0.019270600360  0.019275094071  0.014149655907  0.016711875315  0.018257735588  0.018257735588  0.017741902694  0.001000698953  0.000000000000  0.018247815005  0.014655127904  0.015167421913  0.013634817630  
piranga_rubra_sdsu2635 0.015194486338  0.016739635319  0.017752902057  0.020340377257  0.018257735588  0.018774116165  0.023438376073  0.022925017859  0.014149655907  0.019279999774  0.017222011271  0.014661964057  0.016197678521  0.017217816208  0.013141894356  0.013141894356  0.013129856150  0.012105802820  0.012108453220  0.007037132386  0.009570572073  0.011097928724  0.011097928724  0.010588276702  0.019275094071  0.018247815005  0.000000000000  0.005524327305  0.006029500439  0.004516952238  
piranga_rubra_ku7046 0.011612111391  0.013146718110  0.014157568462  0.016727306533  0.014661964057  0.015174812427  0.019808525029  0.019297184924  0.010072060176  0.015167421913  0.013123862096  0.010580359630  0.012105802820  0.013121475666  0.009573472513  0.009573472513  0.009565981130  0.008550341490  0.008551488602  0.003508399393  0.006026288376  0.007543343346  0.007543343346  0.007037132386  0.015676896515  0.014655127904  0.005524327305  0.000000000000  0.002504590577  0.001000698953  
piranga_rubra_sdsu2654 0.012123109128  0.013659331621  0.014670431004  0.017242887505  0.015174812427  0.015688202157  0.020326555655  0.019814947032  0.011089190880  0.016193631641  0.014146310532  0.011598555037  0.013126655722  0.014143372948  0.010082331664  0.010082331664  0.010074022057  0.009057052210  0.009058470346  0.004011215445  0.006531447761  0.008050081736  0.008050081736  0.007543343346  0.016189994144  0.015167421913  0.006029500439  0.002504590577  0.000000000000  0.001501722417  
piranga_rubra_ku26592 0.010595574245  0.012127784748  0.013137475855  0.015703182505  0.013641363150  0.014153408680  0.018779973431  0.018269297002  0.009565981130  0.014658341936  0.012615961424  0.010074022057  0.011598555037  0.012613442804  0.008560106952  0.008560106952  0.008553039095  0.007539107828  0.007540117387  0.002504258347  0.005018409756  0.006533122968  0.006533122968  0.006027694217  0.014655127904  0.013634817630  0.004516952238  0.001000698953  0.001501722417  0.000000000000  

