30
piranga_rubra_ku26592 0.000000000000  0.006059860121  0.011175458718  0.014244280069  0.023619921788  0.025687046739  0.003406691500  0.025182487283  0.003040650171  0.010141585218  0.016014405070  0.008336822375  0.008093136422  0.006223281188  0.006071443535  0.005501952169  0.008183317269  0.008106389081  0.010690556630  0.009123093269  0.017363666250  0.007083943283  0.014238152076  0.008478188171  0.018573098456  0.017733829683  0.006568488188  0.010148091003  0.007091465812  0.009123093269  
piranga_flava_ku90809 0.006059860121  0.000000000000  0.011077922360  0.016174060993  0.022370943096  0.025465973412  0.005681635021  0.024949505490  0.007060301752  0.010055061652  0.016008256783  0.008332140917  0.004000703388  0.004661062429  0.008031015087  0.001096331656  0.006121688295  0.008035363032  0.010683334100  0.009044331099  0.017212215569  0.003001107057  0.014118729179  0.008402150241  0.019455598247  0.015733249616  0.006563687925  0.010059963319  0.008031015087  0.009044331099  
piranga_ludoviciana_sdsu2385 0.011175458718  0.011077922360  0.000000000000  0.021313017136  0.026518392200  0.028569338391  0.009126210728  0.028258541221  0.012164796588  0.011055653494  0.008668729812  0.013578558759  0.013112853201  0.012527668735  0.013130379979  0.009950195876  0.013373534561  0.011094289306  0.001058341880  0.010056241027  0.020289358369  0.012110429088  0.019229147922  0.013692984708  0.024674674491  0.023743110503  0.005240379828  0.007016293333  0.014156431890  0.008027300066  
piranga_rubriceps_lsu265 0.014244280069  0.016174060993  0.021313017136  0.000000000000  0.024415298026  0.028556574760  0.014893247943  0.027128417322  0.015234188451  0.018197520800  0.024891745211  0.019945832956  0.018225678551  0.010935056540  0.018244637109  0.016670459500  0.016482272167  0.018256405127  0.020463181586  0.019259917421  0.018214225141  0.014137500720  0.003990800415  0.016884062873  0.017335088069  0.009746132286  0.017209961271  0.020296084385  0.019279463126  0.019259917421  
piranga_leucoptera_lsu7783 0.023619921788  0.022370943096  0.026518392200  0.024415298026  0.000000000000  0.034888181373  0.021912954813  0.034994583940  0.024594872003  0.027551148835  0.033960091753  0.027493839187  0.024444541251  0.018871497003  0.025521736234  0.022346406792  0.021740701656  0.025539547468  0.024871739758  0.026545473806  0.005995575345  0.021352688112  0.022315815814  0.025537182026  0.025743176934  0.011716147335  0.021256373528  0.025495702423  0.024473341218  0.026545473806  
cardinalis_cardinalis_ku25393 0.025687046739  0.025465973412  0.028569338391  0.028556574760  0.034888181373  0.000000000000  0.023080790352  0.005314803168  0.026664427116  0.029606217947  0.026382211857  0.030720647677  0.027549191006  0.020477021790  0.027575226596  0.024599000969  0.027021487196  0.027590587795  0.027080642362  0.027547085963  0.028574488785  0.025491945229  0.026444214886  0.028811391675  0.033101116604  0.019665795474  0.023964423606  0.027547085963  0.028627773323  0.025451640832  
piranga_olivacea_ku2699 0.003406691500  0.005681635021  0.009126210728  0.014893247943  0.021912954813  0.023080790352  0.000000000000  0.024264449633  0.004541587163  0.009120597130  0.011600018734  0.007975612408  0.007968947436  0.004661062429  0.005692416975  0.004797606276  0.005683315878  0.004543882651  0.007975612408  0.003402784671  0.014901657388  0.005688098606  0.012569217239  0.006827985896  0.018385987211  0.015733249616  0.002712322075  0.009126210728  0.005692416975  0.004541587163  
cardinalis_cardinalis_ku21828 0.025182487283  0.024949505490  0.028258541221  0.027128417322  0.034994583940  0.005314803168  0.024264449633  0.000000000000  0.026050478114  0.028240606655  0.026382211857  0.030539021480  0.027166763427  0.020477021790  0.027198520194  0.023965985195  0.025461319116  0.026097020389  0.027407295299  0.027168954609  0.028268896807  0.024976604284  0.024882743397  0.028224433531  0.031598337127  0.021659271620  0.024353573942  0.027168954609  0.028320118502  0.024936710277  
piranga_rubra_ku7046 0.003040650171  0.007060301752  0.012164796588  0.015234188451  0.024594872003  0.026664427116  0.004541587163  0.026050478114  0.000000000000  0.011134782593  0.014538064616  0.009438671279  0.009091993030  0.006222559689  0.007065870371  0.005536923662  0.009263791532  0.009099196598  0.011758470174  0.010116094157  0.018345914058  0.008083584455  0.015230111720  0.009458510801  0.020492022161  0.015733249616  0.006563687925  0.011139264608  0.008084083046  0.010116094157  
piranga_bidentata_hgoslp104 0.010141585218  0.010055061652  0.011055653494  0.018197520800  0.027551148835  0.029606217947  0.009120597130  0.028240606655  0.011134782593  0.000000000000  0.013047669336  0.012514334344  0.012085787540  0.007791011956  0.012098218909  0.007716482987  0.012321839047  0.012106691991  0.010671932493  0.011066776724  0.021313017136  0.011083145243  0.016134849108  0.010494730463  0.021505778729  0.017698952361  0.006555082718  0.012086033329  0.013120863725  0.011066776724  
piranga_ludoviciana_sdsu2648 0.016014405070  0.016008256783  0.008668729812  0.024891745211  0.033960091753  0.026382211857  0.011600018734  0.026382211857  0.014538064616  0.013047669336  0.000000000000  0.017461887080  0.018964025600  0.008877748383  0.016014405070  0.014538064616  0.014538064616  0.011602859634  0.007218621143  0.010123586552  0.024904710373  0.014559231996  0.023394372505  0.015984992541  0.029397873008  0.019723561549  0.009356662124  0.010123586552  0.017495667221  0.008668729812  
piranga_roseogularis_ku2049 0.008336822375  0.008332140917  0.013578558759  0.019945832956  0.027493839187  0.030720647677  0.007975612408  0.030539021480  0.009438671279  0.012514334344  0.017461887080  0.000000000000  0.010432718585  0.007791011956  0.010444890683  0.007720507532  0.012546374928  0.012553881992  0.013223883015  0.010421845436  0.022106947575  0.009393616094  0.018867848173  0.002167439980  0.023406355195  0.019704550246  0.009196655608  0.011476303728  0.009389606342  0.011476303728  
piranga_hepatica_ku4970 0.008093136422  0.004000703388  0.013112853201  0.018225678551  0.024444541251  0.027549191006  0.007968947436  0.027166763427  0.009091993030  0.012085787540  0.018964025600  0.010432718585  0.000000000000  0.004662944981  0.010055061652  0.003294419162  0.006124087813  0.010059963319  0.012841772144  0.009049703261  0.019268153613  0.005009874026  0.016162384810  0.010520527440  0.021539324363  0.019730208425  0.009208754417  0.010066364388  0.009040456258  0.009049703261  
piranga_hepatica_ku9084 0.006223281188  0.004661062429  0.012527668735  0.010935056540  0.018871497003  0.020477021790  0.004661062429  0.020477021790  0.006222559689  0.007791011956  0.008877748383  0.007791011956  0.004662944981  0.000000000000  0.006223281188  0.003260646489  0.004661062429  0.006227599442  0.010943166068  0.003106811614  0.010935056540  0.004668315565  0.010930581940  0.007791011956  0.012510096791  0.013741636766  0.005832387164  0.007808143907  0.007791011956  0.004668401817  
piranga_rubra_sdsu2654 0.006071443535  0.008031015087  0.013130379979  0.018244637109  0.025521736234  0.027575226596  0.005692416975  0.027198520194  0.007065870371  0.012098218909  0.016014405070  0.010444890683  0.010055061652  0.006223281188  0.000000000000  0.006609845181  0.010252134629  0.010074260904  0.012859202145  0.011085357059  0.019292299329  0.009053429354  0.016174060993  0.010532906334  0.021562092712  0.015733249616  0.007893662560  0.012106691991  0.005013220118  0.011085357059  
piranga_flava_lsu15408 0.005501952169  0.001096331656  0.009950195876  0.016670459500  0.022346406792  0.024599000969  0.004797606276  0.023965985195  0.005536923662  0.007716482987  0.014538064616  0.007720507532  0.003294419162  0.003260646489  0.006609845181  0.000000000000  0.005501952169  0.007726332038  0.009350213981  0.007720507532  0.016680871926  0.001097846391  0.014408284626  0.008114293527  0.019140094215  0.013748735028  0.005247254296  0.008833953103  0.005501952169  0.008833953103  
piranga_lutea_lsu5400 0.008183317269  0.006121688295  0.013373534561  0.016482272167  0.021740701656  0.027021487196  0.005683315878  0.025461319116  0.009263791532  0.012321839047  0.014538064616  0.012546374928  0.006124087813  0.004661062429  0.010252134629  0.005501952169  0.000000000000  0.010260326112  0.010806084661  0.010252134629  0.015444175591  0.005101889901  0.014384451517  0.010723606231  0.020898467864  0.015733249616  0.006568488188  0.012330629597  0.010252134629  0.011290166757  
piranga_olivacea_ku4672 0.008106389081  0.008035363032  0.011094289306  0.018256405127  0.025539547468  0.027590587795  0.004543882651  0.026097020389  0.009099196598  0.012106691991  0.011602859634  0.012553881992  0.010059963319  0.006227599442  0.010074260904  0.007726332038  0.010260326112  0.000000000000  0.009617935066  0.009056568783  0.019306658250  0.009058812372  0.016182187358  0.011591587591  0.021575829366  0.015744308255  0.003933811595  0.012116664739  0.011094289306  0.009056568783  
piranga_ludoviciana_sdsu2208 0.010690556630  0.010683334100  0.001058341880  0.020463181586  0.024871739758  0.027080642362  0.007975612408  0.027407295299  0.011758470174  0.010671932493  0.007218621143  0.013223883015  0.012841772144  0.010943166068  0.012859202145  0.009350213981  0.010806084661  0.009617935066  0.000000000000  0.008523353434  0.018278580355  0.010694760096  0.018256162144  0.012828043540  0.023762280631  0.021719242012  0.003929937519  0.006377976253  0.013947507075  0.006377976253  
piranga_bidentata_itm160 0.009123093269  0.009044331099  0.010056241027  0.019259917421  0.026545473806  0.027547085963  0.003402784671  0.027168954609  0.010116094157  0.011066776724  0.010123586552  0.010421845436  0.009049703261  0.003106811614  0.011085357059  0.007720507532  0.010252134629  0.009056568783  0.008523353434  0.000000000000  0.020309965345  0.010070094132  0.017185640635  0.010509470581  0.022590844722  0.017698952361  0.002613096091  0.009055802299  0.012106691991  0.001996510646  
piranga_leucoptera_fmnh481795 0.017363666250  0.017212215569  0.020289358369  0.018214225141  0.005995575345  0.028574488785  0.014901657388  0.028268896807  0.018345914058  0.021313017136  0.024904710373  0.022106947575  0.019268153613  0.010935056540  0.019292299329  0.016680871926  0.015444175591  0.019306658250  0.018278580355  0.020309965345  0.000000000000  0.016198571757  0.016142820264  0.020125458724  0.023628944903  0.011716147335  0.015875837125  0.019272727425  0.020330614229  0.020309965345  
piranga_lutea_ku89864 0.007083943283  0.003001107057  0.012110429088  0.014137500720  0.021352688112  0.025491945229  0.005688098606  0.024976604284  0.008083584455  0.011083145243  0.014559231996  0.009393616094  0.005009874026  0.004668315565  0.009053429354  0.001097846391  0.005101889901  0.009058812372  0.010694760096  0.010070094132  0.016198571757  0.000000000000  0.012091574578  0.008410984217  0.020522566563  0.013748735028  0.005247254296  0.011089090470  0.009053429354  0.010070094132  
piranga_rubriceps_lsu34818 0.014238152076  0.014118729179  0.019229147922  0.003990800415  0.022315815814  0.026444214886  0.012569217239  0.024882743397  0.015230111720  0.016134849108  0.023394372505  0.018867848173  0.016162384810  0.010930581940  0.016174060993  0.014408284626  0.014384451517  0.016182187358  0.018256162144  0.017185640635  0.016142820264  0.012091574578  0.000000000000  0.015807960414  0.015255310269  0.007784813139  0.013183650707  0.018215938528  0.017203033077  0.017185640635  
piranga_roseogularis_ku2141 0.008478188171  0.008402150241  0.013692984708  0.016884062873  0.025537182026  0.028811391675  0.006827985896  0.028224433531  0.009458510801  0.010494730463  0.015984992541  0.002167439980  0.010520527440  0.007791011956  0.010532906334  0.008114293527  0.010723606231  0.011591587591  0.012828043540  0.010509470581  0.020125458724  0.008410984217  0.015807960414  0.000000000000  0.022270380257  0.019704550246  0.009196655608  0.012638879893  0.010532906334  0.010509470581  
piranga_erythrocephala_fmnh343371 0.018573098456  0.019455598247  0.024674674491  0.017335088069  0.025743176934  0.033101116604  0.018385987211  0.031598337127  0.020492022161  0.021505778729  0.029397873008  0.023406355195  0.021539324363  0.012510096791  0.021562092712  0.019140094215  0.020898467864  0.021575829366  0.023762280631  0.022590844722  0.023628944903  0.020522566563  0.015255310269  0.022270380257  0.000000000000  0.001938458263  0.022617200916  0.023644207975  0.022614070168  0.022590844722  
piranga_erythrocephala_fmnh343370 0.017733829683  0.015733249616  0.023743110503  0.009746132286  0.011716147335  0.019665795474  0.015733249616  0.021659271620  0.015733249616  0.017698952361  0.019723561549  0.019704550246  0.019730208425  0.013741636766  0.015733249616  0.013748735028  0.015733249616  0.015744308255  0.021719242012  0.017698952361  0.011716147335  0.013748735028  0.007784813139  0.019704550246  0.001938458263  0.000000000000  0.016322573708  0.021719242012  0.017733829683  0.019704550246  
piranga_ludoviciana_sdsu2650 0.006568488188  0.006563687925  0.005240379828  0.017209961271  0.021256373528  0.023964423606  0.002712322075  0.024353573942  0.006563687925  0.006555082718  0.009356662124  0.009196655608  0.009208754417  0.005832387164  0.007893662560  0.005247254296  0.006568488188  0.003933811595  0.003929937519  0.002613096091  0.015875837125  0.005247254296  0.013183650707  0.009196655608  0.022617200916  0.016322573708  0.000000000000  0.006559870364  0.007893662560  0.003924796093  
piranga_bidentata_tepe59 0.010148091003  0.010059963319  0.007016293333  0.020296084385  0.025495702423  0.027547085963  0.009126210728  0.027168954609  0.011139264608  0.012086033329  0.010123586552  0.011476303728  0.010066364388  0.007808143907  0.012106691991  0.008833953103  0.012330629597  0.012116664739  0.006377976253  0.009055802299  0.019272727425  0.011089090470  0.018215938528  0.012638879893  0.023644207975  0.021719242012  0.006559870364  0.000000000000  0.013130379979  0.007027391527  
piranga_rubra_sdsu2635 0.007091465812  0.008031015087  0.014156431890  0.019279463126  0.024473341218  0.028627773323  0.005692416975  0.028320118502  0.008084083046  0.013120863725  0.017495667221  0.009389606342  0.009040456258  0.007791011956  0.005013220118  0.005501952169  0.010252134629  0.011094289306  0.013947507075  0.012106691991  0.020330614229  0.009053429354  0.017203033077  0.010532906334  0.022614070168  0.017733829683  0.007893662560  0.013130379979  0.000000000000  0.012106691991  
piranga_bidentata_itm141 0.009123093269  0.009044331099  0.008027300066  0.019259917421  0.026545473806  0.025451640832  0.004541587163  0.024936710277  0.010116094157  0.011066776724  0.008668729812  0.011476303728  0.009049703261  0.004668401817  0.011085357059  0.008833953103  0.011290166757  0.009056568783  0.006377976253  0.001996510646  0.020309965345  0.010070094132  0.017185640635  0.010509470581  0.022590844722  0.019704550246  0.003924796093  0.007027391527  0.012106691991  0.000000000000  

