30
piranga_rubra_ku26592 0.000000000000  0.009313245544  0.008379431161  0.013059162356  0.015891969035  0.014029666460  0.006506443709  0.018907592196  0.009369522173  0.006874754437  0.007432758366  0.014633979175  0.007436218051  0.005047885732  0.010254031292  0.011594267366  0.009005908016  0.013293146439  0.007039860860  0.005566482521  0.015891969035  0.010238712154  0.013059162356  0.012686445475  0.016853656251  0.009651327024  0.005654428170  0.004636675069  0.009317142472  0.005569516766  
piranga_flava_ku90809 0.009313245544  0.000000000000  0.008377449955  0.012128107080  0.014959440938  0.012147562616  0.006508408755  0.017002701334  0.009371649265  0.008846848960  0.005569820499  0.010408679491  0.007437419167  0.003779870590  0.010257808357  0.001045025925  0.001492729176  0.013297180307  0.007035008735  0.005571651651  0.014959440938  0.002778604762  0.012128107080  0.008748855972  0.017811523417  0.011040034658  0.004233236101  0.004637734287  0.009319246203  0.007439670629  
piranga_ludoviciana_sdsu2385 0.008379431161  0.008377449955  0.000000000000  0.013061461618  0.015894294852  0.014987001079  0.005574691546  0.019878156450  0.006542933819  0.004904063187  0.006500401558  0.012523435070  0.006504251539  0.005047885732  0.009317142472  0.009470596470  0.009010714308  0.012337277433  0.004681585239  0.006504251539  0.015894294852  0.009301908507  0.013061461618  0.011704955883  0.016860551620  0.009651327024  0.004234649583  0.003708332065  0.008381738598  0.006509306393  
piranga_rubriceps_lsu265 0.013059162356  0.012128107080  0.013061461618  0.000000000000  0.006496328431  0.008377449955  0.010247384998  0.013172067225  0.014093651583  0.011815315289  0.012116569226  0.012523435070  0.012116802600  0.010129660749  0.012128107080  0.013714727966  0.009005908016  0.012325082329  0.011761789625  0.009301236354  0.006496328431  0.013058277418  0.000000000000  0.011698887846  0.009308469409  0.001370024541  0.008494368954  0.009300233650  0.011187428877  0.009300233650  
piranga_leucoptera_lsu7783 0.015891969035  0.014959440938  0.015894294852  0.006496328431  0.000000000000  0.011192410232  0.013070469110  0.016029181948  0.015996652646  0.014805139508  0.014945225041  0.015696388289  0.014000905595  0.011406551848  0.014959440938  0.016923238963  0.009004281311  0.015202603716  0.012951118881  0.012117574392  0.003700878839  0.015891063576  0.006496328431  0.013669568197  0.010249197137  0.004118382937  0.011350976881  0.012116569226  0.014014641407  0.012116569226  
cardinalis_cardinalis_ku25393 0.014029666460  0.012147562616  0.014987001079  0.008377449955  0.011192410232  0.000000000000  0.012147562616  0.004672600129  0.014116446374  0.011837377581  0.014024055642  0.012531911496  0.014029666460  0.007581966899  0.011202859484  0.011589783017  0.007497688963  0.014263426157  0.011768401314  0.010250528705  0.011192410232  0.013073659312  0.008377449955  0.009746852431  0.014036508412  0.004122359586  0.008494368954  0.011196742531  0.010263599142  0.010254031292  
piranga_olivacea_ku2699 0.006506443709  0.006508408755  0.005574691546  0.010247384998  0.013070469110  0.012147562616  0.000000000000  0.017002701334  0.006546373457  0.005892219243  0.004637734287  0.011473331193  0.004638752903  0.002520756176  0.008382177072  0.006300978839  0.009005908016  0.009469268156  0.003511064281  0.003707739809  0.013070469110  0.007436572733  0.010247384998  0.009739579033  0.014019679086  0.005502942937  0.002823213568  0.001851143930  0.007446595761  0.003709155083  
cardinalis_cardinalis_ku21828 0.018907592196  0.017002701334  0.019878156450  0.013172067225  0.016029181948  0.004672600129  0.017002701334  0.000000000000  0.019028549685  0.016960622595  0.018902647910  0.017978270007  0.018907592196  0.011450088323  0.016044310868  0.017085895015  0.012201942809  0.019241373186  0.015393522857  0.015073695316  0.016029181948  0.017939231806  0.013172067225  0.014790570619  0.018913806940  0.008300187938  0.012838478512  0.016032813675  0.015090693564  0.015076473177  
piranga_rubra_ku7046 0.009369522173  0.009371649265  0.006542933819  0.014093651583  0.015996652646  0.014116446374  0.006546373457  0.019028549685  0.000000000000  0.005886438473  0.006540256968  0.013574014927  0.007481415715  0.006318268750  0.010317834318  0.009470596470  0.010521769592  0.011453229836  0.007039860860  0.007481415715  0.015996652646  0.010304801100  0.014093651583  0.011698887846  0.017917611825  0.011045016727  0.007078596651  0.004664719226  0.009374360953  0.007484921004  
piranga_bidentata_hgoslp104 0.006874754437  0.008846848960  0.004904063187  0.011815315289  0.014805139508  0.011837377581  0.005892219243  0.016960622595  0.005886438473  0.000000000000  0.004900238591  0.013582011767  0.006874754437  0.006318268750  0.007863833821  0.010534225027  0.009391533602  0.013055954441  0.007039860860  0.004900238591  0.014805139508  0.009832387321  0.011815315289  0.011985549419  0.013812657987  0.011045016727  0.007078596651  0.003919064563  0.006877202536  0.004904063187  
piranga_ludoviciana_sdsu2648 0.007432758366  0.005569820499  0.006500401558  0.012116569226  0.014945225041  0.014024055642  0.004637734287  0.018902647910  0.006540256968  0.004900238591  0.000000000000  0.010408679491  0.005564654775  0.001257997758  0.010250528705  0.005241776318  0.005993319892  0.011369534175  0.002336920611  0.003705718796  0.014945225041  0.006496111458  0.012116569226  0.009730102087  0.014003454056  0.008260473971  0.001408621491  0.002776033591  0.009313245544  0.005566482521  
piranga_roseogularis_ku2049 0.014633979175  0.010408679491  0.012523435070  0.012523435070  0.015696388289  0.012531911496  0.011473331193  0.017978270007  0.013574014927  0.013582011767  0.010408679491  0.000000000000  0.012516484317  0.011411182319  0.013574014927  0.011920969708  0.011196290601  0.014633979175  0.014155451369  0.012516484317  0.014633979175  0.011454145423  0.012523435070  0.002067369537  0.015696388289  0.012464601739  0.011358669206  0.009362224304  0.012523435070  0.012523435070  
piranga_hepatica_ku4970 0.007436218051  0.007437419167  0.006504251539  0.012116802600  0.014000905595  0.014029666460  0.004638752903  0.018907592196  0.007481415715  0.006874754437  0.005564654775  0.012516484317  0.000000000000  0.005045261416  0.010254031292  0.009466665507  0.009005908016  0.011372741327  0.005855662752  0.005566482521  0.014945466819  0.008364112701  0.012116802600  0.010713443057  0.015902676568  0.009648157628  0.005651133561  0.002776640342  0.009317142472  0.005569516766  
piranga_hepatica_ku9084 0.005047885732  0.003779870590  0.005047885732  0.010129660749  0.011406551848  0.007581966899  0.002520756176  0.011450088323  0.006318268750  0.006318268750  0.001257997758  0.011411182319  0.005045261416  0.000000000000  0.007581966899  0.005045261416  0.001941185163  0.008857505090  0.003784347919  0.002519440757  0.010129660749  0.003780976750  0.010129660749  0.008857505090  0.008854838201  0.009648157628  0.000000000000  0.002517583065  0.006312247120  0.005047885732  
piranga_rubra_sdsu2654 0.010254031292  0.010257808357  0.009317142472  0.012128107080  0.014959440938  0.011202859484  0.008382177072  0.016044310868  0.010317834318  0.007863833821  0.010250528705  0.013574014927  0.010254031292  0.007581966899  0.000000000000  0.012652239118  0.005998599842  0.008520208154  0.010579499335  0.006502362982  0.014959440938  0.011186786129  0.012128107080  0.011710304763  0.015917567656  0.008261841606  0.007071033970  0.007439670629  0.000924941420  0.006503796720  
piranga_flava_lsu15408 0.011594267366  0.001045025925  0.009470596470  0.013714727966  0.016923238963  0.011589783017  0.006300978839  0.017085895015  0.009470596470  0.010534225027  0.005241776318  0.011920969708  0.009466665507  0.005045261416  0.012652239118  0.000000000000  0.003373669544  0.014790404829  0.008217382104  0.007354063684  0.016923238963  0.004189254093  0.013714727966  0.010529237974  0.016923238963  0.012436130480  0.005651133561  0.006294368665  0.011589783017  0.009470596470  
piranga_lutea_lsu5400 0.009005908016  0.001492729176  0.009010714308  0.009005908016  0.009004281311  0.007497688963  0.009005908016  0.012201942809  0.010521769592  0.009391533602  0.005993319892  0.011196290601  0.009005908016  0.001941185163  0.005998599842  0.003373669544  0.000000000000  0.010521769592  0.005391415542  0.002987694421  0.009004281311  0.002987694421  0.009005908016  0.009059540924  0.015089229656  0.007799998028  0.001941185163  0.005989617440  0.005998599842  0.005989617440  
piranga_olivacea_ku4672 0.013293146439  0.013297180307  0.012337277433  0.012325082329  0.015202603716  0.014263426157  0.009469268156  0.019241373186  0.011453229836  0.013055954441  0.011369534175  0.014633979175  0.011372741327  0.008857505090  0.008520208154  0.014790404829  0.010521769592  0.000000000000  0.009397258148  0.009460309753  0.015202603716  0.014240841621  0.012325082329  0.012755703520  0.016181312625  0.006876535184  0.008495815606  0.008508977074  0.007569912879  0.009463073286  
piranga_ludoviciana_sdsu2208 0.007039860860  0.007035008735  0.004681585239  0.011761789625  0.012951118881  0.011768401314  0.003511064281  0.015393522857  0.007039860860  0.007039860860  0.002336920611  0.014155451369  0.005855662752  0.003784347919  0.010579499335  0.008217382104  0.005391415542  0.009397258148  0.000000000000  0.003509842228  0.011761789625  0.007032084991  0.011761789625  0.011774639020  0.010579499335  0.011040034658  0.002821564048  0.003506959879  0.009397258148  0.005859213768  
piranga_bidentata_itm160 0.005566482521  0.005571651651  0.006504251539  0.009301236354  0.012117574392  0.010250528705  0.003707739809  0.015073695316  0.007481415715  0.004900238591  0.003705718796  0.012516484317  0.005566482521  0.002519440757  0.006502362982  0.007354063684  0.002987694421  0.009460309753  0.003509842228  0.000000000000  0.012117574392  0.006496328431  0.009301236354  0.010713443057  0.013061461618  0.006876958494  0.002821564048  0.002776640342  0.005569820499  0.001849432146  
piranga_leucoptera_fmnh481795 0.015891969035  0.014959440938  0.015894294852  0.006496328431  0.003700878839  0.011192410232  0.013070469110  0.016029181948  0.015996652646  0.014805139508  0.014945225041  0.014633979175  0.014945466819  0.010129660749  0.014959440938  0.016923238963  0.009004281311  0.015202603716  0.011761789625  0.012117574392  0.000000000000  0.015891063576  0.006496328431  0.013669568197  0.010249197137  0.002741932291  0.009921156812  0.012116569226  0.014014641407  0.012116569226  
piranga_lutea_ku89864 0.010238712154  0.002778604762  0.009301908507  0.013058277418  0.015891063576  0.013073659312  0.007436572733  0.017939231806  0.010304801100  0.009832387321  0.006496111458  0.011454145423  0.008364112701  0.003780976750  0.011186786129  0.004189254093  0.002987694421  0.014240841621  0.007032084991  0.006496328431  0.015891063576  0.000000000000  0.013058277418  0.009725593261  0.018739593690  0.011037745982  0.004234624692  0.005564631111  0.010247202400  0.008364742468  
piranga_rubriceps_lsu34818 0.013059162356  0.012128107080  0.013061461618  0.000000000000  0.006496328431  0.008377449955  0.010247384998  0.013172067225  0.014093651583  0.011815315289  0.012116569226  0.012523435070  0.012116802600  0.010129660749  0.012128107080  0.013714727966  0.009005908016  0.012325082329  0.011761789625  0.009301236354  0.006496328431  0.013058277418  0.000000000000  0.011698887846  0.009308469409  0.001370024541  0.008494368954  0.009300233650  0.011187428877  0.009300233650  
piranga_roseogularis_ku2141 0.012686445475  0.008748855972  0.011704955883  0.011698887846  0.013669568197  0.009746852431  0.009739579033  0.014790570619  0.011698887846  0.011985549419  0.009730102087  0.002067369537  0.010713443057  0.008857505090  0.011710304763  0.010529237974  0.009059540924  0.012755703520  0.011774639020  0.010713443057  0.013669568197  0.009725593261  0.011698887846  0.000000000000  0.017645991950  0.011063020529  0.009925018178  0.007772153902  0.010729057793  0.010718602820  
piranga_erythrocephala_fmnh343371 0.016853656251  0.017811523417  0.016860551620  0.009308469409  0.010249197137  0.014036508412  0.014019679086  0.018913806940  0.017917611825  0.013812657987  0.014003454056  0.015696388289  0.015902676568  0.008854838201  0.015917567656  0.016923238963  0.015089229656  0.016181312625  0.010579499335  0.013061461618  0.010249197137  0.018739593690  0.009308469409  0.017645991950  0.000000000000  0.004118382937  0.008495815606  0.013064994497  0.014972862886  0.013064994497  
piranga_erythrocephala_fmnh343370 0.009651327024  0.011040034658  0.009651327024  0.001370024541  0.004118382937  0.004122359586  0.005502942937  0.008300187938  0.011045016727  0.011045016727  0.008260473971  0.012464601739  0.009648157628  0.009648157628  0.008261841606  0.012436130480  0.007799998028  0.006876535184  0.011040034658  0.006876958494  0.002741932291  0.011037745982  0.001370024541  0.011063020529  0.004118382937  0.000000000000  0.009921665360  0.006876535184  0.008261841606  0.006876535184  
piranga_ludoviciana_sdsu2650 0.005654428170  0.004233236101  0.004234649583  0.008494368954  0.011350976881  0.008494368954  0.002823213568  0.012838478512  0.007078596651  0.007078596651  0.001408621491  0.011358669206  0.005651133561  0.000000000000  0.007071033970  0.005651133561  0.001941185163  0.008495815606  0.002821564048  0.002821564048  0.009921156812  0.004234624692  0.008494368954  0.009925018178  0.008495815606  0.009921665360  0.000000000000  0.002819233911  0.007071033970  0.005654428170  
piranga_bidentata_tepe59 0.004636675069  0.004637734287  0.003708332065  0.009300233650  0.012116569226  0.011196742531  0.001851143930  0.016032813675  0.004664719226  0.003919064563  0.002776033591  0.009362224304  0.002776640342  0.002517583065  0.007439670629  0.006294368665  0.005989617440  0.008508977074  0.003506959879  0.002776640342  0.012116569226  0.005564631111  0.009300233650  0.007772153902  0.013064994497  0.006876535184  0.002819233911  0.000000000000  0.006506443709  0.002778446312  
piranga_rubra_sdsu2635 0.009317142472  0.009319246203  0.008381738598  0.011187428877  0.014014641407  0.010263599142  0.007446595761  0.015090693564  0.009374360953  0.006877202536  0.009313245544  0.012523435070  0.009317142472  0.006312247120  0.000924941420  0.011589783017  0.005998599842  0.007569912879  0.009397258148  0.005569820499  0.014014641407  0.010247202400  0.011187428877  0.010729057793  0.014972862886  0.008261841606  0.007071033970  0.006506443709  0.000000000000  0.005571651651  
piranga_bidentata_itm141 0.005569516766  0.007439670629  0.006509306393  0.009300233650  0.012116569226  0.010254031292  0.003709155083  0.015076473177  0.007484921004  0.004904063187  0.005566482521  0.012523435070  0.005569516766  0.005047885732  0.006503796720  0.009470596470  0.005989617440  0.009463073286  0.005859213768  0.001849432146  0.012116569226  0.008364742468  0.009300233650  0.010718602820  0.013064994497  0.006876535184  0.005654428170  0.002778446312  0.005571651651  0.000000000000  

