30
cardinalis_cardinalis_ku21828 0.000000000000  0.003006945570  0.023955709314  0.026038780252  0.024992246021  0.024992246021  0.029679950814  0.030197726928  0.028645606585  0.027594538260  0.031243414858  0.028636479419  0.028636479419  0.029162577596  0.023947986505  0.024976883811  0.026022234737  0.026545764383  0.026545764383  0.028094573132  0.028094573132  0.027053823759  0.026014595511  0.030734434202  0.029153575765  0.029153575765  0.024469832542  0.029679950814  0.028627776792  0.025507040682  
cardinalis_cardinalis_ku25393 0.003006945570  0.000000000000  0.021887158872  0.023963852154  0.022920681773  0.022920681773  0.027594538260  0.028110956713  0.026562903488  0.025515228178  0.029153575765  0.026554122714  0.026554122714  0.027078520747  0.021879771524  0.022905991839  0.023947986505  0.024469832542  0.024469832542  0.026014595511  0.026014595511  0.024976883811  0.023940684099  0.028645606585  0.027069865142  0.027069865142  0.022399944744  0.027594538260  0.026545764383  0.023434135407  
piranga_leucoptera_fmnh481795 0.023955709314  0.021887158872  0.000000000000  0.002003289262  0.005023669323  0.005023669323  0.009574061337  0.010079732589  0.012134276122  0.010600855767  0.014163486503  0.011617648724  0.012119825462  0.011608989519  0.007047856992  0.008055981435  0.009072314111  0.009581287835  0.009581287835  0.011098696159  0.011098696159  0.010083013864  0.009068777033  0.013660858552  0.012124232796  0.012124232796  0.007555239282  0.012635895492  0.011613114441  0.008567543418  
piranga_leucoptera_lsu7783 0.026038780252  0.023963852154  0.002003289262  0.000000000000  0.007044622858  0.007044622858  0.011608989519  0.012115828168  0.014180115202  0.012640995829  0.016214046563  0.013660858552  0.014163486503  0.013650753153  0.009076258269  0.010086703570  0.011106791428  0.011617648724  0.011617648724  0.013138566423  0.013138566423  0.012119825462  0.011102539268  0.015710966894  0.014168618226  0.014168618226  0.009585512349  0.014682184487  0.013655600361  0.010600855767  
piranga_erythrocephala_fmnh343371 0.024992246021  0.022920681773  0.005023669323  0.007044622858  0.000000000000  0.000000000000  0.008555327944  0.009060611950  0.013153487958  0.011617648724  0.015185307455  0.012635895492  0.013138566423  0.013650753153  0.008059366657  0.009068777033  0.010086703570  0.010596476760  0.010596476760  0.012115828168  0.012115828168  0.011098696159  0.010083013864  0.014682184487  0.013143129722  0.013143129722  0.008567543418  0.013655600361  0.012631205143  0.009581287835  
piranga_erythrocephala_fmnh343370 0.024992246021  0.022920681773  0.005023669323  0.007044622858  0.000000000000  0.000000000000  0.008555327944  0.009060611950  0.013153487958  0.011617648724  0.015185307455  0.012635895492  0.013138566423  0.013650753153  0.008059366657  0.009068777033  0.010086703570  0.010596476760  0.010596476760  0.012115828168  0.012115828168  0.011098696159  0.010083013864  0.014682184487  0.013143129722  0.013143129722  0.008567543418  0.013655600361  0.012631205143  0.009581287835  
piranga_rubriceps_lsu265 0.029679950814  0.027594538260  0.009574061337  0.011608989519  0.008555327944  0.008555327944  0.000000000000  0.000500190167  0.017761297310  0.016214046563  0.019804692399  0.017238969065  0.017743604655  0.018259598805  0.012631205143  0.013646317294  0.014671762775  0.015185307455  0.015185307455  0.016713275939  0.016713275939  0.015689488361  0.014667170259  0.019299601618  0.017749087328  0.017749087328  0.013143129722  0.018265369625  0.017233359240  0.014163486503  
piranga_rubriceps_lsu34818 0.030197726928  0.028110956713  0.010079732589  0.012115828168  0.009060611950  0.009060611950  0.000500190167  0.000000000000  0.018271555768  0.016723506765  0.020316527262  0.017749087328  0.018254243679  0.018770504166  0.013138566423  0.014154458420  0.015180429839  0.015694238333  0.015694238333  0.017223384001  0.017223384001  0.016198939004  0.015175965259  0.019810914723  0.018259598805  0.018259598805  0.013650753153  0.018776147737  0.017743604655  0.014671762775  
piranga_olivacea_ku2699 0.028645606585  0.026562903488  0.012134276122  0.014180115202  0.013153487958  0.013153487958  0.017761297310  0.018271555768  0.000000000000  0.007545919730  0.013134414158  0.010592506126  0.011095262468  0.011605274325  0.006032017819  0.007039371425  0.008053002679  0.008560621402  0.008560621402  0.010076860112  0.010076860112  0.009062925584  0.008050430755  0.012631205143  0.011098696159  0.011098696159  0.006538053557  0.011608989519  0.010588944232  0.007548620209  
piranga_olivacea_ku4672 0.027594538260  0.025515228178  0.010600855767  0.012640995829  0.011617648724  0.011617648724  0.016214046563  0.016723506765  0.007545919730  0.000000000000  0.011601969230  0.009065647401  0.009568467327  0.010076860112  0.004517100768  0.005522923134  0.006533356639  0.007039371425  0.007039371425  0.008553292847  0.008553292847  0.007541738725  0.006531616877  0.011098696159  0.009571060086  0.009571060086  0.005021542541  0.010079732589  0.009062925584  0.006029743409  
piranga_roseogularis_ku2049 0.031243414858  0.029153575765  0.014163486503  0.016214046563  0.015185307455  0.015185307455  0.019804692399  0.020316527262  0.013134414158  0.011601969230  0.000000000000  0.005521735233  0.013124427280  0.013635481515  0.008048266034  0.009058706872  0.010074396806  0.010583048137  0.010583048137  0.012103946799  0.012103946799  0.011087421606  0.010072343041  0.014662990462  0.013127344215  0.013127344215  0.008555327944  0.013638681103  0.012616550973  0.009568467327  
piranga_roseogularis_ku2141 0.028636479419  0.026554122714  0.011617648724  0.013660858552  0.012635895492  0.012635895492  0.017238969065  0.017749087328  0.010592506126  0.009065647401  0.005521735233  0.000000000000  0.010583048137  0.011092238564  0.005524516353  0.006531616877  0.007543625778  0.008050430755  0.008050430755  0.009566283429  0.009566283429  0.008553292847  0.007541738725  0.012115828168  0.010585791445  0.010585791445  0.006029743409  0.011095262468  0.010076860112  0.007039371425  
piranga_hepatica_ku4970 0.028636479419  0.026554122714  0.012119825462  0.014163486503  0.013138566423  0.013138566423  0.017743604655  0.018254243679  0.011095262468  0.009568467327  0.013124427280  0.010583048137  0.000000000000  0.000500260361  0.005017589342  0.006024701963  0.007034541884  0.007540258939  0.007540258939  0.009056123879  0.009056123879  0.008044218800  0.007033746217  0.011599074603  0.010072343041  0.010072343041  0.005521735233  0.010580714679  0.009564508767  0.006530283405  
piranga_hepatica_ku9084 0.029162577596  0.027078520747  0.011608989519  0.013650753153  0.013650753153  0.013650753153  0.018259598805  0.018770504166  0.011605274325  0.010076860112  0.013635481515  0.011092238564  0.000500260361  0.000000000000  0.005521735233  0.006529356597  0.007540258939  0.008046508886  0.008046508886  0.009563143715  0.009563143715  0.008550447777  0.007539186796  0.012109065178  0.010580714679  0.010580714679  0.006026410706  0.011089624819  0.010072343041  0.007035744889  
piranga_lutea_lsu5400 0.023947986505  0.021879771524  0.007047856992  0.009076258269  0.008059366657  0.008059366657  0.012631205143  0.013138566423  0.006032017819  0.004517100768  0.008048266034  0.005524516353  0.005017589342  0.005521735233  0.000000000000  0.001000761094  0.002002806163  0.002504613527  0.002504613527  0.004010881869  0.004010881869  0.003006097788  0.002002725555  0.006533356639  0.005018502181  0.005018502181  0.000500260361  0.005522923134  0.004514610277  0.001501733535  
piranga_bidentata_tepe59 0.024976883811  0.022905991839  0.008055981435  0.010086703570  0.009068777033  0.009068777033  0.013646317294  0.014154458420  0.007039371425  0.005522923134  0.009058706872  0.006531616877  0.006024701963  0.006529356597  0.001000761094  0.000000000000  0.001001042170  0.001502346512  0.001502346512  0.003006319953  0.003006319953  0.002002806163  0.001000700866  0.007541738725  0.006025353154  0.006025353154  0.001501522383  0.006530283405  0.005520953020  0.002504260699  
piranga_bidentata_hgoslp104 0.026022234737  0.023947986505  0.009072314111  0.011106791428  0.010086703570  0.010086703570  0.014671762775  0.015180429839  0.008053002679  0.006533356639  0.010074396806  0.007543625778  0.007034541884  0.007540258939  0.002002806163  0.001001042170  0.000000000000  0.000500260361  0.000500260361  0.004012015176  0.004012015176  0.003006945570  0.002003289262  0.008555327944  0.007035744889  0.007035744889  0.002504613527  0.007541738725  0.006530283405  0.003508904411  
piranga_bidentata_itm160 0.026545764383  0.024469832542  0.009581287835  0.011617648724  0.010596476760  0.010596476760  0.015185307455  0.015694238333  0.008560621402  0.007039371425  0.010583048137  0.008050430755  0.007540258939  0.008046508886  0.002504613527  0.001502346512  0.000500260361  0.000000000000  0.000000000000  0.004515653349  0.004515653349  0.003509803389  0.002505369142  0.009062925584  0.007541738725  0.007541738725  0.003006945570  0.008048266034  0.007035744889  0.004012015176  
piranga_bidentata_itm141 0.026545764383  0.024469832542  0.009581287835  0.011617648724  0.010596476760  0.010596476760  0.015185307455  0.015694238333  0.008560621402  0.007039371425  0.010583048137  0.008050430755  0.007540258939  0.008046508886  0.002504613527  0.001502346512  0.000500260361  0.000000000000  0.000000000000  0.004515653349  0.004515653349  0.003509803389  0.002505369142  0.009062925584  0.007541738725  0.007541738725  0.003006945570  0.008048266034  0.007035744889  0.004012015176  
piranga_ludoviciana_sdsu2650 0.028094573132  0.026014595511  0.011098696159  0.013138566423  0.012115828168  0.012115828168  0.016713275939  0.017223384001  0.010076860112  0.008553292847  0.012103946799  0.009566283429  0.009056123879  0.009563143715  0.004010881869  0.003006319953  0.004012015176  0.004515653349  0.004515653349  0.000000000000  0.003006945570  0.002003289262  0.004011246313  0.010580714679  0.009057210723  0.009057210723  0.004513971923  0.009060611950  0.008046508886  0.005018502181  
piranga_ludoviciana_sdsu2648 0.028094573132  0.026014595511  0.011098696159  0.013138566423  0.012115828168  0.012115828168  0.016713275939  0.017223384001  0.010076860112  0.008553292847  0.012103946799  0.009566283429  0.009056123879  0.009563143715  0.004010881869  0.003006319953  0.004012015176  0.004515653349  0.004515653349  0.003006945570  0.000000000000  0.002003289262  0.004011246313  0.010580714679  0.009057210723  0.009057210723  0.004513971923  0.009564508767  0.008550447777  0.005520953020  
piranga_ludoviciana_sdsu2208 0.027053823759  0.024976883811  0.010083013864  0.012119825462  0.011098696159  0.011098696159  0.015689488361  0.016198939004  0.009062925584  0.007541738725  0.011087421606  0.008553292847  0.008044218800  0.008550447777  0.003006097788  0.002002806163  0.003006945570  0.003509803389  0.003509803389  0.002003289262  0.002003289262  0.000000000000  0.003006319953  0.009566283429  0.008045159683  0.008045159683  0.003508409184  0.008551665999  0.007539186796  0.004513971923  
piranga_ludoviciana_sdsu2385 0.026014595511  0.023940684099  0.009068777033  0.011102539268  0.010083013864  0.010083013864  0.014667170259  0.015175965259  0.008050430755  0.006531616877  0.010072343041  0.007541738725  0.007033746217  0.007539186796  0.002002725555  0.001000700866  0.002003289262  0.002505369142  0.002505369142  0.004011246313  0.004011246313  0.003006319953  0.000000000000  0.008553292847  0.007034541884  0.007034541884  0.002504260699  0.007540258939  0.006529356597  0.003508409184  
piranga_flava_ku90809 0.030734434202  0.028645606585  0.013660858552  0.015710966894  0.014682184487  0.014682184487  0.019299601618  0.019810914723  0.012631205143  0.011098696159  0.014662990462  0.012115828168  0.011599074603  0.012109065178  0.006533356639  0.007541738725  0.008555327944  0.009062925584  0.009062925584  0.010580714679  0.010580714679  0.009566283429  0.008553292847  0.000000000000  0.005522923134  0.005522923134  0.007039371425  0.012112241283  0.011092238564  0.008050430755  
piranga_flava_lsu15408 0.029153575765  0.027069865142  0.012124232796  0.014168618226  0.013143129722  0.013143129722  0.017749087328  0.018259598805  0.011098696159  0.009571060086  0.013127344215  0.010585791445  0.010072343041  0.010580714679  0.005018502181  0.006025353154  0.007035744889  0.007541738725  0.007541738725  0.009057210723  0.009057210723  0.008045159683  0.007034541884  0.005522923134  0.000000000000  0.004011246313  0.005522923134  0.010583048137  0.009566283429  0.006531616877  
piranga_lutea_ku89864 0.029153575765  0.027069865142  0.012124232796  0.014168618226  0.013143129722  0.013143129722  0.017749087328  0.018259598805  0.011098696159  0.009571060086  0.013127344215  0.010585791445  0.010072343041  0.010580714679  0.005018502181  0.006025353154  0.007035744889  0.007541738725  0.007541738725  0.009057210723  0.009057210723  0.008045159683  0.007034541884  0.005522923134  0.004011246313  0.000000000000  0.005522923134  0.010583048137  0.009566283429  0.006531616877  
piranga_rubra_sdsu2654 0.024469832542  0.022399944744  0.007555239282  0.009585512349  0.008567543418  0.008567543418  0.013143129722  0.013650753153  0.006538053557  0.005021542541  0.008555327944  0.006029743409  0.005521735233  0.006026410706  0.000500260361  0.001501522383  0.002504613527  0.003006945570  0.003006945570  0.004513971923  0.004513971923  0.003508409184  0.002504260699  0.007039371425  0.005522923134  0.005522923134  0.000000000000  0.006027874249  0.005018502181  0.002003289262  
piranga_rubra_ku7046 0.029679950814  0.027594538260  0.012635895492  0.014682184487  0.013655600361  0.013655600361  0.018265369625  0.018776147737  0.011608989519  0.010079732589  0.013638681103  0.011095262468  0.010580714679  0.011089624819  0.005522923134  0.006530283405  0.007541738725  0.008048266034  0.008048266034  0.009060611950  0.009564508767  0.008551665999  0.007540258939  0.012112241283  0.010583048137  0.010583048137  0.006027874249  0.000000000000  0.008048266034  0.005019820038  
piranga_rubra_sdsu2635 0.028627776792  0.026545764383  0.011613114441  0.013655600361  0.012631205143  0.012631205143  0.017233359240  0.017743604655  0.010588944232  0.009062925584  0.012616550973  0.010076860112  0.009564508767  0.010072343041  0.004514610277  0.005520953020  0.006530283405  0.007035744889  0.007035744889  0.008046508886  0.008550447777  0.007539186796  0.006529356597  0.011092238564  0.009566283429  0.009566283429  0.005018502181  0.008048266034  0.000000000000  0.003006319953  
piranga_rubra_ku26592 0.025507040682  0.023434135407  0.008567543418  0.010600855767  0.009581287835  0.009581287835  0.014163486503  0.014671762775  0.007548620209  0.006029743409  0.009568467327  0.007039371425  0.006530283405  0.007035744889  0.001501733535  0.002504260699  0.003508904411  0.004012015176  0.004012015176  0.005018502181  0.005520953020  0.004513971923  0.003508409184  0.008050430755  0.006531616877  0.006531616877  0.002003289262  0.005019820038  0.003006319953  0.000000000000  

