30
cardinalis_cardinalis_ku21828 0.000000000000  0.006035031658  0.044499020991  0.039706916469  0.031758440260  0.036472866694  0.034376826600  0.034386071793  0.031786782539  0.033376258852  0.035480177935  0.038149987737  0.033376258852  0.039222123459  0.038685753400  0.036001444878  0.037602384595  0.039183276282  0.038149987737  0.034416437530  0.035468993970  0.037602384595  0.036546303556  0.037068138848  0.034948010248  0.041268756164  0.039195783901  0.044526429798  0.048311366826  0.045067593062  
cardinalis_cardinalis_ku25393 0.006035031658  0.000000000000  0.042355272010  0.037578824147  0.029658838890  0.034359653547  0.032269419170  0.032277866064  0.029684800232  0.031268144900  0.033365447073  0.036024877567  0.031268144900  0.037092828826  0.037627705339  0.033885458453  0.035480177935  0.037056453229  0.036024877567  0.032305825981  0.033355071692  0.035480177935  0.034427434923  0.034948010248  0.032835341342  0.039137668806  0.037068138848  0.042381003725  0.046151770929  0.042920034874  
piranga_erythrocephala_fmnh343371 0.044499020991  0.042355272010  0.000000000000  0.007541982250  0.015181715076  0.019790293093  0.017740114331  0.017745302176  0.020312884117  0.021868766402  0.023936707406  0.026549658773  0.021868766402  0.027598873345  0.028124350158  0.025495235084  0.026018097209  0.027573974894  0.026549658773  0.022895534368  0.023930089801  0.027065549588  0.024980165419  0.025495235084  0.023415835891  0.029636785852  0.028106710784  0.032815646915  0.036523121224  0.033345133076  
piranga_erythrocephala_fmnh343370 0.039706916469  0.037578824147  0.007541982250  0.000000000000  0.010593232283  0.016200249296  0.013135356053  0.013139604072  0.015690785477  0.017235043407  0.019289320887  0.021882602217  0.017235043407  0.022923888169  0.023445387569  0.020837056204  0.021355980252  0.022901981956  0.021882602217  0.018255955853  0.019283673577  0.022395530520  0.020324936717  0.020837056204  0.018772357632  0.024953872139  0.023429756804  0.028106710784  0.031786782539  0.028632158840  
piranga_leucoptera_fmnh481795 0.031758440260  0.029658838890  0.015181715076  0.010593232283  0.000000000000  0.008551926503  0.005521848211  0.005523066457  0.008046760258  0.009568893723  0.011599665942  0.014155515781  0.009568893723  0.015181715076  0.015695646494  0.013128116023  0.013639546114  0.015169268214  0.014155515781  0.010581160551  0.011597118197  0.014664059615  0.012620357794  0.013128116023  0.011090140525  0.017206706027  0.015686345385  0.020307495751  0.023936707406  0.020825261629  
piranga_leucoptera_lsu7783 0.036472866694  0.034359653547  0.019790293093  0.016200249296  0.008551926503  0.000000000000  0.010069761278  0.011087879152  0.013630967065  0.015165961438  0.017212685392  0.019790293093  0.015165961438  0.020307495751  0.020825261629  0.018753493236  0.019269279338  0.020810766631  0.019790293093  0.016185542314  0.017209483631  0.020302533171  0.017212685392  0.018753493236  0.016698836486  0.022862402311  0.021332909510  0.025991118969  0.029651053121  0.026513349925  
piranga_rubriceps_lsu265 0.034376826600  0.032269419170  0.017740114331  0.013135356053  0.005521848211  0.010069761278  0.000000000000  0.002003314299  0.010579184938  0.012106903242  0.014144809368  0.016710107205  0.012106903242  0.017740114331  0.018255955853  0.015678729454  0.016192051068  0.017727090234  0.016710107205  0.013122553134  0.014142081431  0.017220359877  0.015169268214  0.015678729454  0.013633406517  0.019771217517  0.018246262815  0.022883923139  0.026526579645  0.023403627784  
piranga_rubriceps_lsu34818 0.034386071793  0.032277866064  0.017745302176  0.013139604072  0.005523066457  0.011087879152  0.002003314299  0.000000000000  0.010581160551  0.012109737974  0.014147957988  0.016714709261  0.012109737974  0.017745302176  0.018261437546  0.015682326587  0.016195939184  0.017731007988  0.016714709261  0.013125124750  0.014144809368  0.017224831851  0.015172996327  0.015682326587  0.013636266324  0.019774179475  0.018250897486  0.021851211855  0.024444744375  0.022370079820  
piranga_roseogularis_ku2049 0.031786782539  0.029684800232  0.020312884117  0.015690785477  0.008046760258  0.013630967065  0.010579184938  0.010581160551  0.000000000000  0.001502371104  0.007541982250  0.010080296629  0.005523066457  0.011099428879  0.011609815350  0.009060974274  0.009568893723  0.011090140525  0.010080296629  0.006530438690  0.007540463384  0.010586363300  0.008555682451  0.009060974274  0.007035941464  0.013118670371  0.011602631629  0.016195939184  0.019800904096  0.016710107205  
piranga_roseogularis_ku2141 0.033376258852  0.031268144900  0.021868766402  0.017235043407  0.009568893723  0.015165961438  0.012106903242  0.012109737974  0.001502371104  0.000000000000  0.009063344169  0.011609815350  0.007039655766  0.012632234864  0.013144270271  0.010586363300  0.011095915757  0.012620357794  0.011609815350  0.008048562196  0.009060974274  0.012116661864  0.010080296629  0.010586363300  0.008555682451  0.014651150164  0.013135356053  0.017740114331  0.021355980252  0.018255955853  
piranga_bidentata_hgoslp104 0.035480177935  0.033365447073  0.023936707406  0.019289320887  0.011599665942  0.017212685392  0.014144809368  0.014147957988  0.007541982250  0.009063344169  0.000000000000  0.006533588308  0.002002819342  0.009578104358  0.010087424441  0.007543915392  0.008050778726  0.009568893723  0.008561098041  0.005018609782  0.006026559372  0.009066129294  0.007039655766  0.007543915392  0.005523066457  0.011593278021  0.010080296629  0.014664059615  0.018261437546  0.015177145404  
piranga_ludoviciana_sdsu2648 0.038149987737  0.036024877567  0.026549658773  0.021882602217  0.014155515781  0.019790293093  0.016710107205  0.016714709261  0.010080296629  0.011609815350  0.006533588308  0.000000000000  0.004517237219  0.012130178251  0.012642240965  0.010083652783  0.010593232283  0.012116661864  0.011107704299  0.007546262440  0.008558182975  0.011614032650  0.009578104358  0.010083652783  0.008053409480  0.014144809368  0.012632234864  0.017235043407  0.019813213921  0.017750912644  
piranga_ludoviciana_sdsu2385 0.033376258852  0.031268144900  0.021868766402  0.017235043407  0.009568893723  0.015165961438  0.012106903242  0.012109737974  0.005523066457  0.007039655766  0.002002819342  0.004517237219  0.000000000000  0.007552196794  0.008059912200  0.005524696983  0.006029971060  0.007543915392  0.006538389560  0.003006991400  0.004012088513  0.007042132936  0.005021720399  0.005524696983  0.003509873850  0.009563426349  0.008053409480  0.012623898719  0.016210134025  0.013135356053  
piranga_flava_ku90809 0.039222123459  0.037092828826  0.027598873345  0.022923888169  0.015181715076  0.020307495751  0.017740114331  0.017745302176  0.011099428879  0.012632234864  0.009578104358  0.012130178251  0.007552196794  0.000000000000  0.000500263086  0.004014899591  0.004519128514  0.009574618842  0.008568170341  0.008561098041  0.009574618842  0.012637029351  0.010597290697  0.011103358514  0.009069329280  0.015169268214  0.013656857693  0.018267342198  0.021890158856  0.018784333289  
piranga_flava_lsu15408 0.038685753400  0.037627705339  0.028124350158  0.023445387569  0.015695646494  0.020825261629  0.018255955853  0.018261437546  0.011609815350  0.013144270271  0.010087424441  0.012642240965  0.008059912200  0.000500263086  0.000000000000  0.004519128514  0.005023892741  0.010083652783  0.009076972380  0.009069329280  0.010083652783  0.013149354285  0.011107704299  0.011614032650  0.009578104358  0.015682326587  0.014169998323  0.018784333289  0.022410815791  0.019301887137  
piranga_lutea_ku89864 0.036001444878  0.033885458453  0.025495235084  0.020837056204  0.013128116023  0.018753493236  0.015678729454  0.015682326587  0.009060974274  0.010586363300  0.007543915392  0.010083652783  0.005524696983  0.004014899591  0.004519128514  0.000000000000  0.002504640271  0.007541982250  0.006535782663  0.006531806861  0.007541982250  0.010589589696  0.008558182975  0.009063344169  0.007037591819  0.013120401549  0.011606014887  0.016200249296  0.019806846840  0.016714709261  
piranga_lutea_lsu5400 0.037602384595  0.035480177935  0.026018097209  0.021355980252  0.013639546114  0.019269279338  0.016192051068  0.016195939184  0.009568893723  0.011095915757  0.008050778726  0.010593232283  0.006029971060  0.004519128514  0.005023892741  0.002504640271  0.000000000000  0.008048562196  0.007042132936  0.007037591819  0.008048562196  0.011099428879  0.009066129294  0.009571548508  0.007543915392  0.013630967065  0.012116661864  0.016210134025  0.019820004971  0.017229726485  
piranga_hepatica_ku4970 0.039183276282  0.037056453229  0.027573974894  0.022901981956  0.015169268214  0.020810766631  0.017727090234  0.017731007988  0.011090140525  0.012620357794  0.009568893723  0.012116661864  0.007543915392  0.009574618842  0.010083652783  0.007541982250  0.008048562196  0.000000000000  0.003006349668  0.008553596837  0.009566654854  0.012623898719  0.010586363300  0.011092819517  0.009060974274  0.015160613392  0.013643245514  0.018250897486  0.021868766402  0.018767005113  
piranga_hepatica_ku9084 0.038149987737  0.036024877567  0.026549658773  0.021882602217  0.014155515781  0.019790293093  0.016710107205  0.016714709261  0.010080296629  0.011609815350  0.008561098041  0.011107704299  0.006538389560  0.008568170341  0.009076972380  0.006535782663  0.007042132936  0.003006349668  0.000000000000  0.007546262440  0.008558182975  0.011614032650  0.009578104358  0.010083652783  0.008053409480  0.014144809368  0.012632234864  0.017235043407  0.020850552310  0.017750912644  
piranga_ludoviciana_sdsu2208 0.034416437530  0.032305825981  0.022895534368  0.018255955853  0.010581160551  0.016185542314  0.013122553134  0.013125124750  0.006530438690  0.008048562196  0.005018609782  0.007546262440  0.003006991400  0.008561098041  0.009069329280  0.006531806861  0.007037591819  0.008553596837  0.007546262440  0.000000000000  0.003006349668  0.006029971060  0.006028058919  0.006531806861  0.004514687759  0.010576487100  0.009063344169  0.013639546114  0.017229726485  0.014151526916  
piranga_bidentata_tepe59 0.035468993970  0.033355071692  0.023930089801  0.019283673577  0.011597118197  0.017209483631  0.014142081431  0.014144809368  0.007540463384  0.009060974274  0.006026559372  0.008558182975  0.004012088513  0.009574618842  0.010083652783  0.007541982250  0.008048562196  0.009566654854  0.008558182975  0.003006349668  0.000000000000  0.003009504464  0.007037591819  0.007541982250  0.005521848211  0.011591986340  0.010077356344  0.014660200925  0.018255955853  0.015172996327  
piranga_bidentata_itm141 0.037602384595  0.035480177935  0.027065549588  0.022395530520  0.014664059615  0.020302533171  0.017220359877  0.017224831851  0.010586363300  0.012116661864  0.009066129294  0.011614032650  0.007042132936  0.012637029351  0.013149354285  0.010589589696  0.011099428879  0.012623898719  0.011614032650  0.006029971060  0.003009504464  0.000000000000  0.010083652783  0.010589589696  0.008558182975  0.014653745827  0.013139604072  0.017745302176  0.021362813170  0.018261437546  
piranga_olivacea_ku4672 0.036546303556  0.034427434923  0.024980165419  0.020324936717  0.012620357794  0.017212685392  0.015169268214  0.015172996327  0.008555682451  0.010080296629  0.007039655766  0.009578104358  0.005021720399  0.010597290697  0.011107704299  0.008558182975  0.009066129294  0.010586363300  0.009578104358  0.006028058919  0.007037591819  0.010083652783  0.000000000000  0.003511204836  0.001502371104  0.007539359164  0.006032295428  0.010589589696  0.014164751851  0.011099428879  
piranga_ludoviciana_sdsu2650 0.037068138848  0.034948010248  0.025495235084  0.020837056204  0.013128116023  0.018753493236  0.015678729454  0.015682326587  0.009060974274  0.010586363300  0.007543915392  0.010083652783  0.005524696983  0.011103358514  0.011614032650  0.009063344169  0.009571548508  0.011092819517  0.010083652783  0.006531806861  0.007541982250  0.010589589696  0.003511204836  0.000000000000  0.002003314299  0.008044401640  0.006535782663  0.011095915757  0.014673037423  0.011606014887  
piranga_bidentata_itm160 0.034948010248  0.032835341342  0.023415835891  0.018772357632  0.011090140525  0.016698836486  0.013633406517  0.013636266324  0.007035941464  0.008555682451  0.005523066457  0.008053409480  0.003509873850  0.009069329280  0.009578104358  0.007037591819  0.007543915392  0.009060974274  0.008053409480  0.004514687759  0.005521848211  0.008558182975  0.001502371104  0.002003314299  0.000000000000  0.006024539980  0.004517237219  0.009063344169  0.012627857864  0.009571548508  
piranga_olivacea_ku2699 0.041268756164  0.039137668806  0.029636785852  0.024953872139  0.017206706027  0.022862402311  0.019771217517  0.019774179475  0.013118670371  0.014651150164  0.011593278021  0.014144809368  0.009563426349  0.015169268214  0.015682326587  0.013120401549  0.013630967065  0.015160613392  0.014144809368  0.010576487100  0.011591986340  0.014653745827  0.007539359164  0.008044401640  0.006024539980  0.000000000000  0.010579184938  0.015163076372  0.018757572542  0.015675554360  
piranga_rubra_sdsu2654 0.039195783901  0.037068138848  0.028106710784  0.023429756804  0.015686345385  0.021332909510  0.018246262815  0.018250897486  0.011602631629  0.013135356053  0.010080296629  0.012632234864  0.008053409480  0.013656857693  0.014169998323  0.011606014887  0.012116661864  0.013643245514  0.012632234864  0.009063344169  0.010077356344  0.013139604072  0.006032295428  0.006535782663  0.004517237219  0.010579184938  0.000000000000  0.005521042613  0.009060974274  0.006025472786  
piranga_rubra_sdsu2635 0.044526429798  0.042381003725  0.032815646915  0.028106710784  0.020307495751  0.025991118969  0.022883923139  0.021851211855  0.016195939184  0.017740114331  0.014664059615  0.017235043407  0.012623898719  0.018267342198  0.018784333289  0.016200249296  0.016210134025  0.018250897486  0.017235043407  0.013639546114  0.014660200925  0.017745302176  0.010589589696  0.011095915757  0.009063344169  0.015163076372  0.005521042613  0.000000000000  0.005524696983  0.004514687759  
piranga_rubra_ku7046 0.048311366826  0.046151770929  0.036523121224  0.031786782539  0.023936707406  0.029651053121  0.026526579645  0.024444744375  0.019800904096  0.021355980252  0.018261437546  0.019813213921  0.016210134025  0.021890158856  0.022410815791  0.019806846840  0.019820004971  0.021868766402  0.020850552310  0.017229726485  0.018255955853  0.021362813170  0.014164751851  0.014673037423  0.012627857864  0.018757572542  0.009060974274  0.005524696983  0.000000000000  0.008050778726  
piranga_rubra_ku26592 0.045067593062  0.042920034874  0.033345133076  0.028632158840  0.020825261629  0.026513349925  0.023403627784  0.022370079820  0.016710107205  0.018255955853  0.015177145404  0.017750912644  0.013135356053  0.018784333289  0.019301887137  0.016714709261  0.017229726485  0.018767005113  0.017750912644  0.014151526916  0.015172996327  0.018261437546  0.011099428879  0.011606014887  0.009571548508  0.015675554360  0.006025472786  0.004514687759  0.008050778726  0.000000000000  

