30
cardinalis_cardinalis_ku21828 0.000000000000  0.003509896267  0.013149754090  0.012632562522  0.020837799151  0.018778765769  0.018274341635  0.016731619106  0.014664402309  0.017770995467  0.016731619106  0.015198468950  0.016737952066  0.018778765769  0.021883502075  0.021883502075  0.015701413389  0.012632562522  0.012632562522  0.012632562522  0.019289958709  0.019801548811  0.014165154281  0.015182124172  0.011606250739  0.013131800197  0.011606250739  0.012116927107  0.015173345326  0.017235579213  
cardinalis_cardinalis_ku25393 0.003509896267  0.000000000000  0.014678597479  0.014160292426  0.022382761693  0.020319390702  0.019813944919  0.018267969311  0.016196329727  0.019309581480  0.018267969311  0.016731619106  0.018274341635  0.020319390702  0.023430727701  0.023430727701  0.017235579213  0.014160292426  0.014160292426  0.014160292426  0.020831646567  0.021344301236  0.015696094414  0.016715167499  0.013131800197  0.014660517476  0.013131800197  0.013643550045  0.016706326166  0.018772949196  
piranga_leucoptera_fmnh481795 0.013149754090  0.014678597479  0.000000000000  0.003511236758  0.016710533945  0.014664402309  0.014160292426  0.012628154454  0.015686728809  0.018798774589  0.017757568658  0.016222273723  0.016731619106  0.019807532957  0.022917123397  0.022917123397  0.016725710448  0.013652266844  0.013652266844  0.013652266844  0.020319390702  0.020831646567  0.015187149264  0.016720226456  0.013135656105  0.014664402309  0.013135656105  0.013647697301  0.016710533945  0.018778765769  
piranga_leucoptera_lsu7783 0.012632562522  0.014160292426  0.003511236758  0.000000000000  0.015679062131  0.013636523871  0.013643550045  0.012113230718  0.015169592312  0.018274341635  0.017235579213  0.015701413389  0.016210622768  0.019284272239  0.022389383840  0.022389383840  0.016205433601  0.013135656105  0.013135656105  0.013135656105  0.019795992849  0.020308111709  0.014668710833  0.016200669130  0.012620602453  0.014148244056  0.012620602453  0.013131800197  0.016192415762  0.018256503188  
piranga_erythrocephala_fmnh343371 0.020837799151  0.022382761693  0.016710533945  0.015679062131  0.000000000000  0.007033936700  0.017731451631  0.016192415762  0.023398921690  0.026550898634  0.025496292102  0.023944732210  0.024459137611  0.027567692578  0.030713481093  0.030713481093  0.024452172281  0.021344301236  0.021344301236  0.021344301236  0.028084660346  0.028602033746  0.022896354569  0.024445639744  0.020820629504  0.022365480661  0.020820629504  0.021338708911  0.023393857528  0.026527659073  
piranga_erythrocephala_fmnh343370 0.018778765769  0.020319390702  0.014664402309  0.013636523871  0.007033936700  0.000000000000  0.015682682918  0.014148244056  0.021333546919  0.024474365165  0.023423503054  0.021876320687  0.022389383840  0.025489153850  0.028625020566  0.028625020566  0.022382761693  0.019284272239  0.019284272239  0.019284272239  0.026004766073  0.026520781958  0.020831646567  0.022376570198  0.018762597814  0.020303115935  0.018762597814  0.019279013612  0.021328815639  0.024452172281  
piranga_rubriceps_lsu265 0.018274341635  0.019813944919  0.014160292426  0.013643550045  0.017731451631  0.015682682918  0.000000000000  0.001501748604  0.020825923227  0.023968606509  0.022917123397  0.021370966434  0.021378704861  0.024981212799  0.028116702143  0.027591459534  0.021876320687  0.018778765769  0.018778765769  0.018778765769  0.025496292102  0.026011773961  0.020325673177  0.021869568864  0.018256503188  0.019795992849  0.018256503188  0.018772949196  0.021857355395  0.023944732210  
piranga_rubriceps_lsu34818 0.016731619106  0.018267969311  0.012628154454  0.012113230718  0.016192415762  0.014148244056  0.001501748604  0.000000000000  0.019279013612  0.022411830499  0.021363656490  0.019820784328  0.019828050818  0.023423503054  0.026550898634  0.026550898634  0.020325673177  0.017235579213  0.017235579213  0.017235579213  0.023937637018  0.024452172281  0.018778765769  0.020319390702  0.016715167499  0.018251410127  0.016715167499  0.017230225128  0.020308111709  0.022389383840  
piranga_ludoviciana_sdsu2208 0.014664402309  0.016196329727  0.015686728809  0.015169592312  0.023398921690  0.021333546919  0.020825923227  0.019279013612  0.000000000000  0.009061092175  0.008045449010  0.006530491657  0.008046844365  0.010069873335  0.013122767907  0.013122767907  0.007033936700  0.004010973954  0.004010973954  0.004010973954  0.012612440342  0.013120603533  0.007540533429  0.012104670800  0.008550754249  0.010069873335  0.008550754249  0.009057577680  0.012101075627  0.014145074899  
piranga_rubra_ku7046 0.017770995467  0.019309581480  0.018798774589  0.018274341635  0.026550898634  0.024474365165  0.023968606509  0.022411830499  0.009061092175  0.000000000000  0.006030043470  0.004519185674  0.006032384503  0.013135656105  0.016210622768  0.016210622768  0.010083855995  0.007042240942  0.007042240942  0.007042240942  0.015696094414  0.015691199431  0.010597550963  0.015187149264  0.011610077927  0.013135656105  0.011610077927  0.012121044422  0.015177522736  0.017241358671  
piranga_rubra_sdsu2635 0.016731619106  0.018267969311  0.017757568658  0.017235579213  0.025496292102  0.023423503054  0.022917123397  0.021363656490  0.008045449010  0.006030043470  0.000000000000  0.001501529921  0.005020003634  0.012109955623  0.015177522736  0.015177522736  0.009063478057  0.006028117999  0.006028117999  0.006028117999  0.014664402309  0.015173345326  0.009574796106  0.014155853191  0.010586546194  0.012109955623  0.010586546194  0.011096124162  0.014148244056  0.016205433601  
piranga_rubra_sdsu2654 0.015198468950  0.016731619106  0.016222273723  0.015701413389  0.023944732210  0.021876320687  0.021370966434  0.019820784328  0.006530491657  0.004519185674  0.001501529921  0.000000000000  0.003511236758  0.010586546194  0.013647697301  0.013647697301  0.007546371411  0.004517280696  0.004517280696  0.004517280696  0.013135656105  0.013643550045  0.008056605288  0.012628154454  0.009066282534  0.010586546194  0.009066282534  0.009574796106  0.012620602453  0.014673442679  
piranga_olivacea_ku4672 0.016737952066  0.018274341635  0.016731619106  0.016210622768  0.024459137611  0.022389383840  0.021378704861  0.019828050818  0.008046844365  0.006032384503  0.005020003634  0.003511236758  0.000000000000  0.012113230718  0.015182124172  0.015182124172  0.009066282534  0.006030043470  0.006030043470  0.006030043470  0.014668710833  0.015177522736  0.009578306485  0.014160292426  0.010589795000  0.012113230718  0.010589795000  0.011099661848  0.014151836945  0.016210622768  
piranga_ludoviciana_sdsu2650 0.018778765769  0.020319390702  0.019807532957  0.019284272239  0.027567692578  0.025489153850  0.024981212799  0.023423503054  0.010069873335  0.013135656105  0.012109955623  0.010586546194  0.012113230718  0.000000000000  0.008558314110  0.009061092175  0.003006360212  0.006026608457  0.006026608457  0.006026608457  0.016706326166  0.017216718806  0.010589795000  0.016196329727  0.012617459259  0.014145074899  0.012617459259  0.013128366613  0.016188927610  0.018251410127  
piranga_ludoviciana_sdsu2385 0.021883502075  0.023430727701  0.022917123397  0.022389383840  0.030713481093  0.028625020566  0.028116702143  0.026550898634  0.013122767907  0.016210622768  0.015177522736  0.013647697301  0.015182124172  0.008558314110  0.000000000000  0.007036006842  0.006028117999  0.009063478057  0.009063478057  0.009063478057  0.019795992849  0.020308111709  0.014668710833  0.019284272239  0.015686728809  0.017220794552  0.015686728809  0.016200669130  0.019274183200  0.020325673177  
piranga_ludoviciana_sdsu2648 0.021883502075  0.023430727701  0.022917123397  0.022389383840  0.030713481093  0.028625020566  0.027591459534  0.026550898634  0.013122767907  0.016210622768  0.015177522736  0.013647697301  0.015182124172  0.009061092175  0.007036006842  0.000000000000  0.006028117999  0.009063478057  0.009063478057  0.009063478057  0.019795992849  0.020308111709  0.014668710833  0.019284272239  0.015686728809  0.017220794552  0.015686728809  0.016200669130  0.019274183200  0.021350323523  
piranga_bidentata_hgoslp104 0.015701413389  0.017235579213  0.016725710448  0.016205433601  0.024452172281  0.022382761693  0.021876320687  0.020325673177  0.007033936700  0.010083855995  0.009063478057  0.007546371411  0.009066282534  0.003006360212  0.006028117999  0.006028117999  0.000000000000  0.003007006065  0.003007006065  0.003007006065  0.013639825445  0.014148244056  0.008558314110  0.013131800197  0.009569031373  0.011090309964  0.009569031373  0.010077515656  0.013125355726  0.015177522736  
piranga_bidentata_tepe59 0.012632562522  0.014160292426  0.013652266844  0.013135656105  0.021344301236  0.019284272239  0.018778765769  0.017235579213  0.004010973954  0.007042240942  0.006028117999  0.004517280696  0.006030043470  0.006026608457  0.009063478057  0.009063478057  0.003007006065  0.000000000000  0.000000000000  0.000000000000  0.010583717328  0.011090309964  0.005524754423  0.010077515656  0.006531868586  0.008046844365  0.006531868586  0.007037668061  0.010072853777  0.012113230718  
piranga_bidentata_itm160 0.012632562522  0.014160292426  0.013652266844  0.013135656105  0.021344301236  0.019284272239  0.018778765769  0.017235579213  0.004010973954  0.007042240942  0.006028117999  0.004517280696  0.006030043470  0.006026608457  0.009063478057  0.009063478057  0.003007006065  0.000000000000  0.000000000000  0.000000000000  0.010583717328  0.011090309964  0.005524754423  0.010077515656  0.006531868586  0.008046844365  0.006531868586  0.007037668061  0.010072853777  0.012113230718  
piranga_bidentata_itm141 0.012632562522  0.014160292426  0.013652266844  0.013135656105  0.021344301236  0.019284272239  0.018778765769  0.017235579213  0.004010973954  0.007042240942  0.006028117999  0.004517280696  0.006030043470  0.006026608457  0.009063478057  0.009063478057  0.003007006065  0.000000000000  0.000000000000  0.000000000000  0.010583717328  0.011090309964  0.005524754423  0.010077515656  0.006531868586  0.008046844365  0.006531868586  0.007037668061  0.010072853777  0.012113230718  
piranga_roseogularis_ku2049 0.019289958709  0.020831646567  0.020319390702  0.019795992849  0.028084660346  0.026004766073  0.025496292102  0.023937637018  0.012612440342  0.015696094414  0.014664402309  0.013135656105  0.014668710833  0.016706326166  0.019795992849  0.019795992849  0.013639825445  0.010583717328  0.010583717328  0.010583717328  0.000000000000  0.002002738443  0.012109955623  0.016706326166  0.013125355726  0.014654020373  0.013125355726  0.013636523871  0.016699189429  0.018762597814  
piranga_roseogularis_ku2141 0.019801548811  0.021344301236  0.020831646567  0.020308111709  0.028602033746  0.026520781958  0.026011773961  0.024452172281  0.013120603533  0.015691199431  0.015173345326  0.013643550045  0.015177522736  0.017216718806  0.020308111709  0.020308111709  0.014148244056  0.011090309964  0.011090309964  0.011090309964  0.002002738443  0.000000000000  0.012617459259  0.017216718806  0.013633645697  0.015163360970  0.013633645697  0.014145074899  0.017209848269  0.019274183200  
piranga_olivacea_ku2699 0.014165154281  0.015696094414  0.015187149264  0.014668710833  0.022896354569  0.020831646567  0.020325673177  0.018778765769  0.007540533429  0.010597550963  0.009574796106  0.008056605288  0.009578306485  0.010589795000  0.014668710833  0.014668710833  0.008558314110  0.005524754423  0.005524754423  0.005524754423  0.012109955623  0.012617459259  0.000000000000  0.011602844147  0.008048658040  0.009566777757  0.008048658040  0.008555796365  0.011597294231  0.013643550045  
piranga_hepatica_ku9084 0.015182124172  0.016715167499  0.016720226456  0.016200669130  0.024445639744  0.022376570198  0.021869568864  0.020319390702  0.012104670800  0.015187149264  0.014155853191  0.012628154454  0.014160292426  0.016196329727  0.019284272239  0.019284272239  0.013131800197  0.010077515656  0.010077515656  0.010077515656  0.016706326166  0.017216718806  0.011602844147  0.000000000000  0.003509896267  0.005018644993  0.003509896267  0.004013320766  0.007036006842  0.009066282534  
piranga_flava_lsu15408 0.011606250739  0.013131800197  0.013135656105  0.012620602453  0.020820629504  0.018762597814  0.018256503188  0.016715167499  0.008550754249  0.011610077927  0.010586546194  0.009066282534  0.010589795000  0.012617459259  0.015686728809  0.015686728809  0.009569031373  0.006531868586  0.006531868586  0.006531868586  0.013125355726  0.013633645697  0.008048658040  0.003509896267  0.000000000000  0.001501529921  0.000000000000  0.000500263991  0.003508456478  0.005524754423  
piranga_hepatica_ku4970 0.013131800197  0.014660517476  0.014664402309  0.014148244056  0.022365480661  0.020303115935  0.019795992849  0.018251410127  0.010069873335  0.013135656105  0.012109955623  0.010586546194  0.012113230718  0.014145074899  0.017220794552  0.017220794552  0.011090309964  0.008046844365  0.008046844365  0.008046844365  0.014654020373  0.015163360970  0.009566777757  0.005018644993  0.001501529921  0.000000000000  0.001501529921  0.002002824019  0.005017173961  0.007037668061  
piranga_lutea_lsu5400 0.011606250739  0.013131800197  0.013135656105  0.012620602453  0.020820629504  0.018762597814  0.018256503188  0.016715167499  0.008550754249  0.011610077927  0.010586546194  0.009066282534  0.010589795000  0.012617459259  0.015686728809  0.015686728809  0.009569031373  0.006531868586  0.006531868586  0.006531868586  0.013125355726  0.013633645697  0.008048658040  0.003509896267  0.000000000000  0.001501529921  0.000000000000  0.000500263991  0.003508456478  0.005524754423  
piranga_flava_ku90809 0.012116927107  0.013643550045  0.013647697301  0.013131800197  0.021338708911  0.019279013612  0.018772949196  0.017230225128  0.009057577680  0.012121044422  0.011096124162  0.009574796106  0.011099661848  0.013128366613  0.016200669130  0.016200669130  0.010077515656  0.007037668061  0.007037668061  0.007037668061  0.013636523871  0.014145074899  0.008555796365  0.004013320766  0.000500263991  0.002002824019  0.000500263991  0.000000000000  0.004011318036  0.006030043470  
piranga_lutea_ku89864 0.015173345326  0.016706326166  0.016710533945  0.016192415762  0.023393857528  0.021328815639  0.021857355395  0.020308111709  0.012101075627  0.015177522736  0.014148244056  0.012620602453  0.014151836945  0.016188927610  0.019274183200  0.019274183200  0.013125355726  0.010072853777  0.010072853777  0.010072853777  0.016699189429  0.017209848269  0.011597294231  0.007036006842  0.003508456478  0.005017173961  0.003508456478  0.004011318036  0.000000000000  0.009061092175  
piranga_rubra_ku26592 0.017235579213  0.018772949196  0.018778765769  0.018256503188  0.026527659073  0.024452172281  0.023944732210  0.022389383840  0.014145074899  0.017241358671  0.016205433601  0.014673442679  0.016210622768  0.018251410127  0.020325673177  0.021350323523  0.015177522736  0.012113230718  0.012113230718  0.012113230718  0.018762597814  0.019274183200  0.013643550045  0.009066282534  0.005524754423  0.007037668061  0.005524754423  0.006030043470  0.009061092175  0.000000000000  

