30
piranga_bidentata_itm141 0.000000000000  0.000000000000  0.000000000000  0.000000000000  0.000000000000  0.000000000000  0.000000000000  0.000000000000  0.000000000000  0.000000000000  0.002004457558  0.000000000000  0.002505657644  0.002505657644  0.002505657644  0.002004457558  0.004011140558  0.005017510079  0.005521544189  0.005521544189  0.004011140558  0.004011140558  0.000000000000  0.000000000000  0.000000000000  0.001501808605  0.004012498396  0.001501808605  0.004013847316  0.001501808605  
cardinalis_cardinalis_ku21828 0.000000000000  0.000000000000  0.000000000000  0.000000000000  0.000000000000  0.000000000000  0.000000000000  0.000000000000  0.000000000000  0.000000000000  0.002004457558  0.000000000000  0.002505657644  0.002505657644  0.002505657644  0.002004457558  0.004011140558  0.005017510079  0.005521544189  0.005521544189  0.004011140558  0.004011140558  0.000000000000  0.000000000000  0.000000000000  0.001501808605  0.004012498396  0.001501808605  0.004013847316  0.001501808605  
piranga_bidentata_itm160 0.000000000000  0.000000000000  0.000000000000  0.000000000000  0.000000000000  0.000000000000  0.000000000000  0.000000000000  0.000000000000  0.000000000000  0.002004457558  0.000000000000  0.002505657644  0.002505657644  0.002505657644  0.002004457558  0.004011140558  0.005017510079  0.005521544189  0.005521544189  0.004011140558  0.004011140558  0.000000000000  0.000000000000  0.000000000000  0.001501808605  0.004012498396  0.001501808605  0.004013847316  0.001501808605  
cardinalis_cardinalis_ku25393 0.000000000000  0.000000000000  0.000000000000  0.000000000000  0.000000000000  0.000000000000  0.000000000000  0.000000000000  0.000000000000  0.000000000000  0.002004457558  0.000000000000  0.002505657644  0.002505657644  0.002505657644  0.002004457558  0.004011140558  0.005017510079  0.005521544189  0.005521544189  0.004011140558  0.004011140558  0.000000000000  0.000000000000  0.000000000000  0.001501808605  0.004012498396  0.001501808605  0.004013847316  0.001501808605  
piranga_ludoviciana_sdsu2385 0.000000000000  0.000000000000  0.000000000000  0.000000000000  0.000000000000  0.000000000000  0.000000000000  0.000000000000  0.000000000000  0.000000000000  0.002004457558  0.000000000000  0.002505657644  0.002505657644  0.002505657644  0.002004457558  0.004011140558  0.005017510079  0.005521544189  0.005521544189  0.004011140558  0.004011140558  0.000000000000  0.000000000000  0.000000000000  0.001501808605  0.004012498396  0.001501808605  0.004013847316  0.001501808605  
piranga_olivacea_ku4672 0.000000000000  0.000000000000  0.000000000000  0.000000000000  0.000000000000  0.000000000000  0.000000000000  0.000000000000  0.000000000000  0.000000000000  0.002004457558  0.000000000000  0.002505657644  0.002505657644  0.002505657644  0.002004457558  0.004011140558  0.005017510079  0.005521544189  0.005521544189  0.004011140558  0.004011140558  0.000000000000  0.000000000000  0.000000000000  0.001501808605  0.004012498396  0.001501808605  0.004013847316  0.001501808605  
piranga_rubra_sdsu2654 0.000000000000  0.000000000000  0.000000000000  0.000000000000  0.000000000000  0.000000000000  0.000000000000  0.000000000000  0.000000000000  0.000000000000  0.002004457558  0.000000000000  0.002505657644  0.002505657644  0.002505657644  0.002004457558  0.004011140558  0.005017510079  0.005521544189  0.005521544189  0.004011140558  0.004011140558  0.000000000000  0.000000000000  0.000000000000  0.001501808605  0.004012498396  0.001501808605  0.004013847316  0.001501808605  
piranga_ludoviciana_sdsu2208 0.000000000000  0.000000000000  0.000000000000  0.000000000000  0.000000000000  0.000000000000  0.000000000000  0.000000000000  0.000000000000  0.000000000000  0.002004457558  0.000000000000  0.002505657644  0.002505657644  0.002505657644  0.002004457558  0.004011140558  0.005017510079  0.005521544189  0.005521544189  0.004011140558  0.004011140558  0.000000000000  0.000000000000  0.000000000000  0.001501808605  0.004012498396  0.001501808605  0.004013847316  0.001501808605  
piranga_bidentata_hgoslp104 0.000000000000  0.000000000000  0.000000000000  0.000000000000  0.000000000000  0.000000000000  0.000000000000  0.000000000000  0.000000000000  0.000000000000  0.002004457558  0.000000000000  0.002505657644  0.002505657644  0.002505657644  0.002004457558  0.004011140558  0.005017510079  0.005521544189  0.005521544189  0.004011140558  0.004011140558  0.000000000000  0.000000000000  0.000000000000  0.001501808605  0.004012498396  0.001501808605  0.004013847316  0.001501808605  
piranga_bidentata_tepe59 0.000000000000  0.000000000000  0.000000000000  0.000000000000  0.000000000000  0.000000000000  0.000000000000  0.000000000000  0.000000000000  0.000000000000  0.002004457558  0.000000000000  0.002505657644  0.002505657644  0.002505657644  0.002004457558  0.004011140558  0.005017510079  0.005521544189  0.005521544189  0.004011140558  0.004011140558  0.000000000000  0.000000000000  0.000000000000  0.001501808605  0.004012498396  0.001501808605  0.004013847316  0.001501808605  
piranga_roseogularis_ku2049 0.002004457558  0.002004457558  0.002004457558  0.002004457558  0.002004457558  0.002004457558  0.002004457558  0.002004457558  0.002004457558  0.002004457558  0.000000000000  0.002004457558  0.004520098740  0.004520098740  0.004520098740  0.004017883435  0.006027391817  0.007037042662  0.007543345111  0.007543345111  0.006027391817  0.006027391817  0.002004457558  0.002004457558  0.002004457558  0.003511751003  0.006031234473  0.003511751003  0.006033828100  0.003511751003  
piranga_rubra_ku7046 0.000000000000  0.000000000000  0.000000000000  0.000000000000  0.000000000000  0.000000000000  0.000000000000  0.000000000000  0.000000000000  0.000000000000  0.002004457558  0.000000000000  0.002505657644  0.002505657644  0.002505657644  0.002004457558  0.004011140558  0.005017510079  0.005521544189  0.005521544189  0.004011140558  0.004011140558  0.000000000000  0.000000000000  0.000000000000  0.001501808605  0.004012498396  0.001501808605  0.004013847316  0.001501808605  
piranga_flava_lsu15408 0.002505657644  0.002505657644  0.002505657644  0.002505657644  0.002505657644  0.002505657644  0.002505657644  0.002505657644  0.002505657644  0.002505657644  0.004520098740  0.002505657644  0.000000000000  0.000000000000  0.000000000000  0.004520098740  0.006531309210  0.007541609631  0.008048168864  0.008048168864  0.006531309210  0.006531309210  0.002505657644  0.002505657644  0.002505657644  0.003007246973  0.005523867116  0.003007246973  0.005525700818  0.003007246973  
piranga_lutea_ku89864 0.002505657644  0.002505657644  0.002505657644  0.002505657644  0.002505657644  0.002505657644  0.002505657644  0.002505657644  0.002505657644  0.002505657644  0.004520098740  0.002505657644  0.000000000000  0.000000000000  0.000000000000  0.004520098740  0.006531309210  0.007541609631  0.008048168864  0.008048168864  0.006531309210  0.006531309210  0.002505657644  0.002505657644  0.002505657644  0.003007246973  0.005523867116  0.003007246973  0.005525700818  0.003007246973  
piranga_flava_ku90809 0.002505657644  0.002505657644  0.002505657644  0.002505657644  0.002505657644  0.002505657644  0.002505657644  0.002505657644  0.002505657644  0.002505657644  0.004520098740  0.002505657644  0.000000000000  0.000000000000  0.000000000000  0.004520098740  0.006531309210  0.007541609631  0.008048168864  0.008048168864  0.006531309210  0.006531309210  0.002505657644  0.002505657644  0.002505657644  0.003007246973  0.005523867116  0.003007246973  0.005525700818  0.003007246973  
piranga_rubra_sdsu2635 0.002004457558  0.002004457558  0.002004457558  0.002004457558  0.002004457558  0.002004457558  0.002004457558  0.002004457558  0.002004457558  0.002004457558  0.004017883435  0.002004457558  0.004520098740  0.004520098740  0.004520098740  0.000000000000  0.006027391817  0.007037042662  0.007543345111  0.007543345111  0.006027391817  0.006027391817  0.002004457558  0.002004457558  0.002004457558  0.003511751003  0.006031234473  0.003511751003  0.006033828100  0.003511751003  
piranga_rubriceps_lsu34818 0.004011140558  0.004011140558  0.004011140558  0.004011140558  0.004011140558  0.004011140558  0.004011140558  0.004011140558  0.004011140558  0.004011140558  0.006027391817  0.004011140558  0.006531309210  0.006531309210  0.006531309210  0.006027391817  0.000000000000  0.001000722580  0.001501808605  0.001501808605  0.000000000000  0.000000000000  0.004011140558  0.004011140558  0.004011140558  0.005521544189  0.008046570905  0.005521544189  0.008048168864  0.005521544189  
piranga_rubriceps_lsu265 0.005017510079  0.005017510079  0.005017510079  0.005017510079  0.005017510079  0.005017510079  0.005017510079  0.005017510079  0.005017510079  0.005017510079  0.007037042662  0.005017510079  0.007541609631  0.007541609631  0.007541609631  0.007037042662  0.001000722580  0.000000000000  0.002504789896  0.002504789896  0.001000722580  0.001000722580  0.005017510079  0.005017510079  0.005017510079  0.006530198606  0.009059000748  0.006530198606  0.009060774898  0.006530198606  
piranga_leucoptera_fmnh481795 0.005521544189  0.005521544189  0.005521544189  0.005521544189  0.005521544189  0.005521544189  0.005521544189  0.005521544189  0.005521544189  0.005521544189  0.007543345111  0.005521544189  0.008048168864  0.008048168864  0.008048168864  0.007543345111  0.001501808605  0.002504789896  0.000000000000  0.000000000000  0.001501808605  0.001501808605  0.005521544189  0.005521544189  0.005521544189  0.007035619971  0.009566646350  0.007035619971  0.009568735341  0.007035619971  
piranga_leucoptera_lsu7783 0.005521544189  0.005521544189  0.005521544189  0.005521544189  0.005521544189  0.005521544189  0.005521544189  0.005521544189  0.005521544189  0.005521544189  0.007543345111  0.005521544189  0.008048168864  0.008048168864  0.008048168864  0.007543345111  0.001501808605  0.002504789896  0.000000000000  0.000000000000  0.001501808605  0.001501808605  0.005521544189  0.005521544189  0.005521544189  0.007035619971  0.009566646350  0.007035619971  0.009568735341  0.007035619971  
piranga_erythrocephala_fmnh343370 0.004011140558  0.004011140558  0.004011140558  0.004011140558  0.004011140558  0.004011140558  0.004011140558  0.004011140558  0.004011140558  0.004011140558  0.006027391817  0.004011140558  0.006531309210  0.006531309210  0.006531309210  0.006027391817  0.000000000000  0.001000722580  0.001501808605  0.001501808605  0.000000000000  0.000000000000  0.004011140558  0.004011140558  0.004011140558  0.005521544189  0.008046570905  0.005521544189  0.008048168864  0.005521544189  
piranga_erythrocephala_fmnh343371 0.004011140558  0.004011140558  0.004011140558  0.004011140558  0.004011140558  0.004011140558  0.004011140558  0.004011140558  0.004011140558  0.004011140558  0.006027391817  0.004011140558  0.006531309210  0.006531309210  0.006531309210  0.006027391817  0.000000000000  0.001000722580  0.001501808605  0.001501808605  0.000000000000  0.000000000000  0.004011140558  0.004011140558  0.004011140558  0.005521544189  0.008046570905  0.005521544189  0.008048168864  0.005521544189  
piranga_roseogularis_ku2141 0.000000000000  0.000000000000  0.000000000000  0.000000000000  0.000000000000  0.000000000000  0.000000000000  0.000000000000  0.000000000000  0.000000000000  0.002004457558  0.000000000000  0.002505657644  0.002505657644  0.002505657644  0.002004457558  0.004011140558  0.005017510079  0.005521544189  0.005521544189  0.004011140558  0.004011140558  0.000000000000  0.000000000000  0.000000000000  0.001501808605  0.004012498396  0.001501808605  0.004013847316  0.001501808605  
piranga_olivacea_ku2699 0.000000000000  0.000000000000  0.000000000000  0.000000000000  0.000000000000  0.000000000000  0.000000000000  0.000000000000  0.000000000000  0.000000000000  0.002004457558  0.000000000000  0.002505657644  0.002505657644  0.002505657644  0.002004457558  0.004011140558  0.005017510079  0.005521544189  0.005521544189  0.004011140558  0.004011140558  0.000000000000  0.000000000000  0.000000000000  0.001501808605  0.004012498396  0.001501808605  0.004013847316  0.001501808605  
piranga_ludoviciana_sdsu2648 0.000000000000  0.000000000000  0.000000000000  0.000000000000  0.000000000000  0.000000000000  0.000000000000  0.000000000000  0.000000000000  0.000000000000  0.002004457558  0.000000000000  0.002505657644  0.002505657644  0.002505657644  0.002004457558  0.004011140558  0.005017510079  0.005521544189  0.005521544189  0.004011140558  0.004011140558  0.000000000000  0.000000000000  0.000000000000  0.001501808605  0.004012498396  0.001501808605  0.004013847316  0.001501808605  
piranga_hepatica_ku4970 0.001501808605  0.001501808605  0.001501808605  0.001501808605  0.001501808605  0.001501808605  0.001501808605  0.001501808605  0.001501808605  0.001501808605  0.003511751003  0.001501808605  0.003007246973  0.003007246973  0.003007246973  0.003511751003  0.005521544189  0.006530198606  0.007035619971  0.007035619971  0.005521544189  0.005521544189  0.001501808605  0.001501808605  0.001501808605  0.000000000000  0.002504789896  0.000000000000  0.002505657644  0.000000000000  
piranga_hepatica_ku9084 0.004012498396  0.004012498396  0.004012498396  0.004012498396  0.004012498396  0.004012498396  0.004012498396  0.004012498396  0.004012498396  0.004012498396  0.006031234473  0.004012498396  0.005523867116  0.005523867116  0.005523867116  0.006031234473  0.008046570905  0.009059000748  0.009566646350  0.009566646350  0.008046570905  0.008046570905  0.004012498396  0.004012498396  0.004012498396  0.002504789896  0.000000000000  0.002504789896  0.005020734434  0.002504789896  
piranga_ludoviciana_sdsu2650 0.001501808605  0.001501808605  0.001501808605  0.001501808605  0.001501808605  0.001501808605  0.001501808605  0.001501808605  0.001501808605  0.001501808605  0.003511751003  0.001501808605  0.003007246973  0.003007246973  0.003007246973  0.003511751003  0.005521544189  0.006530198606  0.007035619971  0.007035619971  0.005521544189  0.005521544189  0.001501808605  0.001501808605  0.001501808605  0.000000000000  0.002504789896  0.000000000000  0.002505657644  0.000000000000  
piranga_lutea_lsu5400 0.004013847316  0.004013847316  0.004013847316  0.004013847316  0.004013847316  0.004013847316  0.004013847316  0.004013847316  0.004013847316  0.004013847316  0.006033828100  0.004013847316  0.005525700818  0.005525700818  0.005525700818  0.006033828100  0.008048168864  0.009060774898  0.009568735341  0.009568735341  0.008048168864  0.008048168864  0.004013847316  0.004013847316  0.004013847316  0.002505657644  0.005020734434  0.002505657644  0.000000000000  0.002505657644  
piranga_rubra_ku26592 0.001501808605  0.001501808605  0.001501808605  0.001501808605  0.001501808605  0.001501808605  0.001501808605  0.001501808605  0.001501808605  0.001501808605  0.003511751003  0.001501808605  0.003007246973  0.003007246973  0.003007246973  0.003511751003  0.005521544189  0.006530198606  0.007035619971  0.007035619971  0.005521544189  0.005521544189  0.001501808605  0.001501808605  0.001501808605  0.000000000000  0.002504789896  0.000000000000  0.002505657644  0.000000000000  

