30
piranga_rubra_ku26592 0.000000000000  0.007748499378  0.002571780628  0.000000000000  0.002571780628  0.005179773418  0.000000000000  0.005179773418  0.002711235105  0.002571780628  0.002571780628  0.005514675701  0.007748499378  0.000000000000  0.000000000000  0.010856257280  0.000000000000  0.002571780628  0.005159040684  0.002571780628  0.003291256500  0.000000000000  0.002571780628  0.005159040684  0.003269733334  0.000000000000  0.000000000000  0.002571780628  0.000000000000  0.002571780628  
piranga_flava_ku90809 0.007748499378  0.000000000000  0.005151602245  0.000000000000  0.005151602245  0.010402868649  0.000000000000  0.010402868649  0.005431409014  0.005151602245  0.005151602245  0.008283375670  0.000000000000  0.000000000000  0.010942178883  0.002694984597  0.000000000000  0.005151602245  0.007748499378  0.005151602245  0.006595698569  0.000000000000  0.005151602245  0.007748499378  0.006552479867  0.000000000000  0.000000000000  0.005151602245  0.007748499378  0.005151602245  
piranga_ludoviciana_sdsu2385 0.002571780628  0.005151602245  0.000000000000  0.000000000000  0.000000000000  0.005179773418  0.000000000000  0.005179773418  0.000000000000  0.000000000000  0.000000000000  0.002748494302  0.005151602245  0.000000000000  0.003625353401  0.008121330820  0.000000000000  0.000000000000  0.002571780628  0.000000000000  0.000000000000  0.000000000000  0.000000000000  0.002571780628  0.000000000000  0.000000000000  0.000000000000  0.000000000000  0.002571780628  0.000000000000  
piranga_rubriceps_lsu265 0.000000000000  0.000000000000  0.000000000000  0.000000000000  0.000000000000  0.000000000000  0.000000000000  0.000000000000  0.000000000000  0.000000000000  0.000000000000  0.000000000000  0.000000000000  0.000000000000  0.000000000000  0.003830549083  0.000000000000  0.000000000000  0.000000000000  0.000000000000  0.000000000000  0.000000000000  0.000000000000  0.000000000000  0.000000000000  0.000000000000  0.000000000000  0.000000000000  0.000000000000  0.000000000000  
piranga_leucoptera_lsu7783 0.002571780628  0.005151602245  0.000000000000  0.000000000000  0.000000000000  0.005179773418  0.000000000000  0.005179773418  0.000000000000  0.000000000000  0.000000000000  0.002748494302  0.005151602245  0.000000000000  0.003625353401  0.008121330820  0.000000000000  0.000000000000  0.002571780628  0.000000000000  0.000000000000  0.000000000000  0.000000000000  0.002571780628  0.000000000000  0.000000000000  0.000000000000  0.000000000000  0.002571780628  0.000000000000  
cardinalis_cardinalis_ku25393 0.005179773418  0.010402868649  0.005179773418  0.000000000000  0.005179773418  0.000000000000  0.000000000000  0.000000000000  0.005433054188  0.005179773418  0.005179773418  0.008324143616  0.010402868649  0.003412278127  0.007322907766  0.013676313745  0.000000000000  0.005179773418  0.007784164051  0.005179773418  0.006641956369  0.000000000000  0.005179773418  0.007784164051  0.006598131097  0.000000000000  0.000000000000  0.005179773418  0.005179773418  0.005179773418  
piranga_olivacea_ku2699 0.000000000000  0.000000000000  0.000000000000  0.000000000000  0.000000000000  0.000000000000  0.000000000000  0.000000000000  0.000000000000  0.000000000000  0.000000000000  0.000000000000  0.000000000000  0.000000000000  0.000000000000  0.000000000000  0.000000000000  0.000000000000  0.000000000000  0.000000000000  0.000000000000  0.000000000000  0.000000000000  0.000000000000  0.000000000000  0.000000000000  0.000000000000  0.000000000000  0.000000000000  0.000000000000  
cardinalis_cardinalis_ku21828 0.005179773418  0.010402868649  0.005179773418  0.000000000000  0.005179773418  0.000000000000  0.000000000000  0.000000000000  0.005433054188  0.005179773418  0.005179773418  0.008324143616  0.010402868649  0.003412278127  0.007322907766  0.013676313745  0.000000000000  0.005179773418  0.007784164051  0.005179773418  0.006641956369  0.000000000000  0.005179773418  0.007784164051  0.006598131097  0.000000000000  0.000000000000  0.005179773418  0.005179773418  0.005179773418  
piranga_rubra_ku7046 0.002711235105  0.005431409014  0.000000000000  0.000000000000  0.000000000000  0.005433054188  0.000000000000  0.005433054188  0.000000000000  0.000000000000  0.000000000000  0.000000000000  0.005431409014  0.000000000000  0.003908768560  0.008165541595  0.000000000000  0.000000000000  0.002711235105  0.000000000000  0.000000000000  0.000000000000  0.000000000000  0.000000000000  0.000000000000  0.000000000000  0.000000000000  0.000000000000  0.002711235105  0.000000000000  
piranga_bidentata_hgoslp104 0.002571780628  0.005151602245  0.000000000000  0.000000000000  0.000000000000  0.005179773418  0.000000000000  0.005179773418  0.000000000000  0.000000000000  0.000000000000  0.002748494302  0.005151602245  0.000000000000  0.003625353401  0.008121330820  0.000000000000  0.000000000000  0.002571780628  0.000000000000  0.000000000000  0.000000000000  0.000000000000  0.002571780628  0.000000000000  0.000000000000  0.000000000000  0.000000000000  0.002571780628  0.000000000000  
piranga_ludoviciana_sdsu2648 0.002571780628  0.005151602245  0.000000000000  0.000000000000  0.000000000000  0.005179773418  0.000000000000  0.005179773418  0.000000000000  0.000000000000  0.000000000000  0.002748494302  0.005151602245  0.000000000000  0.003625353401  0.008121330820  0.000000000000  0.000000000000  0.002571780628  0.000000000000  0.000000000000  0.000000000000  0.000000000000  0.002571780628  0.000000000000  0.000000000000  0.000000000000  0.000000000000  0.002571780628  0.000000000000  
piranga_roseogularis_ku2049 0.005514675701  0.008283375670  0.002748494302  0.000000000000  0.002748494302  0.008324143616  0.000000000000  0.008324143616  0.000000000000  0.002748494302  0.002748494302  0.000000000000  0.008283375670  0.000000000000  0.007281543029  0.008710873619  0.000000000000  0.002748494302  0.005514675701  0.002748494302  0.003291256500  0.000000000000  0.002748494302  0.000000000000  0.003269733334  0.000000000000  0.000000000000  0.002748494302  0.005514675701  0.002748494302  
piranga_hepatica_ku4970 0.007748499378  0.000000000000  0.005151602245  0.000000000000  0.005151602245  0.010402868649  0.000000000000  0.010402868649  0.005431409014  0.005151602245  0.005151602245  0.008283375670  0.000000000000  0.000000000000  0.010942178883  0.002694984597  0.000000000000  0.005151602245  0.007748499378  0.005151602245  0.006595698569  0.000000000000  0.005151602245  0.007748499378  0.006552479867  0.000000000000  0.000000000000  0.005151602245  0.007748499378  0.005151602245  
piranga_hepatica_ku9084 0.000000000000  0.000000000000  0.000000000000  0.000000000000  0.000000000000  0.003412278127  0.000000000000  0.003412278127  0.000000000000  0.000000000000  0.000000000000  0.000000000000  0.000000000000  0.000000000000  0.000000000000  0.003412278127  0.000000000000  0.000000000000  0.000000000000  0.000000000000  0.000000000000  0.000000000000  0.000000000000  0.000000000000  0.000000000000  0.000000000000  0.000000000000  0.000000000000  0.000000000000  0.000000000000  
piranga_rubra_sdsu2654 0.000000000000  0.010942178883  0.003625353401  0.000000000000  0.003625353401  0.007322907766  0.000000000000  0.007322907766  0.003908768560  0.003625353401  0.003625353401  0.007281543029  0.010942178883  0.000000000000  0.000000000000  0.015658902029  0.000000000000  0.003625353401  0.007281543029  0.003625353401  0.003625353401  0.000000000000  0.003625353401  0.007281543029  0.003790246206  0.000000000000  0.000000000000  0.003625353401  0.000000000000  0.003625353401  
piranga_flava_lsu15408 0.010856257280  0.002694984597  0.008121330820  0.003830549083  0.008121330820  0.013676313745  0.000000000000  0.013676313745  0.008165541595  0.008121330820  0.008121330820  0.008710873619  0.002694984597  0.003412278127  0.015658902029  0.000000000000  0.000000000000  0.008121330820  0.010856257280  0.008121330820  0.010548680178  0.003235623773  0.008121330820  0.008121330820  0.010053749401  0.004949056138  0.004564982615  0.008121330820  0.010856257280  0.008121330820  
piranga_lutea_lsu5400 0.000000000000  0.000000000000  0.000000000000  0.000000000000  0.000000000000  0.000000000000  0.000000000000  0.000000000000  0.000000000000  0.000000000000  0.000000000000  0.000000000000  0.000000000000  0.000000000000  0.000000000000  0.000000000000  0.000000000000  0.000000000000  0.000000000000  0.000000000000  0.000000000000  0.000000000000  0.000000000000  0.000000000000  0.000000000000  0.000000000000  0.000000000000  0.000000000000  0.000000000000  0.000000000000  
piranga_olivacea_ku4672 0.002571780628  0.005151602245  0.000000000000  0.000000000000  0.000000000000  0.005179773418  0.000000000000  0.005179773418  0.000000000000  0.000000000000  0.000000000000  0.002748494302  0.005151602245  0.000000000000  0.003625353401  0.008121330820  0.000000000000  0.000000000000  0.002571780628  0.000000000000  0.000000000000  0.000000000000  0.000000000000  0.002571780628  0.000000000000  0.000000000000  0.000000000000  0.000000000000  0.002571780628  0.000000000000  
piranga_ludoviciana_sdsu2208 0.005159040684  0.007748499378  0.002571780628  0.000000000000  0.002571780628  0.007784164051  0.000000000000  0.007784164051  0.002711235105  0.002571780628  0.002571780628  0.005514675701  0.007748499378  0.000000000000  0.007281543029  0.010856257280  0.000000000000  0.002571780628  0.000000000000  0.002571780628  0.003291256500  0.000000000000  0.002571780628  0.005159040684  0.003269733334  0.000000000000  0.000000000000  0.002571780628  0.005159040684  0.002571780628  
piranga_bidentata_itm160 0.002571780628  0.005151602245  0.000000000000  0.000000000000  0.000000000000  0.005179773418  0.000000000000  0.005179773418  0.000000000000  0.000000000000  0.000000000000  0.002748494302  0.005151602245  0.000000000000  0.003625353401  0.008121330820  0.000000000000  0.000000000000  0.002571780628  0.000000000000  0.000000000000  0.000000000000  0.000000000000  0.002571780628  0.000000000000  0.000000000000  0.000000000000  0.000000000000  0.002571780628  0.000000000000  
piranga_leucoptera_fmnh481795 0.003291256500  0.006595698569  0.000000000000  0.000000000000  0.000000000000  0.006641956369  0.000000000000  0.006641956369  0.000000000000  0.000000000000  0.000000000000  0.003291256500  0.006595698569  0.000000000000  0.003625353401  0.010548680178  0.000000000000  0.000000000000  0.003291256500  0.000000000000  0.000000000000  0.000000000000  0.000000000000  0.003291256500  0.000000000000  0.000000000000  0.000000000000  0.000000000000  0.003291256500  0.000000000000  
piranga_lutea_ku89864 0.000000000000  0.000000000000  0.000000000000  0.000000000000  0.000000000000  0.000000000000  0.000000000000  0.000000000000  0.000000000000  0.000000000000  0.000000000000  0.000000000000  0.000000000000  0.000000000000  0.000000000000  0.003235623773  0.000000000000  0.000000000000  0.000000000000  0.000000000000  0.000000000000  0.000000000000  0.000000000000  0.000000000000  0.000000000000  0.000000000000  0.000000000000  0.000000000000  0.000000000000  0.000000000000  
piranga_rubriceps_lsu34818 0.002571780628  0.005151602245  0.000000000000  0.000000000000  0.000000000000  0.005179773418  0.000000000000  0.005179773418  0.000000000000  0.000000000000  0.000000000000  0.002748494302  0.005151602245  0.000000000000  0.003625353401  0.008121330820  0.000000000000  0.000000000000  0.002571780628  0.000000000000  0.000000000000  0.000000000000  0.000000000000  0.002571780628  0.000000000000  0.000000000000  0.000000000000  0.000000000000  0.002571780628  0.000000000000  
piranga_roseogularis_ku2141 0.005159040684  0.007748499378  0.002571780628  0.000000000000  0.002571780628  0.007784164051  0.000000000000  0.007784164051  0.000000000000  0.002571780628  0.002571780628  0.000000000000  0.007748499378  0.000000000000  0.007281543029  0.008121330820  0.000000000000  0.002571780628  0.005159040684  0.002571780628  0.003291256500  0.000000000000  0.002571780628  0.000000000000  0.003269733334  0.000000000000  0.000000000000  0.002571780628  0.005159040684  0.002571780628  
piranga_erythrocephala_fmnh343371 0.003269733334  0.006552479867  0.000000000000  0.000000000000  0.000000000000  0.006598131097  0.000000000000  0.006598131097  0.000000000000  0.000000000000  0.000000000000  0.003269733334  0.006552479867  0.000000000000  0.003790246206  0.010053749401  0.000000000000  0.000000000000  0.003269733334  0.000000000000  0.000000000000  0.000000000000  0.000000000000  0.003269733334  0.000000000000  0.000000000000  0.000000000000  0.000000000000  0.003269733334  0.000000000000  
piranga_erythrocephala_fmnh343370 0.000000000000  0.000000000000  0.000000000000  0.000000000000  0.000000000000  0.000000000000  0.000000000000  0.000000000000  0.000000000000  0.000000000000  0.000000000000  0.000000000000  0.000000000000  0.000000000000  0.000000000000  0.004949056138  0.000000000000  0.000000000000  0.000000000000  0.000000000000  0.000000000000  0.000000000000  0.000000000000  0.000000000000  0.000000000000  0.000000000000  0.000000000000  0.000000000000  0.000000000000  0.000000000000  
piranga_ludoviciana_sdsu2650 0.000000000000  0.000000000000  0.000000000000  0.000000000000  0.000000000000  0.000000000000  0.000000000000  0.000000000000  0.000000000000  0.000000000000  0.000000000000  0.000000000000  0.000000000000  0.000000000000  0.000000000000  0.004564982615  0.000000000000  0.000000000000  0.000000000000  0.000000000000  0.000000000000  0.000000000000  0.000000000000  0.000000000000  0.000000000000  0.000000000000  0.000000000000  0.000000000000  0.000000000000  0.000000000000  
piranga_bidentata_tepe59 0.002571780628  0.005151602245  0.000000000000  0.000000000000  0.000000000000  0.005179773418  0.000000000000  0.005179773418  0.000000000000  0.000000000000  0.000000000000  0.002748494302  0.005151602245  0.000000000000  0.003625353401  0.008121330820  0.000000000000  0.000000000000  0.002571780628  0.000000000000  0.000000000000  0.000000000000  0.000000000000  0.002571780628  0.000000000000  0.000000000000  0.000000000000  0.000000000000  0.002571780628  0.000000000000  
piranga_rubra_sdsu2635 0.000000000000  0.007748499378  0.002571780628  0.000000000000  0.002571780628  0.005179773418  0.000000000000  0.005179773418  0.002711235105  0.002571780628  0.002571780628  0.005514675701  0.007748499378  0.000000000000  0.000000000000  0.010856257280  0.000000000000  0.002571780628  0.005159040684  0.002571780628  0.003291256500  0.000000000000  0.002571780628  0.005159040684  0.003269733334  0.000000000000  0.000000000000  0.002571780628  0.000000000000  0.002571780628  
piranga_bidentata_itm141 0.002571780628  0.005151602245  0.000000000000  0.000000000000  0.000000000000  0.005179773418  0.000000000000  0.005179773418  0.000000000000  0.000000000000  0.000000000000  0.002748494302  0.005151602245  0.000000000000  0.003625353401  0.008121330820  0.000000000000  0.000000000000  0.002571780628  0.000000000000  0.000000000000  0.000000000000  0.000000000000  0.002571780628  0.000000000000  0.000000000000  0.000000000000  0.000000000000  0.002571780628  0.000000000000  

