30
cardinalis_cardinalis_ku21828 0.000000000000  0.000000000000  0.004012476658  0.004012476658  0.006027351470  0.006027351470  0.011599937157  0.013637217576  0.011088234199  0.009058946882  0.007036990948  0.004012476658  0.004012476658  0.004012476658  0.004012476658  0.005019181515  0.005019181515  0.005019181515  0.005019181515  0.005019181515  0.005019181515  0.005019181515  0.005019181515  0.005019181515  0.005019181515  0.004012476658  0.004012476658  0.004012476658  0.004012476658  0.004012476658  
cardinalis_cardinalis_ku25393 0.000000000000  0.000000000000  0.004012476658  0.004012476658  0.006027351470  0.006027351470  0.011599937157  0.013637217576  0.011088234199  0.009058946882  0.007036990948  0.004012476658  0.004012476658  0.004012476658  0.004012476658  0.005019181515  0.005019181515  0.005019181515  0.005019181515  0.005019181515  0.005019181515  0.005019181515  0.005019181515  0.005019181515  0.005019181515  0.004012476658  0.004012476658  0.004012476658  0.004012476658  0.004012476658  
piranga_leucoptera_fmnh481795 0.004012476658  0.004012476658  0.000000000000  0.000000000000  0.002002890605  0.002002890605  0.007541562229  0.009566573350  0.007034633036  0.005017506174  0.003006510358  0.000000000000  0.000000000000  0.000000000000  0.000000000000  0.001000721931  0.001000721931  0.001000721931  0.001000721931  0.001000721931  0.001000721931  0.001000721931  0.001000721931  0.001000721931  0.001000721931  0.000000000000  0.000000000000  0.000000000000  0.000000000000  0.000000000000  
piranga_leucoptera_lsu7783 0.004012476658  0.004012476658  0.000000000000  0.000000000000  0.002002890605  0.002002890605  0.007541562229  0.009566573350  0.007034633036  0.005017506174  0.003006510358  0.000000000000  0.000000000000  0.000000000000  0.000000000000  0.001000721931  0.001000721931  0.001000721931  0.001000721931  0.001000721931  0.001000721931  0.001000721931  0.001000721931  0.001000721931  0.001000721931  0.000000000000  0.000000000000  0.000000000000  0.000000000000  0.000000000000  
piranga_roseogularis_ku2049 0.006027351470  0.006027351470  0.002002890605  0.002002890605  0.000000000000  0.000000000000  0.009566573350  0.011597523306  0.009057648571  0.007034633036  0.005018120544  0.002002890605  0.002002890605  0.002002890605  0.002002890605  0.003006510358  0.003006510358  0.003006510358  0.003006510358  0.003006510358  0.003006510358  0.003006510358  0.003006510358  0.003006510358  0.003006510358  0.002002890605  0.002002890605  0.002002890605  0.002002890605  0.002002890605  
piranga_roseogularis_ku2141 0.006027351470  0.006027351470  0.002002890605  0.002002890605  0.000000000000  0.000000000000  0.009566573350  0.011597523306  0.009057648571  0.007034633036  0.005018120544  0.002002890605  0.002002890605  0.002002890605  0.002002890605  0.003006510358  0.003006510358  0.003006510358  0.003006510358  0.003006510358  0.003006510358  0.003006510358  0.003006510358  0.003006510358  0.003006510358  0.002002890605  0.002002890605  0.002002890605  0.002002890605  0.002002890605  
piranga_olivacea_ku2699 0.011599937157  0.011599937157  0.007541562229  0.007541562229  0.009566573350  0.009566573350  0.000000000000  0.002504782360  0.014141185475  0.012613100393  0.010581303720  0.007541562229  0.007541562229  0.007541562229  0.007541562229  0.008553327684  0.008553327684  0.008553327684  0.008553327684  0.008553327684  0.008553327684  0.008553327684  0.008553327684  0.008553327684  0.008553327684  0.007541562229  0.007541562229  0.007541562229  0.007541562229  0.007541562229  
piranga_olivacea_ku4672 0.013637217576  0.013637217576  0.009566573350  0.009566573350  0.011597523306  0.011597523306  0.002504782360  0.000000000000  0.016185094730  0.014652671534  0.012615236642  0.009566573350  0.009566573350  0.009566573350  0.009566573350  0.010581303720  0.010581303720  0.010581303720  0.010581303720  0.010581303720  0.010581303720  0.010581303720  0.010581303720  0.010581303720  0.010581303720  0.009566573350  0.009566573350  0.009566573350  0.009566573350  0.009566573350  
piranga_erythrocephala_fmnh343371 0.011088234199  0.011088234199  0.007034633036  0.007034633036  0.009057648571  0.009057648571  0.014141185475  0.016185094730  0.000000000000  0.002002890605  0.010071375735  0.007034633036  0.007034633036  0.007034633036  0.007034633036  0.008045402496  0.008045402496  0.008045402496  0.008045402496  0.008045402496  0.008045402496  0.008045402496  0.008045402496  0.008045402496  0.008045402496  0.007034633036  0.007034633036  0.007034633036  0.007034633036  0.007034633036  
piranga_erythrocephala_fmnh343370 0.009058946882  0.009058946882  0.005017506174  0.005017506174  0.007034633036  0.007034633036  0.012613100393  0.014652671534  0.002002890605  0.000000000000  0.008045402496  0.005017506174  0.005017506174  0.005017506174  0.005017506174  0.006025335740  0.006025335740  0.006025335740  0.006025335740  0.006025335740  0.006025335740  0.006025335740  0.006025335740  0.006025335740  0.006025335740  0.005017506174  0.005017506174  0.005017506174  0.005017506174  0.005017506174  
piranga_bidentata_itm141 0.007036990948  0.007036990948  0.003006510358  0.003006510358  0.005018120544  0.005018120544  0.010581303720  0.012615236642  0.010071375735  0.008045402496  0.000000000000  0.003006510358  0.003006510358  0.003006510358  0.003006510358  0.004011585545  0.004011585545  0.004011585545  0.004011585545  0.004011585545  0.004011585545  0.004011585545  0.004011585545  0.004011585545  0.004011585545  0.003006510358  0.003006510358  0.003006510358  0.003006510358  0.003006510358  
piranga_rubra_sdsu2635 0.004012476658  0.004012476658  0.000000000000  0.000000000000  0.002002890605  0.002002890605  0.007541562229  0.009566573350  0.007034633036  0.005017506174  0.003006510358  0.000000000000  0.000000000000  0.000000000000  0.000000000000  0.001000721931  0.001000721931  0.001000721931  0.001000721931  0.001000721931  0.001000721931  0.001000721931  0.001000721931  0.001000721931  0.001000721931  0.000000000000  0.000000000000  0.000000000000  0.000000000000  0.000000000000  
piranga_bidentata_tepe59 0.004012476658  0.004012476658  0.000000000000  0.000000000000  0.002002890605  0.002002890605  0.007541562229  0.009566573350  0.007034633036  0.005017506174  0.003006510358  0.000000000000  0.000000000000  0.000000000000  0.000000000000  0.001000721931  0.001000721931  0.001000721931  0.001000721931  0.001000721931  0.001000721931  0.001000721931  0.001000721931  0.001000721931  0.001000721931  0.000000000000  0.000000000000  0.000000000000  0.000000000000  0.000000000000  
piranga_lutea_ku89864 0.004012476658  0.004012476658  0.000000000000  0.000000000000  0.002002890605  0.002002890605  0.007541562229  0.009566573350  0.007034633036  0.005017506174  0.003006510358  0.000000000000  0.000000000000  0.000000000000  0.000000000000  0.001000721931  0.001000721931  0.001000721931  0.001000721931  0.001000721931  0.001000721931  0.001000721931  0.001000721931  0.001000721931  0.001000721931  0.000000000000  0.000000000000  0.000000000000  0.000000000000  0.000000000000  
piranga_bidentata_itm160 0.004012476658  0.004012476658  0.000000000000  0.000000000000  0.002002890605  0.002002890605  0.007541562229  0.009566573350  0.007034633036  0.005017506174  0.003006510358  0.000000000000  0.000000000000  0.000000000000  0.000000000000  0.001000721931  0.001000721931  0.001000721931  0.001000721931  0.001000721931  0.001000721931  0.001000721931  0.001000721931  0.001000721931  0.001000721931  0.000000000000  0.000000000000  0.000000000000  0.000000000000  0.000000000000  
piranga_ludoviciana_sdsu2208 0.005019181515  0.005019181515  0.001000721931  0.001000721931  0.003006510358  0.003006510358  0.008553327684  0.010581303720  0.008045402496  0.006025335740  0.004011585545  0.001000721931  0.001000721931  0.001000721931  0.001000721931  0.000000000000  0.000000000000  0.000000000000  0.000000000000  0.000000000000  0.000000000000  0.000000000000  0.000000000000  0.000000000000  0.000000000000  0.001000721931  0.001000721931  0.001000721931  0.001000721931  0.001000721931  
piranga_ludoviciana_sdsu2650 0.005019181515  0.005019181515  0.001000721931  0.001000721931  0.003006510358  0.003006510358  0.008553327684  0.010581303720  0.008045402496  0.006025335740  0.004011585545  0.001000721931  0.001000721931  0.001000721931  0.001000721931  0.000000000000  0.000000000000  0.000000000000  0.000000000000  0.000000000000  0.000000000000  0.000000000000  0.000000000000  0.000000000000  0.000000000000  0.001000721931  0.001000721931  0.001000721931  0.001000721931  0.001000721931  
piranga_ludoviciana_sdsu2648 0.005019181515  0.005019181515  0.001000721931  0.001000721931  0.003006510358  0.003006510358  0.008553327684  0.010581303720  0.008045402496  0.006025335740  0.004011585545  0.001000721931  0.001000721931  0.001000721931  0.001000721931  0.000000000000  0.000000000000  0.000000000000  0.000000000000  0.000000000000  0.000000000000  0.000000000000  0.000000000000  0.000000000000  0.000000000000  0.001000721931  0.001000721931  0.001000721931  0.001000721931  0.001000721931  
piranga_hepatica_ku9084 0.005019181515  0.005019181515  0.001000721931  0.001000721931  0.003006510358  0.003006510358  0.008553327684  0.010581303720  0.008045402496  0.006025335740  0.004011585545  0.001000721931  0.001000721931  0.001000721931  0.001000721931  0.000000000000  0.000000000000  0.000000000000  0.000000000000  0.000000000000  0.000000000000  0.000000000000  0.000000000000  0.000000000000  0.000000000000  0.001000721931  0.001000721931  0.001000721931  0.001000721931  0.001000721931  
piranga_flava_lsu15408 0.005019181515  0.005019181515  0.001000721931  0.001000721931  0.003006510358  0.003006510358  0.008553327684  0.010581303720  0.008045402496  0.006025335740  0.004011585545  0.001000721931  0.001000721931  0.001000721931  0.001000721931  0.000000000000  0.000000000000  0.000000000000  0.000000000000  0.000000000000  0.000000000000  0.000000000000  0.000000000000  0.000000000000  0.000000000000  0.001000721931  0.001000721931  0.001000721931  0.001000721931  0.001000721931  
piranga_hepatica_ku4970 0.005019181515  0.005019181515  0.001000721931  0.001000721931  0.003006510358  0.003006510358  0.008553327684  0.010581303720  0.008045402496  0.006025335740  0.004011585545  0.001000721931  0.001000721931  0.001000721931  0.001000721931  0.000000000000  0.000000000000  0.000000000000  0.000000000000  0.000000000000  0.000000000000  0.000000000000  0.000000000000  0.000000000000  0.000000000000  0.001000721931  0.001000721931  0.001000721931  0.001000721931  0.001000721931  
piranga_rubriceps_lsu265 0.005019181515  0.005019181515  0.001000721931  0.001000721931  0.003006510358  0.003006510358  0.008553327684  0.010581303720  0.008045402496  0.006025335740  0.004011585545  0.001000721931  0.001000721931  0.001000721931  0.001000721931  0.000000000000  0.000000000000  0.000000000000  0.000000000000  0.000000000000  0.000000000000  0.000000000000  0.000000000000  0.000000000000  0.000000000000  0.001000721931  0.001000721931  0.001000721931  0.001000721931  0.001000721931  
piranga_rubriceps_lsu34818 0.005019181515  0.005019181515  0.001000721931  0.001000721931  0.003006510358  0.003006510358  0.008553327684  0.010581303720  0.008045402496  0.006025335740  0.004011585545  0.001000721931  0.001000721931  0.001000721931  0.001000721931  0.000000000000  0.000000000000  0.000000000000  0.000000000000  0.000000000000  0.000000000000  0.000000000000  0.000000000000  0.000000000000  0.000000000000  0.001000721931  0.001000721931  0.001000721931  0.001000721931  0.001000721931  
piranga_rubra_ku7046 0.005019181515  0.005019181515  0.001000721931  0.001000721931  0.003006510358  0.003006510358  0.008553327684  0.010581303720  0.008045402496  0.006025335740  0.004011585545  0.001000721931  0.001000721931  0.001000721931  0.001000721931  0.000000000000  0.000000000000  0.000000000000  0.000000000000  0.000000000000  0.000000000000  0.000000000000  0.000000000000  0.000000000000  0.000000000000  0.001000721931  0.001000721931  0.001000721931  0.001000721931  0.001000721931  
piranga_lutea_lsu5400 0.005019181515  0.005019181515  0.001000721931  0.001000721931  0.003006510358  0.003006510358  0.008553327684  0.010581303720  0.008045402496  0.006025335740  0.004011585545  0.001000721931  0.001000721931  0.001000721931  0.001000721931  0.000000000000  0.000000000000  0.000000000000  0.000000000000  0.000000000000  0.000000000000  0.000000000000  0.000000000000  0.000000000000  0.000000000000  0.001000721931  0.001000721931  0.001000721931  0.001000721931  0.001000721931  
piranga_rubra_sdsu2654 0.004012476658  0.004012476658  0.000000000000  0.000000000000  0.002002890605  0.002002890605  0.007541562229  0.009566573350  0.007034633036  0.005017506174  0.003006510358  0.000000000000  0.000000000000  0.000000000000  0.000000000000  0.001000721931  0.001000721931  0.001000721931  0.001000721931  0.001000721931  0.001000721931  0.001000721931  0.001000721931  0.001000721931  0.001000721931  0.000000000000  0.000000000000  0.000000000000  0.000000000000  0.000000000000  
piranga_flava_ku90809 0.004012476658  0.004012476658  0.000000000000  0.000000000000  0.002002890605  0.002002890605  0.007541562229  0.009566573350  0.007034633036  0.005017506174  0.003006510358  0.000000000000  0.000000000000  0.000000000000  0.000000000000  0.001000721931  0.001000721931  0.001000721931  0.001000721931  0.001000721931  0.001000721931  0.001000721931  0.001000721931  0.001000721931  0.001000721931  0.000000000000  0.000000000000  0.000000000000  0.000000000000  0.000000000000  
piranga_ludoviciana_sdsu2385 0.004012476658  0.004012476658  0.000000000000  0.000000000000  0.002002890605  0.002002890605  0.007541562229  0.009566573350  0.007034633036  0.005017506174  0.003006510358  0.000000000000  0.000000000000  0.000000000000  0.000000000000  0.001000721931  0.001000721931  0.001000721931  0.001000721931  0.001000721931  0.001000721931  0.001000721931  0.001000721931  0.001000721931  0.001000721931  0.000000000000  0.000000000000  0.000000000000  0.000000000000  0.000000000000  
piranga_bidentata_hgoslp104 0.004012476658  0.004012476658  0.000000000000  0.000000000000  0.002002890605  0.002002890605  0.007541562229  0.009566573350  0.007034633036  0.005017506174  0.003006510358  0.000000000000  0.000000000000  0.000000000000  0.000000000000  0.001000721931  0.001000721931  0.001000721931  0.001000721931  0.001000721931  0.001000721931  0.001000721931  0.001000721931  0.001000721931  0.001000721931  0.000000000000  0.000000000000  0.000000000000  0.000000000000  0.000000000000  
piranga_rubra_ku26592 0.004012476658  0.004012476658  0.000000000000  0.000000000000  0.002002890605  0.002002890605  0.007541562229  0.009566573350  0.007034633036  0.005017506174  0.003006510358  0.000000000000  0.000000000000  0.000000000000  0.000000000000  0.001000721931  0.001000721931  0.001000721931  0.001000721931  0.001000721931  0.001000721931  0.001000721931  0.001000721931  0.001000721931  0.001000721931  0.000000000000  0.000000000000  0.000000000000  0.000000000000  0.000000000000  

