30
cardinalis_cardinalis_ku21828 0.000000000000  0.003508333563  0.025988360446  0.025988360446  0.031203199549  0.028597307487  0.023391061847  0.022876697096  0.024420998542  0.024425615333  0.021832292353  0.024425615333  0.030664715440  0.029615633419  0.032762989290  0.029108631196  0.032769782451  0.031709904666  0.033297494695  0.035936175314  0.036458599152  0.034868544725  0.025456897592  0.029626918054  0.028055795430  0.024941054542  0.023910579264  0.023382573672  0.023910579264  0.023910579264  
cardinalis_cardinalis_ku25393 0.003508333563  0.000000000000  0.026504611463  0.026504611463  0.031722719997  0.029115055010  0.023905828763  0.023391061847  0.024936571882  0.024941054542  0.022346390216  0.024941054542  0.031184227388  0.030134596599  0.033283739563  0.029626918054  0.033290399171  0.032230101975  0.033818389127  0.036458599152  0.036981436130  0.035390541266  0.025973145183  0.030145612566  0.028573669405  0.025456897592  0.024425615333  0.023897609339  0.024425615333  0.024425615333  
piranga_erythrocephala_fmnh343371 0.025988360446  0.026504611463  0.000000000000  0.000000000000  0.016203579776  0.013650771624  0.014154472806  0.013646331424  0.022379454371  0.022385875900  0.019793531384  0.022385875900  0.027563029206  0.026516633349  0.029654672113  0.027061683300  0.030189041410  0.029129195854  0.030715972055  0.033349200130  0.033869310682  0.032281621574  0.023413151179  0.028611710925  0.026007431269  0.022899313628  0.021872837308  0.021860157471  0.021872837308  0.021872837308  
piranga_erythrocephala_fmnh343370 0.025988360446  0.026504611463  0.000000000000  0.000000000000  0.016203579776  0.013650771624  0.014154472806  0.013646331424  0.022379454371  0.022385875900  0.019793531384  0.022385875900  0.027563029206  0.026516633349  0.029654672113  0.027061683300  0.030189041410  0.029129195854  0.030715972055  0.033349200130  0.033869310682  0.032281621574  0.023413151179  0.028611710925  0.026007431269  0.022899313628  0.021872837308  0.021860157471  0.021872837308  0.021872837308  
piranga_leucoptera_fmnh481795 0.031203199549  0.031722719997  0.016203579776  0.016203579776  0.000000000000  0.008553302995  0.019281831742  0.018770529169  0.027570277959  0.027053876217  0.024963262453  0.027577955346  0.033850596990  0.032792771413  0.035963338849  0.031762348075  0.034910758696  0.033841892002  0.035441718826  0.038094202399  0.038617365607  0.037017481910  0.028087083709  0.033850596990  0.031226071902  0.028094630989  0.027061683300  0.027046497045  0.027061683300  0.027061683300  
piranga_leucoptera_lsu7783 0.028597307487  0.029115055010  0.013650771624  0.013650771624  0.008553302995  0.000000000000  0.016718204679  0.016208618604  0.024976927337  0.024984398668  0.022379454371  0.024984398668  0.031234560910  0.030180724199  0.033339497322  0.029153634357  0.032290716146  0.031226071902  0.032819666402  0.035462268210  0.035983631005  0.034389829968  0.025491978279  0.031234560910  0.028619557385  0.025499320111  0.024469878173  0.024455102412  0.024469878173  0.024469878173  
piranga_rubriceps_lsu265 0.023391061847  0.023905828763  0.014154472806  0.014154472806  0.019281831742  0.016718204679  0.000000000000  0.000500191059  0.018244817676  0.018249332537  0.015677758493  0.018249332537  0.024436130704  0.023395945640  0.026516633349  0.022893022416  0.026523287000  0.025472513413  0.027046497045  0.029662688517  0.030180724199  0.028604294164  0.018240723565  0.024436130704  0.021849171314  0.018760500628  0.017738560969  0.017729688086  0.017738560969  0.017738560969  
piranga_rubriceps_lsu34818 0.022876697096  0.023391061847  0.013646331424  0.013646331424  0.018770529169  0.016208618604  0.000500191059  0.000000000000  0.017733914505  0.017738560969  0.015168304509  0.017738560969  0.023921359891  0.022881713765  0.026000646580  0.022379454371  0.026007431269  0.024957069665  0.026530368606  0.029145058404  0.029662688517  0.028087083709  0.017729688086  0.023921359891  0.021336008900  0.018249332537  0.017228185242  0.017219049267  0.017228185242  0.017228185242  
piranga_roseogularis_ku2049 0.024420998542  0.024936571882  0.022379454371  0.022379454371  0.027570277959  0.024976927337  0.018244817676  0.017733914505  0.000000000000  0.006029747346  0.005524519068  0.008055994537  0.014154472806  0.013130686661  0.016203579776  0.012631224189  0.017238997061  0.016203579776  0.016723531384  0.019299637157  0.019810946791  0.018259622983  0.009065654416  0.014154472806  0.011605284279  0.008560630564  0.007551745675  0.007545925037  0.007551745675  0.007551745675  
piranga_roseogularis_ku2141 0.024425615333  0.024941054542  0.022385875900  0.022385875900  0.027053876217  0.024984398668  0.018249332537  0.017738560969  0.006029747346  0.000000000000  0.005526521019  0.008059389647  0.014158782551  0.013134426749  0.016208618604  0.012635924096  0.016214074993  0.016208618604  0.016729275973  0.019306412565  0.019817593605  0.018265397807  0.009068788770  0.014158782551  0.011609002696  0.008563895496  0.007555270565  0.007548630375  0.007555270565  0.007555270565  
piranga_olivacea_ku4672 0.021832292353  0.022346390216  0.019793531384  0.019793531384  0.024963262453  0.022379454371  0.015677758493  0.015168304509  0.005524519068  0.005526521019  0.000000000000  0.005526521019  0.011601979811  0.010583059535  0.013642306811  0.010083024866  0.014671781298  0.013642306811  0.014158782551  0.016723531384  0.017233381860  0.015689505968  0.006533359804  0.011601979811  0.009062931700  0.006029747346  0.005023680168  0.005019821954  0.005023680168  0.005023680168  
piranga_olivacea_ku2699 0.024425615333  0.024941054542  0.022385875900  0.022385875900  0.027577955346  0.024984398668  0.018249332537  0.017738560969  0.008055994537  0.008059389647  0.005526521019  0.000000000000  0.012112252101  0.011092249339  0.014154472806  0.010592519773  0.015185328836  0.014154472806  0.014671781298  0.017238997061  0.017749112506  0.016203579776  0.007039375448  0.012112252101  0.009571066752  0.006535507907  0.005528931335  0.005524519068  0.005528931335  0.005528931335  
piranga_flava_ku90809 0.030664715440  0.031184227388  0.027563029206  0.027563029206  0.033850596990  0.031234560910  0.024436130704  0.023921359891  0.014154472806  0.014158782551  0.011601979811  0.012112252101  0.000000000000  0.001001042999  0.004014770356  0.012626938486  0.017233381860  0.016198958886  0.015689505968  0.018259622983  0.018770529169  0.017223407584  0.009062931700  0.013134426749  0.011601979811  0.007543630036  0.011605284279  0.011599089671  0.011605284279  0.011605284279  
piranga_flava_lsu15408 0.029615633419  0.030134596599  0.026516633349  0.026516633349  0.032792771413  0.030180724199  0.023395945640  0.022881713765  0.013130686661  0.013134426749  0.010583059535  0.011092249339  0.001001042999  0.000000000000  0.003007976485  0.011605284279  0.016203579776  0.015171934454  0.014663006925  0.017228185242  0.017738560969  0.016194756314  0.008048272331  0.012112252101  0.010583059535  0.006531621426  0.010585799749  0.010580733024  0.010585799749  0.010585799749  
piranga_hepatica_ku9084 0.032762989290  0.033283739563  0.029654672113  0.029654672113  0.035963338849  0.033339497322  0.026516633349  0.026000646580  0.016203579776  0.016208618604  0.013642306811  0.014154472806  0.004014770356  0.003007976485  0.000000000000  0.014671781298  0.019293281633  0.018254267767  0.017743627095  0.020322652958  0.020834756339  0.019281831742  0.011095271381  0.015180446996  0.013642306811  0.009571066752  0.013646331424  0.013638698164  0.013646331424  0.013646331424  
piranga_ludoviciana_sdsu2650 0.029108631196  0.029626918054  0.027061683300  0.027061683300  0.031762348075  0.029153634357  0.022893022416  0.022379454371  0.012631224189  0.012635924096  0.010083024866  0.010592519773  0.012626938486  0.011605284279  0.014671781298  0.000000000000  0.004515654889  0.003508416057  0.004012016761  0.006533359804  0.007037359052  0.005521741759  0.005528931335  0.012626938486  0.010083024866  0.007044637956  0.010086721758  0.010079740234  0.010086721758  0.010086721758  
piranga_ludoviciana_sdsu2208 0.032769782451  0.033290399171  0.030189041410  0.030189041410  0.034910758696  0.032290716146  0.026523287000  0.026007431269  0.017238997061  0.016214074993  0.014671781298  0.015185328836  0.017233381860  0.016203579776  0.019293281633  0.004515654889  0.000000000000  0.003006322882  0.005526521019  0.008055994537  0.008560630564  0.007039375448  0.010086721758  0.017233381860  0.014671781298  0.011613134686  0.014676793009  0.014667185811  0.014676793009  0.014676793009  
piranga_bidentata_tepe59 0.031709904666  0.032230101975  0.029129195854  0.029129195854  0.033841892002  0.031226071902  0.025472513413  0.024957069665  0.016203579776  0.016208618604  0.013642306811  0.014154472806  0.016198958886  0.015171934454  0.018254267767  0.003508416057  0.003006322882  0.000000000000  0.004515654889  0.007039375448  0.007543630036  0.006026416034  0.009065654416  0.016198958886  0.013642306811  0.010588953287  0.013646331424  0.013638698164  0.013646331424  0.013646331424  
piranga_ludoviciana_sdsu2385 0.033297494695  0.033818389127  0.030715972055  0.030715972055  0.035441718826  0.032819666402  0.027046497045  0.026530368606  0.016723531384  0.016729275973  0.014158782551  0.014671781298  0.015689505968  0.014663006925  0.017743627095  0.004012016761  0.005526521019  0.004515654889  0.000000000000  0.002505370257  0.003006946256  0.001501524615  0.009577485454  0.016718204679  0.014158782551  0.010083024866  0.014163508201  0.014154472806  0.014163508201  0.014163508201  
piranga_bidentata_hgoslp104 0.035936175314  0.036458599152  0.033349200130  0.033349200130  0.038094202399  0.035462268210  0.029662688517  0.029145058404  0.019299637157  0.019306412565  0.016723531384  0.017238997061  0.018259622983  0.017228185242  0.020322652958  0.006533359804  0.008055994537  0.007039375448  0.002505370257  0.000000000000  0.004515654889  0.003006322882  0.012124257000  0.019293281633  0.016723531384  0.012631224189  0.016729275973  0.016718204679  0.016729275973  0.016729275973  
piranga_bidentata_itm160 0.036458599152  0.036981436130  0.033869310682  0.033869310682  0.038617365607  0.035983631005  0.030180724199  0.029662688517  0.019810946791  0.019817593605  0.017233381860  0.017749112506  0.018770529169  0.017738560969  0.020834756339  0.007037359052  0.008560630564  0.007543630036  0.003006946256  0.004515654889  0.000000000000  0.001502348382  0.012631224189  0.019804720564  0.017233381860  0.013138582108  0.017238997061  0.017228185242  0.017238997061  0.017238997061  
piranga_bidentata_itm141 0.034868544725  0.035390541266  0.032281621574  0.032281621574  0.037017481910  0.034389829968  0.028604294164  0.028087083709  0.018259622983  0.018265397807  0.015689505968  0.016203579776  0.017223407584  0.016194756314  0.019281831742  0.005521741759  0.007039375448  0.006026416034  0.001501524615  0.003006322882  0.001502348382  0.000000000000  0.011098707058  0.018254267767  0.015689505968  0.011605284279  0.015694257534  0.015685172018  0.015694257534  0.015694257534  
piranga_ludoviciana_sdsu2648 0.025456897592  0.025973145183  0.023413151179  0.023413151179  0.028087083709  0.025491978279  0.018240723565  0.017729688086  0.009065654416  0.009068788770  0.006533359804  0.007039375448  0.009062931700  0.008048272331  0.011095271381  0.005528931335  0.010086721758  0.009065654416  0.009577485454  0.012124257000  0.012631224189  0.011098707058  0.000000000000  0.009062931700  0.006533359804  0.003511109483  0.006535507907  0.006531621426  0.006535507907  0.006535507907  
piranga_lutea_ku89864 0.029626918054  0.030145612566  0.028611710925  0.028611710925  0.033850596990  0.031234560910  0.024436130704  0.023921359891  0.014154472806  0.014158782551  0.011601979811  0.012112252101  0.013134426749  0.012112252101  0.015180446996  0.012626938486  0.017233381860  0.016198958886  0.016718204679  0.019293281633  0.019804720564  0.018254267767  0.009062931700  0.000000000000  0.010583059535  0.007543630036  0.011605284279  0.011599089671  0.011605284279  0.011605284279  
piranga_hepatica_ku4970 0.028055795430  0.028573669405  0.026007431269  0.026007431269  0.031226071902  0.028619557385  0.021849171314  0.021336008900  0.011605284279  0.011609002696  0.009062931700  0.009571066752  0.011601979811  0.010583059535  0.013642306811  0.010083024866  0.014671781298  0.013642306811  0.014158782551  0.016723531384  0.017233381860  0.015689505968  0.006533359804  0.010583059535  0.000000000000  0.005019821954  0.009065654416  0.009060620999  0.009065654416  0.009065654416  
piranga_lutea_lsu5400 0.024941054542  0.025456897592  0.022899313628  0.022899313628  0.028094630989  0.025499320111  0.018760500628  0.018249332537  0.008560630564  0.008563895496  0.006029747346  0.006535507907  0.007543630036  0.006531621426  0.009571066752  0.007044637956  0.011613134686  0.010588953287  0.010083024866  0.012631224189  0.013138582108  0.011605284279  0.003511109483  0.007543630036  0.005019821954  0.000000000000  0.006032026755  0.006027876980  0.006032026755  0.006032026755  
piranga_rubra_sdsu2635 0.023910579264  0.024425615333  0.021872837308  0.021872837308  0.027061683300  0.024469878173  0.017738560969  0.017228185242  0.007551745675  0.007555270565  0.005023680168  0.005528931335  0.011605284279  0.010585799749  0.013646331424  0.010086721758  0.014676793009  0.013646331424  0.014163508201  0.016729275973  0.017238997061  0.015694257534  0.006535507907  0.011605284279  0.009065654416  0.006032026755  0.000000000000  0.003006946256  0.003009413193  0.003009413193  
piranga_rubra_ku7046 0.023382573672  0.023897609339  0.021860157471  0.021860157471  0.027046497045  0.024455102412  0.017729688086  0.017219049267  0.007545925037  0.007548630375  0.005019821954  0.005524519068  0.011599089671  0.010580733024  0.013638698164  0.010079740234  0.014667185811  0.013638698164  0.014154472806  0.016718204679  0.017228185242  0.015685172018  0.006531621426  0.011599089671  0.009060620999  0.006027876980  0.003006946256  0.000000000000  0.003006946256  0.003006946256  
piranga_rubra_sdsu2654 0.023910579264  0.024425615333  0.021872837308  0.021872837308  0.027061683300  0.024469878173  0.017738560969  0.017228185242  0.007551745675  0.007555270565  0.005023680168  0.005528931335  0.011605284279  0.010585799749  0.013646331424  0.010086721758  0.014676793009  0.013646331424  0.014163508201  0.016729275973  0.017238997061  0.015694257534  0.006535507907  0.011605284279  0.009065654416  0.006032026755  0.003009413193  0.003006946256  0.000000000000  0.000000000000  
piranga_rubra_ku26592 0.023910579264  0.024425615333  0.021872837308  0.021872837308  0.027061683300  0.024469878173  0.017738560969  0.017228185242  0.007551745675  0.007555270565  0.005023680168  0.005528931335  0.011605284279  0.010585799749  0.013646331424  0.010086721758  0.014676793009  0.013646331424  0.014163508201  0.016729275973  0.017238997061  0.015694257534  0.006535507907  0.011605284279  0.009065654416  0.006032026755  0.003009413193  0.003006946256  0.000000000000  0.000000000000  

