30
piranga_rubra_ku26592 0.000000000000  0.004185465793  0.002090353982  0.005240145194  0.007353122701  0.011605770130  0.002350796321  0.006634387173  0.004190464827  0.005452311103  0.001131364714  0.007870152866  0.007348555964  0.000000000000  0.002090353982  0.003418683665  0.001165359664  0.002656835369  0.002385728188  0.003139184107  0.009469547805  0.004185465793  0.005240145194  0.004187365902  0.007348555964  0.003881100797  0.000000000000  0.004185465793  0.001052755358  0.002089168605  
piranga_flava_ku90809 0.004185465793  0.000000000000  0.006230855668  0.007279774384  0.009449661826  0.013610185347  0.004669435268  0.009198787347  0.009375731572  0.008108691381  0.003372564619  0.011697243678  0.009385509177  0.001542962140  0.006276481946  0.000000000000  0.000000000000  0.009235196460  0.004746717464  0.007276707164  0.011569149673  0.000000000000  0.007279774384  0.008331060402  0.009444605776  0.003881100797  0.000000000000  0.007274834136  0.005269434526  0.004150948575  
piranga_ludoviciana_sdsu2385 0.002090353982  0.006230855668  0.000000000000  0.005191180136  0.007337706648  0.013617638162  0.002331612268  0.009203699009  0.005195166908  0.005393496625  0.001122475208  0.007778325985  0.007287353131  0.001543476411  0.004181703124  0.005664756327  0.003474981642  0.003943936487  0.002368774408  0.001034245620  0.009449661826  0.006230855668  0.005191180136  0.004152588874  0.007333159079  0.003881100797  0.000000000000  0.005187675088  0.001050543427  0.002071854770  
piranga_rubriceps_lsu265 0.005240145194  0.007279774384  0.005191180136  0.000000000000  0.002085993509  0.012563773398  0.004671512133  0.009210872218  0.008334456314  0.008108691381  0.004503216265  0.011704751292  0.010439815322  0.003089670991  0.007337706648  0.005667833783  0.004642809522  0.006586143958  0.004747016299  0.006236500871  0.004178617150  0.007279774384  0.000000000000  0.007287353131  0.002084813074  0.001937594359  0.002041283341  0.008321216932  0.004213833358  0.005193989413  
piranga_leucoptera_lsu7783 0.007353122701  0.009449661826  0.007337706648  0.002085993509  0.000000000000  0.014800521962  0.004710017510  0.011987982205  0.010519133568  0.010929628831  0.004538986586  0.011843381153  0.012635195426  0.003118577194  0.009456156493  0.006864387543  0.004680841308  0.009333692667  0.004781060149  0.008395684781  0.002084813074  0.009449661826  0.002085993509  0.009449661826  0.004178617150  0.001937594359  0.002041283341  0.010497894785  0.005273304992  0.007333159079  
cardinalis_cardinalis_ku25393 0.011605770130  0.013610185347  0.013617638162  0.012563773398  0.014800521962  0.000000000000  0.010576766322  0.009198787347  0.014681919719  0.017721464272  0.010193416864  0.019636298094  0.018960973379  0.007753554054  0.013718234839  0.011391231214  0.008153127644  0.013247451963  0.009532212672  0.014681919719  0.016942741386  0.013610185347  0.012563773398  0.015755835284  0.014790504779  0.005833038641  0.002041283341  0.016785078625  0.012756083931  0.013624450151  
piranga_olivacea_ku2699 0.002350796321  0.004669435268  0.002331612268  0.004671512133  0.004710017510  0.010576766322  0.000000000000  0.007372803170  0.004675370092  0.004557103495  0.001164295812  0.006008273009  0.004680841308  0.001543476411  0.004713939412  0.004786781655  0.003574348389  0.002950831582  0.002417448800  0.003501965082  0.005891709152  0.004669435268  0.004671512133  0.003503388240  0.005891709152  0.005833038641  0.002041283341  0.002330137366  0.001173862883  0.001165652978  
cardinalis_cardinalis_ku21828 0.006634387173  0.009198787347  0.009203699009  0.009210872218  0.011987982205  0.009198787347  0.007372803170  0.000000000000  0.010533366841  0.012223564353  0.005820279689  0.013710617258  0.015889642776  0.005030919606  0.007951027929  0.008268804371  0.003017615388  0.007919543054  0.005753307194  0.010533366841  0.014682027755  0.009198787347  0.009210872218  0.010540792110  0.011977532512  0.005960522544  0.002041283341  0.013180116191  0.008036224632  0.009210891778  
piranga_rubra_ku7046 0.004190464827  0.009375731572  0.005195166908  0.008334456314  0.010519133568  0.014681919719  0.004675370092  0.010533366841  0.000000000000  0.009477862808  0.003375861543  0.011717251881  0.010445774337  0.003092265826  0.007343684511  0.007949426224  0.005806047856  0.002625446078  0.004749162936  0.006241437533  0.012643201351  0.009375731572  0.008334456314  0.007291843916  0.010511658448  0.007793481365  0.004091869821  0.008322393456  0.004216971626  0.005196575462  
piranga_bidentata_hgoslp104 0.005452311103  0.008108691381  0.005393496625  0.008108691381  0.010929628831  0.017721464272  0.004557103495  0.012223564353  0.009477862808  0.000000000000  0.002997071138  0.009734355782  0.009477862808  0.001733438660  0.006805972527  0.008523379305  0.006253585585  0.006750836592  0.002957187987  0.006750836592  0.013693415312  0.008108691381  0.008108691381  0.006748852232  0.010925130612  0.004146645428  0.000000000000  0.006749269036  0.004117879713  0.002690637321  
piranga_ludoviciana_sdsu2648 0.001131364714  0.003372564619  0.001122475208  0.004503216265  0.004538986586  0.010193416864  0.001164295812  0.005820279689  0.003375861543  0.002997071138  0.000000000000  0.005913525092  0.003379664654  0.000000000000  0.003402664493  0.003552268953  0.002313961798  0.001455841129  0.001196023219  0.002247757696  0.005677621382  0.003372564619  0.004503216265  0.003377184174  0.005677621382  0.003881100797  0.000000000000  0.001122203222  0.000000000000  0.000000000000  
piranga_roseogularis_ku2049 0.007870152866  0.011697243678  0.007778325985  0.011704751292  0.011843381153  0.019636298094  0.006008273009  0.013710617258  0.011717251881  0.009734355782  0.005913525092  0.000000000000  0.011717251881  0.002392987108  0.009858752926  0.011697243678  0.008322393456  0.007778325985  0.005821719083  0.009743478593  0.013835060489  0.011697243678  0.011704751292  0.001934655317  0.013835060489  0.006185887962  0.000000000000  0.007772551537  0.005890303202  0.005821719083  
piranga_hepatica_ku4970 0.007348555964  0.009385509177  0.007287353131  0.010439815322  0.012635195426  0.018960973379  0.004680841308  0.015889642776  0.010445774337  0.009477862808  0.003379664654  0.011717251881  0.000000000000  0.003092265826  0.009449661826  0.007958464304  0.005812797816  0.010589138651  0.004749162936  0.008337698668  0.013696225091  0.009385509177  0.010439815322  0.009385509177  0.012628638345  0.005833038641  0.002041283341  0.008331060402  0.006331635521  0.005196575462  
piranga_hepatica_ku9084 0.000000000000  0.001542962140  0.001543476411  0.003089670991  0.003118577194  0.007753554054  0.001543476411  0.005030919606  0.003092265826  0.001733438660  0.000000000000  0.002392987108  0.003092265826  0.000000000000  0.001557903953  0.001542962140  0.001542962140  0.001680988567  0.000000000000  0.001543476411  0.004683622233  0.001542962140  0.003089670991  0.000000000000  0.004683622233  0.003881100797  0.000000000000  0.000000000000  0.000000000000  0.000000000000  
piranga_rubra_sdsu2654 0.002090353982  0.006276481946  0.004181703124  0.007337706648  0.009456156493  0.013718234839  0.004713939412  0.007951027929  0.007343684511  0.006805972527  0.003402664493  0.009858752926  0.009449661826  0.001557903953  0.000000000000  0.005710041134  0.003503388240  0.005315288347  0.004783237768  0.005233229837  0.011576167650  0.006276481946  0.007337706648  0.006282210397  0.009449661826  0.005833038641  0.002041283341  0.007328373854  0.003159017664  0.004178617150  
piranga_flava_lsu15408 0.003418683665  0.000000000000  0.005664756327  0.005667833783  0.006864387543  0.011391231214  0.004786781655  0.008268804371  0.007949426224  0.008523379305  0.003552268953  0.011697243678  0.007958464304  0.001542962140  0.005710041134  0.000000000000  0.000000000000  0.006909429776  0.004746717464  0.006805641156  0.008013127343  0.000000000000  0.005667833783  0.007954796147  0.008013127343  0.003881100797  0.000000000000  0.005663360999  0.004562903778  0.004531885779  
piranga_lutea_lsu5400 0.001165359664  0.000000000000  0.003474981642  0.004642809522  0.004680841308  0.008153127644  0.003574348389  0.003017615388  0.005806047856  0.006253585585  0.002313961798  0.008322393456  0.005812797816  0.001542962140  0.003503388240  0.000000000000  0.000000000000  0.004550191552  0.003710434979  0.004639005134  0.005853629485  0.000000000000  0.004642809522  0.004642338745  0.005853629485  0.003881100797  0.000000000000  0.003474109256  0.002332855306  0.002316642112  
piranga_olivacea_ku4672 0.002656835369  0.009235196460  0.003943936487  0.006586143958  0.009333692667  0.013247451963  0.002950831582  0.007919543054  0.002625446078  0.006750836592  0.001455841129  0.007778325985  0.010589138651  0.001680988567  0.005315288347  0.006909429776  0.004550191552  0.000000000000  0.001439080533  0.005266301934  0.012025547127  0.009235196460  0.006586143958  0.005268336355  0.009326326380  0.006008273009  0.002041283341  0.007904561281  0.002678181897  0.003945740954  
piranga_ludoviciana_sdsu2208 0.002385728188  0.004746717464  0.002368774408  0.004747016299  0.004781060149  0.009532212672  0.002417448800  0.005753307194  0.004749162936  0.002957187987  0.001196023219  0.005821719083  0.004749162936  0.000000000000  0.004783237768  0.004746717464  0.003710434979  0.001439080533  0.000000000000  0.003557394498  0.005981808610  0.004746717464  0.004747016299  0.004747016299  0.007186074857  0.003881100797  0.000000000000  0.002369085862  0.001191747145  0.001183286074  
piranga_bidentata_itm160 0.003139184107  0.007276707164  0.001034245620  0.006236500871  0.008395684781  0.014681919719  0.003501965082  0.010533366841  0.006241437533  0.006750836592  0.002247757696  0.009743478593  0.008337698668  0.001543476411  0.005233229837  0.006805641156  0.004639005134  0.005266301934  0.003557394498  0.000000000000  0.010511658448  0.007276707164  0.006236500871  0.005196575462  0.008390165953  0.003881100797  0.000000000000  0.005187675088  0.002103545470  0.003111019031  
piranga_leucoptera_fmnh481795 0.009469547805  0.011569149673  0.009449661826  0.004178617150  0.002084813074  0.016942741386  0.005891709152  0.014682027755  0.012643201351  0.013693415312  0.005677621382  0.013835060489  0.013696225091  0.004683622233  0.011576167650  0.008013127343  0.005853629485  0.012025547127  0.005981808610  0.010511658448  0.000000000000  0.011569149673  0.004178617150  0.011569149673  0.006278629535  0.001937594359  0.002041283341  0.012619890010  0.006331635521  0.009444605776  
piranga_lutea_ku89864 0.004185465793  0.000000000000  0.006230855668  0.007279774384  0.009449661826  0.013610185347  0.004669435268  0.009198787347  0.009375731572  0.008108691381  0.003372564619  0.011697243678  0.009385509177  0.001542962140  0.006276481946  0.000000000000  0.000000000000  0.009235196460  0.004746717464  0.007276707164  0.011569149673  0.000000000000  0.007279774384  0.008331060402  0.009444605776  0.003881100797  0.000000000000  0.007274834136  0.005269434526  0.004150948575  
piranga_rubriceps_lsu34818 0.005240145194  0.007279774384  0.005191180136  0.000000000000  0.002085993509  0.012563773398  0.004671512133  0.009210872218  0.008334456314  0.008108691381  0.004503216265  0.011704751292  0.010439815322  0.003089670991  0.007337706648  0.005667833783  0.004642809522  0.006586143958  0.004747016299  0.006236500871  0.004178617150  0.007279774384  0.000000000000  0.007287353131  0.002084813074  0.001937594359  0.002041283341  0.008321216932  0.004213833358  0.005193989413  
piranga_roseogularis_ku2141 0.004187365902  0.008331060402  0.004152588874  0.007287353131  0.009449661826  0.015755835284  0.003503388240  0.010540792110  0.007291843916  0.006748852232  0.003377184174  0.001934655317  0.009385509177  0.000000000000  0.006282210397  0.007954796147  0.004642338745  0.005268336355  0.004747016299  0.005196575462  0.011569149673  0.008331060402  0.007287353131  0.000000000000  0.009444605776  0.003881100797  0.000000000000  0.007282402552  0.003156850609  0.004150948575  
piranga_erythrocephala_fmnh343371 0.007348555964  0.009444605776  0.007333159079  0.002084813074  0.004178617150  0.014790504779  0.005891709152  0.011977532512  0.010511658448  0.010925130612  0.005677621382  0.013835060489  0.012628638345  0.004683622233  0.009449661826  0.008013127343  0.005853629485  0.009326326380  0.007186074857  0.008390165953  0.006278629535  0.009444605776  0.002084813074  0.009444605776  0.000000000000  0.000000000000  0.004087324772  0.010496210205  0.006331635521  0.007330046550  
piranga_erythrocephala_fmnh343370 0.003881100797  0.003881100797  0.003881100797  0.001937594359  0.001937594359  0.005833038641  0.005833038641  0.005960522544  0.007793481365  0.004146645428  0.003881100797  0.006185887962  0.005833038641  0.003881100797  0.005833038641  0.003881100797  0.003881100797  0.006008273009  0.003881100797  0.003881100797  0.001937594359  0.003881100797  0.001937594359  0.003881100797  0.000000000000  0.000000000000  0.004087324772  0.003881100797  0.003881100797  0.003881100797  
piranga_ludoviciana_sdsu2650 0.000000000000  0.000000000000  0.000000000000  0.002041283341  0.002041283341  0.002041283341  0.002041283341  0.002041283341  0.004091869821  0.000000000000  0.000000000000  0.000000000000  0.002041283341  0.000000000000  0.002041283341  0.000000000000  0.000000000000  0.002041283341  0.000000000000  0.000000000000  0.002041283341  0.000000000000  0.002041283341  0.000000000000  0.004087324772  0.004087324772  0.000000000000  0.000000000000  0.000000000000  0.000000000000  
piranga_bidentata_tepe59 0.004185465793  0.007274834136  0.005187675088  0.008321216932  0.010497894785  0.016785078625  0.002330137366  0.013180116191  0.008322393456  0.006749269036  0.001122203222  0.007772551537  0.008331060402  0.000000000000  0.007328373854  0.005663360999  0.003474109256  0.007904561281  0.002369085862  0.005187675088  0.012619890010  0.007274834136  0.008321216932  0.007282402552  0.010496210205  0.003881100797  0.000000000000  0.000000000000  0.004213132933  0.003111031470  
piranga_rubra_sdsu2635 0.001052755358  0.005269434526  0.001050543427  0.004213833358  0.005273304992  0.012756083931  0.001173862883  0.008036224632  0.004216971626  0.004117879713  0.000000000000  0.005890303202  0.006331635521  0.000000000000  0.003159017664  0.004562903778  0.002332855306  0.002678181897  0.001191747145  0.002103545470  0.006331635521  0.005269434526  0.004213833358  0.003156850609  0.006331635521  0.003881100797  0.000000000000  0.004213132933  0.000000000000  0.001050305183  
piranga_bidentata_itm141 0.002089168605  0.004150948575  0.002071854770  0.005193989413  0.007333159079  0.013624450151  0.001165652978  0.009210891778  0.005196575462  0.002690637321  0.000000000000  0.005821719083  0.005196575462  0.000000000000  0.004178617150  0.004531885779  0.002316642112  0.003945740954  0.001183286074  0.003111019031  0.009444605776  0.004150948575  0.005193989413  0.004150948575  0.007330046550  0.003881100797  0.000000000000  0.003111031470  0.001050305183  0.000000000000  

