30
piranga_rubra_ku26592 0.000000000000  0.007767318355  0.006894949918  0.007759294165  0.010370860969  0.012992566064  0.004008808955  0.010213045155  0.003438240631  0.005164208600  0.005702329486  0.003457561157  0.005162066702  0.003687027993  0.004299791624  0.007247944022  0.007099992980  0.005164208600  0.004024562995  0.004298901139  0.007747446269  0.008705626966  0.008628158421  0.007882976683  0.008079729362  0.005595463838  0.003445647591  0.005162066702  0.004301729060  0.005162612359  
piranga_flava_ku90809 0.007767318355  0.000000000000  0.006033618498  0.010379460692  0.013010399879  0.015647367152  0.002002384630  0.012103569615  0.009505837767  0.006038019251  0.004751395011  0.004620997212  0.006030264556  0.002455789603  0.008638328758  0.001803736735  0.003541027111  0.006038019251  0.004028407095  0.005166852947  0.011671740757  0.004337088967  0.011254757727  0.009666790970  0.009899366203  0.007004336950  0.002295151718  0.006030264556  0.009505837767  0.006033618498  
piranga_ludoviciana_sdsu2385 0.006894949918  0.006033618498  0.000000000000  0.009501728712  0.012125455349  0.013890757965  0.002002384630  0.011168290947  0.008630491619  0.005166852947  0.003797281274  0.003461357770  0.005162612359  0.003688118691  0.007763588717  0.005428646465  0.006210267060  0.005166852947  0.002681653311  0.002577955290  0.011654297101  0.006954892762  0.010374630774  0.009659301011  0.008987297048  0.007004336950  0.003446599866  0.003438240631  0.008630491619  0.003440517164  
piranga_rubriceps_lsu265 0.007759294165  0.010379460692  0.009501728712  0.000000000000  0.002577955290  0.010370860969  0.007033384355  0.008343716281  0.007758734249  0.007763588717  0.008574241517  0.006934813867  0.006027959881  0.006158814365  0.006892079527  0.009072548617  0.009784886780  0.007763588717  0.006721841160  0.006892987023  0.001928995297  0.009588702614  0.000857702808  0.008762498025  0.000000000000  0.000000000000  0.008069223495  0.007759294165  0.006026706949  0.007760913157  
piranga_leucoptera_lsu7783 0.010370860969  0.013010399879  0.012125455349  0.002577955290  0.000000000000  0.012997445289  0.009061124097  0.011155890685  0.010368153777  0.010379460692  0.010499379362  0.009267151114  0.008633882560  0.008644049548  0.009498678581  0.011828240916  0.012488889305  0.010379460692  0.009436456520  0.009501728712  0.002896556479  0.012237787632  0.003440517164  0.011422884365  0.002684052551  0.002794043487  0.010396794379  0.010370860969  0.008630491619  0.010374630774  
cardinalis_cardinalis_ku25393 0.012992566064  0.015647367152  0.013890757965  0.010370860969  0.012997445289  0.000000000000  0.010078379660  0.001842634760  0.012988755561  0.013003390724  0.012432665433  0.008103663644  0.011249204182  0.007405180871  0.012116085472  0.013666902446  0.015200008359  0.013003390724  0.010799838225  0.011254757727  0.011665627114  0.014893700113  0.011244711946  0.013197901388  0.010800236530  0.007004336950  0.010401609851  0.012125455349  0.011244711946  0.012131735301  
piranga_olivacea_ku2699 0.004008808955  0.002002384630  0.002002384630  0.007033384355  0.009061124097  0.010078379660  0.000000000000  0.007323642307  0.005014606631  0.002002384630  0.000999855414  0.002304654959  0.002001423946  0.001226776312  0.004008808955  0.003049671828  0.004013586004  0.001000095056  0.001338858683  0.000000000000  0.008807999728  0.004008808955  0.008046129003  0.007047090334  0.007033384355  0.005595961976  0.001158554493  0.000999855414  0.005014606631  0.001000095056  
cardinalis_cardinalis_ku21828 0.010213045155  0.012103569615  0.011168290947  0.008343716281  0.011155890685  0.001842634760  0.007323642307  0.000000000000  0.009276486204  0.009283107739  0.008253664223  0.006937700011  0.008346810740  0.006162796165  0.008343716281  0.012103569615  0.012487253320  0.009283107739  0.009436456520  0.008351123931  0.010682926427  0.011266273853  0.009279185327  0.012103569615  0.008715396880  0.005595961976  0.009235056852  0.009283107739  0.008343716281  0.009288250351  
piranga_rubra_ku7046 0.003438240631  0.009505837767  0.008630491619  0.007758734249  0.010368153777  0.012988755561  0.005014606631  0.009276486204  0.000000000000  0.006894949918  0.006657183500  0.004614663789  0.006892079527  0.004921249181  0.000857526548  0.009072548617  0.007991070637  0.006894949918  0.005373576886  0.006026706949  0.007747446269  0.010461273869  0.008626885470  0.009647572912  0.007176645664  0.004193279045  0.004598747456  0.006892079527  0.002575849881  0.006892987023  
piranga_bidentata_hgoslp104 0.005164208600  0.006038019251  0.005166852947  0.007763588717  0.010379460692  0.013003390724  0.002002384630  0.009283107739  0.006894949918  0.000000000000  0.003797281274  0.003461357770  0.003437007436  0.001226776312  0.006030264556  0.005432720274  0.005321888392  0.003440517164  0.002681653311  0.002576381488  0.008727229260  0.006957961402  0.008633882560  0.007893907339  0.008084387738  0.005595961976  0.001146598912  0.003437007436  0.006894949918  0.003438240631  
piranga_ludoviciana_sdsu2648 0.005702329486  0.004751395011  0.003797281274  0.008574241517  0.010499379362  0.012432665433  0.000999855414  0.008253664223  0.006657183500  0.003797281274  0.000000000000  0.003458520043  0.003795547944  0.001226776312  0.005702329486  0.004010487647  0.005707505910  0.003797281274  0.002679521540  0.001895012027  0.009765064957  0.006658713542  0.009535796207  0.008729516406  0.008574241517  0.005595961976  0.000000000000  0.002844507871  0.006657183500  0.002845156370  
piranga_roseogularis_ku2049 0.003457561157  0.004620997212  0.003461357770  0.006934813867  0.009267151114  0.008103663644  0.002304654959  0.006937700011  0.004614663789  0.003461357770  0.003458520043  0.000000000000  0.004614663789  0.002592682059  0.003458520043  0.005783588235  0.005783588235  0.003461357770  0.002681653311  0.002304654959  0.008350719837  0.006937700011  0.008099493827  0.003461357770  0.006934813867  0.004191916168  0.002527160718  0.003458520043  0.005773096091  0.003461357770  
piranga_hepatica_ku4970 0.005162066702  0.006030264556  0.005162612359  0.006027959881  0.008633882560  0.011249204182  0.002001423946  0.008346810740  0.006892079527  0.003437007436  0.003795547944  0.004614663789  0.000000000000  0.000000000000  0.006026706949  0.005425726896  0.005315177596  0.003437007436  0.004023263750  0.002576362937  0.007749928489  0.005209043266  0.006894949918  0.007882976683  0.006276592600  0.004193326920  0.002295451370  0.003437680943  0.005162612359  0.003436820045  
piranga_hepatica_ku9084 0.003687027993  0.002455789603  0.003688118691  0.006158814365  0.008644049548  0.007405180871  0.001226776312  0.006162796165  0.004921249181  0.001226776312  0.001226776312  0.002592682059  0.000000000000  0.000000000000  0.003688118691  0.002455789603  0.004923781517  0.001226776312  0.002961200360  0.001226776312  0.008644049548  0.002455789603  0.007399741714  0.006162796165  0.006158814365  0.004240748084  0.001226776312  0.002456132778  0.003688118691  0.002455789603  
piranga_rubra_sdsu2654 0.004299791624  0.008638328758  0.007763588717  0.006892079527  0.009498678581  0.012116085472  0.004008808955  0.008343716281  0.000857526548  0.006030264556  0.005702329486  0.003458520043  0.006026706949  0.003688118691  0.000000000000  0.008161785918  0.007099992980  0.006030264556  0.004028407095  0.005162612359  0.006774714288  0.009584521315  0.007759294165  0.008767078137  0.006275018267  0.002792172994  0.003446599866  0.006026706949  0.003436820045  0.006027959881  
piranga_flava_lsu15408 0.007247944022  0.001803736735  0.005428646465  0.009072548617  0.011828240916  0.013666902446  0.003049671828  0.012103569615  0.009072548617  0.005432720274  0.004010487647  0.005783588235  0.005425726896  0.002455789603  0.008161785918  0.000000000000  0.002791443674  0.004522767814  0.004028407095  0.004519476042  0.010688126359  0.002730589024  0.009989266716  0.009090766848  0.008512604791  0.007004336950  0.002295151718  0.005425726896  0.009072548617  0.005428646465  
piranga_lutea_lsu5400 0.007099992980  0.003541027111  0.006210267060  0.009784886780  0.012488889305  0.015200008359  0.004013586004  0.012487253320  0.007991070637  0.005321888392  0.005707505910  0.005783588235  0.005315177596  0.004923781517  0.007099992980  0.002791443674  0.000000000000  0.005321888392  0.005379143449  0.004427430919  0.012058814098  0.004425378414  0.010684443535  0.009955515737  0.009899366203  0.008417067871  0.004600957992  0.005315177596  0.007991070637  0.005317979154  
piranga_olivacea_ku4672 0.005164208600  0.006038019251  0.005166852947  0.007763588717  0.010379460692  0.013003390724  0.001000095056  0.009283107739  0.006894949918  0.003440517164  0.003797281274  0.003461357770  0.003437007436  0.001226776312  0.006030264556  0.004522767814  0.005321888392  0.000000000000  0.002681653311  0.002576381488  0.008727229260  0.006957961402  0.008633882560  0.007893907339  0.008084387738  0.005595961976  0.001146598912  0.003437007436  0.006894949918  0.003438240631  
piranga_ludoviciana_sdsu2208 0.004024562995  0.004028407095  0.002681653311  0.006721841160  0.009436456520  0.010799838225  0.001338858683  0.009436456520  0.005373576886  0.002681653311  0.002679521540  0.002681653311  0.004023263750  0.002961200360  0.004028407095  0.004028407095  0.005379143449  0.002681653311  0.000000000000  0.001338858683  0.009436456520  0.006721841160  0.008077132190  0.006733885999  0.006721841160  0.007343837092  0.002876035033  0.002679521540  0.006721841160  0.002681653311  
piranga_bidentata_itm160 0.004298901139  0.005166852947  0.002577955290  0.006892987023  0.009501728712  0.011254757727  0.000000000000  0.008351123931  0.006026706949  0.002576381488  0.001895012027  0.002304654959  0.002576362937  0.001226776312  0.005162612359  0.004519476042  0.004427430919  0.002576381488  0.001338858683  0.000000000000  0.008723845015  0.006080320266  0.007760913157  0.007004771550  0.007177466830  0.005595961976  0.001146598912  0.000857526548  0.006026706949  0.000857702808  
piranga_leucoptera_fmnh481795 0.007747446269  0.011671740757  0.011654297101  0.001928995297  0.002896556479  0.011665627114  0.008807999728  0.010682926427  0.007747446269  0.008727229260  0.009765064957  0.008350719837  0.007749928489  0.008644049548  0.006774714288  0.010688126359  0.012058814098  0.008727229260  0.009436456520  0.008723845015  0.000000000000  0.010793000218  0.002896556479  0.009706625548  0.002018552329  0.002794043487  0.010396794379  0.009699383071  0.006774714288  0.009702335407  
piranga_lutea_ku89864 0.008705626966  0.004337088967  0.006954892762  0.009588702614  0.012237787632  0.014893700113  0.004008808955  0.011266273853  0.010461273869  0.006957961402  0.006658713542  0.006937700011  0.005209043266  0.002455789603  0.009584521315  0.002730589024  0.004425378414  0.006957961402  0.006721841160  0.006080320266  0.010793000218  0.000000000000  0.010470024976  0.010633839566  0.008990975489  0.007004336950  0.004598411472  0.006952895456  0.008709077468  0.006954892762  
piranga_rubriceps_lsu34818 0.008628158421  0.011254757727  0.010374630774  0.000857702808  0.003440517164  0.011244711946  0.008046129003  0.009279185327  0.008626885470  0.008633882560  0.009535796207  0.008099493827  0.006894949918  0.007399741714  0.007759294165  0.009989266716  0.010684443535  0.008633882560  0.008077132190  0.007760913157  0.002896556479  0.010470024976  0.000000000000  0.009647572912  0.000892932886  0.001394885356  0.009231526351  0.008628158421  0.006892987023  0.008630491619  
piranga_roseogularis_ku2141 0.007882976683  0.009666790970  0.009659301011  0.008762498025  0.011422884365  0.013197901388  0.007047090334  0.012103569615  0.009647572912  0.007893907339  0.008729516406  0.003461357770  0.007882976683  0.006162796165  0.008767078137  0.009090766848  0.009955515737  0.007893907339  0.006733885999  0.007004771550  0.009706625548  0.010633839566  0.009647572912  0.000000000000  0.009130536172  0.008417067871  0.005758240841  0.007882976683  0.009647572912  0.007887901709  
piranga_erythrocephala_fmnh343371 0.008079729362  0.009899366203  0.008987297048  0.000000000000  0.002684052551  0.010800236530  0.007033384355  0.008715396880  0.007176645664  0.008084387738  0.008574241517  0.006934813867  0.006276592600  0.006158814365  0.006275018267  0.008512604791  0.009899366203  0.008084387738  0.006721841160  0.007177466830  0.002018552329  0.008990975489  0.000892932886  0.009130536172  0.000000000000  0.000000000000  0.008069223495  0.008079729362  0.005374779325  0.008081485564  
piranga_erythrocephala_fmnh343370 0.005595463838  0.007004336950  0.007004336950  0.000000000000  0.002794043487  0.007004336950  0.005595961976  0.005595961976  0.004193279045  0.005595961976  0.005595961976  0.004191916168  0.004193326920  0.004240748084  0.002792172994  0.007004336950  0.008417067871  0.005595961976  0.007343837092  0.005595961976  0.002794043487  0.007004336950  0.001394885356  0.008417067871  0.000000000000  0.000000000000  0.005595961976  0.007001966312  0.002792172994  0.007004336950  
piranga_ludoviciana_sdsu2650 0.003445647591  0.002295151718  0.003446599866  0.008069223495  0.010396794379  0.010401609851  0.001158554493  0.009235056852  0.004598747456  0.001146598912  0.000000000000  0.002527160718  0.002295451370  0.001226776312  0.003446599866  0.002295151718  0.004600957992  0.001146598912  0.002876035033  0.001146598912  0.010396794379  0.004598411472  0.009231526351  0.005758240841  0.008069223495  0.005595961976  0.000000000000  0.002295451370  0.005753167800  0.002295151718  
piranga_bidentata_tepe59 0.005162066702  0.006030264556  0.003438240631  0.007759294165  0.010370860969  0.012125455349  0.000999855414  0.009283107739  0.006892079527  0.003437007436  0.002844507871  0.003458520043  0.003437680943  0.002456132778  0.006026706949  0.005425726896  0.005315177596  0.003437007436  0.002679521540  0.000857526548  0.009699383071  0.006952895456  0.008628158421  0.007882976683  0.008079729362  0.007001966312  0.002295451370  0.000000000000  0.006892079527  0.001716145494  
piranga_rubra_sdsu2635 0.004301729060  0.009505837767  0.008630491619  0.006026706949  0.008630491619  0.011244711946  0.005014606631  0.008343716281  0.002575849881  0.006894949918  0.006657183500  0.005773096091  0.005162612359  0.003688118691  0.003436820045  0.009072548617  0.007991070637  0.006894949918  0.006721841160  0.006026706949  0.006774714288  0.008709077468  0.006892987023  0.009647572912  0.005374779325  0.002792172994  0.005753167800  0.006892079527  0.000000000000  0.006892987023  
piranga_bidentata_itm141 0.005162612359  0.006033618498  0.003440517164  0.007760913157  0.010374630774  0.012131735301  0.001000095056  0.009288250351  0.006892987023  0.003438240631  0.002845156370  0.003461357770  0.003436820045  0.002455789603  0.006027959881  0.005428646465  0.005317979154  0.003438240631  0.002681653311  0.000857702808  0.009702335407  0.006954892762  0.008630491619  0.007887901709  0.008081485564  0.007004336950  0.002295151718  0.001716145494  0.006892987023  0.000000000000  

