30
cardinalis_cardinalis_ku21828 0.000000000000  0.000000000000  0.008560154036  0.012111519280  0.010588315729  0.012118920083  0.012118920083  0.010588315729  0.011094630760  0.011094630760  0.013137553223  0.014670519419  0.012622241203  0.012622241203  0.012622241203  0.011094630760  0.012115017255  0.014670519419  0.016707518957  0.017728375764  0.021344962797  0.021870211612  0.020308899751  0.019270490751  0.021344962797  0.021344962797  0.016716680702  0.016716680702  0.015692868189  0.016716680702  
cardinalis_cardinalis_ku25393 0.000000000000  0.000000000000  0.008560154036  0.012111519280  0.010588315729  0.012118920083  0.012118920083  0.010588315729  0.011094630760  0.011094630760  0.013137553223  0.014670519419  0.012622241203  0.012622241203  0.012622241203  0.011094630760  0.012115017255  0.014670519419  0.016707518957  0.017728375764  0.021344962797  0.021870211612  0.020308899751  0.019270490751  0.021344962797  0.021344962797  0.016716680702  0.016716680702  0.015692868189  0.016716680702  
piranga_lutea_lsu5400 0.008560154036  0.008560154036  0.000000000000  0.003508382439  0.002002794712  0.003509734790  0.003509734790  0.002002794712  0.002504248610  0.002504248610  0.004515553707  0.006027696443  0.004011200298  0.004011200298  0.004011200298  0.002504248610  0.003508859431  0.006027696443  0.008044973936  0.009562905356  0.012615908602  0.013129854693  0.011596105826  0.010576984191  0.012615908602  0.012615908602  0.008047984979  0.008047984979  0.007037128448  0.008047984979  
piranga_lutea_ku89864 0.012111519280  0.012111519280  0.003508382439  0.000000000000  0.001501519166  0.003006901449  0.003006901449  0.001501519166  0.002002721804  0.002002721804  0.004011945597  0.005522786529  0.003508382439  0.003508382439  0.003508382439  0.002002721804  0.003006294128  0.005522786529  0.007539042801  0.009055933123  0.012105739402  0.012618871948  0.011087006752  0.010069224371  0.012105739402  0.012105739402  0.007541510270  0.007541510270  0.006531437347  0.007541510270  
piranga_hepatica_ku4970 0.010588315729  0.010588315729  0.002002794712  0.001501519166  0.000000000000  0.001502322399  0.001502322399  0.000000000000  0.000500190079  0.000500190079  0.002505325705  0.004013089549  0.002002794712  0.002002794712  0.002002794712  0.000500190079  0.001501722546  0.004013089549  0.006025249147  0.007539042801  0.010582569718  0.011094630760  0.009565938957  0.008550259611  0.010582569718  0.010582569718  0.006027696443  0.006027696443  0.005019684844  0.006027696443  
piranga_flava_ku90809 0.012118920083  0.012118920083  0.003509734790  0.003006901449  0.001502322399  0.000000000000  0.000000000000  0.001502322399  0.002003264754  0.002003264754  0.004014631778  0.005526293182  0.003509734790  0.003509734790  0.003509734790  0.002003264754  0.003007906474  0.005526293182  0.007541510270  0.009058420910  0.012111519280  0.012626015989  0.011091684663  0.010071995699  0.012111519280  0.012111519280  0.007545584993  0.007545584993  0.006535227315  0.007545584993  
piranga_flava_lsu15408 0.012118920083  0.012118920083  0.003509734790  0.003006901449  0.001502322399  0.000000000000  0.000000000000  0.001502322399  0.002003264754  0.002003264754  0.004014631778  0.005526293182  0.003509734790  0.003509734790  0.003509734790  0.002003264754  0.003007906474  0.005526293182  0.007541510270  0.009058420910  0.012111519280  0.012626015989  0.011091684663  0.010071995699  0.012111519280  0.012111519280  0.007545584993  0.007545584993  0.006535227315  0.007545584993  
piranga_hepatica_ku9084 0.010588315729  0.010588315729  0.002002794712  0.001501519166  0.000000000000  0.001502322399  0.001502322399  0.000000000000  0.000500190079  0.000500190079  0.002505325705  0.004013089549  0.002002794712  0.002002794712  0.002002794712  0.000500190079  0.001501722546  0.004013089549  0.006025249147  0.007539042801  0.010582569718  0.011094630760  0.009565938957  0.008550259611  0.010582569718  0.010582569718  0.006027696443  0.006027696443  0.005019684844  0.006027696443  
piranga_ludoviciana_sdsu2385 0.011094630760  0.011094630760  0.002504248610  0.002002721804  0.000500190079  0.002003264754  0.002003264754  0.000500190079  0.000000000000  0.000000000000  0.002004131554  0.003511008138  0.001501722546  0.001501722546  0.001501722546  0.000000000000  0.001001031467  0.003511008138  0.005521632855  0.007034399996  0.010076384720  0.010588315729  0.009060270173  0.008044973936  0.010076384720  0.010076384720  0.005524340097  0.005524340097  0.004516966810  0.005524340097  
piranga_ludoviciana_sdsu2648 0.011094630760  0.011094630760  0.002504248610  0.002002721804  0.000500190079  0.002003264754  0.002003264754  0.000500190079  0.000000000000  0.000000000000  0.002004131554  0.003511008138  0.001501722546  0.001501722546  0.001501722546  0.000000000000  0.001001031467  0.003511008138  0.005521632855  0.007034399996  0.010076384720  0.010588315729  0.009060270173  0.008044973936  0.010076384720  0.010076384720  0.005524340097  0.005524340097  0.004516966810  0.005524340097  
piranga_ludoviciana_sdsu2208 0.013137553223  0.013137553223  0.004515553707  0.004011945597  0.002505325705  0.004014631778  0.004014631778  0.002505325705  0.002004131554  0.002004131554  0.000000000000  0.005528645410  0.003511008138  0.003511008138  0.003511008138  0.002004131554  0.003009308827  0.005528645410  0.007543346914  0.009060270173  0.012115017255  0.012630195928  0.011094630760  0.010073988189  0.012115017255  0.012115017255  0.007548224130  0.007548224130  0.006537722635  0.007548224130  
piranga_bidentata_tepe59 0.014670519419  0.014670519419  0.006027696443  0.005522786529  0.004013089549  0.005526293182  0.005526293182  0.004013089549  0.003511008138  0.003511008138  0.005528645410  0.000000000000  0.002004131554  0.002004131554  0.002004131554  0.003511008138  0.004518778477  0.007044228759  0.009062522508  0.010582569718  0.013645299932  0.014162247738  0.012622241203  0.011598517328  0.013645299932  0.013645299932  0.009068234878  0.009068234878  0.008055516391  0.009068234878  
piranga_bidentata_itm160 0.012622241203  0.012622241203  0.004011200298  0.003508382439  0.002002794712  0.003509734790  0.003509734790  0.002002794712  0.001501722546  0.001501722546  0.003511008138  0.002004131554  0.000000000000  0.000000000000  0.000000000000  0.001501722546  0.002505325705  0.005021367658  0.007035563461  0.008551432939  0.011601334142  0.012115017255  0.010582569718  0.009564220092  0.011601334142  0.011601334142  0.007039094578  0.007039094578  0.006029520556  0.007039094578  
piranga_bidentata_hgoslp104 0.012622241203  0.012622241203  0.004011200298  0.003508382439  0.002002794712  0.003509734790  0.003509734790  0.002002794712  0.001501722546  0.001501722546  0.003511008138  0.002004131554  0.000000000000  0.000000000000  0.000000000000  0.001501722546  0.002505325705  0.005021367658  0.007035563461  0.008551432939  0.011601334142  0.012115017255  0.010582569718  0.009564220092  0.011601334142  0.011601334142  0.007039094578  0.007039094578  0.006029520556  0.007039094578  
piranga_bidentata_itm141 0.012622241203  0.012622241203  0.004011200298  0.003508382439  0.002002794712  0.003509734790  0.003509734790  0.002002794712  0.001501722546  0.001501722546  0.003511008138  0.002004131554  0.000000000000  0.000000000000  0.000000000000  0.001501722546  0.002505325705  0.005021367658  0.007035563461  0.008551432939  0.011601334142  0.012115017255  0.010582569718  0.009564220092  0.011601334142  0.011601334142  0.007039094578  0.007039094578  0.006029520556  0.007039094578  
piranga_ludoviciana_sdsu2650 0.011094630760  0.011094630760  0.002504248610  0.002002721804  0.000500190079  0.002003264754  0.002003264754  0.000500190079  0.000000000000  0.000000000000  0.002004131554  0.003511008138  0.001501722546  0.001501722546  0.001501722546  0.000000000000  0.001001031467  0.003511008138  0.005521632855  0.007034399996  0.010076384720  0.010588315729  0.009060270173  0.008044973936  0.010076384720  0.010076384720  0.005524340097  0.005524340097  0.004516966810  0.005524340097  
piranga_olivacea_ku2699 0.012115017255  0.012115017255  0.003508859431  0.003006294128  0.001501722546  0.003007906474  0.003007906474  0.001501722546  0.001001031467  0.001001031467  0.003009308827  0.004518778477  0.002505325705  0.002505325705  0.002505325705  0.001001031467  0.000000000000  0.002505325705  0.006531437347  0.008046278215  0.011094630760  0.011608182188  0.010076384720  0.009058420910  0.011094630760  0.011094630760  0.006535227315  0.006535227315  0.005526293182  0.006535227315  
piranga_olivacea_ku4672 0.014670519419  0.014670519419  0.006027696443  0.005522786529  0.004013089549  0.005526293182  0.005526293182  0.004013089549  0.003511008138  0.003511008138  0.005528645410  0.007044228759  0.005021367658  0.005021367658  0.005021367658  0.003511008138  0.002505325705  0.000000000000  0.008047984979  0.009565938957  0.012622241203  0.013137553223  0.011601334142  0.010580303030  0.012622241203  0.012622241203  0.009068234878  0.009068234878  0.008055516391  0.009068234878  
piranga_roseogularis_ku2049 0.016707518957  0.016707518957  0.008044973936  0.007539042801  0.006025249147  0.007541510270  0.007541510270  0.006025249147  0.005521632855  0.005521632855  0.007543346914  0.009062522508  0.007035563461  0.007035563461  0.007035563461  0.005521632855  0.006531437347  0.008047984979  0.000000000000  0.001501519166  0.012622241203  0.013137553223  0.011601334142  0.010580303030  0.012622241203  0.012622241203  0.011091684663  0.011091684663  0.010076384720  0.011091684663  
piranga_roseogularis_ku2141 0.017728375764  0.017728375764  0.009562905356  0.009055933123  0.007539042801  0.009058420910  0.009058420910  0.007539042801  0.007034399996  0.007034399996  0.009060270173  0.010582569718  0.008551432939  0.008551432939  0.008551432939  0.007034399996  0.008046278215  0.009565938957  0.001501519166  0.000000000000  0.014149641241  0.014666038275  0.013126614555  0.012103458260  0.014149641241  0.014149641241  0.012615908602  0.012615908602  0.011598517328  0.012615908602  
piranga_erythrocephala_fmnh343371 0.021344962797  0.021344962797  0.012615908602  0.012105739402  0.010582569718  0.012111519280  0.012111519280  0.010582569718  0.010076384720  0.010076384720  0.012115017255  0.013645299932  0.011601334142  0.011601334142  0.011601334142  0.010076384720  0.011094630760  0.012622241203  0.012622241203  0.014149641241  0.000000000000  0.003511008138  0.010085994774  0.009065177535  0.011105893079  0.011105893079  0.015688235294  0.015688235294  0.014666038275  0.015688235294  
piranga_erythrocephala_fmnh343370 0.021870211612  0.021870211612  0.013129854693  0.012618871948  0.011094630760  0.012626015989  0.012626015989  0.011094630760  0.010588315729  0.010588315729  0.012630195928  0.014162247738  0.012115017255  0.012115017255  0.012115017255  0.010588315729  0.011608182188  0.013137553223  0.013137553223  0.014666038275  0.003511008138  0.000000000000  0.010599960665  0.009576848086  0.011621484657  0.011621484657  0.016207098845  0.016207098845  0.015183942303  0.016207098845  
piranga_leucoptera_fmnh481795 0.020308899751  0.020308899751  0.011596105826  0.011087006752  0.009565938957  0.011091684663  0.011091684663  0.009565938957  0.009060270173  0.009060270173  0.011094630760  0.012622241203  0.010582569718  0.010582569718  0.010582569718  0.009060270173  0.010076384720  0.011601334142  0.011601334142  0.013126614555  0.010085994774  0.010599960665  0.000000000000  0.004011945597  0.007039094578  0.007039094578  0.014661964248  0.014661964248  0.013641375905  0.014661964248  
piranga_leucoptera_lsu7783 0.019270490751  0.019270490751  0.010576984191  0.010069224371  0.008550259611  0.010071995699  0.010071995699  0.008550259611  0.008044973936  0.008044973936  0.010073988189  0.011598517328  0.009564220092  0.009564220092  0.009564220092  0.008044973936  0.009058420910  0.010580303030  0.010580303030  0.012103458260  0.009065177535  0.009576848086  0.004011945597  0.000000000000  0.006026272514  0.006026272514  0.013634747765  0.013634747765  0.012615908602  0.013634747765  
piranga_rubriceps_lsu265 0.021344962797  0.021344962797  0.012615908602  0.012105739402  0.010582569718  0.012111519280  0.012111519280  0.010582569718  0.010076384720  0.010076384720  0.012115017255  0.013645299932  0.011601334142  0.011601334142  0.011601334142  0.010076384720  0.011094630760  0.012622241203  0.012622241203  0.014149641241  0.011105893079  0.011621484657  0.007039094578  0.006026272514  0.000000000000  0.000000000000  0.015688235294  0.015688235294  0.014666038275  0.015688235294  
piranga_rubriceps_lsu34818 0.021344962797  0.021344962797  0.012615908602  0.012105739402  0.010582569718  0.012111519280  0.012111519280  0.010582569718  0.010076384720  0.010076384720  0.012115017255  0.013645299932  0.011601334142  0.011601334142  0.011601334142  0.010076384720  0.011094630760  0.012622241203  0.012622241203  0.014149641241  0.011105893079  0.011621484657  0.007039094578  0.006026272514  0.000000000000  0.000000000000  0.015688235294  0.015688235294  0.014666038275  0.015688235294  
piranga_rubra_sdsu2635 0.016716680702  0.016716680702  0.008047984979  0.007541510270  0.006027696443  0.007545584993  0.007545584993  0.006027696443  0.005524340097  0.005524340097  0.007548224130  0.009068234878  0.007039094578  0.007039094578  0.007039094578  0.005524340097  0.006535227315  0.009068234878  0.011091684663  0.012615908602  0.015688235294  0.016207098845  0.014661964248  0.013634747765  0.015688235294  0.015688235294  0.000000000000  0.000000000000  0.001000698010  0.002002794712  
piranga_rubra_sdsu2654 0.016716680702  0.016716680702  0.008047984979  0.007541510270  0.006027696443  0.007545584993  0.007545584993  0.006027696443  0.005524340097  0.005524340097  0.007548224130  0.009068234878  0.007039094578  0.007039094578  0.007039094578  0.005524340097  0.006535227315  0.009068234878  0.011091684663  0.012615908602  0.015688235294  0.016207098845  0.014661964248  0.013634747765  0.015688235294  0.015688235294  0.000000000000  0.000000000000  0.001000698010  0.002002794712  
piranga_rubra_ku7046 0.015692868189  0.015692868189  0.007037128448  0.006531437347  0.005019684844  0.006535227315  0.006535227315  0.005019684844  0.004516966810  0.004516966810  0.006537722635  0.008055516391  0.006029520556  0.006029520556  0.006029520556  0.004516966810  0.005526293182  0.008055516391  0.010076384720  0.011598517328  0.014666038275  0.015183942303  0.013641375905  0.012615908602  0.014666038275  0.014666038275  0.001000698010  0.001000698010  0.000000000000  0.001000698010  
piranga_rubra_ku26592 0.016716680702  0.016716680702  0.008047984979  0.007541510270  0.006027696443  0.007545584993  0.007545584993  0.006027696443  0.005524340097  0.005524340097  0.007548224130  0.009068234878  0.007039094578  0.007039094578  0.007039094578  0.005524340097  0.006535227315  0.009068234878  0.011091684663  0.012615908602  0.015688235294  0.016207098845  0.014661964248  0.013634747765  0.015688235294  0.015688235294  0.002002794712  0.002002794712  0.001000698010  0.000000000000  

