30
piranga_rubra_ku26592 0.000000000000  0.005740878650  0.011374734354  0.013576777737  0.015532190893  0.022163972694  0.005770970146  0.021056420178  0.005663577690  0.008107332231  0.008502959994  0.010285885974  0.007293919305  0.009837173006  0.008929977748  0.005814110227  0.009292073976  0.008935436530  0.012690476420  0.011378364778  0.013872858513  0.007298116269  0.013872858513  0.010561127757  0.010908916151  0.014454078495  0.012424770201  0.012200981666  0.011388435871  0.011382932611  
piranga_flava_ku90809 0.005740878650  0.000000000000  0.007382533892  0.010291793096  0.010718075022  0.018230039903  0.007422939524  0.017492633057  0.005740878650  0.005737856814  0.004708293129  0.004647029967  0.001632059439  0.003255599001  0.005740878650  0.000826333534  0.003402879797  0.005740136629  0.008033789605  0.009039153547  0.009053103240  0.001632845699  0.010718075022  0.006554979947  0.005925549276  0.006522056690  0.006177167511  0.009868946132  0.006557689247  0.009042848942  
piranga_ludoviciana_sdsu2385 0.011374734354  0.007382533892  0.000000000000  0.011845237899  0.013857067954  0.020470575413  0.013261236998  0.018365119536  0.010554200044  0.006472890060  0.003764796227  0.003719288346  0.008104362584  0.006536137950  0.012196714222  0.008316827306  0.008432396420  0.009737469306  0.003433353994  0.009737469306  0.012206187507  0.008919180573  0.012206187507  0.007288307172  0.009205578543  0.007822980473  0.003700136757  0.010557195687  0.013025051464  0.009740767845  
piranga_rubriceps_lsu265 0.013576777737  0.010291793096  0.011845237899  0.000000000000  0.009304900069  0.016138265634  0.013830698061  0.015330916436  0.009292073976  0.008435612374  0.008513126464  0.008409711724  0.011875140119  0.010962007356  0.011001236667  0.010428020114  0.011875140119  0.011008525284  0.011532527754  0.011851199329  0.007599239118  0.012725359306  0.000000000000  0.009292073976  0.004217153909  0.005210331451  0.012436121127  0.012709017279  0.012725359306  0.011858171638  
piranga_leucoptera_lsu7783 0.015532190893  0.010718075022  0.013857067954  0.009304900069  0.000000000000  0.019670537395  0.017505815383  0.019284844744  0.013045400058  0.012212329765  0.011385494396  0.009353481317  0.012236355465  0.012072507418  0.014701787047  0.010854263895  0.012735042848  0.014711732901  0.013873449500  0.015522531425  0.003231778705  0.013054052528  0.009763276970  0.011394872591  0.005010192914  0.006522056690  0.013698050687  0.016353764396  0.014711732901  0.015532190893  
cardinalis_cardinalis_ku25393 0.022163972694  0.018230039903  0.020470575413  0.016138265634  0.019670537395  0.000000000000  0.021716184563  0.003458786724  0.017983638070  0.017145804483  0.018097718785  0.017876341556  0.020507918073  0.019838370930  0.019651280126  0.018466737672  0.021348649993  0.019660434009  0.019702147662  0.020478481284  0.018000271223  0.021335378407  0.016335963005  0.017983638070  0.015146945293  0.018411882777  0.021254174612  0.021315383306  0.021335378407  0.020487341682  
piranga_olivacea_ku2699 0.005770970146  0.007422939524  0.013261236998  0.013830698061  0.017505815383  0.021716184563  0.000000000000  0.021936164792  0.007426635024  0.009088680353  0.011359890196  0.013103722291  0.009083942435  0.013130190671  0.009091450439  0.008313223626  0.011197950503  0.007422939524  0.016168312007  0.012425712902  0.015810758841  0.009087674696  0.014121838099  0.011581760098  0.012843763664  0.018438414195  0.013674531745  0.013264376203  0.011585524707  0.012429168865  
cardinalis_cardinalis_ku21828 0.021056420178  0.017492633057  0.018365119536  0.015330916436  0.019284844744  0.003458786724  0.021936164792  0.000000000000  0.017486200719  0.015707425389  0.018176198489  0.018072456157  0.018391646176  0.019936825670  0.019267895564  0.018376197682  0.019007641250  0.019275824468  0.019807502175  0.019261060501  0.017500154251  0.019275824468  0.015722264330  0.016597898199  0.014287504947  0.018524064115  0.021243240037  0.020153714494  0.021065857148  0.019267895564  
piranga_rubra_ku7046 0.005663577690  0.005740878650  0.010554200044  0.009292073976  0.013045400058  0.017983638070  0.007426635024  0.017486200719  0.000000000000  0.005661558426  0.006601238401  0.008399791235  0.008111231419  0.007633890026  0.006478036393  0.005814110227  0.008439834788  0.006481605754  0.010357978041  0.010557195687  0.011394872591  0.008116058185  0.009750163336  0.008104362584  0.008369198451  0.011792760508  0.009914077223  0.011378364778  0.008925447519  0.010561127757  
piranga_bidentata_hgoslp104 0.008107332231  0.005737856814  0.006472890060  0.008435612374  0.012212329765  0.017145804483  0.009088680353  0.015707425389  0.005661558426  0.000000000000  0.006599751329  0.004651352986  0.007290648952  0.007630214985  0.007290648952  0.005811981912  0.007585608246  0.006478036393  0.006880949378  0.004850538235  0.010565994268  0.007293919305  0.008925447519  0.004038136221  0.007522206658  0.009138852330  0.007416822249  0.005663577690  0.008921847802  0.006475392676  
piranga_ludoviciana_sdsu2648 0.008502959994  0.004708293129  0.003764796227  0.008513126464  0.011385494396  0.018097718785  0.011359890196  0.018176198489  0.006601238401  0.006599751329  0.000000000000  0.005655176897  0.005658333449  0.005444051022  0.007554728907  0.005653276444  0.005658333449  0.007554728907  0.004583442752  0.009456735425  0.010426072293  0.006603986207  0.008513126464  0.007551130293  0.006626758879  0.009146536432  0.003700136757  0.010412464558  0.009468619004  0.009462046104  
piranga_roseogularis_ku2049 0.010285885974  0.004647029967  0.003719288346  0.008409711724  0.009353481317  0.017876341556  0.013103722291  0.018072456157  0.008399791235  0.004651352986  0.005655176897  0.000000000000  0.005584600395  0.005438129871  0.009347067571  0.005579674571  0.005584600395  0.008396295774  0.005724535964  0.007467847292  0.008409711724  0.006517896886  0.008409711724  0.001854521217  0.004666638555  0.005205129768  0.004935389472  0.008409711724  0.008401860717  0.007473813447  
piranga_hepatica_ku4970 0.007293919305  0.001632059439  0.008104362584  0.011875140119  0.012236355465  0.020507918073  0.009083942435  0.018391646176  0.008111231419  0.007290648952  0.005658333449  0.005584600395  0.000000000000  0.001083508199  0.008111231419  0.002481948514  0.001676649093  0.008109476326  0.009192716612  0.008107332231  0.010586180827  0.003227172313  0.012236355465  0.007288012738  0.007535610054  0.007837480091  0.007422259323  0.008925447519  0.007292202893  0.008111231419  
piranga_hepatica_ku9084 0.009837173006  0.003255599001  0.006536137950  0.010962007356  0.012072507418  0.019838370930  0.013130190671  0.019936825670  0.007633890026  0.007630214985  0.005444051022  0.005438129871  0.001083508199  0.000000000000  0.008740728808  0.004343629928  0.000000000000  0.007630918091  0.008779433724  0.009837173006  0.010962007356  0.005438129871  0.010962007356  0.007625573767  0.006567748348  0.006522056690  0.006734627713  0.010942728476  0.007637934974  0.009844818080  
piranga_rubra_sdsu2654 0.008929977748  0.005740878650  0.012196714222  0.011001236667  0.014701787047  0.019651280126  0.009091450439  0.019267895564  0.006478036393  0.007290648952  0.007554728907  0.009347067571  0.008111231419  0.008740728808  0.000000000000  0.005814110227  0.010145872696  0.006481605754  0.011532527754  0.010557195687  0.013045400058  0.008116058185  0.011394872591  0.009740767845  0.010060806606  0.011806149274  0.011177595452  0.011378364778  0.007298116269  0.010561127757  
piranga_flava_lsu15408 0.005814110227  0.000826333534  0.008316827306  0.010428020114  0.010854263895  0.018466737672  0.008313223626  0.018376197682  0.005814110227  0.005811981912  0.005653276444  0.005579674571  0.002481948514  0.004343629928  0.005814110227  0.000000000000  0.004314225883  0.005812382755  0.009185527896  0.009156773206  0.009168155892  0.002482436634  0.010854263895  0.006640252156  0.006003599716  0.007829031295  0.007416822249  0.009997065191  0.006642058061  0.009159585166  
piranga_lutea_lsu5400 0.009292073976  0.003402879797  0.008432396420  0.011875140119  0.012735042848  0.021348649993  0.011197950503  0.019007641250  0.008439834788  0.007585608246  0.005658333449  0.005584600395  0.001676649093  0.000000000000  0.010145872696  0.004314225883  0.000000000000  0.010143889018  0.009192716612  0.010140280370  0.011016819281  0.005044627372  0.011875140119  0.007582755250  0.007618537910  0.006522056690  0.007422259323  0.010994955615  0.009290132507  0.010145872696  
piranga_olivacea_ku4672 0.008935436530  0.005740136629  0.009737469306  0.011008525284  0.014711732901  0.019660434009  0.007422939524  0.019275824468  0.006481605754  0.006478036393  0.007554728907  0.008396295774  0.008109476326  0.007630918091  0.006481605754  0.005812382755  0.010143889018  0.000000000000  0.009192716612  0.009740767845  0.013054052528  0.008115219387  0.011402240817  0.008918211066  0.010067294954  0.011806149274  0.008670682643  0.010561127757  0.007288012738  0.009744999845  
piranga_ludoviciana_sdsu2208 0.012690476420  0.008033789605  0.003433353994  0.011532527754  0.013873449500  0.019702147662  0.016168312007  0.019807502175  0.010357978041  0.006880949378  0.004583442752  0.005724535964  0.009192716612  0.008779433724  0.011532527754  0.009185527896  0.009192716612  0.009192716612  0.000000000000  0.009196087044  0.012701520510  0.010354529442  0.011532527754  0.008027864847  0.009235166053  0.011279550667  0.000000000000  0.009196087044  0.011519242503  0.008043020667  
piranga_bidentata_itm160 0.011378364778  0.009039153547  0.009737469306  0.011851199329  0.015522531425  0.020478481284  0.012425712902  0.019261060501  0.010557195687  0.004850538235  0.009456735425  0.007467847292  0.008107332231  0.009837173006  0.010557195687  0.009156773206  0.010140280370  0.009740767845  0.009196087044  0.000000000000  0.013864495006  0.010561127757  0.012212329765  0.007290648952  0.010902740365  0.011781781998  0.009914077223  0.000805848490  0.011382932611  0.001612323865  
piranga_leucoptera_fmnh481795 0.013872858513  0.009053103240  0.012206187507  0.007599239118  0.003231778705  0.018000271223  0.015810758841  0.017500154251  0.011394872591  0.010565994268  0.010426072293  0.008409711724  0.010586180827  0.010962007356  0.013045400058  0.009168155892  0.011016819281  0.013054052528  0.012701520510  0.013864495006  0.000000000000  0.011402240817  0.008121810581  0.009750163336  0.003334143665  0.003902283638  0.012436121127  0.014692776712  0.013054052528  0.013872858513  
piranga_lutea_ku89864 0.007298116269  0.001632845699  0.008919180573  0.012725359306  0.013054052528  0.021335378407  0.009087674696  0.019275824468  0.008116058185  0.007293919305  0.006603986207  0.006517896886  0.003227172313  0.005438129871  0.008116058185  0.002482436634  0.005044627372  0.008115219387  0.010354529442  0.010561127757  0.011402240817  0.000000000000  0.013054052528  0.008100764544  0.008374337804  0.009156622566  0.007422259323  0.011382932611  0.007288012738  0.010565994268  
piranga_rubriceps_lsu34818 0.013872858513  0.010718075022  0.012206187507  0.000000000000  0.009763276970  0.016335963005  0.014121838099  0.015722264330  0.009750163336  0.008925447519  0.008513126464  0.008409711724  0.012236355465  0.010962007356  0.011394872591  0.010854263895  0.011875140119  0.011402240817  0.011532527754  0.012212329765  0.008121810581  0.013054052528  0.000000000000  0.009750163336  0.004171415696  0.005210331451  0.012436121127  0.013037681088  0.013054052528  0.012219406476  
piranga_roseogularis_ku2141 0.010561127757  0.006554979947  0.007288307172  0.009292073976  0.011394872591  0.017983638070  0.011581760098  0.016597898199  0.008104362584  0.004038136221  0.007551130293  0.001854521217  0.007288012738  0.007625573767  0.009740767845  0.006640252156  0.007582755250  0.008918211066  0.008027864847  0.007290648952  0.009750163336  0.008100764544  0.009750163336  0.000000000000  0.006683701201  0.007822980473  0.007416822249  0.008107332231  0.008918211066  0.007293919305  
piranga_erythrocephala_fmnh343371 0.010908916151  0.005925549276  0.009205578543  0.004217153909  0.005010192914  0.015146945293  0.012843763664  0.014287504947  0.008369198451  0.007522206658  0.006626758879  0.004666638555  0.007535610054  0.006567748348  0.010060806606  0.006003599716  0.007618537910  0.010067294954  0.009235166053  0.010902740365  0.003334143665  0.008374337804  0.004171415696  0.006683701201  0.000000000000  0.000000000000  0.008703024013  0.011751714787  0.010067294954  0.010908916151  
piranga_erythrocephala_fmnh343370 0.014454078495  0.006522056690  0.007822980473  0.005210331451  0.006522056690  0.018411882777  0.018438414195  0.018524064115  0.011792760508  0.009138852330  0.009146536432  0.005205129768  0.007837480091  0.006522056690  0.011806149274  0.007829031295  0.006522056690  0.011806149274  0.011279550667  0.011781781998  0.003902283638  0.009156622566  0.005210331451  0.007822980473  0.000000000000  0.000000000000  0.010698241630  0.011781781998  0.013136576228  0.010467772440  
piranga_ludoviciana_sdsu2650 0.012424770201  0.006177167511  0.003700136757  0.012436121127  0.013698050687  0.021254174612  0.013674531745  0.021243240037  0.009914077223  0.007416822249  0.003700136757  0.004935389472  0.007422259323  0.006734627713  0.011177595452  0.007416822249  0.007422259323  0.008670682643  0.000000000000  0.009914077223  0.012436121127  0.007422259323  0.012436121127  0.007416822249  0.008703024013  0.010698241630  0.000000000000  0.009914077223  0.009922455345  0.008670682643  
piranga_bidentata_tepe59 0.012200981666  0.009868946132  0.010557195687  0.012709017279  0.016353764396  0.021315383306  0.013264376203  0.020153714494  0.011378364778  0.005663577690  0.010412464558  0.008409711724  0.008925447519  0.010942728476  0.011378364778  0.009997065191  0.010994955615  0.010561127757  0.009196087044  0.000805848490  0.014692776712  0.011382932611  0.013037681088  0.008107332231  0.011751714787  0.011781781998  0.009914077223  0.000000000000  0.012206187507  0.000805694584  
piranga_rubra_sdsu2635 0.011388435871  0.006557689247  0.013025051464  0.012725359306  0.014711732901  0.021335378407  0.011585524707  0.021065857148  0.008925447519  0.008921847802  0.009468619004  0.008401860717  0.007292202893  0.007637934974  0.007298116269  0.006642058061  0.009290132507  0.007288012738  0.011519242503  0.011382932611  0.013054052528  0.007288012738  0.013054052528  0.008918211066  0.010067294954  0.013136576228  0.009922455345  0.012206187507  0.000000000000  0.011388435871  
piranga_bidentata_itm141 0.011382932611  0.009042848942  0.009740767845  0.011858171638  0.015532190893  0.020487341682  0.012429168865  0.019267895564  0.010561127757  0.006475392676  0.009462046104  0.007473813447  0.008111231419  0.009844818080  0.010561127757  0.009159585166  0.010145872696  0.009744999845  0.008043020667  0.001612323865  0.013872858513  0.010565994268  0.012219406476  0.007293919305  0.010908916151  0.010467772440  0.008670682643  0.000805694584  0.011388435871  0.000000000000  

