30
cardinalis_cardinalis_ku21828 0.000000000000  0.002505492517  0.001001071790  0.002506713086  0.001001071790  0.001001071790  0.002504693129  0.002504693129  0.005024282701  0.004015136430  0.001001071790  0.001001071790  0.001001071790  0.001001071790  0.001001071790  0.001001071790  0.001001071790  0.001001071790  0.001001071790  0.005020219063  0.003008165316  0.004013472492  0.004013472492  0.001001071790  0.001001071790  0.005020219063  0.007544464822  0.002003360003  0.001001071790  0.001001071790  
cardinalis_cardinalis_ku25393 0.002505492517  0.000000000000  0.003511379565  0.005024282701  0.003511379565  0.003511379565  0.005020219063  0.005020219063  0.007553023499  0.006538983789  0.003511379565  0.003511379565  0.003511379565  0.003511379565  0.003511379565  0.003511379565  0.003511379565  0.003511379565  0.003511379565  0.007546892224  0.005527140360  0.006536290642  0.006536290642  0.003511379565  0.003511379565  0.007040182649  0.010081348621  0.004517483717  0.003511379565  0.003511379565  
piranga_lutea_ku89864 0.001001071790  0.003511379565  0.000000000000  0.001502413252  0.000000000000  0.000000000000  0.001501540501  0.001501540501  0.004015136430  0.003008165316  0.000000000000  0.000000000000  0.000000000000  0.000000000000  0.000000000000  0.000000000000  0.000000000000  0.000000000000  0.000000000000  0.004012231090  0.002003360003  0.003007078365  0.003007078365  0.000000000000  0.000000000000  0.004012231090  0.006532178429  0.001000711194  0.000000000000  0.000000000000  
piranga_bidentata_tepe59 0.002506713086  0.005024282701  0.001502413252  0.000000000000  0.001502413252  0.001502413252  0.003007078365  0.003007078365  0.005529674461  0.004519437084  0.001502413252  0.001502413252  0.001502413252  0.001502413252  0.001502413252  0.001502413252  0.001502413252  0.001502413252  0.001502413252  0.005525029795  0.003511379565  0.004517483717  0.004517483717  0.001502413252  0.001502413252  0.005525029795  0.008051431749  0.002505492517  0.001502413252  0.001502413252  
piranga_hepatica_ku9084 0.001001071790  0.003511379565  0.000000000000  0.001502413252  0.000000000000  0.000000000000  0.001501540501  0.001501540501  0.004015136430  0.003008165316  0.000000000000  0.000000000000  0.000000000000  0.000000000000  0.000000000000  0.000000000000  0.000000000000  0.000000000000  0.000000000000  0.004012231090  0.002003360003  0.003007078365  0.003007078365  0.000000000000  0.000000000000  0.004012231090  0.006532178429  0.001000711194  0.000000000000  0.000000000000  
piranga_bidentata_hgoslp104 0.001001071790  0.003511379565  0.000000000000  0.001502413252  0.000000000000  0.000000000000  0.001501540501  0.001501540501  0.004015136430  0.003008165316  0.000000000000  0.000000000000  0.000000000000  0.000000000000  0.000000000000  0.000000000000  0.000000000000  0.000000000000  0.000000000000  0.004012231090  0.002003360003  0.003007078365  0.003007078365  0.000000000000  0.000000000000  0.004012231090  0.006532178429  0.001000711194  0.000000000000  0.000000000000  
piranga_rubriceps_lsu265 0.002504693129  0.005020219063  0.001501540501  0.003007078365  0.001501540501  0.001501540501  0.000000000000  0.000000000000  0.005525029795  0.004515953220  0.001501540501  0.001501540501  0.001501540501  0.001501540501  0.001501540501  0.001501540501  0.001501540501  0.001501540501  0.001501540501  0.005522080736  0.003509051503  0.004514845958  0.004514845958  0.001501540501  0.001501540501  0.005522080736  0.008047270594  0.002504315288  0.001501540501  0.001501540501  
piranga_rubriceps_lsu34818 0.002504693129  0.005020219063  0.001501540501  0.003007078365  0.001501540501  0.001501540501  0.000000000000  0.000000000000  0.005525029795  0.004515953220  0.001501540501  0.001501540501  0.001501540501  0.001501540501  0.001501540501  0.001501540501  0.001501540501  0.001501540501  0.001501540501  0.005522080736  0.003509051503  0.004514845958  0.004514845958  0.001501540501  0.001501540501  0.005522080736  0.008047270594  0.002504315288  0.001501540501  0.001501540501  
piranga_leucoptera_fmnh481795 0.005024282701  0.007553023499  0.004015136430  0.005529674461  0.004015136430  0.004015136430  0.005525029795  0.005525029795  0.000000000000  0.004013472492  0.004015136430  0.004015136430  0.004015136430  0.004015136430  0.004015136430  0.004015136430  0.004015136430  0.004015136430  0.004015136430  0.008054151985  0.006032788134  0.007042743127  0.007042743127  0.004015136430  0.004015136430  0.008054151985  0.010590785594  0.005022039281  0.004015136430  0.004015136430  
piranga_leucoptera_lsu7783 0.004015136430  0.006538983789  0.003008165316  0.004519437084  0.003008165316  0.003008165316  0.004515953220  0.004515953220  0.004013472492  0.000000000000  0.003008165316  0.003008165316  0.003008165316  0.003008165316  0.003008165316  0.003008165316  0.003008165316  0.003008165316  0.003008165316  0.007040182649  0.005022039281  0.006030386593  0.006030386593  0.003008165316  0.003008165316  0.007040182649  0.009572466564  0.004013472492  0.003008165316  0.003008165316  
piranga_rubra_sdsu2635 0.001001071790  0.003511379565  0.000000000000  0.001502413252  0.000000000000  0.000000000000  0.001501540501  0.001501540501  0.004015136430  0.003008165316  0.000000000000  0.000000000000  0.000000000000  0.000000000000  0.000000000000  0.000000000000  0.000000000000  0.000000000000  0.000000000000  0.004012231090  0.002003360003  0.003007078365  0.003007078365  0.000000000000  0.000000000000  0.004012231090  0.006532178429  0.001000711194  0.000000000000  0.000000000000  
piranga_roseogularis_ku2141 0.001001071790  0.003511379565  0.000000000000  0.001502413252  0.000000000000  0.000000000000  0.001501540501  0.001501540501  0.004015136430  0.003008165316  0.000000000000  0.000000000000  0.000000000000  0.000000000000  0.000000000000  0.000000000000  0.000000000000  0.000000000000  0.000000000000  0.004012231090  0.002003360003  0.003007078365  0.003007078365  0.000000000000  0.000000000000  0.004012231090  0.006532178429  0.001000711194  0.000000000000  0.000000000000  
piranga_roseogularis_ku2049 0.001001071790  0.003511379565  0.000000000000  0.001502413252  0.000000000000  0.000000000000  0.001501540501  0.001501540501  0.004015136430  0.003008165316  0.000000000000  0.000000000000  0.000000000000  0.000000000000  0.000000000000  0.000000000000  0.000000000000  0.000000000000  0.000000000000  0.004012231090  0.002003360003  0.003007078365  0.003007078365  0.000000000000  0.000000000000  0.004012231090  0.006532178429  0.001000711194  0.000000000000  0.000000000000  
piranga_bidentata_itm141 0.001001071790  0.003511379565  0.000000000000  0.001502413252  0.000000000000  0.000000000000  0.001501540501  0.001501540501  0.004015136430  0.003008165316  0.000000000000  0.000000000000  0.000000000000  0.000000000000  0.000000000000  0.000000000000  0.000000000000  0.000000000000  0.000000000000  0.004012231090  0.002003360003  0.003007078365  0.003007078365  0.000000000000  0.000000000000  0.004012231090  0.006532178429  0.001000711194  0.000000000000  0.000000000000  
piranga_ludoviciana_sdsu2385 0.001001071790  0.003511379565  0.000000000000  0.001502413252  0.000000000000  0.000000000000  0.001501540501  0.001501540501  0.004015136430  0.003008165316  0.000000000000  0.000000000000  0.000000000000  0.000000000000  0.000000000000  0.000000000000  0.000000000000  0.000000000000  0.000000000000  0.004012231090  0.002003360003  0.003007078365  0.003007078365  0.000000000000  0.000000000000  0.004012231090  0.006532178429  0.001000711194  0.000000000000  0.000000000000  
piranga_bidentata_itm160 0.001001071790  0.003511379565  0.000000000000  0.001502413252  0.000000000000  0.000000000000  0.001501540501  0.001501540501  0.004015136430  0.003008165316  0.000000000000  0.000000000000  0.000000000000  0.000000000000  0.000000000000  0.000000000000  0.000000000000  0.000000000000  0.000000000000  0.004012231090  0.002003360003  0.003007078365  0.003007078365  0.000000000000  0.000000000000  0.004012231090  0.006532178429  0.001000711194  0.000000000000  0.000000000000  
piranga_rubra_sdsu2654 0.001001071790  0.003511379565  0.000000000000  0.001502413252  0.000000000000  0.000000000000  0.001501540501  0.001501540501  0.004015136430  0.003008165316  0.000000000000  0.000000000000  0.000000000000  0.000000000000  0.000000000000  0.000000000000  0.000000000000  0.000000000000  0.000000000000  0.004012231090  0.002003360003  0.003007078365  0.003007078365  0.000000000000  0.000000000000  0.004012231090  0.006532178429  0.001000711194  0.000000000000  0.000000000000  
piranga_olivacea_ku4672 0.001001071790  0.003511379565  0.000000000000  0.001502413252  0.000000000000  0.000000000000  0.001501540501  0.001501540501  0.004015136430  0.003008165316  0.000000000000  0.000000000000  0.000000000000  0.000000000000  0.000000000000  0.000000000000  0.000000000000  0.000000000000  0.000000000000  0.004012231090  0.002003360003  0.003007078365  0.003007078365  0.000000000000  0.000000000000  0.004012231090  0.006532178429  0.001000711194  0.000000000000  0.000000000000  
piranga_olivacea_ku2699 0.001001071790  0.003511379565  0.000000000000  0.001502413252  0.000000000000  0.000000000000  0.001501540501  0.001501540501  0.004015136430  0.003008165316  0.000000000000  0.000000000000  0.000000000000  0.000000000000  0.000000000000  0.000000000000  0.000000000000  0.000000000000  0.000000000000  0.004012231090  0.002003360003  0.003007078365  0.003007078365  0.000000000000  0.000000000000  0.004012231090  0.006532178429  0.001000711194  0.000000000000  0.000000000000  
piranga_rubra_ku7046 0.005020219063  0.007546892224  0.004012231090  0.005525029795  0.004012231090  0.004012231090  0.005522080736  0.005522080736  0.008054151985  0.007040182649  0.004012231090  0.004012231090  0.004012231090  0.004012231090  0.004012231090  0.004012231090  0.004012231090  0.004012231090  0.004012231090  0.000000000000  0.006028409289  0.007038047445  0.007038047445  0.004012231090  0.004012231090  0.008049137829  0.010584539176  0.005018822413  0.004012231090  0.004012231090  
piranga_lutea_lsu5400 0.003008165316  0.005527140360  0.002003360003  0.003511379565  0.002003360003  0.002003360003  0.003509051503  0.003509051503  0.006032788134  0.005022039281  0.002003360003  0.002003360003  0.002003360003  0.002003360003  0.002003360003  0.002003360003  0.002003360003  0.002003360003  0.002003360003  0.006028409289  0.000000000000  0.005020219063  0.005020219063  0.002003360003  0.002003360003  0.006028409289  0.007542463398  0.003007078365  0.002003360003  0.002003360003  
piranga_erythrocephala_fmnh343371 0.004013472492  0.006536290642  0.003007078365  0.004517483717  0.003007078365  0.003007078365  0.004514845958  0.004514845958  0.007042743127  0.006030386593  0.003007078365  0.003007078365  0.003007078365  0.003007078365  0.003007078365  0.003007078365  0.003007078365  0.003007078365  0.003007078365  0.007038047445  0.005020219063  0.000000000000  0.000000000000  0.003007078365  0.003007078365  0.007038047445  0.009569719038  0.004012231090  0.003007078365  0.003007078365  
piranga_erythrocephala_fmnh343370 0.004013472492  0.006536290642  0.003007078365  0.004517483717  0.003007078365  0.003007078365  0.004514845958  0.004514845958  0.007042743127  0.006030386593  0.003007078365  0.003007078365  0.003007078365  0.003007078365  0.003007078365  0.003007078365  0.003007078365  0.003007078365  0.003007078365  0.007038047445  0.005020219063  0.000000000000  0.000000000000  0.003007078365  0.003007078365  0.007038047445  0.009569719038  0.004012231090  0.003007078365  0.003007078365  
piranga_hepatica_ku4970 0.001001071790  0.003511379565  0.000000000000  0.001502413252  0.000000000000  0.000000000000  0.001501540501  0.001501540501  0.004015136430  0.003008165316  0.000000000000  0.000000000000  0.000000000000  0.000000000000  0.000000000000  0.000000000000  0.000000000000  0.000000000000  0.000000000000  0.004012231090  0.002003360003  0.003007078365  0.003007078365  0.000000000000  0.000000000000  0.004012231090  0.006532178429  0.001000711194  0.000000000000  0.000000000000  
piranga_ludoviciana_sdsu2650 0.001001071790  0.003511379565  0.000000000000  0.001502413252  0.000000000000  0.000000000000  0.001501540501  0.001501540501  0.004015136430  0.003008165316  0.000000000000  0.000000000000  0.000000000000  0.000000000000  0.000000000000  0.000000000000  0.000000000000  0.000000000000  0.000000000000  0.004012231090  0.002003360003  0.003007078365  0.003007078365  0.000000000000  0.000000000000  0.004012231090  0.006532178429  0.001000711194  0.000000000000  0.000000000000  
piranga_ludoviciana_sdsu2208 0.005020219063  0.007040182649  0.004012231090  0.005525029795  0.004012231090  0.004012231090  0.005522080736  0.005522080736  0.008054151985  0.007040182649  0.004012231090  0.004012231090  0.004012231090  0.004012231090  0.004012231090  0.004012231090  0.004012231090  0.004012231090  0.004012231090  0.008049137829  0.006028409289  0.007038047445  0.007038047445  0.004012231090  0.004012231090  0.000000000000  0.010584539176  0.005018822413  0.004012231090  0.004012231090  
piranga_ludoviciana_sdsu2648 0.007544464822  0.010081348621  0.006532178429  0.008051431749  0.006532178429  0.006532178429  0.008047270594  0.008047270594  0.010590785594  0.009572466564  0.006532178429  0.006532178429  0.006532178429  0.006532178429  0.006532178429  0.006532178429  0.006532178429  0.006532178429  0.006532178429  0.010584539176  0.007542463398  0.009569719038  0.009569719038  0.006532178429  0.006532178429  0.010584539176  0.000000000000  0.007542463398  0.006532178429  0.006532178429  
piranga_flava_ku90809 0.002003360003  0.004517483717  0.001000711194  0.002505492517  0.001000711194  0.001000711194  0.002504315288  0.002504315288  0.005022039281  0.004013472492  0.001000711194  0.001000711194  0.001000711194  0.001000711194  0.001000711194  0.001000711194  0.001000711194  0.001000711194  0.001000711194  0.005018822413  0.003007078365  0.004012231090  0.004012231090  0.001000711194  0.001000711194  0.005018822413  0.007542463398  0.000000000000  0.001000711194  0.001000711194  
piranga_flava_lsu15408 0.001001071790  0.003511379565  0.000000000000  0.001502413252  0.000000000000  0.000000000000  0.001501540501  0.001501540501  0.004015136430  0.003008165316  0.000000000000  0.000000000000  0.000000000000  0.000000000000  0.000000000000  0.000000000000  0.000000000000  0.000000000000  0.000000000000  0.004012231090  0.002003360003  0.003007078365  0.003007078365  0.000000000000  0.000000000000  0.004012231090  0.006532178429  0.001000711194  0.000000000000  0.000000000000  
piranga_rubra_ku26592 0.001001071790  0.003511379565  0.000000000000  0.001502413252  0.000000000000  0.000000000000  0.001501540501  0.001501540501  0.004015136430  0.003008165316  0.000000000000  0.000000000000  0.000000000000  0.000000000000  0.000000000000  0.000000000000  0.000000000000  0.000000000000  0.000000000000  0.004012231090  0.002003360003  0.003007078365  0.003007078365  0.000000000000  0.000000000000  0.004012231090  0.006532178429  0.001000711194  0.000000000000  0.000000000000  

