30
cardinalis_cardinalis_ku21828 0.000000000000  0.004514452399  0.010078585103  0.011607310856  0.014657233615  0.017740151079  0.018772108541  0.009064667435  0.014142382246  0.013120638961  0.017726885036  0.013120638961  0.014139872485  0.018228613556  0.012107694914  0.014660813969  0.016192272045  0.016192272045  0.012612661115  0.012612661115  0.013120638961  0.013120638961  0.013120638961  0.014142382246  0.014651271374  0.013120638961  0.011597870033  0.013633882735  0.013633882735  0.015169710307  
cardinalis_cardinalis_ku25393 0.004514452399  0.000000000000  0.009565526671  0.011091055484  0.014139872485  0.017216289211  0.018246061537  0.008552673487  0.013627166603  0.012607565457  0.017206258549  0.012607565457  0.013625727255  0.017711224335  0.011593559913  0.014142382246  0.015672745256  0.015672745256  0.012099588817  0.012099588817  0.012607565457  0.012607565457  0.012607565457  0.013627166603  0.014136052865  0.012607565457  0.011084801722  0.013118670482  0.013118670482  0.014651271374  
piranga_rubriceps_lsu265 0.010078585103  0.009565526671  0.000000000000  0.003509660053  0.006529097155  0.009567598910  0.010584627392  0.001000694172  0.009058068940  0.008044724771  0.012615156602  0.008044724771  0.009056659104  0.013117101269  0.007036872296  0.009570066134  0.011091055484  0.011091055484  0.007539842444  0.007539842444  0.008044724771  0.008044724771  0.008044724771  0.009058068940  0.009563849798  0.008044724771  0.007036872296  0.009059873860  0.009059873860  0.010584627392  
piranga_erythrocephala_fmnh343370 0.011607310856  0.011091055484  0.003509660053  0.000000000000  0.003006243798  0.006026107789  0.007036872296  0.002505279441  0.010582018854  0.009565526671  0.014148599751  0.009565526671  0.010579806246  0.014648890251  0.008556932686  0.011097206367  0.012621340685  0.012621340685  0.009059873860  0.009059873860  0.009565526671  0.009565526671  0.009565526671  0.010582018854  0.011088574176  0.009565526671  0.008556932686  0.010584627392  0.010584627392  0.012114132471  
piranga_erythrocephala_fmnh343371 0.014657233615  0.014139872485  0.006529097155  0.003006243798  0.000000000000  0.008044724771  0.009058068940  0.005520770857  0.013629005890  0.012608865158  0.017209199883  0.012608865158  0.013627166603  0.017712825260  0.011595516343  0.014145291463  0.015675670478  0.015675670478  0.012101018259  0.012101018259  0.012608865158  0.012608865158  0.012608865158  0.013629005890  0.014137762563  0.012608865158  0.011595516343  0.013631244729  0.013631244729  0.015166256971  
piranga_leucoptera_fmnh481795 0.017740151079  0.017216289211  0.009567598910  0.006026107789  0.008044724771  0.000000000000  0.004012983470  0.008554606064  0.016702212128  0.015675670478  0.020301710233  0.015675670478  0.016698740529  0.020801971783  0.014660813969  0.017224984862  0.018761759045  0.018761759045  0.015166256971  0.015166256971  0.015675670478  0.015675670478  0.015675670478  0.016702212128  0.017212543566  0.015675670478  0.014660813969  0.016192272045  0.016192272045  0.018250759171  
piranga_leucoptera_lsu7783 0.018772108541  0.018246061537  0.010584627392  0.007036872296  0.009058068940  0.004012983470  0.000000000000  0.009570066134  0.017730905304  0.016702212128  0.021336892286  0.016702212128  0.017726885036  0.021836023097  0.014660813969  0.017224984862  0.019794782445  0.019794782445  0.016192272045  0.016192272045  0.016702212128  0.016702212128  0.016702212128  0.017730905304  0.018241766071  0.016702212128  0.015686848846  0.017220436437  0.017220436437  0.019283249327  
piranga_rubriceps_lsu34818 0.009064667435  0.008552673487  0.001000694172  0.002505279441  0.005520770857  0.008554606064  0.009570066134  0.000000000000  0.008045996709  0.007034209618  0.011597870033  0.007034209618  0.008044724771  0.012099588817  0.006027498289  0.008556932686  0.010075849724  0.010075849724  0.006529967038  0.006529967038  0.007034209618  0.007034209618  0.007034209618  0.008045996709  0.008551135333  0.007034209618  0.006027498289  0.008047662790  0.008047662790  0.009570066134  
piranga_lutea_ku89864 0.014142382246  0.013627166603  0.009058068940  0.010582018854  0.013629005890  0.016702212128  0.017730905304  0.008045996709  0.000000000000  0.001001020104  0.005526058070  0.001001020104  0.002003238366  0.006025109562  0.007034209618  0.009565526671  0.011086489461  0.011086489461  0.007538224149  0.007538224149  0.008043364849  0.008043364849  0.008043364849  0.009055644732  0.009561683672  0.008043364849  0.007034209618  0.009056659104  0.009056659104  0.010579806246  
piranga_flava_lsu15408 0.013120638961  0.012607565457  0.008044724771  0.009565526671  0.012608865158  0.015675670478  0.016702212128  0.007034209618  0.001001020104  0.000000000000  0.004516823570  0.000000000000  0.001000694172  0.005016949857  0.006024503987  0.008551135333  0.010070016715  0.010070016715  0.006528537695  0.006528537695  0.007033168452  0.007033168452  0.007033168452  0.008043364849  0.008548891221  0.007033168452  0.006024503987  0.008043847357  0.008043847357  0.009563849798  
piranga_hepatica_ku4970 0.017726885036  0.017206258549  0.012615156602  0.014148599751  0.017209199883  0.020301710233  0.021336892286  0.011597870033  0.005526058070  0.004516823570  0.000000000000  0.004516823570  0.005524149025  0.009565526671  0.010579806246  0.013125772178  0.014654052623  0.014654052623  0.011084801722  0.011084801722  0.011592001125  0.011592001125  0.011592001125  0.012610563839  0.013118670482  0.011592001125  0.010579806246  0.012612661115  0.012612661115  0.014145291463  
piranga_flava_ku90809 0.013120638961  0.012607565457  0.008044724771  0.009565526671  0.012608865158  0.015675670478  0.016702212128  0.007034209618  0.001001020104  0.000000000000  0.004516823570  0.000000000000  0.001000694172  0.005016949857  0.006024503987  0.008551135333  0.010070016715  0.010070016715  0.006528537695  0.006528537695  0.007033168452  0.007033168452  0.007033168452  0.008043364849  0.008548891221  0.007033168452  0.006024503987  0.008043847357  0.008043847357  0.009563849798  
piranga_lutea_lsu5400 0.014139872485  0.013625727255  0.009056659104  0.010579806246  0.013627166603  0.016698740529  0.017726885036  0.008044724771  0.002003238366  0.001000694172  0.005524149025  0.001000694172  0.000000000000  0.006024503987  0.007033468468  0.009563849798  0.011084801722  0.011084801722  0.007538006751  0.007538006751  0.008043277630  0.008043277630  0.008043277630  0.009055026209  0.009561195186  0.008043277630  0.007033468468  0.009055644732  0.009055644732  0.010577989949  
piranga_hepatica_ku9084 0.018228613556  0.017711224335  0.013117101269  0.014648890251  0.017712825260  0.020801971783  0.021836023097  0.012099588817  0.006025109562  0.005016949857  0.009565526671  0.005016949857  0.006024503987  0.000000000000  0.011082618702  0.013627166603  0.015156447791  0.015156447791  0.011589714464  0.011589714464  0.012097694218  0.012097694218  0.012097694218  0.013115162188  0.013624049927  0.012097694218  0.011082618702  0.013115931708  0.013115931708  0.014646909641  
piranga_olivacea_ku2699 0.012107694914  0.011593559913  0.007036872296  0.008556932686  0.011595516343  0.014660813969  0.014660813969  0.006027498289  0.007034209618  0.006024503987  0.010579806246  0.006024503987  0.007033468468  0.011082618702  0.000000000000  0.002505279441  0.009059873860  0.009059873860  0.005520770857  0.005520770857  0.006024503987  0.006024503987  0.006024503987  0.007034209618  0.007538836174  0.006024503987  0.005018282949  0.007035344353  0.007035344353  0.008554606064  
piranga_olivacea_ku4672 0.014660813969  0.014142382246  0.009570066134  0.011097206367  0.014145291463  0.017224984862  0.017224984862  0.008556932686  0.009565526671  0.008551135333  0.013125772178  0.008551135333  0.009563849798  0.013627166603  0.002505279441  0.000000000000  0.011600620600  0.011600620600  0.008045996709  0.008045996709  0.008551135333  0.008551135333  0.008551135333  0.009565526671  0.010071565150  0.008551135333  0.007543036198  0.009567598910  0.009567598910  0.011093933007  
piranga_roseogularis_ku2049 0.016192272045  0.015672745256  0.011091055484  0.012621340685  0.015675670478  0.018761759045  0.019794782445  0.010075849724  0.011086489461  0.010070016715  0.014654052623  0.010070016715  0.011084801722  0.015156447791  0.009059873860  0.011600620600  0.000000000000  0.000000000000  0.008552673487  0.008552673487  0.009058068940  0.009058068940  0.009058068940  0.010073509613  0.010579806246  0.009058068940  0.008049722635  0.010075849724  0.010075849724  0.011603767667  
piranga_roseogularis_ku2141 0.016192272045  0.015672745256  0.011091055484  0.012621340685  0.015675670478  0.018761759045  0.019794782445  0.010075849724  0.011086489461  0.010070016715  0.014654052623  0.010070016715  0.011084801722  0.015156447791  0.009059873860  0.011600620600  0.000000000000  0.000000000000  0.008552673487  0.008552673487  0.009058068940  0.009058068940  0.009058068940  0.010073509613  0.010579806246  0.009058068940  0.008049722635  0.010075849724  0.010075849724  0.011603767667  
piranga_bidentata_tepe59 0.012612661115  0.012099588817  0.007539842444  0.009059873860  0.012101018259  0.015166256971  0.016192272045  0.006529967038  0.007538224149  0.006528537695  0.011084801722  0.006528537695  0.007538006751  0.011589714464  0.005520770857  0.008045996709  0.008552673487  0.008552673487  0.000000000000  0.000000000000  0.000500188962  0.000500188962  0.000500188962  0.001501710291  0.002002779328  0.000500188962  0.003508340230  0.005520770857  0.005520770857  0.007035344353  
piranga_bidentata_hgoslp104 0.012612661115  0.012099588817  0.007539842444  0.009059873860  0.012101018259  0.015166256971  0.016192272045  0.006529967038  0.007538224149  0.006528537695  0.011084801722  0.006528537695  0.007538006751  0.011589714464  0.005520770857  0.008045996709  0.008552673487  0.008552673487  0.000000000000  0.000000000000  0.000500188962  0.000500188962  0.000500188962  0.001501710291  0.002002779328  0.000500188962  0.003508340230  0.005520770857  0.005520770857  0.007035344353  
piranga_bidentata_itm160 0.013120638961  0.012607565457  0.008044724771  0.009565526671  0.012608865158  0.015675670478  0.016702212128  0.007034209618  0.008043364849  0.007033168452  0.011592001125  0.007033168452  0.008043277630  0.012097694218  0.006024503987  0.008551135333  0.009058068940  0.009058068940  0.000500188962  0.000500188962  0.000000000000  0.000000000000  0.000000000000  0.001001020104  0.001501710291  0.000000000000  0.004010802035  0.006024503987  0.006024503987  0.007539842444  
piranga_ludoviciana_sdsu2385 0.013120638961  0.012607565457  0.008044724771  0.009565526671  0.012608865158  0.015675670478  0.016702212128  0.007034209618  0.008043364849  0.007033168452  0.011592001125  0.007033168452  0.008043277630  0.012097694218  0.006024503987  0.008551135333  0.009058068940  0.009058068940  0.000500188962  0.000500188962  0.000000000000  0.000000000000  0.000000000000  0.001001020104  0.001501710291  0.000000000000  0.004010802035  0.006024503987  0.006024503987  0.007539842444  
piranga_ludoviciana_sdsu2208 0.013120638961  0.012607565457  0.008044724771  0.009565526671  0.012608865158  0.015675670478  0.016702212128  0.007034209618  0.008043364849  0.007033168452  0.011592001125  0.007033168452  0.008043277630  0.012097694218  0.006024503987  0.008551135333  0.009058068940  0.009058068940  0.000500188962  0.000500188962  0.000000000000  0.000000000000  0.000000000000  0.001001020104  0.001501710291  0.000000000000  0.004010802035  0.006024503987  0.006024503987  0.007539842444  
piranga_bidentata_itm141 0.014142382246  0.013627166603  0.009058068940  0.010582018854  0.013629005890  0.016702212128  0.017730905304  0.008045996709  0.009055644732  0.008043364849  0.012610563839  0.008043364849  0.009055026209  0.013115162188  0.007034209618  0.009565526671  0.010073509613  0.010073509613  0.001501710291  0.001501710291  0.001001020104  0.001001020104  0.001001020104  0.000000000000  0.002505279441  0.001001020104  0.005017420542  0.007034209618  0.007034209618  0.008552673487  
piranga_ludoviciana_sdsu2650 0.014651271374  0.014136052865  0.009563849798  0.011088574176  0.014137762563  0.017212543566  0.018241766071  0.008551135333  0.009561683672  0.008548891221  0.013118670482  0.008548891221  0.009561195186  0.013624049927  0.007538836174  0.010071565150  0.010579806246  0.010579806246  0.002002779328  0.002002779328  0.001501710291  0.001501710291  0.001501710291  0.002505279441  0.000000000000  0.001501710291  0.005520770857  0.007538836174  0.007538836174  0.009058068940  
piranga_ludoviciana_sdsu2648 0.013120638961  0.012607565457  0.008044724771  0.009565526671  0.012608865158  0.015675670478  0.016702212128  0.007034209618  0.008043364849  0.007033168452  0.011592001125  0.007033168452  0.008043277630  0.012097694218  0.006024503987  0.008551135333  0.009058068940  0.009058068940  0.000500188962  0.000500188962  0.000000000000  0.000000000000  0.000000000000  0.001001020104  0.001501710291  0.000000000000  0.004010802035  0.006024503987  0.006024503987  0.007539842444  
piranga_rubra_ku7046 0.011597870033  0.011084801722  0.007036872296  0.008556932686  0.011595516343  0.014660813969  0.015686848846  0.006027498289  0.007034209618  0.006024503987  0.010579806246  0.006024503987  0.007033468468  0.011082618702  0.005018282949  0.007543036198  0.008049722635  0.008049722635  0.003508340230  0.003508340230  0.004010802035  0.004010802035  0.004010802035  0.005017420542  0.005520770857  0.004010802035  0.000000000000  0.002002779328  0.002002779328  0.005018282949  
piranga_rubra_sdsu2635 0.013633882735  0.013118670482  0.009059873860  0.010584627392  0.013631244729  0.016192272045  0.017220436437  0.008047662790  0.009056659104  0.008043847357  0.012612661115  0.008043847357  0.009055644732  0.013115931708  0.007035344353  0.009567598910  0.010075849724  0.010075849724  0.005520770857  0.005520770857  0.006024503987  0.006024503987  0.006024503987  0.007034209618  0.007538836174  0.006024503987  0.002002779328  0.000000000000  0.000000000000  0.007035344353  
piranga_rubra_sdsu2654 0.013633882735  0.013118670482  0.009059873860  0.010584627392  0.013631244729  0.016192272045  0.017220436437  0.008047662790  0.009056659104  0.008043847357  0.012612661115  0.008043847357  0.009055644732  0.013115931708  0.007035344353  0.009567598910  0.010075849724  0.010075849724  0.005520770857  0.005520770857  0.006024503987  0.006024503987  0.006024503987  0.007034209618  0.007538836174  0.006024503987  0.002002779328  0.000000000000  0.000000000000  0.007035344353  
piranga_rubra_ku26592 0.015169710307  0.014651271374  0.010584627392  0.012114132471  0.015166256971  0.018250759171  0.019283249327  0.009570066134  0.010579806246  0.009563849798  0.014145291463  0.009563849798  0.010577989949  0.014646909641  0.008554606064  0.011093933007  0.011603767667  0.011603767667  0.007035344353  0.007035344353  0.007539842444  0.007539842444  0.007539842444  0.008552673487  0.009058068940  0.007539842444  0.005018282949  0.007035344353  0.007035344353  0.000000000000  

