30
cardinalis_cardinalis_ku21828 0.000000000000  0.000000000000  0.010587031797  0.005524908891  0.005524908891  0.005524908891  0.005524908891  0.005524908891  0.007039989116  0.007546664650  0.007039989116  0.007042531480  0.007042531480  0.011606882250  0.011606882250  0.005524908891  0.005524908891  0.005524908891  0.008561658340  0.005524908891  0.008051186028  0.005524908891  0.006030238455  0.006030238455  0.006030238455  0.006030238455  0.007544253919  0.007544253919  0.007544253919  0.006533859548  
cardinalis_cardinalis_ku25393 0.000000000000  0.000000000000  0.010587031797  0.005524908891  0.005524908891  0.005524908891  0.005524908891  0.005524908891  0.007039989116  0.007546664650  0.007039989116  0.007042531480  0.007042531480  0.011606882250  0.011606882250  0.005524908891  0.005524908891  0.005524908891  0.008561658340  0.005524908891  0.008051186028  0.005524908891  0.006030238455  0.006030238455  0.006030238455  0.006030238455  0.007544253919  0.007544253919  0.007544253919  0.006533859548  
piranga_rubra_sdsu2635 0.010587031797  0.010587031797  0.000000000000  0.008048907331  0.008048907331  0.008048907331  0.008048907331  0.008048907331  0.009569390903  0.010077935753  0.009569390903  0.009572120115  0.009572120115  0.014152652185  0.014152652185  0.008048907331  0.008048907331  0.008048907331  0.011096680229  0.008048907331  0.010584142111  0.008048907331  0.008556096274  0.008556096274  0.008556096274  0.008556096274  0.010075338789  0.010075338789  0.010075338789  0.009061396052  
piranga_lutea_lsu5400 0.005524908891  0.005524908891  0.008048907331  0.000000000000  0.000000000000  0.000000000000  0.000000000000  0.000000000000  0.001501758292  0.002003343703  0.001501758292  0.001502400230  0.001502400230  0.006028274771  0.006028274771  0.000000000000  0.000000000000  0.000000000000  0.003008124279  0.000000000000  0.002504671368  0.000000000000  0.000500266313  0.000500266313  0.000500266313  0.000500266313  0.002002834513  0.002002834513  0.002002834513  0.001000707938  
piranga_ludoviciana_sdsu2648 0.005524908891  0.005524908891  0.008048907331  0.000000000000  0.000000000000  0.000000000000  0.000000000000  0.000000000000  0.001501758292  0.002003343703  0.001501758292  0.001502400230  0.001502400230  0.006028274771  0.006028274771  0.000000000000  0.000000000000  0.000000000000  0.003008124279  0.000000000000  0.002504671368  0.000000000000  0.000500266313  0.000500266313  0.000500266313  0.000500266313  0.002002834513  0.002002834513  0.002002834513  0.001000707938  
piranga_hepatica_ku4970 0.005524908891  0.005524908891  0.008048907331  0.000000000000  0.000000000000  0.000000000000  0.000000000000  0.000000000000  0.001501758292  0.002003343703  0.001501758292  0.001502400230  0.001502400230  0.006028274771  0.006028274771  0.000000000000  0.000000000000  0.000000000000  0.003008124279  0.000000000000  0.002504671368  0.000000000000  0.000500266313  0.000500266313  0.000500266313  0.000500266313  0.002002834513  0.002002834513  0.002002834513  0.001000707938  
piranga_ludoviciana_sdsu2385 0.005524908891  0.005524908891  0.008048907331  0.000000000000  0.000000000000  0.000000000000  0.000000000000  0.000000000000  0.001501758292  0.002003343703  0.001501758292  0.001502400230  0.001502400230  0.006028274771  0.006028274771  0.000000000000  0.000000000000  0.000000000000  0.003008124279  0.000000000000  0.002504671368  0.000000000000  0.000500266313  0.000500266313  0.000500266313  0.000500266313  0.002002834513  0.002002834513  0.002002834513  0.001000707938  
piranga_rubra_sdsu2654 0.005524908891  0.005524908891  0.008048907331  0.000000000000  0.000000000000  0.000000000000  0.000000000000  0.000000000000  0.001501758292  0.002003343703  0.001501758292  0.001502400230  0.001502400230  0.006028274771  0.006028274771  0.000000000000  0.000000000000  0.000000000000  0.003008124279  0.000000000000  0.002504671368  0.000000000000  0.000500266313  0.000500266313  0.000500266313  0.000500266313  0.002002834513  0.002002834513  0.002002834513  0.001000707938  
piranga_hepatica_ku9084 0.007039989116  0.007039989116  0.009569390903  0.001501758292  0.001501758292  0.001501758292  0.001501758292  0.001501758292  0.000000000000  0.000500266313  0.000000000000  0.003008124279  0.003008124279  0.007544253919  0.007544253919  0.001501758292  0.001501758292  0.001501758292  0.004517397700  0.001501758292  0.004012173967  0.001501758292  0.002003343703  0.002003343703  0.002003343703  0.002003343703  0.003509009707  0.003509009707  0.003509009707  0.002504671368  
piranga_roseogularis_ku2141 0.007546664650  0.007546664650  0.010077935753  0.002003343703  0.002003343703  0.002003343703  0.002003343703  0.002003343703  0.000500266313  0.000000000000  0.000500266313  0.003511321743  0.003511321743  0.008051186028  0.008051186028  0.002003343703  0.002003343703  0.002003343703  0.005021929785  0.002003343703  0.004515877811  0.002003343703  0.002505465316  0.002505465316  0.002505465316  0.002505465316  0.004012173967  0.004012173967  0.004012173967  0.003007044963  
piranga_rubra_ku7046 0.007039989116  0.007039989116  0.009569390903  0.001501758292  0.001501758292  0.001501758292  0.001501758292  0.001501758292  0.000000000000  0.000500266313  0.000000000000  0.003008124279  0.003008124279  0.007544253919  0.007544253919  0.001501758292  0.001501758292  0.001501758292  0.004517397700  0.001501758292  0.004012173967  0.001501758292  0.002003343703  0.002003343703  0.002003343703  0.002003343703  0.003509009707  0.003509009707  0.003509009707  0.002504671368  
piranga_flava_ku90809 0.007042531480  0.007042531480  0.009572120115  0.001502400230  0.001502400230  0.001502400230  0.001502400230  0.001502400230  0.003008124279  0.003511321743  0.003008124279  0.000000000000  0.000000000000  0.007546664650  0.007546664650  0.001502400230  0.001502400230  0.001502400230  0.004519336796  0.001502400230  0.004013406974  0.001502400230  0.002004270114  0.002004270114  0.002004270114  0.002004270114  0.003509956448  0.003509956448  0.003509956448  0.002505465316  
piranga_lutea_ku89864 0.007042531480  0.007042531480  0.009572120115  0.001502400230  0.001502400230  0.001502400230  0.001502400230  0.001502400230  0.003008124279  0.003511321743  0.003008124279  0.000000000000  0.000000000000  0.007546664650  0.007546664650  0.001502400230  0.001502400230  0.001502400230  0.004519336796  0.001502400230  0.004013406974  0.001502400230  0.002004270114  0.002004270114  0.002004270114  0.002004270114  0.003509956448  0.003509956448  0.003509956448  0.002505465316  
piranga_rubriceps_lsu265 0.011606882250  0.011606882250  0.014152652185  0.006028274771  0.006028274771  0.006028274771  0.006028274771  0.006028274771  0.007544253919  0.008051186028  0.007544253919  0.007546664650  0.007546664650  0.000000000000  0.000000000000  0.006028274771  0.006028274771  0.006028274771  0.009066694532  0.006028274771  0.008556096274  0.006028274771  0.006533859548  0.006533859548  0.006533859548  0.006533859548  0.008048907331  0.008048907331  0.008048907331  0.007037868329  
piranga_rubriceps_lsu34818 0.011606882250  0.011606882250  0.014152652185  0.006028274771  0.006028274771  0.006028274771  0.006028274771  0.006028274771  0.007544253919  0.008051186028  0.007544253919  0.007546664650  0.007546664650  0.000000000000  0.000000000000  0.006028274771  0.006028274771  0.006028274771  0.009066694532  0.006028274771  0.008556096274  0.006028274771  0.006533859548  0.006533859548  0.006533859548  0.006533859548  0.008048907331  0.008048907331  0.008048907331  0.007037868329  
piranga_olivacea_ku4672 0.005524908891  0.005524908891  0.008048907331  0.000000000000  0.000000000000  0.000000000000  0.000000000000  0.000000000000  0.001501758292  0.002003343703  0.001501758292  0.001502400230  0.001502400230  0.006028274771  0.006028274771  0.000000000000  0.000000000000  0.000000000000  0.003008124279  0.000000000000  0.002504671368  0.000000000000  0.000500266313  0.000500266313  0.000500266313  0.000500266313  0.002002834513  0.002002834513  0.002002834513  0.001000707938  
piranga_flava_lsu15408 0.005524908891  0.005524908891  0.008048907331  0.000000000000  0.000000000000  0.000000000000  0.000000000000  0.000000000000  0.001501758292  0.002003343703  0.001501758292  0.001502400230  0.001502400230  0.006028274771  0.006028274771  0.000000000000  0.000000000000  0.000000000000  0.003008124279  0.000000000000  0.002504671368  0.000000000000  0.000500266313  0.000500266313  0.000500266313  0.000500266313  0.002002834513  0.002002834513  0.002002834513  0.001000707938  
piranga_roseogularis_ku2049 0.005524908891  0.005524908891  0.008048907331  0.000000000000  0.000000000000  0.000000000000  0.000000000000  0.000000000000  0.001501758292  0.002003343703  0.001501758292  0.001502400230  0.001502400230  0.006028274771  0.006028274771  0.000000000000  0.000000000000  0.000000000000  0.003008124279  0.000000000000  0.002504671368  0.000000000000  0.000500266313  0.000500266313  0.000500266313  0.000500266313  0.002002834513  0.002002834513  0.002002834513  0.001000707938  
piranga_erythrocephala_fmnh343371 0.008561658340  0.008561658340  0.011096680229  0.003008124279  0.003008124279  0.003008124279  0.003008124279  0.003008124279  0.004517397700  0.005021929785  0.004517397700  0.004519336796  0.004519336796  0.009066694532  0.009066694532  0.003008124279  0.003008124279  0.003008124279  0.000000000000  0.003008124279  0.005524908891  0.003008124279  0.003511321743  0.003511321743  0.003511321743  0.003511321743  0.005020122398  0.005020122398  0.005020122398  0.004013406974  
piranga_erythrocephala_fmnh343370 0.005524908891  0.005524908891  0.008048907331  0.000000000000  0.000000000000  0.000000000000  0.000000000000  0.000000000000  0.001501758292  0.002003343703  0.001501758292  0.001502400230  0.001502400230  0.006028274771  0.006028274771  0.000000000000  0.000000000000  0.000000000000  0.003008124279  0.000000000000  0.002504671368  0.000000000000  0.000500266313  0.000500266313  0.000500266313  0.000500266313  0.002002834513  0.002002834513  0.002002834513  0.001000707938  
piranga_ludoviciana_sdsu2208 0.008051186028  0.008051186028  0.010584142111  0.002504671368  0.002504671368  0.002504671368  0.002504671368  0.002504671368  0.004012173967  0.004515877811  0.004012173967  0.004013406974  0.004013406974  0.008556096274  0.008556096274  0.002504671368  0.002504671368  0.002504671368  0.005524908891  0.002504671368  0.000000000000  0.002504671368  0.003007044963  0.003007044963  0.003007044963  0.003007044963  0.004514777492  0.004514777492  0.004514777492  0.003509009707  
piranga_ludoviciana_sdsu2650 0.005524908891  0.005524908891  0.008048907331  0.000000000000  0.000000000000  0.000000000000  0.000000000000  0.000000000000  0.001501758292  0.002003343703  0.001501758292  0.001502400230  0.001502400230  0.006028274771  0.006028274771  0.000000000000  0.000000000000  0.000000000000  0.003008124279  0.000000000000  0.002504671368  0.000000000000  0.000500266313  0.000500266313  0.000500266313  0.000500266313  0.002002834513  0.002002834513  0.002002834513  0.001000707938  
piranga_leucoptera_fmnh481795 0.006030238455  0.006030238455  0.008556096274  0.000500266313  0.000500266313  0.000500266313  0.000500266313  0.000500266313  0.002003343703  0.002505465316  0.002003343703  0.002004270114  0.002004270114  0.006533859548  0.006533859548  0.000500266313  0.000500266313  0.000500266313  0.003511321743  0.000500266313  0.003007044963  0.000500266313  0.000000000000  0.000000000000  0.000000000000  0.000000000000  0.002504671368  0.002504671368  0.002504671368  0.001501758292  
piranga_leucoptera_lsu7783 0.006030238455  0.006030238455  0.008556096274  0.000500266313  0.000500266313  0.000500266313  0.000500266313  0.000500266313  0.002003343703  0.002505465316  0.002003343703  0.002004270114  0.002004270114  0.006533859548  0.006533859548  0.000500266313  0.000500266313  0.000500266313  0.003511321743  0.000500266313  0.003007044963  0.000500266313  0.000000000000  0.000000000000  0.000000000000  0.000000000000  0.002504671368  0.002504671368  0.002504671368  0.001501758292  
piranga_bidentata_tepe59 0.006030238455  0.006030238455  0.008556096274  0.000500266313  0.000500266313  0.000500266313  0.000500266313  0.000500266313  0.002003343703  0.002505465316  0.002003343703  0.002004270114  0.002004270114  0.006533859548  0.006533859548  0.000500266313  0.000500266313  0.000500266313  0.003511321743  0.000500266313  0.003007044963  0.000500266313  0.000000000000  0.000000000000  0.000000000000  0.000000000000  0.002504671368  0.002504671368  0.002504671368  0.001501758292  
piranga_olivacea_ku2699 0.006030238455  0.006030238455  0.008556096274  0.000500266313  0.000500266313  0.000500266313  0.000500266313  0.000500266313  0.002003343703  0.002505465316  0.002003343703  0.002004270114  0.002004270114  0.006533859548  0.006533859548  0.000500266313  0.000500266313  0.000500266313  0.003511321743  0.000500266313  0.003007044963  0.000500266313  0.000000000000  0.000000000000  0.000000000000  0.000000000000  0.002504671368  0.002504671368  0.002504671368  0.001501758292  
piranga_bidentata_hgoslp104 0.007544253919  0.007544253919  0.010075338789  0.002002834513  0.002002834513  0.002002834513  0.002002834513  0.002002834513  0.003509009707  0.004012173967  0.003509009707  0.003509956448  0.003509956448  0.008048907331  0.008048907331  0.002002834513  0.002002834513  0.002002834513  0.005020122398  0.002002834513  0.004514777492  0.002002834513  0.002504671368  0.002504671368  0.002504671368  0.002504671368  0.000000000000  0.000000000000  0.000000000000  0.003006383877  
piranga_bidentata_itm141 0.007544253919  0.007544253919  0.010075338789  0.002002834513  0.002002834513  0.002002834513  0.002002834513  0.002002834513  0.003509009707  0.004012173967  0.003509009707  0.003509956448  0.003509956448  0.008048907331  0.008048907331  0.002002834513  0.002002834513  0.002002834513  0.005020122398  0.002002834513  0.004514777492  0.002002834513  0.002504671368  0.002504671368  0.002504671368  0.002504671368  0.000000000000  0.000000000000  0.000000000000  0.003006383877  
piranga_bidentata_itm160 0.007544253919  0.007544253919  0.010075338789  0.002002834513  0.002002834513  0.002002834513  0.002002834513  0.002002834513  0.003509009707  0.004012173967  0.003509009707  0.003509956448  0.003509956448  0.008048907331  0.008048907331  0.002002834513  0.002002834513  0.002002834513  0.005020122398  0.002002834513  0.004514777492  0.002002834513  0.002504671368  0.002504671368  0.002504671368  0.002504671368  0.000000000000  0.000000000000  0.000000000000  0.003006383877  
piranga_rubra_ku26592 0.006533859548  0.006533859548  0.009061396052  0.001000707938  0.001000707938  0.001000707938  0.001000707938  0.001000707938  0.002504671368  0.003007044963  0.002504671368  0.002505465316  0.002505465316  0.007037868329  0.007037868329  0.001000707938  0.001000707938  0.001000707938  0.004013406974  0.001000707938  0.003509009707  0.001000707938  0.001501758292  0.001501758292  0.001501758292  0.001501758292  0.003006383877  0.003006383877  0.003006383877  0.000000000000  

