30
cardinalis_cardinalis_ku21828 0.000000000000  0.000000000000  0.003510037966  0.007042926771  0.003510037966  0.002004322763  0.002004322763  0.003008205137  0.002004322763  0.002004322763  0.002004322763  0.007045966663  0.006539181265  0.002004322763  0.002004322763  0.002004322763  0.002004322763  0.006035824837  0.005024421647  0.005027134714  0.004521963198  0.004521963198  0.004521963198  0.002004322763  0.002004322763  0.002004322763  0.002004322763  0.002004322763  0.002004322763  0.002004322763  
cardinalis_cardinalis_ku25393 0.000000000000  0.000000000000  0.003510037966  0.007042926771  0.003510037966  0.002004322763  0.002004322763  0.003008205137  0.002004322763  0.002004322763  0.002004322763  0.007045966663  0.006539181265  0.002004322763  0.002004322763  0.002004322763  0.002004322763  0.006035824837  0.005024421647  0.005027134714  0.004521963198  0.004521963198  0.004521963198  0.002004322763  0.002004322763  0.002004322763  0.002004322763  0.002004322763  0.002004322763  0.002004322763  
piranga_roseogularis_ku2141 0.003510037966  0.003510037966  0.000000000000  0.003511438512  0.000000000000  0.001501539835  0.001501539835  0.002504315113  0.001501539835  0.001501539835  0.001501539835  0.006534127050  0.006028487591  0.001501539835  0.001501539835  0.001501539835  0.001501539835  0.005525118170  0.004515997078  0.004517556751  0.004013523896  0.004013523896  0.004013523896  0.001501539835  0.001501539835  0.001501539835  0.001501539835  0.001501539835  0.001501539835  0.001501539835  
piranga_flava_ku90809 0.007042926771  0.007042926771  0.003511438512  0.000000000000  0.003511438512  0.005020283291  0.005020283291  0.006028487591  0.005020283291  0.005020283291  0.005020283291  0.010085145694  0.009575920044  0.005020283291  0.005020283291  0.005020283291  0.005020283291  0.009070622739  0.008054359945  0.008057564516  0.007549968303  0.007549968303  0.007549968303  0.005020283291  0.005020283291  0.005020283291  0.005020283291  0.005020283291  0.005020283291  0.005020283291  
piranga_flava_lsu15408 0.003510037966  0.003510037966  0.000000000000  0.003511438512  0.000000000000  0.001501539835  0.001501539835  0.002504315113  0.001501539835  0.001501539835  0.001501539835  0.006534127050  0.006028487591  0.001501539835  0.001501539835  0.001501539835  0.001501539835  0.005525118170  0.004515997078  0.004517556751  0.004013523896  0.004013523896  0.004013523896  0.001501539835  0.001501539835  0.001501539835  0.001501539835  0.001501539835  0.001501539835  0.001501539835  
piranga_rubriceps_lsu265 0.002004322763  0.002004322763  0.001501539835  0.005020283291  0.001501539835  0.000000000000  0.000000000000  0.001000711773  0.000000000000  0.000000000000  0.000000000000  0.005022137720  0.004517556751  0.000000000000  0.000000000000  0.000000000000  0.000000000000  0.004015218263  0.003008205137  0.003009740264  0.002506759191  0.002506759191  0.002506759191  0.000000000000  0.000000000000  0.000000000000  0.000000000000  0.000000000000  0.000000000000  0.000000000000  
piranga_bidentata_tepe59 0.002004322763  0.002004322763  0.001501539835  0.005020283291  0.001501539835  0.000000000000  0.000000000000  0.001000711773  0.000000000000  0.000000000000  0.000000000000  0.005022137720  0.004517556751  0.000000000000  0.000000000000  0.000000000000  0.000000000000  0.004015218263  0.003008205137  0.003009740264  0.002506759191  0.002506759191  0.002506759191  0.000000000000  0.000000000000  0.000000000000  0.000000000000  0.000000000000  0.000000000000  0.000000000000  
piranga_rubra_ku7046 0.003008205137  0.003008205137  0.002504315113  0.006028487591  0.002504315113  0.001000711773  0.001000711773  0.000000000000  0.001000711773  0.001000711773  0.001000711773  0.006030502909  0.005525118170  0.001000711773  0.001000711773  0.001000711773  0.001000711773  0.005022137720  0.004013523896  0.004015218263  0.003511438512  0.003511438512  0.003511438512  0.001000711773  0.001000711773  0.001000711773  0.001000711773  0.001000711773  0.001000711773  0.001000711773  
piranga_roseogularis_ku2049 0.002004322763  0.002004322763  0.001501539835  0.005020283291  0.001501539835  0.000000000000  0.000000000000  0.001000711773  0.000000000000  0.000000000000  0.000000000000  0.005022137720  0.004517556751  0.000000000000  0.000000000000  0.000000000000  0.000000000000  0.004015218263  0.003008205137  0.003009740264  0.002506759191  0.002506759191  0.002506759191  0.000000000000  0.000000000000  0.000000000000  0.000000000000  0.000000000000  0.000000000000  0.000000000000  
piranga_leucoptera_fmnh481795 0.002004322763  0.002004322763  0.001501539835  0.005020283291  0.001501539835  0.000000000000  0.000000000000  0.001000711773  0.000000000000  0.000000000000  0.000000000000  0.005022137720  0.004517556751  0.000000000000  0.000000000000  0.000000000000  0.000000000000  0.004015218263  0.003008205137  0.003009740264  0.002506759191  0.002506759191  0.002506759191  0.000000000000  0.000000000000  0.000000000000  0.000000000000  0.000000000000  0.000000000000  0.000000000000  
piranga_ludoviciana_sdsu2650 0.002004322763  0.002004322763  0.001501539835  0.005020283291  0.001501539835  0.000000000000  0.000000000000  0.001000711773  0.000000000000  0.000000000000  0.000000000000  0.005022137720  0.004517556751  0.000000000000  0.000000000000  0.000000000000  0.000000000000  0.004015218263  0.003008205137  0.003009740264  0.002506759191  0.002506759191  0.002506759191  0.000000000000  0.000000000000  0.000000000000  0.000000000000  0.000000000000  0.000000000000  0.000000000000  
piranga_hepatica_ku9084 0.007045966663  0.007045966663  0.006534127050  0.010085145694  0.006534127050  0.005022137720  0.005022137720  0.006030502909  0.005022137720  0.005022137720  0.005022137720  0.000000000000  0.005523398547  0.005022137720  0.005022137720  0.005022137720  0.005022137720  0.009074425848  0.008057564516  0.008061201033  0.007553306181  0.007553306181  0.007553306181  0.005022137720  0.005022137720  0.005022137720  0.005022137720  0.005022137720  0.005022137720  0.005022137720  
piranga_ludoviciana_sdsu2208 0.006539181265  0.006539181265  0.006028487591  0.009575920044  0.006028487591  0.004517556751  0.004517556751  0.005525118170  0.004517556751  0.004517556751  0.004517556751  0.005523398547  0.000000000000  0.004517556751  0.004517556751  0.004517556751  0.004517556751  0.008565716624  0.007549968303  0.007553306181  0.007045966663  0.007045966663  0.007045966663  0.004517556751  0.004517556751  0.004517556751  0.004517556751  0.004517556751  0.004517556751  0.004517556751  
piranga_olivacea_ku2699 0.002004322763  0.002004322763  0.001501539835  0.005020283291  0.001501539835  0.000000000000  0.000000000000  0.001000711773  0.000000000000  0.000000000000  0.000000000000  0.005022137720  0.004517556751  0.000000000000  0.000000000000  0.000000000000  0.000000000000  0.004015218263  0.003008205137  0.003009740264  0.002506759191  0.002506759191  0.002506759191  0.000000000000  0.000000000000  0.000000000000  0.000000000000  0.000000000000  0.000000000000  0.000000000000  
piranga_erythrocephala_fmnh343370 0.002004322763  0.002004322763  0.001501539835  0.005020283291  0.001501539835  0.000000000000  0.000000000000  0.001000711773  0.000000000000  0.000000000000  0.000000000000  0.005022137720  0.004517556751  0.000000000000  0.000000000000  0.000000000000  0.000000000000  0.004015218263  0.003008205137  0.003009740264  0.002506759191  0.002506759191  0.002506759191  0.000000000000  0.000000000000  0.000000000000  0.000000000000  0.000000000000  0.000000000000  0.000000000000  
piranga_lutea_lsu5400 0.002004322763  0.002004322763  0.001501539835  0.005020283291  0.001501539835  0.000000000000  0.000000000000  0.001000711773  0.000000000000  0.000000000000  0.000000000000  0.005022137720  0.004517556751  0.000000000000  0.000000000000  0.000000000000  0.000000000000  0.004015218263  0.003008205137  0.003009740264  0.002506759191  0.002506759191  0.002506759191  0.000000000000  0.000000000000  0.000000000000  0.000000000000  0.000000000000  0.000000000000  0.000000000000  
piranga_leucoptera_lsu7783 0.002004322763  0.002004322763  0.001501539835  0.005020283291  0.001501539835  0.000000000000  0.000000000000  0.001000711773  0.000000000000  0.000000000000  0.000000000000  0.005022137720  0.004517556751  0.000000000000  0.000000000000  0.000000000000  0.000000000000  0.004015218263  0.003008205137  0.003009740264  0.002506759191  0.002506759191  0.002506759191  0.000000000000  0.000000000000  0.000000000000  0.000000000000  0.000000000000  0.000000000000  0.000000000000  
piranga_rubriceps_lsu34818 0.006035824837  0.006035824837  0.005525118170  0.009070622739  0.005525118170  0.004015218263  0.004015218263  0.005022137720  0.004015218263  0.004015218263  0.004015218263  0.009074425848  0.008565716624  0.004015218263  0.004015218263  0.004015218263  0.004015218263  0.000000000000  0.007045966663  0.007049437443  0.006542354360  0.006542354360  0.006542354360  0.004015218263  0.004015218263  0.004015218263  0.004015218263  0.004015218263  0.004015218263  0.004015218263  
piranga_erythrocephala_fmnh343371 0.005024421647  0.005024421647  0.004515997078  0.008054359945  0.004515997078  0.003008205137  0.003008205137  0.004013523896  0.003008205137  0.003008205137  0.003008205137  0.008057564516  0.007549968303  0.003008205137  0.003008205137  0.003008205137  0.003008205137  0.007045966663  0.000000000000  0.006035824837  0.005529847667  0.005529847667  0.005529847667  0.003008205137  0.003008205137  0.003008205137  0.003008205137  0.003008205137  0.003008205137  0.003008205137  
piranga_rubra_sdsu2635 0.005027134714  0.005027134714  0.004517556751  0.008057564516  0.004517556751  0.003009740264  0.003009740264  0.004015218263  0.003009740264  0.003009740264  0.003009740264  0.008061201033  0.007553306181  0.003009740264  0.003009740264  0.003009740264  0.003009740264  0.007049437443  0.006035824837  0.000000000000  0.005532856824  0.005532856824  0.005532856824  0.003009740264  0.003009740264  0.003009740264  0.003009740264  0.003009740264  0.003009740264  0.003009740264  
piranga_bidentata_itm160 0.004521963198  0.004521963198  0.004013523896  0.007549968303  0.004013523896  0.002506759191  0.002506759191  0.003511438512  0.002506759191  0.002506759191  0.002506759191  0.007553306181  0.007045966663  0.002506759191  0.002506759191  0.002506759191  0.002506759191  0.006542354360  0.005529847667  0.005532856824  0.000000000000  0.000000000000  0.000000000000  0.002506759191  0.002506759191  0.002506759191  0.002506759191  0.002506759191  0.002506759191  0.002506759191  
piranga_bidentata_hgoslp104 0.004521963198  0.004521963198  0.004013523896  0.007549968303  0.004013523896  0.002506759191  0.002506759191  0.003511438512  0.002506759191  0.002506759191  0.002506759191  0.007553306181  0.007045966663  0.002506759191  0.002506759191  0.002506759191  0.002506759191  0.006542354360  0.005529847667  0.005532856824  0.000000000000  0.000000000000  0.000000000000  0.002506759191  0.002506759191  0.002506759191  0.002506759191  0.002506759191  0.002506759191  0.002506759191  
piranga_bidentata_itm141 0.004521963198  0.004521963198  0.004013523896  0.007549968303  0.004013523896  0.002506759191  0.002506759191  0.003511438512  0.002506759191  0.002506759191  0.002506759191  0.007553306181  0.007045966663  0.002506759191  0.002506759191  0.002506759191  0.002506759191  0.006542354360  0.005529847667  0.005532856824  0.000000000000  0.000000000000  0.000000000000  0.002506759191  0.002506759191  0.002506759191  0.002506759191  0.002506759191  0.002506759191  0.002506759191  
piranga_ludoviciana_sdsu2648 0.002004322763  0.002004322763  0.001501539835  0.005020283291  0.001501539835  0.000000000000  0.000000000000  0.001000711773  0.000000000000  0.000000000000  0.000000000000  0.005022137720  0.004517556751  0.000000000000  0.000000000000  0.000000000000  0.000000000000  0.004015218263  0.003008205137  0.003009740264  0.002506759191  0.002506759191  0.002506759191  0.000000000000  0.000000000000  0.000000000000  0.000000000000  0.000000000000  0.000000000000  0.000000000000  
piranga_lutea_ku89864 0.002004322763  0.002004322763  0.001501539835  0.005020283291  0.001501539835  0.000000000000  0.000000000000  0.001000711773  0.000000000000  0.000000000000  0.000000000000  0.005022137720  0.004517556751  0.000000000000  0.000000000000  0.000000000000  0.000000000000  0.004015218263  0.003008205137  0.003009740264  0.002506759191  0.002506759191  0.002506759191  0.000000000000  0.000000000000  0.000000000000  0.000000000000  0.000000000000  0.000000000000  0.000000000000  
piranga_ludoviciana_sdsu2385 0.002004322763  0.002004322763  0.001501539835  0.005020283291  0.001501539835  0.000000000000  0.000000000000  0.001000711773  0.000000000000  0.000000000000  0.000000000000  0.005022137720  0.004517556751  0.000000000000  0.000000000000  0.000000000000  0.000000000000  0.004015218263  0.003008205137  0.003009740264  0.002506759191  0.002506759191  0.002506759191  0.000000000000  0.000000000000  0.000000000000  0.000000000000  0.000000000000  0.000000000000  0.000000000000  
piranga_hepatica_ku4970 0.002004322763  0.002004322763  0.001501539835  0.005020283291  0.001501539835  0.000000000000  0.000000000000  0.001000711773  0.000000000000  0.000000000000  0.000000000000  0.005022137720  0.004517556751  0.000000000000  0.000000000000  0.000000000000  0.000000000000  0.004015218263  0.003008205137  0.003009740264  0.002506759191  0.002506759191  0.002506759191  0.000000000000  0.000000000000  0.000000000000  0.000000000000  0.000000000000  0.000000000000  0.000000000000  
piranga_rubra_sdsu2654 0.002004322763  0.002004322763  0.001501539835  0.005020283291  0.001501539835  0.000000000000  0.000000000000  0.001000711773  0.000000000000  0.000000000000  0.000000000000  0.005022137720  0.004517556751  0.000000000000  0.000000000000  0.000000000000  0.000000000000  0.004015218263  0.003008205137  0.003009740264  0.002506759191  0.002506759191  0.002506759191  0.000000000000  0.000000000000  0.000000000000  0.000000000000  0.000000000000  0.000000000000  0.000000000000  
piranga_olivacea_ku4672 0.002004322763  0.002004322763  0.001501539835  0.005020283291  0.001501539835  0.000000000000  0.000000000000  0.001000711773  0.000000000000  0.000000000000  0.000000000000  0.005022137720  0.004517556751  0.000000000000  0.000000000000  0.000000000000  0.000000000000  0.004015218263  0.003008205137  0.003009740264  0.002506759191  0.002506759191  0.002506759191  0.000000000000  0.000000000000  0.000000000000  0.000000000000  0.000000000000  0.000000000000  0.000000000000  
piranga_rubra_ku26592 0.002004322763  0.002004322763  0.001501539835  0.005020283291  0.001501539835  0.000000000000  0.000000000000  0.001000711773  0.000000000000  0.000000000000  0.000000000000  0.005022137720  0.004517556751  0.000000000000  0.000000000000  0.000000000000  0.000000000000  0.004015218263  0.003008205137  0.003009740264  0.002506759191  0.002506759191  0.002506759191  0.000000000000  0.000000000000  0.000000000000  0.000000000000  0.000000000000  0.000000000000  0.000000000000  

