30
piranga_rubra_ku26592 0.000000000000  0.003755464404  0.000000000000  0.000000000000  0.000000000000  0.003755464404  0.001905561989  0.003971744295  0.002520292992  0.001872615953  0.000000000000  0.000000000000  0.000000000000  0.003166772259  0.000000000000  0.001873432457  0.000000000000  0.000000000000  0.006507471758  0.001872615953  0.000000000000  0.000000000000  0.001873432457  0.000000000000  0.001873432457  0.000000000000  0.000000000000  0.000000000000  0.001873432457  0.001872615953  
piranga_flava_ku90809 0.003755464404  0.000000000000  0.003755464404  0.003755464404  0.003291868063  0.007545645111  0.005743462500  0.007982339428  0.007607836753  0.005638996682  0.003871788142  0.002802854571  0.003755464404  0.006358194128  0.003755464404  0.001873432457  0.002787230109  0.003755464404  0.010901770466  0.005638996682  0.000000000000  0.003755464404  0.005646175150  0.000000000000  0.005646175150  0.000000000000  0.000000000000  0.003755464404  0.005646175150  0.005638996682  
piranga_ludoviciana_sdsu2385 0.000000000000  0.003755464404  0.000000000000  0.000000000000  0.000000000000  0.003755464404  0.001905561989  0.003971744295  0.002520292992  0.001872615953  0.000000000000  0.000000000000  0.000000000000  0.003166772259  0.000000000000  0.001873432457  0.000000000000  0.000000000000  0.006507471758  0.001872615953  0.000000000000  0.000000000000  0.001873432457  0.000000000000  0.001873432457  0.000000000000  0.000000000000  0.000000000000  0.001873432457  0.001872615953  
piranga_rubriceps_lsu265 0.000000000000  0.003755464404  0.000000000000  0.000000000000  0.000000000000  0.003755464404  0.001905561989  0.003971744295  0.002520292992  0.001872615953  0.000000000000  0.000000000000  0.000000000000  0.003166772259  0.000000000000  0.001873432457  0.000000000000  0.000000000000  0.006507471758  0.001872615953  0.000000000000  0.000000000000  0.001873432457  0.000000000000  0.001873432457  0.000000000000  0.000000000000  0.000000000000  0.001873432457  0.001872615953  
piranga_leucoptera_lsu7783 0.000000000000  0.003291868063  0.000000000000  0.000000000000  0.000000000000  0.000000000000  0.000000000000  0.000000000000  0.003415547605  0.000000000000  0.000000000000  0.000000000000  0.000000000000  0.000000000000  0.000000000000  0.003291868063  0.000000000000  0.000000000000  0.000000000000  0.000000000000  0.000000000000  0.000000000000  0.000000000000  0.000000000000  0.000000000000  0.000000000000  0.000000000000  0.000000000000  0.003291868063  0.000000000000  
cardinalis_cardinalis_ku25393 0.003755464404  0.007545645111  0.003755464404  0.003755464404  0.000000000000  0.000000000000  0.005743462500  0.000000000000  0.002520292992  0.005638996682  0.003871788142  0.002802854571  0.003755464404  0.003166772259  0.003755464404  0.005646175150  0.000000000000  0.003755464404  0.008698734114  0.005638996682  0.000000000000  0.003755464404  0.005646175150  0.000000000000  0.005646175150  0.000000000000  0.000000000000  0.003755464404  0.005646175150  0.005638996682  
piranga_olivacea_ku2699 0.001905561989  0.005743462500  0.001905561989  0.001905561989  0.000000000000  0.005743462500  0.000000000000  0.005972138061  0.002520292992  0.003815900592  0.001931323837  0.000000000000  0.001905561989  0.003166772259  0.001905561989  0.003820021662  0.000000000000  0.001905561989  0.004413819464  0.003815900592  0.000000000000  0.001905561989  0.003820021662  0.000000000000  0.003820021662  0.000000000000  0.000000000000  0.001905561989  0.003820021662  0.003815900592  
cardinalis_cardinalis_ku21828 0.003971744295  0.007982339428  0.003971744295  0.003971744295  0.000000000000  0.000000000000  0.005972138061  0.000000000000  0.002640060453  0.005964106111  0.003971744295  0.002802854571  0.003971744295  0.003166772259  0.003971744295  0.005972138061  0.000000000000  0.003971744295  0.009284274615  0.005964106111  0.000000000000  0.003971744295  0.005972138061  0.000000000000  0.005972138061  0.000000000000  0.000000000000  0.003971744295  0.005972138061  0.005964106111  
piranga_rubra_ku7046 0.002520292992  0.007607836753  0.002520292992  0.002520292992  0.003415547605  0.002520292992  0.002520292992  0.002640060453  0.000000000000  0.005048950893  0.002552457803  0.003060172194  0.002520292992  0.006766945608  0.002520292992  0.005056173903  0.002875388524  0.002520292992  0.002520292992  0.005048950893  0.004448827854  0.002520292992  0.005056173903  0.003626095636  0.002520292992  0.004429123254  0.004677745547  0.002520292992  0.005056173903  0.005048950893  
piranga_bidentata_hgoslp104 0.001872615953  0.005638996682  0.001872615953  0.001872615953  0.000000000000  0.005638996682  0.003815900592  0.005964106111  0.005048950893  0.000000000000  0.001930456090  0.002801026888  0.001872615953  0.006346766716  0.001872615953  0.003751481540  0.000000000000  0.001872615953  0.008691132269  0.000000000000  0.000000000000  0.001872615953  0.003751481540  0.000000000000  0.003751481540  0.000000000000  0.000000000000  0.001872615953  0.003751481540  0.000000000000  
piranga_ludoviciana_sdsu2648 0.000000000000  0.003871788142  0.000000000000  0.000000000000  0.000000000000  0.003871788142  0.001931323837  0.003971744295  0.002552457803  0.001930456090  0.000000000000  0.000000000000  0.000000000000  0.003166772259  0.000000000000  0.001931323837  0.000000000000  0.000000000000  0.006741447879  0.001930456090  0.000000000000  0.000000000000  0.001931323837  0.000000000000  0.001931323837  0.000000000000  0.000000000000  0.000000000000  0.001931323837  0.001930456090  
piranga_roseogularis_ku2049 0.000000000000  0.002802854571  0.000000000000  0.000000000000  0.000000000000  0.002802854571  0.000000000000  0.002802854571  0.003060172194  0.002801026888  0.000000000000  0.000000000000  0.000000000000  0.003166772259  0.000000000000  0.000000000000  0.000000000000  0.000000000000  0.000000000000  0.002801026888  0.000000000000  0.000000000000  0.002802854571  0.000000000000  0.000000000000  0.000000000000  0.000000000000  0.000000000000  0.002802854571  0.002801026888  
piranga_hepatica_ku4970 0.000000000000  0.003755464404  0.000000000000  0.000000000000  0.000000000000  0.003755464404  0.001905561989  0.003971744295  0.002520292992  0.001872615953  0.000000000000  0.000000000000  0.000000000000  0.003166772259  0.000000000000  0.001873432457  0.000000000000  0.000000000000  0.006507471758  0.001872615953  0.000000000000  0.000000000000  0.001873432457  0.000000000000  0.001873432457  0.000000000000  0.000000000000  0.000000000000  0.001873432457  0.001872615953  
piranga_hepatica_ku9084 0.003166772259  0.006358194128  0.003166772259  0.003166772259  0.000000000000  0.003166772259  0.003166772259  0.003166772259  0.006766945608  0.006346766716  0.003166772259  0.003166772259  0.003166772259  0.000000000000  0.003166772259  0.003166772259  0.000000000000  0.003166772259  0.003166772259  0.006346766716  0.004448827854  0.003166772259  0.006358194128  0.003626095636  0.003166772259  0.004429123254  0.004677745547  0.003166772259  0.006358194128  0.006346766716  
piranga_rubra_sdsu2654 0.000000000000  0.003755464404  0.000000000000  0.000000000000  0.000000000000  0.003755464404  0.001905561989  0.003971744295  0.002520292992  0.001872615953  0.000000000000  0.000000000000  0.000000000000  0.003166772259  0.000000000000  0.001873432457  0.000000000000  0.000000000000  0.006507471758  0.001872615953  0.000000000000  0.000000000000  0.001873432457  0.000000000000  0.001873432457  0.000000000000  0.000000000000  0.000000000000  0.001873432457  0.001872615953  
piranga_flava_lsu15408 0.001873432457  0.001873432457  0.001873432457  0.001873432457  0.003291868063  0.005646175150  0.003820021662  0.005972138061  0.005056173903  0.003751481540  0.001931323837  0.000000000000  0.001873432457  0.003166772259  0.001873432457  0.000000000000  0.002787230109  0.001873432457  0.008698734114  0.003751481540  0.000000000000  0.001873432457  0.003755464404  0.000000000000  0.003755464404  0.000000000000  0.000000000000  0.001873432457  0.003755464404  0.003751481540  
piranga_lutea_lsu5400 0.000000000000  0.002787230109  0.000000000000  0.000000000000  0.000000000000  0.000000000000  0.000000000000  0.000000000000  0.002875388524  0.000000000000  0.000000000000  0.000000000000  0.000000000000  0.000000000000  0.000000000000  0.002787230109  0.000000000000  0.000000000000  0.000000000000  0.000000000000  0.000000000000  0.000000000000  0.000000000000  0.000000000000  0.000000000000  0.000000000000  0.000000000000  0.000000000000  0.002787230109  0.000000000000  
piranga_olivacea_ku4672 0.000000000000  0.003755464404  0.000000000000  0.000000000000  0.000000000000  0.003755464404  0.001905561989  0.003971744295  0.002520292992  0.001872615953  0.000000000000  0.000000000000  0.000000000000  0.003166772259  0.000000000000  0.001873432457  0.000000000000  0.000000000000  0.006507471758  0.001872615953  0.000000000000  0.000000000000  0.001873432457  0.000000000000  0.001873432457  0.000000000000  0.000000000000  0.000000000000  0.001873432457  0.001872615953  
piranga_ludoviciana_sdsu2208 0.006507471758  0.010901770466  0.006507471758  0.006507471758  0.000000000000  0.008698734114  0.004413819464  0.009284274615  0.002520292992  0.008691132269  0.006741447879  0.000000000000  0.006507471758  0.003166772259  0.006507471758  0.008698734114  0.000000000000  0.006507471758  0.000000000000  0.008691132269  0.000000000000  0.006507471758  0.008698734114  0.000000000000  0.008698734114  0.000000000000  0.000000000000  0.006507471758  0.008698734114  0.008691132269  
piranga_bidentata_itm160 0.001872615953  0.005638996682  0.001872615953  0.001872615953  0.000000000000  0.005638996682  0.003815900592  0.005964106111  0.005048950893  0.000000000000  0.001930456090  0.002801026888  0.001872615953  0.006346766716  0.001872615953  0.003751481540  0.000000000000  0.001872615953  0.008691132269  0.000000000000  0.000000000000  0.001872615953  0.003751481540  0.000000000000  0.003751481540  0.000000000000  0.000000000000  0.001872615953  0.003751481540  0.000000000000  
piranga_leucoptera_fmnh481795 0.000000000000  0.000000000000  0.000000000000  0.000000000000  0.000000000000  0.000000000000  0.000000000000  0.000000000000  0.004448827854  0.000000000000  0.000000000000  0.000000000000  0.000000000000  0.004448827854  0.000000000000  0.000000000000  0.000000000000  0.000000000000  0.000000000000  0.000000000000  0.000000000000  0.000000000000  0.000000000000  0.000000000000  0.000000000000  0.000000000000  0.000000000000  0.000000000000  0.004448827854  0.000000000000  
piranga_lutea_ku89864 0.000000000000  0.003755464404  0.000000000000  0.000000000000  0.000000000000  0.003755464404  0.001905561989  0.003971744295  0.002520292992  0.001872615953  0.000000000000  0.000000000000  0.000000000000  0.003166772259  0.000000000000  0.001873432457  0.000000000000  0.000000000000  0.006507471758  0.001872615953  0.000000000000  0.000000000000  0.001873432457  0.000000000000  0.001873432457  0.000000000000  0.000000000000  0.000000000000  0.001873432457  0.001872615953  
piranga_rubriceps_lsu34818 0.001873432457  0.005646175150  0.001873432457  0.001873432457  0.000000000000  0.005646175150  0.003820021662  0.005972138061  0.005056173903  0.003751481540  0.001931323837  0.002802854571  0.001873432457  0.006358194128  0.001873432457  0.003755464404  0.000000000000  0.001873432457  0.008698734114  0.003751481540  0.000000000000  0.001873432457  0.000000000000  0.000000000000  0.003755464404  0.000000000000  0.000000000000  0.001873432457  0.003755464404  0.003751481540  
piranga_roseogularis_ku2141 0.000000000000  0.000000000000  0.000000000000  0.000000000000  0.000000000000  0.000000000000  0.000000000000  0.000000000000  0.003626095636  0.000000000000  0.000000000000  0.000000000000  0.000000000000  0.003626095636  0.000000000000  0.000000000000  0.000000000000  0.000000000000  0.000000000000  0.000000000000  0.000000000000  0.000000000000  0.000000000000  0.000000000000  0.000000000000  0.000000000000  0.000000000000  0.000000000000  0.003626095636  0.000000000000  
piranga_erythrocephala_fmnh343371 0.001873432457  0.005646175150  0.001873432457  0.001873432457  0.000000000000  0.005646175150  0.003820021662  0.005972138061  0.002520292992  0.003751481540  0.001931323837  0.000000000000  0.001873432457  0.003166772259  0.001873432457  0.003755464404  0.000000000000  0.001873432457  0.008698734114  0.003751481540  0.000000000000  0.001873432457  0.003755464404  0.000000000000  0.000000000000  0.000000000000  0.000000000000  0.001873432457  0.003755464404  0.003751481540  
piranga_erythrocephala_fmnh343370 0.000000000000  0.000000000000  0.000000000000  0.000000000000  0.000000000000  0.000000000000  0.000000000000  0.000000000000  0.004429123254  0.000000000000  0.000000000000  0.000000000000  0.000000000000  0.004429123254  0.000000000000  0.000000000000  0.000000000000  0.000000000000  0.000000000000  0.000000000000  0.000000000000  0.000000000000  0.000000000000  0.000000000000  0.000000000000  0.000000000000  0.000000000000  0.000000000000  0.004429123254  0.000000000000  
piranga_ludoviciana_sdsu2650 0.000000000000  0.000000000000  0.000000000000  0.000000000000  0.000000000000  0.000000000000  0.000000000000  0.000000000000  0.004677745547  0.000000000000  0.000000000000  0.000000000000  0.000000000000  0.004677745547  0.000000000000  0.000000000000  0.000000000000  0.000000000000  0.000000000000  0.000000000000  0.000000000000  0.000000000000  0.000000000000  0.000000000000  0.000000000000  0.000000000000  0.000000000000  0.000000000000  0.004677745547  0.000000000000  
piranga_bidentata_tepe59 0.000000000000  0.003755464404  0.000000000000  0.000000000000  0.000000000000  0.003755464404  0.001905561989  0.003971744295  0.002520292992  0.001872615953  0.000000000000  0.000000000000  0.000000000000  0.003166772259  0.000000000000  0.001873432457  0.000000000000  0.000000000000  0.006507471758  0.001872615953  0.000000000000  0.000000000000  0.001873432457  0.000000000000  0.001873432457  0.000000000000  0.000000000000  0.000000000000  0.001873432457  0.001872615953  
piranga_rubra_sdsu2635 0.001873432457  0.005646175150  0.001873432457  0.001873432457  0.003291868063  0.005646175150  0.003820021662  0.005972138061  0.005056173903  0.003751481540  0.001931323837  0.002802854571  0.001873432457  0.006358194128  0.001873432457  0.003755464404  0.002787230109  0.001873432457  0.008698734114  0.003751481540  0.004448827854  0.001873432457  0.003755464404  0.003626095636  0.003755464404  0.004429123254  0.004677745547  0.001873432457  0.000000000000  0.003751481540  
piranga_bidentata_itm141 0.001872615953  0.005638996682  0.001872615953  0.001872615953  0.000000000000  0.005638996682  0.003815900592  0.005964106111  0.005048950893  0.000000000000  0.001930456090  0.002801026888  0.001872615953  0.006346766716  0.001872615953  0.003751481540  0.000000000000  0.001872615953  0.008691132269  0.000000000000  0.000000000000  0.001872615953  0.003751481540  0.000000000000  0.003751481540  0.000000000000  0.000000000000  0.001872615953  0.003751481540  0.000000000000  

