30
cardinalis_cardinalis_ku21828 0.000000000000  0.000000000000  0.033340743876  0.033340743876  0.041306051840  0.041844342935  0.035967256800  0.032820336862  0.030753060053  0.034445600653  0.032342441646  0.032342441646  0.037116073588  0.037652055249  0.033925155831  0.034990895312  0.037625137496  0.036046001776  0.036046001776  0.036046001776  0.036046001776  0.034457713358  0.034990895312  0.034990895312  0.034457713358  0.034457713358  0.032840184780  0.032840184780  0.032850812235  0.033913382826  
cardinalis_cardinalis_ku25393 0.000000000000  0.000000000000  0.033340743876  0.033340743876  0.041306051840  0.041844342935  0.035967256800  0.032820336862  0.030753060053  0.034445600653  0.032342441646  0.032342441646  0.037116073588  0.037652055249  0.033925155831  0.034990895312  0.037625137496  0.036046001776  0.036046001776  0.036046001776  0.036046001776  0.034457713358  0.034990895312  0.034990895312  0.034457713358  0.034457713358  0.032840184780  0.032840184780  0.032850812235  0.033913382826  
piranga_erythrocephala_fmnh343371 0.033340743876  0.033340743876  0.000000000000  0.000000000000  0.021360121229  0.021880056001  0.015170061169  0.012112766343  0.014165108567  0.017242589930  0.015707752272  0.015707752272  0.020350413095  0.021895277759  0.017248892484  0.018283115919  0.020854705907  0.019312110263  0.019312110263  0.019312110263  0.019312110263  0.017765710181  0.018283115919  0.018283115919  0.017765710181  0.017765710181  0.016206137673  0.016206137673  0.016211350997  0.017242589930  
piranga_erythrocephala_fmnh343370 0.033340743876  0.033340743876  0.000000000000  0.000000000000  0.021360121229  0.021880056001  0.015170061169  0.012112766343  0.014165108567  0.017242589930  0.015707752272  0.015707752272  0.020350413095  0.021895277759  0.017248892484  0.018283115919  0.020854705907  0.019312110263  0.019312110263  0.019312110263  0.019312110263  0.017765710181  0.018283115919  0.018283115919  0.017765710181  0.017765710181  0.016206137673  0.016206137673  0.016211350997  0.017242589930  
piranga_leucoptera_fmnh481795 0.041306051840  0.041306051840  0.021360121229  0.021360121229  0.000000000000  0.000500275086  0.016197067107  0.013135361164  0.022416457974  0.026061075147  0.023983592225  0.023983592225  0.028693868953  0.030256940833  0.025546013325  0.025546013325  0.028144813731  0.027638921554  0.027638921554  0.027638921554  0.027638921554  0.026071078054  0.026596749753  0.026596749753  0.026071078054  0.026071078054  0.024480129449  0.024480129449  0.024488684626  0.025536340628  
piranga_leucoptera_lsu7783 0.041844342935  0.041844342935  0.021880056001  0.021880056001  0.000500275086  0.000000000000  0.016711441183  0.013647522209  0.022938236207  0.026586415871  0.024507172772  0.024507172772  0.028166089331  0.029727988635  0.026071078054  0.026071078054  0.028671926508  0.028166089331  0.028166089331  0.028166089331  0.028166089331  0.026596749753  0.027123029827  0.027123029827  0.026596749753  0.026596749753  0.025003327463  0.025003327463  0.025012210919  0.026061075147  
piranga_rubriceps_lsu265 0.035967256800  0.035967256800  0.015170061169  0.015170061169  0.016197067107  0.016711441183  0.000000000000  0.003006210320  0.016206137673  0.019809964341  0.017752917971  0.017752917971  0.022408293255  0.023957532710  0.019298299181  0.020335311547  0.022914137536  0.021367179417  0.021367179417  0.021367179417  0.021367179417  0.019816509755  0.020335311547  0.020335311547  0.019816509755  0.019816509755  0.018252935173  0.018252935173  0.018258063646  0.019292075415  
piranga_rubriceps_lsu34818 0.032820336862  0.032820336862  0.012112766343  0.012112766343  0.013135361164  0.013647522209  0.003006210320  0.000000000000  0.013144245639  0.016732661495  0.014684355393  0.014684355393  0.019319696886  0.020862352660  0.016223131979  0.017255647040  0.019823510202  0.018283115919  0.018283115919  0.018283115919  0.018283115919  0.016739096459  0.017255647040  0.017255647040  0.016739096459  0.016739096459  0.015182445388  0.015182445388  0.015187475486  0.016217015882  
piranga_lutea_lsu5400 0.030753060053  0.030753060053  0.014165108567  0.014165108567  0.022416457974  0.022938236207  0.016206137673  0.013144245639  0.000000000000  0.003510189195  0.001502479412  0.001502479412  0.006033529182  0.007547794745  0.003008349050  0.004015497704  0.006534626680  0.005022512323  0.005022512323  0.005022512323  0.005022512323  0.003511644549  0.004015497704  0.004015497704  0.003511644549  0.003511644549  0.002002769994  0.002002769994  0.002002878948  0.003007197101  
piranga_lutea_ku89864 0.034445600653  0.034445600653  0.017242589930  0.017242589930  0.026061075147  0.026586415871  0.019809964341  0.016732661495  0.003510189195  0.000000000000  0.002002878948  0.002002878948  0.006534626680  0.008049895025  0.003509173128  0.006537033307  0.009065223470  0.007547794745  0.007547794745  0.007547794745  0.007547794745  0.006030987804  0.006537033307  0.006537033307  0.006030987804  0.006030987804  0.004514294548  0.004514294548  0.004515037616  0.005523710968  
piranga_hepatica_ku4970 0.032342441646  0.032342441646  0.015707752272  0.015707752272  0.023983592225  0.024507172772  0.017752917971  0.014684355393  0.001502479412  0.002002878948  0.000000000000  0.000000000000  0.004517845568  0.006028887906  0.001501796185  0.004519909752  0.007040928542  0.005527739778  0.005527739778  0.005527739778  0.005527739778  0.004015497704  0.004519909752  0.004519909752  0.004015497704  0.004015497704  0.002504350104  0.002504350104  0.002504760761  0.003510189195  
piranga_flava_ku90809 0.032342441646  0.032342441646  0.015707752272  0.015707752272  0.023983592225  0.024507172772  0.017752917971  0.014684355393  0.001502479412  0.002002878948  0.000000000000  0.000000000000  0.004517845568  0.006028887906  0.001501796185  0.004519909752  0.007040928542  0.005527739778  0.005527739778  0.005527739778  0.005527739778  0.004015497704  0.004519909752  0.004519909752  0.004015497704  0.004015497704  0.002504350104  0.002504350104  0.002504760761  0.003510189195  
piranga_roseogularis_ku2049 0.037116073588  0.037116073588  0.020350413095  0.020350413095  0.028693868953  0.028166089331  0.022408293255  0.019319696886  0.006033529182  0.006534626680  0.004517845568  0.004517845568  0.000000000000  0.001501550438  0.003008349050  0.009075742597  0.011613507249  0.010090635130  0.010090635130  0.010090635130  0.010090635130  0.008566865623  0.009075742597  0.009075742597  0.008566865623  0.008566865623  0.007038657078  0.007038657078  0.007040928542  0.008055226551  
piranga_roseogularis_ku2141 0.037652055249  0.037652055249  0.021895277759  0.021895277759  0.030256940833  0.029727988635  0.023957532710  0.020862352660  0.007547794745  0.008049895025  0.006028887906  0.006028887906  0.001501550438  0.000000000000  0.004516221407  0.010596473946  0.013139579138  0.011613507249  0.011613507249  0.011613507249  0.011613507249  0.010086506971  0.010596473946  0.010596473946  0.010086506971  0.010086506971  0.008554967620  0.008554967620  0.008557275872  0.009573739087  
piranga_flava_lsu15408 0.033925155831  0.033925155831  0.017248892484  0.017248892484  0.025546013325  0.026071078054  0.019298299181  0.016223131979  0.003008349050  0.003509173128  0.001501796185  0.001501796185  0.003008349050  0.004516221407  0.000000000000  0.006033529182  0.008560028523  0.007043642580  0.007043642580  0.007043642580  0.007043642580  0.005527739778  0.006033529182  0.006033529182  0.005527739778  0.005527739778  0.004011538721  0.004011538721  0.004012418494  0.005020583101  
piranga_olivacea_ku2699 0.034990895312  0.034990895312  0.018283115919  0.018283115919  0.025546013325  0.026071078054  0.020335311547  0.017255647040  0.004015497704  0.006537033307  0.004519909752  0.004519909752  0.009075742597  0.010596473946  0.006033529182  0.000000000000  0.003509173128  0.004015497704  0.004015497704  0.004015497704  0.004015497704  0.002506897397  0.003009939571  0.003009939571  0.002506897397  0.002506897397  0.005019094619  0.005019094619  0.005020583101  0.006030987804  
piranga_olivacea_ku4672 0.037625137496  0.037625137496  0.020854705907  0.020854705907  0.028144813731  0.028671926508  0.022914137536  0.019823510202  0.006534626680  0.009065223470  0.007040928542  0.007040928542  0.011613507249  0.013139579138  0.008560028523  0.003509173128  0.000000000000  0.006534626680  0.006534626680  0.006534626680  0.006534626680  0.005020583101  0.005525504818  0.005525504818  0.005020583101  0.005020583101  0.007541387427  0.007541387427  0.007543079667  0.008557275872  
piranga_ludoviciana_sdsu2385 0.036046001776  0.036046001776  0.019312110263  0.019312110263  0.027638921554  0.028166089331  0.021367179417  0.018283115919  0.005022512323  0.007547794745  0.005527739778  0.005527739778  0.010090635130  0.011613507249  0.007043642580  0.004015497704  0.006534626680  0.000000000000  0.000000000000  0.000000000000  0.000000000000  0.001501796185  0.002003426095  0.002003426095  0.001501796185  0.001501796185  0.006027229839  0.006027229839  0.006028887906  0.007040928542  
piranga_ludoviciana_sdsu2648 0.036046001776  0.036046001776  0.019312110263  0.019312110263  0.027638921554  0.028166089331  0.021367179417  0.018283115919  0.005022512323  0.007547794745  0.005527739778  0.005527739778  0.010090635130  0.011613507249  0.007043642580  0.004015497704  0.006534626680  0.000000000000  0.000000000000  0.000000000000  0.000000000000  0.001501796185  0.002003426095  0.002003426095  0.001501796185  0.001501796185  0.006027229839  0.006027229839  0.006028887906  0.007040928542  
piranga_ludoviciana_sdsu2208 0.036046001776  0.036046001776  0.019312110263  0.019312110263  0.027638921554  0.028166089331  0.021367179417  0.018283115919  0.005022512323  0.007547794745  0.005527739778  0.005527739778  0.010090635130  0.011613507249  0.007043642580  0.004015497704  0.006534626680  0.000000000000  0.000000000000  0.000000000000  0.000000000000  0.001501796185  0.002003426095  0.002003426095  0.001501796185  0.001501796185  0.006027229839  0.006027229839  0.006028887906  0.007040928542  
piranga_ludoviciana_sdsu2650 0.036046001776  0.036046001776  0.019312110263  0.019312110263  0.027638921554  0.028166089331  0.021367179417  0.018283115919  0.005022512323  0.007547794745  0.005527739778  0.005527739778  0.010090635130  0.011613507249  0.007043642580  0.004015497704  0.006534626680  0.000000000000  0.000000000000  0.000000000000  0.000000000000  0.001501796185  0.002003426095  0.002003426095  0.001501796185  0.001501796185  0.006027229839  0.006027229839  0.006028887906  0.007040928542  
piranga_hepatica_ku9084 0.034457713358  0.034457713358  0.017765710181  0.017765710181  0.026071078054  0.026596749753  0.019816509755  0.016739096459  0.003511644549  0.006030987804  0.004015497704  0.004015497704  0.008566865623  0.010086506971  0.005527739778  0.002506897397  0.005020583101  0.001501796185  0.001501796185  0.001501796185  0.001501796185  0.000000000000  0.000500275086  0.000500275086  0.000000000000  0.000000000000  0.004515037616  0.004515037616  0.004516221407  0.005525504818  
piranga_bidentata_tepe59 0.034990895312  0.034990895312  0.018283115919  0.018283115919  0.026596749753  0.027123029827  0.020335311547  0.017255647040  0.004015497704  0.006537033307  0.004519909752  0.004519909752  0.009075742597  0.010596473946  0.006033529182  0.003009939571  0.005525504818  0.002003426095  0.002003426095  0.002003426095  0.002003426095  0.000500275086  0.000000000000  0.000000000000  0.000500275086  0.000500275086  0.005019094619  0.005019094619  0.005020583101  0.006030987804  
piranga_bidentata_hgoslp104 0.034990895312  0.034990895312  0.018283115919  0.018283115919  0.026596749753  0.027123029827  0.020335311547  0.017255647040  0.004015497704  0.006537033307  0.004519909752  0.004519909752  0.009075742597  0.010596473946  0.006033529182  0.003009939571  0.005525504818  0.002003426095  0.002003426095  0.002003426095  0.002003426095  0.000500275086  0.000000000000  0.000000000000  0.000500275086  0.000500275086  0.005019094619  0.005019094619  0.005020583101  0.006030987804  
piranga_bidentata_itm160 0.034457713358  0.034457713358  0.017765710181  0.017765710181  0.026071078054  0.026596749753  0.019816509755  0.016739096459  0.003511644549  0.006030987804  0.004015497704  0.004015497704  0.008566865623  0.010086506971  0.005527739778  0.002506897397  0.005020583101  0.001501796185  0.001501796185  0.001501796185  0.001501796185  0.000000000000  0.000500275086  0.000500275086  0.000000000000  0.000000000000  0.004515037616  0.004515037616  0.004516221407  0.005525504818  
piranga_bidentata_itm141 0.034457713358  0.034457713358  0.017765710181  0.017765710181  0.026071078054  0.026596749753  0.019816509755  0.016739096459  0.003511644549  0.006030987804  0.004015497704  0.004015497704  0.008566865623  0.010086506971  0.005527739778  0.002506897397  0.005020583101  0.001501796185  0.001501796185  0.001501796185  0.001501796185  0.000000000000  0.000500275086  0.000500275086  0.000000000000  0.000000000000  0.004515037616  0.004515037616  0.004516221407  0.005525504818  
piranga_rubra_sdsu2635 0.032840184780  0.032840184780  0.016206137673  0.016206137673  0.024480129449  0.025003327463  0.018252935173  0.015182445388  0.002002769994  0.004514294548  0.002504350104  0.002504350104  0.007038657078  0.008554967620  0.004011538721  0.005019094619  0.007541387427  0.006027229839  0.006027229839  0.006027229839  0.006027229839  0.004515037616  0.005019094619  0.005019094619  0.004515037616  0.004515037616  0.000000000000  0.000000000000  0.001000719023  0.002003426095  
piranga_rubra_sdsu2654 0.032840184780  0.032840184780  0.016206137673  0.016206137673  0.024480129449  0.025003327463  0.018252935173  0.015182445388  0.002002769994  0.004514294548  0.002504350104  0.002504350104  0.007038657078  0.008554967620  0.004011538721  0.005019094619  0.007541387427  0.006027229839  0.006027229839  0.006027229839  0.006027229839  0.004515037616  0.005019094619  0.005019094619  0.004515037616  0.004515037616  0.000000000000  0.000000000000  0.001000719023  0.002003426095  
piranga_rubra_ku7046 0.032850812235  0.032850812235  0.016211350997  0.016211350997  0.024488684626  0.025012210919  0.018258063646  0.015187475486  0.002002878948  0.004515037616  0.002504760761  0.002504760761  0.007040928542  0.008557275872  0.004012418494  0.005020583101  0.007543079667  0.006028887906  0.006028887906  0.006028887906  0.006028887906  0.004516221407  0.005020583101  0.005020583101  0.004516221407  0.004516221407  0.001000719023  0.001000719023  0.000000000000  0.001001101151  
piranga_rubra_ku26592 0.033913382826  0.033913382826  0.017242589930  0.017242589930  0.025536340628  0.026061075147  0.019292075415  0.016217015882  0.003007197101  0.005523710968  0.003510189195  0.003510189195  0.008055226551  0.009573739087  0.005020583101  0.006030987804  0.008557275872  0.007040928542  0.007040928542  0.007040928542  0.007040928542  0.005525504818  0.006030987804  0.006030987804  0.005525504818  0.005525504818  0.002003426095  0.002003426095  0.001001101151  0.000000000000  

