30
piranga_rubra_ku26592 0.000000000000  0.003412136108  0.006670948283  0.018735583606  0.020956159461  0.028091603216  0.004741718077  0.028091603216  0.001131486819  0.006511669464  0.004675212067  0.008029172776  0.004333357111  0.000000000000  0.005423576272  0.003868388804  0.004449033510  0.008925123166  0.005152755253  0.005419894923  0.019827213597  0.006511669464  0.017609958877  0.008861936453  0.017662672405  0.016929996716  0.005393621731  0.006511669464  0.004333357111  0.005419894923  
piranga_flava_ku90809 0.003412136108  0.000000000000  0.004555437672  0.016165364644  0.018487855395  0.027134062680  0.003753686721  0.027134062680  0.002391516877  0.004555437672  0.004683449746  0.003613524321  0.000000000000  0.000000000000  0.004560146074  0.001286845573  0.001167143236  0.006841276830  0.005152755253  0.003412136108  0.017308491964  0.002271980167  0.014989625134  0.004645375742  0.014948070925  0.014075065797  0.005403336349  0.004555437672  0.003415396472  0.003412136108  
piranga_ludoviciana_sdsu2385 0.006670948283  0.004555437672  0.000000000000  0.018047007522  0.020319709072  0.031169806064  0.004877071770  0.031169806064  0.005837531357  0.002215858481  0.000000000000  0.008237034739  0.004439158450  0.000000000000  0.006676198432  0.005164118019  0.004560631633  0.006682548845  0.000000000000  0.001106448174  0.019165234867  0.006670948283  0.016896006117  0.009083305456  0.016853899289  0.018370377808  0.000000000000  0.002215858481  0.005556168923  0.001106448174  
piranga_rubriceps_lsu265 0.018735583606  0.016165364644  0.018047007522  0.000000000000  0.012014109321  0.030403469106  0.018097918676  0.030403469106  0.016165364644  0.018735583606  0.016607641531  0.016241529857  0.016504627853  0.008110990944  0.019885729454  0.015697122470  0.012378163726  0.020349237656  0.015649660667  0.017609958877  0.010907760861  0.018735583606  0.003248948849  0.014521975852  0.012070184498  0.011208704335  0.014564000801  0.018735583606  0.018755627640  0.017609958877  
piranga_leucoptera_lsu7783 0.020956159461  0.018487855395  0.020319709072  0.012014109321  0.000000000000  0.035066386819  0.020525743580  0.035066386819  0.018487855395  0.020956159461  0.020213658792  0.018578813286  0.018717484308  0.006068311381  0.022108574362  0.015678440491  0.016934160398  0.022637642676  0.015649660667  0.019827213597  0.001059554463  0.020956159461  0.012014109321  0.019057793178  0.016519759445  0.014044414102  0.014564000801  0.020956159461  0.020975124902  0.019827213597  
cardinalis_cardinalis_ku25393 0.028091603216  0.027134062680  0.031169806064  0.030403469106  0.035066386819  0.000000000000  0.025787454618  0.000000000000  0.023501940898  0.031563441470  0.027924932091  0.028485307072  0.029252474319  0.012184952043  0.030416606548  0.024027483896  0.024140907276  0.033587594636  0.024471882479  0.030397535641  0.033890409326  0.031563441470  0.030403469106  0.030990863059  0.030517944652  0.028954042930  0.024065340495  0.031563441470  0.029252474319  0.030397535641  
piranga_olivacea_ku2699 0.004741718077  0.003753686721  0.004877071770  0.018097918676  0.020525743580  0.025787454618  0.000000000000  0.025787454618  0.003552326840  0.004749665803  0.003869097252  0.008345054635  0.003553599300  0.000000000000  0.005938948828  0.005164118019  0.004744557758  0.003656232203  0.003432984074  0.003557135987  0.019290416011  0.005934532884  0.016866566539  0.009526809626  0.018151864031  0.018370377808  0.003593351997  0.004749665803  0.004744557758  0.003557135987  
cardinalis_cardinalis_ku21828 0.028091603216  0.027134062680  0.031169806064  0.030403469106  0.035066386819  0.000000000000  0.025787454618  0.000000000000  0.023501940898  0.031563441470  0.027924932091  0.028485307072  0.029252474319  0.012184952043  0.030416606548  0.024027483896  0.024140907276  0.033587594636  0.024471882479  0.030397535641  0.033890409326  0.031563441470  0.030403469106  0.030990863059  0.030517944652  0.028954042930  0.024065340495  0.031563441470  0.029252474319  0.030397535641  
piranga_rubra_ku7046 0.001131486819  0.002391516877  0.005837531357  0.016165364644  0.018487855395  0.023501940898  0.003552326840  0.023501940898  0.000000000000  0.005691346790  0.004928682642  0.006873949132  0.002269402145  0.000000000000  0.004550255527  0.003868388804  0.003408259610  0.007025522437  0.005152755253  0.004547644133  0.017308491964  0.004547644133  0.014989625134  0.007983386184  0.016212583031  0.016929996716  0.005393621731  0.005691346790  0.003408259610  0.004547644133  
piranga_bidentata_hgoslp104 0.006511669464  0.004555437672  0.002215858481  0.018735583606  0.020956159461  0.031563441470  0.004749665803  0.031563441470  0.005691346790  0.000000000000  0.002334854020  0.008029172776  0.004333357111  0.000000000000  0.007612657095  0.005164118019  0.004449033510  0.006682548845  0.001712937087  0.001080155173  0.019827213597  0.006511669464  0.017609958877  0.008861936453  0.017662672405  0.018370377808  0.001792781161  0.000000000000  0.006516671197  0.001080155173  
piranga_ludoviciana_sdsu2648 0.004675212067  0.004683449746  0.000000000000  0.016607641531  0.020213658792  0.027924932091  0.003869097252  0.027924932091  0.004928682642  0.002334854020  0.000000000000  0.007458783880  0.004677972435  0.000000000000  0.005855486545  0.005329244322  0.004813065994  0.007026909412  0.000000000000  0.001165782600  0.018998013371  0.005851194117  0.016607641531  0.007173418588  0.017772577803  0.018768251427  0.000000000000  0.002334854020  0.004677972435  0.001165782600  
piranga_roseogularis_ku2049 0.008029172776  0.003613524321  0.008237034739  0.016241529857  0.018578813286  0.028485307072  0.008345054635  0.028485307072  0.006873949132  0.008029172776  0.007458783880  0.000000000000  0.004573643407  0.002021049420  0.009194048167  0.002585367683  0.005723923963  0.009441252371  0.008642713661  0.006873949132  0.017394009256  0.006873949132  0.015060383208  0.001140520210  0.016295663924  0.014103841900  0.009049423968  0.008029172776  0.008034108394  0.006873949132  
piranga_hepatica_ku4970 0.004333357111  0.000000000000  0.004439158450  0.016504627853  0.018717484308  0.029252474319  0.003553599300  0.029252474319  0.002269402145  0.004333357111  0.004677972435  0.004573643407  0.000000000000  0.000000000000  0.005429152838  0.001286845573  0.001108902060  0.006681295098  0.005152755253  0.003245998621  0.017593259669  0.002161485830  0.015383696671  0.005521646823  0.015426470211  0.014075065797  0.005393621731  0.004333357111  0.004337617055  0.003245998621  
piranga_hepatica_ku9084 0.000000000000  0.000000000000  0.000000000000  0.008110990944  0.006068311381  0.012184952043  0.000000000000  0.012184952043  0.000000000000  0.000000000000  0.000000000000  0.002021049420  0.000000000000  0.000000000000  0.004035651341  0.000000000000  0.000000000000  0.000000000000  0.000000000000  0.000000000000  0.006068311381  0.002011692969  0.010163789297  0.002012913010  0.010131309071  0.010131309071  0.000000000000  0.000000000000  0.002012913010  0.000000000000  
piranga_rubra_sdsu2654 0.005423576272  0.004560146074  0.006676198432  0.019885729454  0.022108574362  0.030416606548  0.005938948828  0.030416606548  0.004550255527  0.007612657095  0.005855486545  0.009194048167  0.005429152838  0.004035651341  0.000000000000  0.005167487828  0.005574424093  0.008927145013  0.008622263945  0.006516671197  0.020975124902  0.007612657095  0.018755627640  0.009989362191  0.018804783558  0.018388125674  0.009027010381  0.007612657095  0.001080155173  0.006516671197  
piranga_flava_lsu15408 0.003868388804  0.001286845573  0.005164118019  0.015697122470  0.015678440491  0.024027483896  0.005164118019  0.024027483896  0.003868388804  0.005164118019  0.005329244322  0.002585367683  0.001286845573  0.000000000000  0.005167487828  0.000000000000  0.002576359393  0.006461553219  0.006877889037  0.003868388804  0.014349468162  0.003868388804  0.014366193189  0.003874093704  0.015649318901  0.015494604808  0.007212750887  0.005164118019  0.003869898409  0.003868388804  
piranga_lutea_lsu5400 0.004449033510  0.001167143236  0.004560631633  0.012378163726  0.016934160398  0.024140907276  0.004744557758  0.024140907276  0.003408259610  0.004449033510  0.004813065994  0.005723923963  0.001108902060  0.000000000000  0.005574424093  0.002576359393  0.000000000000  0.005715396285  0.006883878602  0.003332538269  0.015783706054  0.003332538269  0.011237472665  0.006685815428  0.012410656392  0.012647297432  0.007206333944  0.004449033510  0.004453524238  0.003332538269  
piranga_olivacea_ku4672 0.008925123166  0.006841276830  0.006682548845  0.020349237656  0.022637642676  0.033587594636  0.003656232203  0.033587594636  0.007025522437  0.006682548845  0.007026909412  0.009441252371  0.006681295098  0.000000000000  0.008927145013  0.006461553219  0.005715396285  0.000000000000  0.005152755253  0.005562786201  0.021478475176  0.008925123166  0.019193571209  0.010245751402  0.019161065737  0.019785418331  0.007199768172  0.006682548845  0.007802698625  0.005562786201  
piranga_ludoviciana_sdsu2208 0.005152755253  0.005152755253  0.000000000000  0.015649660667  0.015649660667  0.024471882479  0.003432984074  0.024471882479  0.005152755253  0.001712937087  0.000000000000  0.008642713661  0.005152755253  0.000000000000  0.008622263945  0.006877889037  0.006883878602  0.005152755253  0.000000000000  0.001712937087  0.013881607675  0.006877889037  0.017425289473  0.008612937297  0.019133396134  0.019133396134  0.000000000000  0.001712937087  0.006883878602  0.001712937087  
piranga_bidentata_itm160 0.005419894923  0.003412136108  0.001106448174  0.017609958877  0.019827213597  0.030397535641  0.003557135987  0.030397535641  0.004547644133  0.001080155173  0.001165782600  0.006873949132  0.003245998621  0.000000000000  0.006516671197  0.003868388804  0.003332538269  0.005562786201  0.001712937087  0.000000000000  0.018701334963  0.005419894923  0.016487383382  0.007744892771  0.016537974768  0.016929996716  0.001792781161  0.001080155173  0.005423576272  0.000000000000  
piranga_leucoptera_fmnh481795 0.019827213597  0.017308491964  0.019165234867  0.010907760861  0.001059554463  0.033890409326  0.019290416011  0.033890409326  0.017308491964  0.019827213597  0.018998013371  0.017394009256  0.017593259669  0.006068311381  0.020975124902  0.014349468162  0.015783706054  0.021478475176  0.013881607675  0.018701334963  0.000000000000  0.019827213597  0.010907760861  0.017913115440  0.015399362725  0.012620926792  0.012715595885  0.019827213597  0.019844767157  0.018701334963  
piranga_lutea_ku89864 0.006511669464  0.002271980167  0.006670948283  0.018735583606  0.020956159461  0.031563441470  0.005934532884  0.031563441470  0.004547644133  0.006511669464  0.005851194117  0.006873949132  0.002161485830  0.002011692969  0.007612657095  0.003868388804  0.003332538269  0.008925123166  0.006877889037  0.005419894923  0.019827213597  0.000000000000  0.017609958877  0.007744892771  0.017662672405  0.015494604808  0.007199768172  0.006511669464  0.006516671197  0.005419894923  
piranga_rubriceps_lsu34818 0.017609958877  0.014989625134  0.016896006117  0.003248948849  0.012014109321  0.030403469106  0.016866566539  0.030403469106  0.014989625134  0.017609958877  0.016607641531  0.015060383208  0.015383696671  0.010163789297  0.018755627640  0.014366193189  0.011237472665  0.019193571209  0.017425289473  0.016487383382  0.010907760861  0.017609958877  0.000000000000  0.013386964009  0.010959049613  0.011208704335  0.016420687382  0.017609958877  0.017628599331  0.016487383382  
piranga_roseogularis_ku2141 0.008861936453  0.004645375742  0.009083305456  0.014521975852  0.019057793178  0.030990863059  0.009526809626  0.030990863059  0.007983386184  0.008861936453  0.007173418588  0.001140520210  0.005521646823  0.002012913010  0.009989362191  0.003874093704  0.006685815428  0.010245751402  0.008612937297  0.007744892771  0.017913115440  0.007744892771  0.013386964009  0.000000000000  0.016853899289  0.015494604808  0.009016784441  0.008861936453  0.008867909557  0.007744892771  
piranga_erythrocephala_fmnh343371 0.017662672405  0.014948070925  0.016853899289  0.012070184498  0.016519759445  0.030517944652  0.018151864031  0.030517944652  0.016212583031  0.017662672405  0.017772577803  0.016295663924  0.015426470211  0.010131309071  0.018804783558  0.015649318901  0.012410656392  0.019161065737  0.019133396134  0.016537974768  0.015399362725  0.017662672405  0.010959049613  0.016853899289  0.000000000000  0.000000000000  0.018214485026  0.017662672405  0.017675616222  0.016537974768  
piranga_erythrocephala_fmnh343370 0.016929996716  0.014075065797  0.018370377808  0.011208704335  0.014044414102  0.028954042930  0.018370377808  0.028954042930  0.016929996716  0.018370377808  0.018768251427  0.014103841900  0.014075065797  0.010131309071  0.018388125674  0.015494604808  0.012647297432  0.019785418331  0.019133396134  0.016929996716  0.012620926792  0.015494604808  0.011208704335  0.015494604808  0.000000000000  0.000000000000  0.018214485026  0.018370377808  0.016945445489  0.016929996716  
piranga_ludoviciana_sdsu2650 0.005393621731  0.005403336349  0.000000000000  0.014564000801  0.014564000801  0.024065340495  0.003593351997  0.024065340495  0.005393621731  0.001792781161  0.000000000000  0.009049423968  0.005393621731  0.000000000000  0.009027010381  0.007212750887  0.007206333944  0.007199768172  0.000000000000  0.001792781161  0.012715595885  0.007199768172  0.016420687382  0.009016784441  0.018214485026  0.018214485026  0.000000000000  0.001792781161  0.007206333944  0.001792781161  
piranga_bidentata_tepe59 0.006511669464  0.004555437672  0.002215858481  0.018735583606  0.020956159461  0.031563441470  0.004749665803  0.031563441470  0.005691346790  0.000000000000  0.002334854020  0.008029172776  0.004333357111  0.000000000000  0.007612657095  0.005164118019  0.004449033510  0.006682548845  0.001712937087  0.001080155173  0.019827213597  0.006511669464  0.017609958877  0.008861936453  0.017662672405  0.018370377808  0.001792781161  0.000000000000  0.006516671197  0.001080155173  
piranga_rubra_sdsu2635 0.004333357111  0.003415396472  0.005556168923  0.018755627640  0.020975124902  0.029252474319  0.004744557758  0.029252474319  0.003408259610  0.006516671197  0.004677972435  0.008034108394  0.004337617055  0.002012913010  0.001080155173  0.003869898409  0.004453524238  0.007802698625  0.006883878602  0.005423576272  0.019844767157  0.006516671197  0.017628599331  0.008867909557  0.017675616222  0.016945445489  0.007206333944  0.006516671197  0.000000000000  0.005423576272  
piranga_bidentata_itm141 0.005419894923  0.003412136108  0.001106448174  0.017609958877  0.019827213597  0.030397535641  0.003557135987  0.030397535641  0.004547644133  0.001080155173  0.001165782600  0.006873949132  0.003245998621  0.000000000000  0.006516671197  0.003868388804  0.003332538269  0.005562786201  0.001712937087  0.000000000000  0.018701334963  0.005419894923  0.016487383382  0.007744892771  0.016537974768  0.016929996716  0.001792781161  0.001080155173  0.005423576272  0.000000000000  

