30
piranga_rubra_ku26592 0.000000000000  0.004016903745  0.006644098749  0.007977500831  0.007994505710  0.020336883453  0.007977500831  0.016348834631  0.005308090747  0.005308090747  0.007721461857  0.008076584364  0.004329981918  0.003767215416  0.005315144124  0.004286672126  0.005421598547  0.006644098749  0.008373868897  0.007977500831  0.010679193823  0.005343546086  0.007977500831  0.007193472053  0.007994505710  0.007212869488  0.004453943217  0.005308090747  0.005329307264  0.006639442252  
piranga_flava_ku90809 0.004016903745  0.000000000000  0.005357861199  0.006701737032  0.006715489174  0.019135890221  0.006701737032  0.015109119939  0.004013051491  0.004013051491  0.006167456514  0.006451763473  0.001438954699  0.001879880353  0.004018426899  0.004286672126  0.001353273472  0.005357861199  0.007017081842  0.006701737032  0.009419660046  0.001334778382  0.006701737032  0.007245593681  0.006715489174  0.005399959797  0.004487253348  0.004013051491  0.004029221032  0.005354849618  
piranga_ludoviciana_sdsu2385 0.006644098749  0.005357861199  0.000000000000  0.003975822577  0.003984889719  0.018972636221  0.003975822577  0.014980782856  0.006639442252  0.001322840644  0.004623613111  0.008083483763  0.007230171083  0.007553384984  0.006648270507  0.007157717739  0.006779226260  0.002649368306  0.004173368907  0.003975822577  0.006652939432  0.004006175400  0.003975822577  0.007198940814  0.006660140200  0.003597793770  0.001481593656  0.001322840644  0.006665997638  0.002647273360  
piranga_rubriceps_lsu265 0.007977500831  0.006701737032  0.003975822577  0.000000000000  0.005315144124  0.020336883453  0.005305134978  0.016348834631  0.007973671752  0.002647273360  0.006167456514  0.009706971311  0.008681634286  0.005654408357  0.007984282565  0.008594581697  0.008139842655  0.003975822577  0.005566640080  0.005305134978  0.007988121887  0.005343546086  0.000000000000  0.008644111027  0.007994505710  0.003597793770  0.001481068988  0.002647273360  0.008005589140  0.003974558033  
piranga_leucoptera_lsu7783 0.007994505710  0.006715489174  0.003984889719  0.005315144124  0.000000000000  0.020356831664  0.005315144124  0.016366226134  0.007988121887  0.002652882546  0.004630750100  0.008096573744  0.008701780985  0.007553384984  0.007998771262  0.008614325485  0.008157548188  0.003984889719  0.005580438526  0.005315144124  0.002650782037  0.005356259005  0.005315144124  0.008664083554  0.008003425773  0.003597793770  0.002972224448  0.002652882546  0.008020155425  0.003981098647  
cardinalis_cardinalis_ku25393 0.020336883453  0.019135890221  0.018972636221  0.020336883453  0.020356831664  0.000000000000  0.020336883453  0.004045521403  0.017562459016  0.017592454846  0.018921288208  0.019802523820  0.017673258430  0.021193992271  0.020347130751  0.017492898420  0.020759116886  0.018972636221  0.021372146046  0.020336883453  0.023113727274  0.017712314884  0.020336883453  0.017595507828  0.020356831664  0.020248379657  0.015144099380  0.017592454846  0.020402488519  0.018954513550  
piranga_olivacea_ku2699 0.007977500831  0.006701737032  0.003975822577  0.005305134978  0.005315144124  0.020336883453  0.000000000000  0.016348834631  0.007973671752  0.002647273360  0.006167456514  0.009706971311  0.008681634286  0.009450510801  0.007984282565  0.008594581697  0.008139842655  0.003970560474  0.005566640080  0.005305134978  0.007988121887  0.005343546086  0.005305134978  0.008644111027  0.007994505710  0.005399959797  0.002965184898  0.002647273360  0.008005589140  0.003974558033  
cardinalis_cardinalis_ku21828 0.016348834631  0.015109119939  0.014980782856  0.016348834631  0.016366226134  0.004045521403  0.016348834631  0.000000000000  0.013574511574  0.013599360879  0.015887240018  0.016438754510  0.014829659730  0.017295560840  0.016334092294  0.014677286538  0.016529004270  0.014980782856  0.017186713734  0.016348834631  0.019128189394  0.013692471465  0.016348834631  0.014677286538  0.016366226134  0.016529222243  0.012074378523  0.013599360879  0.016334092294  0.014965220185  
piranga_rubra_ku7046 0.005308090747  0.004013051491  0.006639442252  0.007973671752  0.007988121887  0.017562459016  0.007973671752  0.013574511574  0.000000000000  0.005305134978  0.009271948560  0.009701292404  0.005775622387  0.003767215416  0.005312180478  0.005717829764  0.005415896958  0.006639442252  0.008366863296  0.007973671752  0.010671904383  0.005340550611  0.007973671752  0.008639612346  0.007988121887  0.007212869488  0.005943660512  0.005305134978  0.005326327767  0.006637319123  
piranga_bidentata_hgoslp104 0.005308090747  0.004013051491  0.001322840644  0.002647273360  0.002652882546  0.017592454846  0.002647273360  0.013599360879  0.005305134978  0.000000000000  0.003077412552  0.006456140236  0.005775622387  0.005654408357  0.005312180478  0.005717829764  0.005415896958  0.001322840644  0.002778175848  0.002647273360  0.005315144124  0.002667033235  0.002647273360  0.005750711682  0.005320635256  0.001795497248  0.000000000000  0.000000000000  0.005326327767  0.001322422389  
piranga_ludoviciana_sdsu2648 0.007721461857  0.006167456514  0.004623613111  0.006167456514  0.004630750100  0.018921288208  0.006167456514  0.015887240018  0.009271948560  0.003077412552  0.000000000000  0.008083483763  0.007721461857  0.007553384984  0.007727091493  0.007721461857  0.007842576537  0.004623613111  0.006174853274  0.004623613111  0.006176980689  0.004623613111  0.006167456514  0.009338336216  0.009306999370  0.003597793770  0.001592486385  0.003077412552  0.007751049063  0.003077412552  
piranga_roseogularis_ku2049 0.008076584364  0.006451763473  0.008083483763  0.009706971311  0.008096573744  0.019802523820  0.009706971311  0.016438754510  0.009701292404  0.006456140236  0.008083483763  0.000000000000  0.004832470765  0.005651846213  0.008073437531  0.008076584364  0.008076584364  0.008083483763  0.009716410673  0.008083483763  0.009722701372  0.004834342041  0.009706971311  0.001607231370  0.009732171468  0.009065466385  0.006498093372  0.006456140236  0.008073437531  0.006456140236  
piranga_hepatica_ku4970 0.004329981918  0.001438954699  0.007230171083  0.008681634286  0.008701780985  0.017673258430  0.008681634286  0.014829659730  0.005775622387  0.005775622387  0.007721461857  0.004832470765  0.000000000000  0.000000000000  0.004331751218  0.004329981918  0.002924418146  0.007230171083  0.008689178777  0.007230171083  0.010157807084  0.002879793545  0.008681634286  0.005805632696  0.008701780985  0.007212869488  0.005991918781  0.005775622387  0.004344296890  0.005775622387  
piranga_hepatica_ku9084 0.003767215416  0.001879880353  0.007553384984  0.005654408357  0.007553384984  0.021193992271  0.009450510801  0.017295560840  0.003767215416  0.005654408357  0.007553384984  0.005651846213  0.000000000000  0.000000000000  0.003762978505  0.003767215416  0.003767215416  0.007553384984  0.009459968852  0.007553384984  0.009450510801  0.003762978505  0.005654408357  0.003762978505  0.005654408357  0.005654408357  0.005654408357  0.005654408357  0.003762978505  0.005654408357  
piranga_rubra_sdsu2654 0.005315144124  0.004018426899  0.006648270507  0.007984282565  0.007998771262  0.020347130751  0.007984282565  0.016334092294  0.005312180478  0.005312180478  0.007727091493  0.008073437531  0.004331751218  0.003762978505  0.000000000000  0.004288406282  0.005415896958  0.006648270507  0.006972772250  0.007984282565  0.010686160000  0.005347690556  0.007984282565  0.007190978250  0.007998771262  0.007207403161  0.004452355465  0.005312180478  0.000000000000  0.006646141707  
piranga_flava_lsu15408 0.004286672126  0.004286672126  0.007157717739  0.008594581697  0.008614325485  0.017492898420  0.008594581697  0.014677286538  0.005717829764  0.005717829764  0.007721461857  0.008076584364  0.004329981918  0.003767215416  0.004288406282  0.000000000000  0.005807291878  0.007157717739  0.008601975143  0.007157717739  0.010055660617  0.005717829764  0.008594581697  0.007245593681  0.008614325485  0.007212869488  0.004487253348  0.005717829764  0.004300701780  0.005717829764  
piranga_lutea_lsu5400 0.005421598547  0.001353273472  0.006779226260  0.008139842655  0.008157548188  0.020759116886  0.008139842655  0.016529004270  0.005415896958  0.005415896958  0.007842576537  0.008076584364  0.002924418146  0.003767215416  0.005415896958  0.005807291878  0.000000000000  0.006779226260  0.005685321742  0.005412819633  0.010897405598  0.002700898564  0.008139842655  0.008783307648  0.008157548188  0.007212869488  0.005991918781  0.005415896958  0.005415896958  0.006774377983  
piranga_olivacea_ku4672 0.006644098749  0.005357861199  0.002649368306  0.003975822577  0.003984889719  0.018972636221  0.003970560474  0.014980782856  0.006639442252  0.001322840644  0.004623613111  0.008083483763  0.007230171083  0.007553384984  0.006648270507  0.007157717739  0.006779226260  0.000000000000  0.004173368907  0.003975822577  0.006652939432  0.004006175400  0.003975822577  0.007198940814  0.006660140200  0.003597793770  0.001481593656  0.001322840644  0.006665997638  0.002647273360  
piranga_ludoviciana_sdsu2208 0.008373868897  0.007017081842  0.004173368907  0.005566640080  0.005580438526  0.021372146046  0.005566640080  0.017186713734  0.008366863296  0.002778175848  0.006174853274  0.009716410673  0.008689178777  0.009459968852  0.006972772250  0.008601975143  0.005685321742  0.004173368907  0.000000000000  0.002775872171  0.006977909573  0.005611754940  0.005566640080  0.008651590223  0.008395388006  0.005406941256  0.002967813929  0.002778175848  0.006992274694  0.004169210586  
piranga_bidentata_itm160 0.007977500831  0.006701737032  0.003975822577  0.005305134978  0.005315144124  0.020336883453  0.005305134978  0.016348834631  0.007973671752  0.002647273360  0.004623613111  0.008083483763  0.007230171083  0.007553384984  0.007984282565  0.007157717739  0.005412819633  0.003975822577  0.002775872171  0.000000000000  0.007988121887  0.005343546086  0.005305134978  0.007198940814  0.007994505710  0.003597793770  0.001481593656  0.002647273360  0.008005589140  0.001322840644  
piranga_leucoptera_fmnh481795 0.010679193823  0.009419660046  0.006652939432  0.007988121887  0.002650782037  0.023113727274  0.007988121887  0.019128189394  0.010671904383  0.005315144124  0.006176980689  0.009722701372  0.010157807084  0.009450510801  0.010686160000  0.010055660617  0.010897405598  0.006652939432  0.006977909573  0.007988121887  0.000000000000  0.008048124179  0.007988121887  0.010113777011  0.010689036635  0.005399959797  0.004460565621  0.005315144124  0.010714785799  0.006648270507  
piranga_lutea_ku89864 0.005343546086  0.001334778382  0.004006175400  0.005343546086  0.005356259005  0.017712314884  0.005343546086  0.013692471465  0.005340550611  0.002667033235  0.004623613111  0.004834342041  0.002879793545  0.003762978505  0.005347690556  0.005717829764  0.002700898564  0.004006175400  0.005611754940  0.005343546086  0.008048124179  0.000000000000  0.005343546086  0.005792349769  0.005356259005  0.003597793770  0.002989998399  0.002667033235  0.005362027873  0.004002343704  
piranga_rubriceps_lsu34818 0.007977500831  0.006701737032  0.003975822577  0.000000000000  0.005315144124  0.020336883453  0.005305134978  0.016348834631  0.007973671752  0.002647273360  0.006167456514  0.009706971311  0.008681634286  0.005654408357  0.007984282565  0.008594581697  0.008139842655  0.003975822577  0.005566640080  0.005305134978  0.007988121887  0.005343546086  0.000000000000  0.008644111027  0.007994505710  0.003597793770  0.001481068988  0.002647273360  0.008005589140  0.003974558033  
piranga_roseogularis_ku2141 0.007193472053  0.007245593681  0.007198940814  0.008644111027  0.008664083554  0.017595507828  0.008644111027  0.014677286538  0.008639612346  0.005750711682  0.009338336216  0.001607231370  0.005805632696  0.003762978505  0.007190978250  0.007245593681  0.008783307648  0.007198940814  0.008651590223  0.007198940814  0.010113777011  0.005792349769  0.008644111027  0.000000000000  0.008664083554  0.007222991992  0.005947373079  0.005750711682  0.007190978250  0.005750711682  
piranga_erythrocephala_fmnh343371 0.007994505710  0.006715489174  0.006660140200  0.007994505710  0.008003425773  0.020356831664  0.007994505710  0.016366226134  0.007988121887  0.005320635256  0.009306999370  0.009732171468  0.008701780985  0.005654408357  0.007998771262  0.008614325485  0.008157548188  0.006660140200  0.008395388006  0.007994505710  0.010689036635  0.005356259005  0.007994505710  0.008664083554  0.000000000000  0.003597793770  0.005963127153  0.005320635256  0.008020155425  0.006652939432  
piranga_erythrocephala_fmnh343370 0.007212869488  0.005399959797  0.003597793770  0.003597793770  0.003597793770  0.020248379657  0.005399959797  0.016529222243  0.007212869488  0.001795497248  0.003597793770  0.009065466385  0.007212869488  0.005654408357  0.007207403161  0.007212869488  0.007212869488  0.003597793770  0.005406941256  0.003597793770  0.005399959797  0.003597793770  0.003597793770  0.007222991992  0.003597793770  0.000000000000  0.001815050783  0.001795497248  0.007207403161  0.001795497248  
piranga_ludoviciana_sdsu2650 0.004453943217  0.004487253348  0.001481593656  0.001481068988  0.002972224448  0.015144099380  0.002965184898  0.012074378523  0.005943660512  0.000000000000  0.001592486385  0.006498093372  0.005991918781  0.005654408357  0.004452355465  0.004487253348  0.005991918781  0.001481593656  0.002967813929  0.001481593656  0.004460565621  0.002989998399  0.001481068988  0.005947373079  0.005963127153  0.001815050783  0.000000000000  0.000000000000  0.004452355465  0.000000000000  
piranga_bidentata_tepe59 0.005308090747  0.004013051491  0.001322840644  0.002647273360  0.002652882546  0.017592454846  0.002647273360  0.013599360879  0.005305134978  0.000000000000  0.003077412552  0.006456140236  0.005775622387  0.005654408357  0.005312180478  0.005717829764  0.005415896958  0.001322840644  0.002778175848  0.002647273360  0.005315144124  0.002667033235  0.002647273360  0.005750711682  0.005320635256  0.001795497248  0.000000000000  0.000000000000  0.005326327767  0.001322422389  
piranga_rubra_sdsu2635 0.005329307264  0.004029221032  0.006665997638  0.008005589140  0.008020155425  0.020402488519  0.008005589140  0.016334092294  0.005326327767  0.005326327767  0.007751049063  0.008073437531  0.004344296890  0.003762978505  0.000000000000  0.004300701780  0.005415896958  0.006665997638  0.006992274694  0.008005589140  0.010714785799  0.005362027873  0.008005589140  0.007190978250  0.008020155425  0.007207403161  0.004452355465  0.005326327767  0.000000000000  0.006663857427  
piranga_bidentata_itm141 0.006639442252  0.005354849618  0.002647273360  0.003974558033  0.003981098647  0.018954513550  0.003974558033  0.014965220185  0.006637319123  0.001322422389  0.003077412552  0.006456140236  0.005775622387  0.005654408357  0.006646141707  0.005717829764  0.006774377983  0.002647273360  0.004169210586  0.001322840644  0.006648270507  0.004002343704  0.003974558033  0.005750711682  0.006652939432  0.001795497248  0.000000000000  0.001322422389  0.006663857427  0.000000000000  

