30
cardinalis_cardinalis_ku21828 0.000000000000  0.001501552667  0.007541451253  0.010079727068  0.008049980190  0.007541451253  0.009568441238  0.008046409092  0.008046409092  0.011086377244  0.011086377244  0.012107096165  0.012107096165  0.011597265363  0.011597265363  0.008052435696  0.008052435696  0.009577263658  0.012125134119  0.009577263658  0.009577263658  0.010585974492  0.013640036354  0.011602501958  0.011602501958  0.006027273983  0.006027273983  0.006027273983  0.007543150981  0.006027273983  
cardinalis_cardinalis_ku25393 0.001501552667  0.000000000000  0.009058795470  0.011602501958  0.009568441238  0.009058795470  0.011090087422  0.009564800874  0.009564800874  0.012611151598  0.012611151598  0.013634093247  0.013634093247  0.013123166974  0.013123166974  0.009570934149  0.009570934149  0.011099028492  0.013652343980  0.011099028492  0.011099028492  0.012109802473  0.015170334703  0.013128480365  0.013128480365  0.007541451253  0.007541451253  0.007541451253  0.009060529432  0.007541451253  
piranga_bidentata_hgoslp104 0.007541451253  0.009058795470  0.000000000000  0.006534690961  0.004516250459  0.003006219259  0.005018074209  0.003508472767  0.003508472767  0.006529276353  0.006529276353  0.007540198023  0.007540198023  0.007034551338  0.007034551338  0.005523751886  0.005523751886  0.007041006796  0.009577263658  0.007041006796  0.007041006796  0.008047971204  0.010581088384  0.009060529432  0.009060529432  0.003508609040  0.003508609040  0.003508609040  0.005018074209  0.003508609040  
piranga_rubra_ku7046 0.010079727068  0.011602501958  0.006534690961  0.000000000000  0.004015533905  0.006534690961  0.008560142264  0.007038724459  0.007038724459  0.010074566678  0.010074566678  0.011095598502  0.011095598502  0.010585974492  0.010585974492  0.009071941617  0.009071941617  0.010601133483  0.013155260236  0.010601133483  0.010601133483  0.011609539571  0.014156136658  0.012627915515  0.012627915515  0.007041006796  0.007041006796  0.007041006796  0.008560142264  0.007041006796  
piranga_olivacea_ku4672 0.008049980190  0.009568441238  0.004516250459  0.004015533905  0.000000000000  0.004516250459  0.006534690961  0.005019126134  0.005019126134  0.008046409092  0.008046409092  0.009062711382  0.009062711382  0.008555057491  0.008555057491  0.007043734196  0.007043734196  0.008567013233  0.011112012051  0.008567013233  0.008567013233  0.009573875072  0.012112959776  0.010589091421  0.010589091421  0.005020621621  0.005020621621  0.005020621621  0.006534690961  0.005020621621  
piranga_olivacea_ku2699 0.007541451253  0.009058795470  0.003006219259  0.006534690961  0.004516250459  0.000000000000  0.002003432913  0.000500193803  0.000500193803  0.003508472767  0.003508472767  0.004515061238  0.004515061238  0.004011555954  0.004011555954  0.005523751886  0.005523751886  0.007041006796  0.009577263658  0.007041006796  0.007041006796  0.008047971204  0.010581088384  0.009060529432  0.009060529432  0.003508609040  0.003508609040  0.003508609040  0.005018074209  0.003508609040  
piranga_rubra_sdsu2635 0.009568441238  0.011090087422  0.005018074209  0.008560142264  0.006534690961  0.002003432913  0.000000000000  0.001502486035  0.001502486035  0.004515061238  0.004515061238  0.005525554322  0.005525554322  0.005020621621  0.005020621621  0.007545296851  0.007545296851  0.009068417825  0.011613732878  0.009068417825  0.009068417825  0.010076922499  0.012617500734  0.011092618027  0.011092618027  0.005522393385  0.005522393385  0.005522393385  0.007036887534  0.005522393385  
piranga_bidentata_tepe59 0.008046409092  0.009564800874  0.003508472767  0.007038724459  0.005019126134  0.000500193803  0.001502486035  0.000000000000  0.000000000000  0.003006219259  0.003006219259  0.004012439587  0.004012439587  0.003509187764  0.003509187764  0.006027273983  0.006027273983  0.007545296851  0.010082980033  0.007545296851  0.007545296851  0.008553185807  0.011088007042  0.009566396695  0.009566396695  0.004011115141  0.004011115141  0.004011115141  0.005521479173  0.004011115141  
piranga_bidentata_itm141 0.008046409092  0.009564800874  0.003508472767  0.007038724459  0.005019126134  0.000500193803  0.001502486035  0.000000000000  0.000000000000  0.003006219259  0.003006219259  0.004012439587  0.004012439587  0.003509187764  0.003509187764  0.006027273983  0.006027273983  0.007545296851  0.010082980033  0.007545296851  0.007545296851  0.008553185807  0.011088007042  0.009566396695  0.009566396695  0.004011115141  0.004011115141  0.004011115141  0.005521479173  0.004011115141  
piranga_rubriceps_lsu265 0.011086377244  0.012611151598  0.006529276353  0.010074566678  0.008046409092  0.003508472767  0.004515061238  0.003006219259  0.003006219259  0.000000000000  0.000000000000  0.004012439587  0.004012439587  0.003509187764  0.003509187764  0.009058795470  0.009058795470  0.010583306695  0.013131815426  0.010583306695  0.010583306695  0.011595323337  0.014140835978  0.012612815642  0.012612815642  0.007034052779  0.007034052779  0.007034052779  0.008550785619  0.007034052779  
piranga_rubriceps_lsu34818 0.011086377244  0.012611151598  0.006529276353  0.010074566678  0.008046409092  0.003508472767  0.004515061238  0.003006219259  0.003006219259  0.000000000000  0.000000000000  0.004012439587  0.004012439587  0.003509187764  0.003509187764  0.009058795470  0.009058795470  0.010583306695  0.013131815426  0.010583306695  0.010583306695  0.011595323337  0.014140835978  0.012612815642  0.012612815642  0.007034052779  0.007034052779  0.007034052779  0.008550785619  0.007034052779  
piranga_erythrocephala_fmnh343370 0.012107096165  0.013634093247  0.007540198023  0.011095598502  0.009062711382  0.004515061238  0.005525554322  0.004012439587  0.004012439587  0.004012439587  0.004012439587  0.000000000000  0.000000000000  0.001502486035  0.001502486035  0.010076922499  0.010076922499  0.011605795814  0.014160555862  0.011605795814  0.011605795814  0.012617500734  0.015167095716  0.013636838366  0.013636838366  0.008046409092  0.008046409092  0.008046409092  0.009566396695  0.008046409092  
piranga_erythrocephala_fmnh343371 0.012107096165  0.013634093247  0.007540198023  0.011095598502  0.009062711382  0.004515061238  0.005525554322  0.004012439587  0.004012439587  0.004012439587  0.004012439587  0.000000000000  0.000000000000  0.001502486035  0.001502486035  0.010076922499  0.010076922499  0.011605795814  0.014160555862  0.011605795814  0.011605795814  0.012617500734  0.015167095716  0.013636838366  0.013636838366  0.008046409092  0.008046409092  0.008046409092  0.009566396695  0.008046409092  
piranga_leucoptera_fmnh481795 0.011597265363  0.013123166974  0.007034551338  0.010585974492  0.008555057491  0.004011555954  0.005020621621  0.003509187764  0.003509187764  0.003509187764  0.003509187764  0.001502486035  0.001502486035  0.000000000000  0.000000000000  0.009568441238  0.009568441238  0.011095598502  0.013647789515  0.011095598502  0.011095598502  0.012107096165  0.014654753232  0.013125597429  0.013125597429  0.007540198023  0.007540198023  0.007540198023  0.009058795470  0.007540198023  
piranga_leucoptera_lsu7783 0.011597265363  0.013123166974  0.007034551338  0.010585974492  0.008555057491  0.004011555954  0.005020621621  0.003509187764  0.003509187764  0.003509187764  0.003509187764  0.001502486035  0.001502486035  0.000000000000  0.000000000000  0.009568441238  0.009568441238  0.011095598502  0.013647789515  0.011095598502  0.011095598502  0.012107096165  0.014654753232  0.013125597429  0.013125597429  0.007540198023  0.007540198023  0.007540198023  0.009058795470  0.007540198023  
piranga_hepatica_ku4970 0.008052435696  0.009570934149  0.005523751886  0.009071941617  0.007043734196  0.005523751886  0.007545296851  0.006027273983  0.006027273983  0.009058795470  0.009058795470  0.010076922499  0.010076922499  0.009568441238  0.009568441238  0.000000000000  0.000000000000  0.001502486035  0.004015533905  0.001502486035  0.001502486035  0.002504356306  0.007543150981  0.005523751886  0.005523751886  0.002004422878  0.002004422878  0.002004422878  0.003511671152  0.002004422878  
piranga_ludoviciana_sdsu2648 0.008052435696  0.009570934149  0.005523751886  0.009071941617  0.007043734196  0.005523751886  0.007545296851  0.006027273983  0.006027273983  0.009058795470  0.009058795470  0.010076922499  0.010076922499  0.009568441238  0.009568441238  0.000000000000  0.000000000000  0.001502486035  0.004015533905  0.001502486035  0.001502486035  0.002504356306  0.007543150981  0.005523751886  0.005523751886  0.002004422878  0.002004422878  0.002004422878  0.003511671152  0.002004422878  
piranga_hepatica_ku9084 0.009577263658  0.011099028492  0.007041006796  0.010601133483  0.008567013233  0.007041006796  0.009068417825  0.007545296851  0.007545296851  0.010583306695  0.010583306695  0.011605795814  0.011605795814  0.011095598502  0.011095598502  0.001502486035  0.001502486035  0.000000000000  0.002505621894  0.000000000000  0.000000000000  0.003006493748  0.009065340963  0.007041006796  0.007041006796  0.003513575116  0.003513575116  0.003513575116  0.005024941880  0.003513575116  
piranga_flava_ku90809 0.012125134119  0.013652343980  0.009577263658  0.013155260236  0.011112012051  0.009577263658  0.011613732878  0.010082980033  0.010082980033  0.013131815426  0.013131815426  0.014160555862  0.014160555862  0.013647789515  0.013647789515  0.004015533905  0.004015533905  0.002505621894  0.000000000000  0.002505621894  0.002505621894  0.005523751886  0.011609539571  0.009577263658  0.009577263658  0.006036601485  0.006036601485  0.006036601485  0.007554407803  0.006036601485  
piranga_flava_lsu15408 0.009577263658  0.011099028492  0.007041006796  0.010601133483  0.008567013233  0.007041006796  0.009068417825  0.007545296851  0.007545296851  0.010583306695  0.010583306695  0.011605795814  0.011605795814  0.011095598502  0.011095598502  0.001502486035  0.001502486035  0.000000000000  0.002505621894  0.000000000000  0.000000000000  0.003006493748  0.009065340963  0.007041006796  0.007041006796  0.003513575116  0.003513575116  0.003513575116  0.005024941880  0.003513575116  
piranga_lutea_ku89864 0.009577263658  0.011099028492  0.007041006796  0.010601133483  0.008567013233  0.007041006796  0.009068417825  0.007545296851  0.007545296851  0.010583306695  0.010583306695  0.011605795814  0.011605795814  0.011095598502  0.011095598502  0.001502486035  0.001502486035  0.000000000000  0.002505621894  0.000000000000  0.000000000000  0.003006493748  0.009065340963  0.007041006796  0.007041006796  0.003513575116  0.003513575116  0.003513575116  0.005024941880  0.003513575116  
piranga_lutea_lsu5400 0.010585974492  0.012109802473  0.008047971204  0.011609539571  0.009573875072  0.008047971204  0.010076922499  0.008553185807  0.008553185807  0.011595323337  0.011595323337  0.012617500734  0.012617500734  0.012107096165  0.012107096165  0.002504356306  0.002504356306  0.003006493748  0.005523751886  0.003006493748  0.003006493748  0.000000000000  0.010074566678  0.008047971204  0.008047971204  0.004516250459  0.004516250459  0.004516250459  0.006028939744  0.004516250459  
piranga_rubra_sdsu2654 0.013640036354  0.015170334703  0.010581088384  0.014156136658  0.012112959776  0.010581088384  0.012617500734  0.011088007042  0.011088007042  0.014140835978  0.014140835978  0.015167095716  0.015167095716  0.014654753232  0.014654753232  0.007543150981  0.007543150981  0.009065340963  0.011609539571  0.009065340963  0.009065340963  0.010074566678  0.000000000000  0.011090087422  0.011090087422  0.007543150981  0.007543150981  0.007543150981  0.009062711382  0.007543150981  
piranga_roseogularis_ku2049 0.011602501958  0.013128480365  0.009060529432  0.012627915515  0.010589091421  0.009060529432  0.011092618027  0.009566396695  0.009566396695  0.012612815642  0.012612815642  0.013636838366  0.013636838366  0.013125597429  0.013125597429  0.005523751886  0.005523751886  0.007041006796  0.009577263658  0.007041006796  0.007041006796  0.008047971204  0.011090087422  0.000000000000  0.000000000000  0.005523751886  0.005523751886  0.005523751886  0.007038724459  0.005523751886  
piranga_roseogularis_ku2141 0.011602501958  0.013128480365  0.009060529432  0.012627915515  0.010589091421  0.009060529432  0.011092618027  0.009566396695  0.009566396695  0.012612815642  0.012612815642  0.013636838366  0.013636838366  0.013125597429  0.013125597429  0.005523751886  0.005523751886  0.007041006796  0.009577263658  0.007041006796  0.007041006796  0.008047971204  0.011090087422  0.000000000000  0.000000000000  0.005523751886  0.005523751886  0.005523751886  0.007038724459  0.005523751886  
piranga_bidentata_itm160 0.006027273983  0.007541451253  0.003508609040  0.007041006796  0.005020621621  0.003508609040  0.005522393385  0.004011115141  0.004011115141  0.007034052779  0.007034052779  0.008046409092  0.008046409092  0.007540198023  0.007540198023  0.002004422878  0.002004422878  0.003513575116  0.006036601485  0.003513575116  0.003513575116  0.004516250459  0.007543150981  0.005523751886  0.005523751886  0.000000000000  0.000000000000  0.000000000000  0.001501799389  0.000000000000  
piranga_ludoviciana_sdsu2385 0.006027273983  0.007541451253  0.003508609040  0.007041006796  0.005020621621  0.003508609040  0.005522393385  0.004011115141  0.004011115141  0.007034052779  0.007034052779  0.008046409092  0.008046409092  0.007540198023  0.007540198023  0.002004422878  0.002004422878  0.003513575116  0.006036601485  0.003513575116  0.003513575116  0.004516250459  0.007543150981  0.005523751886  0.005523751886  0.000000000000  0.000000000000  0.000000000000  0.001501799389  0.000000000000  
piranga_ludoviciana_sdsu2650 0.006027273983  0.007541451253  0.003508609040  0.007041006796  0.005020621621  0.003508609040  0.005522393385  0.004011115141  0.004011115141  0.007034052779  0.007034052779  0.008046409092  0.008046409092  0.007540198023  0.007540198023  0.002004422878  0.002004422878  0.003513575116  0.006036601485  0.003513575116  0.003513575116  0.004516250459  0.007543150981  0.005523751886  0.005523751886  0.000000000000  0.000000000000  0.000000000000  0.001501799389  0.000000000000  
piranga_ludoviciana_sdsu2208 0.007543150981  0.009060529432  0.005018074209  0.008560142264  0.006534690961  0.005018074209  0.007036887534  0.005521479173  0.005521479173  0.008550785619  0.008550785619  0.009566396695  0.009566396695  0.009058795470  0.009058795470  0.003511671152  0.003511671152  0.005024941880  0.007554407803  0.005024941880  0.005024941880  0.006028939744  0.009062711382  0.007038724459  0.007038724459  0.001501799389  0.001501799389  0.001501799389  0.000000000000  0.001501799389  
piranga_rubra_ku26592 0.006027273983  0.007541451253  0.003508609040  0.007041006796  0.005020621621  0.003508609040  0.005522393385  0.004011115141  0.004011115141  0.007034052779  0.007034052779  0.008046409092  0.008046409092  0.007540198023  0.007540198023  0.002004422878  0.002004422878  0.003513575116  0.006036601485  0.003513575116  0.003513575116  0.004516250459  0.007543150981  0.005523751886  0.005523751886  0.000000000000  0.000000000000  0.000000000000  0.001501799389  0.000000000000  

