30
cardinalis_cardinalis_ku21828 0.000000000000  0.000000000000  0.005525898131  0.007040869149  0.007040869149  0.009575739513  0.009575739513  0.010594248218  0.012121437124  0.009575739513  0.009061808208  0.007040869149  0.007040869149  0.010075541962  0.007040869149  0.007040869149  0.007040869149  0.007040869149  0.007040869149  0.007040869149  0.007040869149  0.007040869149  0.007040869149  0.007040869149  0.009579319404  0.009579319404  0.007040869149  0.007040869149  0.007040869149  0.007040869149  
cardinalis_cardinalis_ku25393 0.000000000000  0.000000000000  0.005525898131  0.007040869149  0.007040869149  0.009575739513  0.009575739513  0.010594248218  0.012121437124  0.009575739513  0.009061808208  0.007040869149  0.007040869149  0.010075541962  0.007040869149  0.007040869149  0.007040869149  0.007040869149  0.007040869149  0.007040869149  0.007040869149  0.007040869149  0.007040869149  0.007040869149  0.009579319404  0.009579319404  0.007040869149  0.007040869149  0.007040869149  0.007040869149  
piranga_flava_lsu15408 0.005525898131  0.005525898131  0.000000000000  0.001501703065  0.001501703065  0.004012914530  0.004012914530  0.005021055981  0.006534738323  0.004012914530  0.003508331308  0.001501703065  0.001501703065  0.004513835587  0.001501703065  0.001501703065  0.001501703065  0.001501703065  0.001501703065  0.001501703065  0.001501703065  0.001501703065  0.001501703065  0.001501703065  0.004014393317  0.004014393317  0.001501703065  0.001501703065  0.001501703065  0.001501703065  
piranga_roseogularis_ku2049 0.007040869149  0.007040869149  0.001501703065  0.000000000000  0.000000000000  0.002505248288  0.002505248288  0.003510833298  0.005021055981  0.002505248288  0.002002711605  0.000000000000  0.000000000000  0.003006056819  0.000000000000  0.000000000000  0.000000000000  0.000000000000  0.000000000000  0.000000000000  0.000000000000  0.000000000000  0.000000000000  0.000000000000  0.002506337897  0.002506337897  0.000000000000  0.000000000000  0.000000000000  0.000000000000  
piranga_olivacea_ku2699 0.007040869149  0.007040869149  0.001501703065  0.000000000000  0.000000000000  0.002505248288  0.002505248288  0.003510833298  0.005021055981  0.002505248288  0.002002711605  0.000000000000  0.000000000000  0.003006056819  0.000000000000  0.000000000000  0.000000000000  0.000000000000  0.000000000000  0.000000000000  0.000000000000  0.000000000000  0.000000000000  0.000000000000  0.002506337897  0.002506337897  0.000000000000  0.000000000000  0.000000000000  0.000000000000  
piranga_hepatica_ku9084 0.009575739513  0.009575739513  0.004012914530  0.002505248288  0.002505248288  0.000000000000  0.000000000000  0.001001012010  0.002505248288  0.000000000000  0.004514412671  0.002505248288  0.002505248288  0.005521448779  0.002505248288  0.002505248288  0.002505248288  0.002505248288  0.002505248288  0.002505248288  0.002505248288  0.002505248288  0.002505248288  0.002505248288  0.005023053603  0.005023053603  0.002505248288  0.002505248288  0.002505248288  0.002505248288  
piranga_lutea_lsu5400 0.009575739513  0.009575739513  0.004012914530  0.002505248288  0.002505248288  0.000000000000  0.000000000000  0.001001012010  0.002505248288  0.000000000000  0.004514412671  0.002505248288  0.002505248288  0.005521448779  0.002505248288  0.002505248288  0.002505248288  0.002505248288  0.002505248288  0.002505248288  0.002505248288  0.002505248288  0.002505248288  0.002505248288  0.005023053603  0.005023053603  0.002505248288  0.002505248288  0.002505248288  0.002505248288  
piranga_olivacea_ku4672 0.010594248218  0.010594248218  0.005021055981  0.003510833298  0.003510833298  0.001001012010  0.001001012010  0.000000000000  0.003510833298  0.001001012010  0.005522544154  0.003510833298  0.003510833298  0.006531118346  0.003510833298  0.003510833298  0.003510833298  0.003510833298  0.003510833298  0.003510833298  0.003510833298  0.003510833298  0.003510833298  0.003510833298  0.006033774544  0.006033774544  0.003510833298  0.003510833298  0.003510833298  0.003510833298  
piranga_flava_ku90809 0.012121437124  0.012121437124  0.006534738323  0.005021055981  0.005021055981  0.002505248288  0.002505248288  0.003510833298  0.000000000000  0.002505248288  0.007036726896  0.005021055981  0.005021055981  0.008047486013  0.005021055981  0.005021055981  0.005021055981  0.005021055981  0.005021055981  0.005021055981  0.005021055981  0.005021055981  0.005021055981  0.005021055981  0.007550434134  0.007550434134  0.005021055981  0.005021055981  0.005021055981  0.005021055981  
piranga_hepatica_ku4970 0.009575739513  0.009575739513  0.004012914530  0.002505248288  0.002505248288  0.000000000000  0.000000000000  0.001001012010  0.002505248288  0.000000000000  0.004514412671  0.002505248288  0.002505248288  0.005521448779  0.002505248288  0.002505248288  0.002505248288  0.002505248288  0.002505248288  0.002505248288  0.002505248288  0.002505248288  0.002505248288  0.002505248288  0.005023053603  0.005023053603  0.002505248288  0.002505248288  0.002505248288  0.002505248288  
piranga_ludoviciana_sdsu2648 0.009061808208  0.009061808208  0.003508331308  0.002002711605  0.002002711605  0.004514412671  0.004514412671  0.005522544154  0.007036726896  0.004514412671  0.000000000000  0.002002711605  0.002002711605  0.005016878083  0.002002711605  0.002002711605  0.002002711605  0.002002711605  0.002002711605  0.002002711605  0.002002711605  0.002002711605  0.002002711605  0.002002711605  0.004515377091  0.004515377091  0.002002711605  0.002002711605  0.002002711605  0.002002711605  
piranga_bidentata_itm160 0.007040869149  0.007040869149  0.001501703065  0.000000000000  0.000000000000  0.002505248288  0.002505248288  0.003510833298  0.005021055981  0.002505248288  0.002002711605  0.000000000000  0.000000000000  0.003006056819  0.000000000000  0.000000000000  0.000000000000  0.000000000000  0.000000000000  0.000000000000  0.000000000000  0.000000000000  0.000000000000  0.000000000000  0.002506337897  0.002506337897  0.000000000000  0.000000000000  0.000000000000  0.000000000000  
piranga_lutea_ku89864 0.007040869149  0.007040869149  0.001501703065  0.000000000000  0.000000000000  0.002505248288  0.002505248288  0.003510833298  0.005021055981  0.002505248288  0.002002711605  0.000000000000  0.000000000000  0.003006056819  0.000000000000  0.000000000000  0.000000000000  0.000000000000  0.000000000000  0.000000000000  0.000000000000  0.000000000000  0.000000000000  0.000000000000  0.002506337897  0.002506337897  0.000000000000  0.000000000000  0.000000000000  0.000000000000  
piranga_rubriceps_lsu265 0.010075541962  0.010075541962  0.004513835587  0.003006056819  0.003006056819  0.005521448779  0.005521448779  0.006531118346  0.008047486013  0.005521448779  0.005016878083  0.003006056819  0.003006056819  0.000000000000  0.003006056819  0.003006056819  0.003006056819  0.003006056819  0.003006056819  0.003006056819  0.003006056819  0.003006056819  0.003006056819  0.003006056819  0.005522544154  0.005522544154  0.003006056819  0.003006056819  0.003006056819  0.003006056819  
piranga_ludoviciana_sdsu2385 0.007040869149  0.007040869149  0.001501703065  0.000000000000  0.000000000000  0.002505248288  0.002505248288  0.003510833298  0.005021055981  0.002505248288  0.002002711605  0.000000000000  0.000000000000  0.003006056819  0.000000000000  0.000000000000  0.000000000000  0.000000000000  0.000000000000  0.000000000000  0.000000000000  0.000000000000  0.000000000000  0.000000000000  0.002506337897  0.002506337897  0.000000000000  0.000000000000  0.000000000000  0.000000000000  
piranga_ludoviciana_sdsu2650 0.007040869149  0.007040869149  0.001501703065  0.000000000000  0.000000000000  0.002505248288  0.002505248288  0.003510833298  0.005021055981  0.002505248288  0.002002711605  0.000000000000  0.000000000000  0.003006056819  0.000000000000  0.000000000000  0.000000000000  0.000000000000  0.000000000000  0.000000000000  0.000000000000  0.000000000000  0.000000000000  0.000000000000  0.002506337897  0.002506337897  0.000000000000  0.000000000000  0.000000000000  0.000000000000  
piranga_erythrocephala_fmnh343370 0.007040869149  0.007040869149  0.001501703065  0.000000000000  0.000000000000  0.002505248288  0.002505248288  0.003510833298  0.005021055981  0.002505248288  0.002002711605  0.000000000000  0.000000000000  0.003006056819  0.000000000000  0.000000000000  0.000000000000  0.000000000000  0.000000000000  0.000000000000  0.000000000000  0.000000000000  0.000000000000  0.000000000000  0.002506337897  0.002506337897  0.000000000000  0.000000000000  0.000000000000  0.000000000000  
piranga_erythrocephala_fmnh343371 0.007040869149  0.007040869149  0.001501703065  0.000000000000  0.000000000000  0.002505248288  0.002505248288  0.003510833298  0.005021055981  0.002505248288  0.002002711605  0.000000000000  0.000000000000  0.003006056819  0.000000000000  0.000000000000  0.000000000000  0.000000000000  0.000000000000  0.000000000000  0.000000000000  0.000000000000  0.000000000000  0.000000000000  0.002506337897  0.002506337897  0.000000000000  0.000000000000  0.000000000000  0.000000000000  
piranga_leucoptera_lsu7783 0.007040869149  0.007040869149  0.001501703065  0.000000000000  0.000000000000  0.002505248288  0.002505248288  0.003510833298  0.005021055981  0.002505248288  0.002002711605  0.000000000000  0.000000000000  0.003006056819  0.000000000000  0.000000000000  0.000000000000  0.000000000000  0.000000000000  0.000000000000  0.000000000000  0.000000000000  0.000000000000  0.000000000000  0.002506337897  0.002506337897  0.000000000000  0.000000000000  0.000000000000  0.000000000000  
piranga_rubriceps_lsu34818 0.007040869149  0.007040869149  0.001501703065  0.000000000000  0.000000000000  0.002505248288  0.002505248288  0.003510833298  0.005021055981  0.002505248288  0.002002711605  0.000000000000  0.000000000000  0.003006056819  0.000000000000  0.000000000000  0.000000000000  0.000000000000  0.000000000000  0.000000000000  0.000000000000  0.000000000000  0.000000000000  0.000000000000  0.002506337897  0.002506337897  0.000000000000  0.000000000000  0.000000000000  0.000000000000  
piranga_bidentata_itm141 0.007040869149  0.007040869149  0.001501703065  0.000000000000  0.000000000000  0.002505248288  0.002505248288  0.003510833298  0.005021055981  0.002505248288  0.002002711605  0.000000000000  0.000000000000  0.003006056819  0.000000000000  0.000000000000  0.000000000000  0.000000000000  0.000000000000  0.000000000000  0.000000000000  0.000000000000  0.000000000000  0.000000000000  0.002506337897  0.002506337897  0.000000000000  0.000000000000  0.000000000000  0.000000000000  
piranga_roseogularis_ku2141 0.007040869149  0.007040869149  0.001501703065  0.000000000000  0.000000000000  0.002505248288  0.002505248288  0.003510833298  0.005021055981  0.002505248288  0.002002711605  0.000000000000  0.000000000000  0.003006056819  0.000000000000  0.000000000000  0.000000000000  0.000000000000  0.000000000000  0.000000000000  0.000000000000  0.000000000000  0.000000000000  0.000000000000  0.002506337897  0.002506337897  0.000000000000  0.000000000000  0.000000000000  0.000000000000  
piranga_leucoptera_fmnh481795 0.007040869149  0.007040869149  0.001501703065  0.000000000000  0.000000000000  0.002505248288  0.002505248288  0.003510833298  0.005021055981  0.002505248288  0.002002711605  0.000000000000  0.000000000000  0.003006056819  0.000000000000  0.000000000000  0.000000000000  0.000000000000  0.000000000000  0.000000000000  0.000000000000  0.000000000000  0.000000000000  0.000000000000  0.002506337897  0.002506337897  0.000000000000  0.000000000000  0.000000000000  0.000000000000  
piranga_bidentata_hgoslp104 0.007040869149  0.007040869149  0.001501703065  0.000000000000  0.000000000000  0.002505248288  0.002505248288  0.003510833298  0.005021055981  0.002505248288  0.002002711605  0.000000000000  0.000000000000  0.003006056819  0.000000000000  0.000000000000  0.000000000000  0.000000000000  0.000000000000  0.000000000000  0.000000000000  0.000000000000  0.000000000000  0.000000000000  0.002506337897  0.002506337897  0.000000000000  0.000000000000  0.000000000000  0.000000000000  
piranga_rubra_sdsu2635 0.009579319404  0.009579319404  0.004014393317  0.002506337897  0.002506337897  0.005023053603  0.005023053603  0.006033774544  0.007550434134  0.005023053603  0.004515377091  0.002506337897  0.002506337897  0.005522544154  0.002506337897  0.002506337897  0.002506337897  0.002506337897  0.002506337897  0.002506337897  0.002506337897  0.002506337897  0.002506337897  0.002506337897  0.000000000000  0.000000000000  0.002506337897  0.002506337897  0.002506337897  0.002506337897  
piranga_rubra_sdsu2654 0.009579319404  0.009579319404  0.004014393317  0.002506337897  0.002506337897  0.005023053603  0.005023053603  0.006033774544  0.007550434134  0.005023053603  0.004515377091  0.002506337897  0.002506337897  0.005522544154  0.002506337897  0.002506337897  0.002506337897  0.002506337897  0.002506337897  0.002506337897  0.002506337897  0.002506337897  0.002506337897  0.002506337897  0.000000000000  0.000000000000  0.002506337897  0.002506337897  0.002506337897  0.002506337897  
piranga_ludoviciana_sdsu2208 0.007040869149  0.007040869149  0.001501703065  0.000000000000  0.000000000000  0.002505248288  0.002505248288  0.003510833298  0.005021055981  0.002505248288  0.002002711605  0.000000000000  0.000000000000  0.003006056819  0.000000000000  0.000000000000  0.000000000000  0.000000000000  0.000000000000  0.000000000000  0.000000000000  0.000000000000  0.000000000000  0.000000000000  0.002506337897  0.002506337897  0.000000000000  0.000000000000  0.000000000000  0.000000000000  
piranga_rubra_ku7046 0.007040869149  0.007040869149  0.001501703065  0.000000000000  0.000000000000  0.002505248288  0.002505248288  0.003510833298  0.005021055981  0.002505248288  0.002002711605  0.000000000000  0.000000000000  0.003006056819  0.000000000000  0.000000000000  0.000000000000  0.000000000000  0.000000000000  0.000000000000  0.000000000000  0.000000000000  0.000000000000  0.000000000000  0.002506337897  0.002506337897  0.000000000000  0.000000000000  0.000000000000  0.000000000000  
piranga_bidentata_tepe59 0.007040869149  0.007040869149  0.001501703065  0.000000000000  0.000000000000  0.002505248288  0.002505248288  0.003510833298  0.005021055981  0.002505248288  0.002002711605  0.000000000000  0.000000000000  0.003006056819  0.000000000000  0.000000000000  0.000000000000  0.000000000000  0.000000000000  0.000000000000  0.000000000000  0.000000000000  0.000000000000  0.000000000000  0.002506337897  0.002506337897  0.000000000000  0.000000000000  0.000000000000  0.000000000000  
piranga_rubra_ku26592 0.007040869149  0.007040869149  0.001501703065  0.000000000000  0.000000000000  0.002505248288  0.002505248288  0.003510833298  0.005021055981  0.002505248288  0.002002711605  0.000000000000  0.000000000000  0.003006056819  0.000000000000  0.000000000000  0.000000000000  0.000000000000  0.000000000000  0.000000000000  0.000000000000  0.000000000000  0.000000000000  0.000000000000  0.002506337897  0.002506337897  0.000000000000  0.000000000000  0.000000000000  0.000000000000  

