30
piranga_rubra_ku26592 0.000000000000  0.002926476612  0.000000000000  0.017781575615  0.010312936672  0.017872401659  0.000000000000  0.019374727697  0.001786644387  0.005867090690  0.002811295422  0.008424458884  0.004909017769  0.002046210270  0.000000000000  0.001884273861  0.007358215867  0.004392412999  0.000000000000  0.005867090690  0.010374075081  0.001460475189  0.014851985107  0.008189867259  0.007524317027  0.006958671020  0.007465946604  0.004392412999  0.004392412999  0.005875226556  
piranga_flava_ku90809 0.002926476612  0.000000000000  0.000000000000  0.017781575615  0.010312936672  0.017872401659  0.002559455884  0.019374727697  0.003581565994  0.005867090690  0.005643139234  0.008424458884  0.004909017769  0.002046210270  0.002930765040  0.001884273861  0.007358215867  0.004392412999  0.002795576968  0.005867090690  0.010374075081  0.001460475189  0.014851985107  0.008189867259  0.007524317027  0.009306282043  0.007465946604  0.004392412999  0.007347402825  0.005875226556  
piranga_ludoviciana_sdsu2385 0.000000000000  0.000000000000  0.000000000000  0.010274991307  0.002552921770  0.005122777085  0.000000000000  0.005122777085  0.002552921770  0.000000000000  0.000000000000  0.002800891100  0.000000000000  0.000000000000  0.000000000000  0.000000000000  0.005113119935  0.002552921770  0.000000000000  0.000000000000  0.002552921770  0.000000000000  0.007686078402  0.003105309385  0.002552921770  0.007535495161  0.000000000000  0.000000000000  0.007692468843  0.000000000000  
piranga_rubriceps_lsu265 0.017781575615  0.017781575615  0.010274991307  0.000000000000  0.010299438738  0.022373890990  0.012914593657  0.023890395225  0.012641038686  0.014777102353  0.014198231254  0.022156801847  0.018183962615  0.016570121376  0.017807966057  0.015250384586  0.019314495604  0.019285838861  0.011258297863  0.017774757451  0.010360415724  0.016273757434  0.008856810477  0.021521003633  0.010546392386  0.009274373211  0.020750939144  0.016269546686  0.020802836890  0.017781575615  
piranga_leucoptera_lsu7783 0.010312936672  0.010312936672  0.002552921770  0.010299438738  0.000000000000  0.014837051386  0.005135932395  0.016332765238  0.005384841871  0.007347402825  0.005643139234  0.015255592953  0.009852567043  0.008225420739  0.010328153613  0.007579120174  0.011814140651  0.011796718706  0.002795576968  0.010304376694  0.000000000000  0.008823777540  0.007372792112  0.013154638400  0.002993331101  0.002305697787  0.011226698227  0.008817760899  0.014798759029  0.010312936672  
cardinalis_cardinalis_ku25393 0.017872401659  0.017872401659  0.005122777085  0.022373890990  0.014837051386  0.000000000000  0.010342314074  0.001461924620  0.012682291897  0.014857053600  0.011339192790  0.020504916387  0.016584304122  0.014530474524  0.017899064273  0.013365161972  0.019403651353  0.019374727697  0.008427181075  0.014857053600  0.014903395328  0.016351753990  0.019440945019  0.019925984268  0.012127277034  0.011668557914  0.018913797082  0.016332765238  0.022440763335  0.017872401659  
piranga_olivacea_ku2699 0.000000000000  0.002559455884  0.000000000000  0.012914593657  0.005135932395  0.010342314074  0.000000000000  0.010342314074  0.000000000000  0.000000000000  0.002811295422  0.002557352889  0.000000000000  0.000000000000  0.000000000000  0.000000000000  0.002566023532  0.002559455884  0.000000000000  0.002557352889  0.005189236318  0.000000000000  0.015545477884  0.002557352889  0.005135932395  0.007749625407  0.002712173625  0.000000000000  0.005126225546  0.000000000000  
cardinalis_cardinalis_ku21828 0.019374727697  0.019374727697  0.005122777085  0.023890395225  0.016332765238  0.001461924620  0.010342314074  0.000000000000  0.012682291897  0.016351753990  0.011339192790  0.022234527238  0.018257767266  0.016627183186  0.019403651353  0.015292158632  0.020912599420  0.020881401666  0.008427181075  0.016351753990  0.016405852099  0.017850760970  0.020955497646  0.021606178643  0.013651749317  0.011668557914  0.020829163992  0.017832798148  0.023954184005  0.019374727697  
piranga_rubra_ku7046 0.001786644387  0.003581565994  0.002552921770  0.012641038686  0.005384841871  0.012682291897  0.000000000000  0.012682291897  0.000000000000  0.001786644387  0.002811295422  0.005736200911  0.000000000000  0.000000000000  0.001789842204  0.000000000000  0.005386048009  0.005376395387  0.000000000000  0.003576847628  0.005423784129  0.001786644387  0.012641038686  0.004088714828  0.005384841871  0.006958671020  0.002417163083  0.001786644387  0.003576847628  0.001786644387  
piranga_bidentata_hgoslp104 0.005867090690  0.005867090690  0.000000000000  0.014777102353  0.007347402825  0.014857053600  0.000000000000  0.016351753990  0.001786644387  0.000000000000  0.002811295422  0.010118424457  0.004901998764  0.002044866201  0.005875709157  0.001883134131  0.007351112390  0.007340320272  0.000000000000  0.005862521369  0.007390846805  0.004392412999  0.011849139383  0.008181061433  0.004503687002  0.006958671020  0.007458535984  0.004390337831  0.010312936672  0.002923327023  
piranga_ludoviciana_sdsu2648 0.002811295422  0.005643139234  0.000000000000  0.014198231254  0.005643139234  0.011339192790  0.002811295422  0.011339192790  0.002811295422  0.002811295422  0.000000000000  0.005631418780  0.002811295422  0.002851375900  0.002811295422  0.002811295422  0.002811295422  0.005643139234  0.002811295422  0.005631418780  0.005643139234  0.002811295422  0.017095940417  0.005631418780  0.005643139234  0.008495834036  0.000000000000  0.002811295422  0.008474794889  0.002811295422  
piranga_roseogularis_ku2049 0.008424458884  0.008424458884  0.002800891100  0.022156801847  0.015255592953  0.020504916387  0.002557352889  0.022234527238  0.005736200911  0.010118424457  0.005631418780  0.000000000000  0.007158625025  0.008234442248  0.008438677638  0.007579120174  0.010135517754  0.010118424457  0.002785288469  0.008415139605  0.015359746101  0.006725319058  0.020427443104  0.001777119130  0.011829230540  0.011641388458  0.012423079848  0.008401000118  0.013547624571  0.008410287966  
piranga_hepatica_ku4970 0.004909017769  0.004909017769  0.000000000000  0.018183962615  0.009852567043  0.016584304122  0.000000000000  0.018257767266  0.000000000000  0.004901998764  0.002811295422  0.007158625025  0.000000000000  0.000000000000  0.004909017769  0.000000000000  0.003261835118  0.006549135376  0.000000000000  0.004901998764  0.009917712941  0.003265757719  0.014913928712  0.006549135376  0.005033598458  0.006974850018  0.005597073354  0.003261835118  0.008203304497  0.004909017769  
piranga_hepatica_ku9084 0.002046210270  0.002046210270  0.000000000000  0.016570121376  0.008225420739  0.014530474524  0.000000000000  0.016627183186  0.000000000000  0.002044866201  0.002851375900  0.008234442248  0.000000000000  0.000000000000  0.002046210270  0.000000000000  0.000000000000  0.004097090790  0.000000000000  0.002044866201  0.008293640888  0.000000000000  0.014473565655  0.006160243801  0.004097090790  0.004802917154  0.004148076197  0.002044866201  0.006160243801  0.000000000000  
piranga_rubra_sdsu2654 0.000000000000  0.002930765040  0.000000000000  0.017807966057  0.010328153613  0.017899064273  0.000000000000  0.019403651353  0.001789842204  0.005875709157  0.002811295422  0.008438677638  0.004909017769  0.002046210270  0.000000000000  0.001887831059  0.007358215867  0.004398853577  0.000000000000  0.005875709157  0.010389473122  0.001462611299  0.014874077867  0.008203304497  0.007535657478  0.006974850018  0.007479908113  0.004398853577  0.004398853577  0.005883868988  
piranga_flava_lsu15408 0.001884273861  0.001884273861  0.000000000000  0.015250384586  0.007579120174  0.013365161972  0.000000000000  0.015292158632  0.000000000000  0.001883134131  0.002811295422  0.007579120174  0.000000000000  0.000000000000  0.001887831059  0.000000000000  0.003779636233  0.003772506849  0.000000000000  0.001883134131  0.007637003489  0.000000000000  0.013325324359  0.005703484142  0.005671138466  0.006958671020  0.004433105142  0.001883134131  0.005671138466  0.000000000000  
piranga_lutea_lsu5400 0.007358215867  0.007358215867  0.005113119935  0.019314495604  0.011814140651  0.019403651353  0.002566023532  0.020912599420  0.005386048009  0.007351112390  0.002811295422  0.010135517754  0.003261835118  0.000000000000  0.007358215867  0.003779636233  0.000000000000  0.008836773576  0.000000000000  0.007351112390  0.011884346106  0.005875709157  0.016378651685  0.009852567043  0.007528206209  0.009327985304  0.005597073354  0.005871126363  0.011825296698  0.007358215867  
piranga_olivacea_ku4672 0.004392412999  0.004392412999  0.002552921770  0.019285838861  0.011796718706  0.019374727697  0.002559455884  0.020881401666  0.005376395387  0.007340320272  0.005643139234  0.010118424457  0.006549135376  0.004097090790  0.004398853577  0.003772506849  0.008836773576  0.000000000000  0.002795576968  0.007340320272  0.011866716630  0.002923327023  0.016354298447  0.009836414080  0.009036411925  0.011641388458  0.009342904249  0.005862521369  0.008823777540  0.007347402825  
piranga_ludoviciana_sdsu2208 0.000000000000  0.002795576968  0.000000000000  0.011258297863  0.002795576968  0.008427181075  0.000000000000  0.008427181075  0.000000000000  0.000000000000  0.002811295422  0.002785288469  0.000000000000  0.000000000000  0.000000000000  0.000000000000  0.000000000000  0.002795576968  0.000000000000  0.002793067995  0.002795576968  0.000000000000  0.014118044814  0.002793067995  0.002795576968  0.005611472358  0.002884272632  0.000000000000  0.005599883180  0.000000000000  
piranga_bidentata_itm160 0.005867090690  0.005867090690  0.000000000000  0.017774757451  0.010304376694  0.014857053600  0.002557352889  0.016351753990  0.003576847628  0.005862521369  0.005631418780  0.008415139605  0.004901998764  0.002044866201  0.005875709157  0.001883134131  0.007351112390  0.007340320272  0.002793067995  0.000000000000  0.010365412771  0.004392412999  0.014842907447  0.008181061433  0.006003300845  0.009285857409  0.007458535984  0.004390337831  0.010312936672  0.002923327023  
piranga_leucoptera_fmnh481795 0.010374075081  0.010374075081  0.002552921770  0.010360415724  0.000000000000  0.014903395328  0.005189236318  0.016405852099  0.005423784129  0.007390846805  0.005643139234  0.015359746101  0.009917712941  0.008293640888  0.010389473122  0.007637003489  0.011884346106  0.011866716630  0.002795576968  0.010365412771  0.000000000000  0.008875992404  0.007416537465  0.013241739378  0.003011359142  0.002327160769  0.011311361103  0.008869903977  0.014886890411  0.010374075081  
piranga_lutea_ku89864 0.001460475189  0.001460475189  0.000000000000  0.016273757434  0.008823777540  0.016351753990  0.000000000000  0.017850760970  0.001786644387  0.004392412999  0.002811295422  0.006725319058  0.003265757719  0.000000000000  0.001462611299  0.000000000000  0.005875709157  0.002923327023  0.000000000000  0.004392412999  0.008875992404  0.000000000000  0.013343858673  0.006538429899  0.006008093092  0.006958671020  0.005586650257  0.002923327023  0.005867090690  0.004398046248  
piranga_rubriceps_lsu34818 0.014851985107  0.014851985107  0.007686078402  0.008856810477  0.007372792112  0.019440945019  0.015545477884  0.020955497646  0.012641038686  0.011849139383  0.017095940417  0.020427443104  0.014913928712  0.014473565655  0.014874077867  0.013325324359  0.016378651685  0.016354298447  0.014118044814  0.014842907447  0.007416537465  0.013343858673  0.000000000000  0.018254262691  0.007547247626  0.011623547018  0.017020148327  0.013337389494  0.019394884132  0.014851985107  
piranga_roseogularis_ku2141 0.008189867259  0.008189867259  0.003105309385  0.021521003633  0.013154638400  0.019925984268  0.002557352889  0.021606178643  0.004088714828  0.008181061433  0.005631418780  0.001777119130  0.006549135376  0.006160243801  0.008203304497  0.005703484142  0.009852567043  0.009836414080  0.002793067995  0.008181061433  0.013241739378  0.006538429899  0.018254262691  0.000000000000  0.010101388720  0.011641388458  0.009342904249  0.006532751341  0.011498869719  0.008189867259  
piranga_erythrocephala_fmnh343371 0.007524317027  0.007524317027  0.002552921770  0.010546392386  0.002993331101  0.012127277034  0.005135932395  0.013651749317  0.005384841871  0.004503687002  0.005643139234  0.011829230540  0.005033598458  0.004097090790  0.007535657478  0.005671138466  0.007528206209  0.009036411925  0.002795576968  0.006003300845  0.003011359142  0.006008093092  0.007547247626  0.010101388720  0.000000000000  0.002305697787  0.007687902098  0.006003300845  0.012093455741  0.006008093092  
piranga_erythrocephala_fmnh343370 0.006958671020  0.009306282043  0.007535495161  0.009274373211  0.002305697787  0.011668557914  0.007749625407  0.011668557914  0.006958671020  0.006958671020  0.008495834036  0.011641388458  0.006974850018  0.004802917154  0.006974850018  0.006958671020  0.009327985304  0.011641388458  0.005611472358  0.009285857409  0.002327160769  0.006958671020  0.011623547018  0.011641388458  0.002305697787  0.000000000000  0.007314999830  0.006958671020  0.011641388458  0.006958671020  
piranga_ludoviciana_sdsu2650 0.007465946604  0.007465946604  0.000000000000  0.020750939144  0.011226698227  0.018913797082  0.002712173625  0.020829163992  0.002417163083  0.007458535984  0.000000000000  0.012423079848  0.005597073354  0.004148076197  0.007479908113  0.004433105142  0.005597073354  0.009342904249  0.002884272632  0.007458535984  0.011311361103  0.005586650257  0.017020148327  0.009342904249  0.007687902098  0.007314999830  0.000000000000  0.001852852271  0.011236482309  0.007452037119  
piranga_bidentata_tepe59 0.004392412999  0.004392412999  0.000000000000  0.016269546686  0.008817760899  0.016332765238  0.000000000000  0.017832798148  0.001786644387  0.004390337831  0.002811295422  0.008401000118  0.003261835118  0.002044866201  0.004398853577  0.001883134131  0.005871126363  0.005862521369  0.000000000000  0.004390337831  0.008869903977  0.002923327023  0.013337389494  0.006532751341  0.006003300845  0.006958671020  0.001852852271  0.000000000000  0.008823777540  0.004385991254  
piranga_rubra_sdsu2635 0.004392412999  0.007347402825  0.007692468843  0.020802836890  0.014798759029  0.022440763335  0.005126225546  0.023954184005  0.003576847628  0.010312936672  0.008474794889  0.013547624571  0.008203304497  0.006160243801  0.004398853577  0.005671138466  0.011825296698  0.008823777540  0.005599883180  0.010312936672  0.014886890411  0.005867090690  0.019394884132  0.011498869719  0.012093455741  0.011641388458  0.011236482309  0.008823777540  0.000000000000  0.010325103810  
piranga_bidentata_itm141 0.005875226556  0.005875226556  0.000000000000  0.017781575615  0.010312936672  0.017872401659  0.000000000000  0.019374727697  0.001786644387  0.002923327023  0.002811295422  0.008410287966  0.004909017769  0.000000000000  0.005883868988  0.000000000000  0.007358215867  0.007347402825  0.000000000000  0.002923327023  0.010374075081  0.004398046248  0.014851985107  0.008189867259  0.006008093092  0.006958671020  0.007452037119  0.004385991254  0.010325103810  0.000000000000  

