30
cardinalis_cardinalis_ku21828 0.000000000000  0.002504668006  0.013128915149  0.019270858561  0.017736862718  0.022372408672  0.022372408672  0.020309466644  0.020314982035  0.020314982035  0.019792119656  0.020821998421  0.023406147690  0.026523048188  0.022911797491  0.022911797491  0.022911797491  0.022378267437  0.021843574776  0.023395391116  0.021843574776  0.021864928510  0.021864928510  0.013128915149  0.019275340731  0.015687576572  0.016699923582  0.015166906497  0.013128915149  0.010075283966  
cardinalis_cardinalis_ku25393 0.002504668006  0.000000000000  0.013640440255  0.019787337362  0.018252542265  0.022892006934  0.022892006934  0.020827382945  0.020833200134  0.020833200134  0.020309466644  0.021340183180  0.023926591036  0.027046351107  0.023432884406  0.023432884406  0.023432884406  0.022898169460  0.022361994899  0.023915226029  0.022361994899  0.022384560295  0.022384560295  0.013640440255  0.019792119656  0.016201599393  0.017213880802  0.015679776299  0.013640440255  0.010584076434  
piranga_rubra_ku7046 0.013128915149  0.013640440255  0.000000000000  0.012107529802  0.010586951729  0.015174114542  0.015687576572  0.013644225512  0.013136322164  0.013136322164  0.012621142510  0.014665161375  0.016197188279  0.019280254515  0.015702483992  0.015702483992  0.015702483992  0.015178359818  0.014654594974  0.016189651718  0.014654594974  0.014669537343  0.014669537343  0.006028248933  0.012110433796  0.008558604879  0.009565170104  0.008047021971  0.006028248933  0.003007038554  
piranga_olivacea_ku4672 0.019270858561  0.019787337362  0.012107529802  0.000000000000  0.004515863334  0.009061349586  0.009569334354  0.007544213389  0.007039946588  0.007039946588  0.006532003554  0.008556048107  0.010075283966  0.013128915149  0.009578746404  0.009578746404  0.009578746404  0.009063774880  0.008550906354  0.010071384980  0.008550906354  0.008558604879  0.008558604879  0.006025597902  0.012105050789  0.008553912518  0.009562697635  0.008044592981  0.006025597902  0.009059346172  
piranga_rubra_sdsu2635 0.017736862718  0.018252542265  0.010586951729  0.004515863334  0.000000000000  0.007546612121  0.008053823689  0.006032575219  0.005529469338  0.005529469338  0.005021900370  0.007042476294  0.008558604879  0.011606774157  0.008064406562  0.008064406562  0.008064406562  0.007549430651  0.007036145945  0.008553912518  0.007036145945  0.007045425106  0.007045425106  0.004515863334  0.010584076434  0.007039946588  0.008045596682  0.006530600696  0.004515863334  0.007544213389  
piranga_bidentata_hgoslp104 0.022372408672  0.022892006934  0.015174114542  0.009061349586  0.007546612121  0.000000000000  0.012624764570  0.010590249901  0.010084303352  0.010084303352  0.009572049979  0.011606774157  0.013132406013  0.016201599393  0.012638176810  0.012638176810  0.012638176810  0.012117515256  0.011597667157  0.013125849939  0.011597667157  0.011610657404  0.011610657404  0.009061349586  0.015170296645  0.011603314457  0.012612827498  0.011088356266  0.009061349586  0.012110433796  
piranga_olivacea_ku2699 0.022372408672  0.022892006934  0.015687576572  0.009569334354  0.008053823689  0.012624764570  0.000000000000  0.002002833124  0.007544213389  0.007544213389  0.007036145945  0.009061349586  0.009565170104  0.012615173606  0.013150618714  0.013150618714  0.013150618714  0.012628811215  0.012107529802  0.013637080990  0.012107529802  0.012121691994  0.012121691994  0.009569334354  0.015683462391  0.012113762402  0.013123210751  0.011597667157  0.009569334354  0.012621142510  
piranga_rubra_sdsu2654 0.020309466644  0.020827382945  0.013644225512  0.007544213389  0.006032575219  0.010590249901  0.002002833124  0.000000000000  0.005524881424  0.005524881424  0.005018721374  0.007037836351  0.007540676767  0.010581624381  0.011113483936  0.011113483936  0.011113483936  0.010593970586  0.010075283966  0.011600278668  0.010075283966  0.010088153931  0.010088153931  0.007544213389  0.013640440255  0.010080874589  0.011088356266  0.009567040941  0.007544213389  0.010586951729  
piranga_leucoptera_fmnh481795 0.020314982035  0.020833200134  0.013136322164  0.007039946588  0.005529469338  0.010084303352  0.007544213389  0.005524881424  0.000000000000  0.000000000000  0.004515863334  0.006533825916  0.008048868478  0.011093419533  0.010607664120  0.010607664120  0.010607664120  0.010088153931  0.009569334354  0.011093419533  0.009569334354  0.009582726481  0.009582726481  0.007039946588  0.013132406013  0.009575187449  0.010581624381  0.009061349586  0.007039946588  0.010080874589  
piranga_leucoptera_lsu7783 0.020314982035  0.020833200134  0.013136322164  0.007039946588  0.005529469338  0.010084303352  0.007544213389  0.005524881424  0.000000000000  0.000000000000  0.004515863334  0.006533825916  0.008048868478  0.011093419533  0.010607664120  0.010607664120  0.010607664120  0.010088153931  0.009569334354  0.011093419533  0.009569334354  0.009582726481  0.009582726481  0.007039946588  0.013132406013  0.009575187449  0.010581624381  0.009061349586  0.007039946588  0.010080874589  
piranga_erythrocephala_fmnh343370 0.019792119656  0.020309466644  0.012621142510  0.006532003554  0.005021900370  0.009572049979  0.007036145945  0.005018721374  0.004515863334  0.004515863334  0.000000000000  0.005020101972  0.006532003554  0.009569334354  0.010092425969  0.010092425969  0.010092425969  0.009575187449  0.009059346172  0.010581624381  0.009059346172  0.009069889646  0.009069889646  0.006532003554  0.012617945400  0.009063774880  0.010071384980  0.008552198478  0.006532003554  0.009569334354  
piranga_erythrocephala_fmnh343371 0.020821998421  0.021340183180  0.014665161375  0.008556048107  0.007042476294  0.011606774157  0.009061349586  0.007037836351  0.006533825916  0.006533825916  0.005020101972  0.000000000000  0.008556048107  0.011603314457  0.012131315679  0.012131315679  0.012131315679  0.011610657404  0.011090675928  0.012617945400  0.011090675928  0.011104190348  0.011104190348  0.008556048107  0.014661212079  0.011096586714  0.012105050789  0.010581624381  0.008556048107  0.011603314457  
piranga_rubriceps_lsu265 0.023406147690  0.023926591036  0.016197188279  0.010075283966  0.008558604879  0.013132406013  0.009565170104  0.007540676767  0.008048868478  0.008048868478  0.006532003554  0.008556048107  0.000000000000  0.003007038554  0.013658133591  0.013658133591  0.013658133591  0.013136322164  0.012615173606  0.014145640707  0.012615173606  0.012628811215  0.012628811215  0.010075283966  0.016193205598  0.012621142510  0.013631641911  0.012105050789  0.010075283966  0.013128915149  
piranga_rubriceps_lsu34818 0.026523048188  0.027046351107  0.019280254515  0.013128915149  0.011606774157  0.016201599393  0.012615173606  0.010581624381  0.011093419533  0.011093419533  0.009569334354  0.011603314457  0.003007038554  0.000000000000  0.016732879326  0.016732879326  0.016732879326  0.016206438572  0.015679776299  0.017217599262  0.015679776299  0.015697087737  0.015697087737  0.013128915149  0.019275340731  0.015687576572  0.016699923582  0.015166906497  0.013128915149  0.016197188279  
piranga_ludoviciana_sdsu2208 0.022911797491  0.023432884406  0.015702483992  0.009578746404  0.008064406562  0.012638176810  0.013150618714  0.011113483936  0.010607664120  0.010607664120  0.010092425969  0.012131315679  0.013658133591  0.016732879326  0.000000000000  0.000000000000  0.000000000000  0.002504668006  0.007037836351  0.008556048107  0.007037836351  0.007048792665  0.007048792665  0.009578746404  0.015697087737  0.012126292255  0.013132406013  0.011606774157  0.009578746404  0.012633282082  
piranga_ludoviciana_sdsu2385 0.022911797491  0.023432884406  0.015702483992  0.009578746404  0.008064406562  0.012638176810  0.013150618714  0.011113483936  0.010607664120  0.010607664120  0.010092425969  0.012131315679  0.013658133591  0.016732879326  0.000000000000  0.000000000000  0.000000000000  0.002504668006  0.007037836351  0.008556048107  0.007037836351  0.007048792665  0.007048792665  0.009578746404  0.015697087737  0.012126292255  0.013132406013  0.011606774157  0.009578746404  0.012633282082  
piranga_ludoviciana_sdsu2650 0.022911797491  0.023432884406  0.015702483992  0.009578746404  0.008064406562  0.012638176810  0.013150618714  0.011113483936  0.010607664120  0.010607664120  0.010092425969  0.012131315679  0.013658133591  0.016732879326  0.000000000000  0.000000000000  0.000000000000  0.002504668006  0.007037836351  0.008556048107  0.007037836351  0.007048792665  0.007048792665  0.009578746404  0.015697087737  0.012126292255  0.013132406013  0.011606774157  0.009578746404  0.012633282082  
piranga_bidentata_tepe59 0.022378267437  0.022898169460  0.015178359818  0.009063774880  0.007549430651  0.012117515256  0.012628811215  0.010593970586  0.010088153931  0.010088153931  0.009575187449  0.011610657404  0.013136322164  0.016206438572  0.002504668006  0.002504668006  0.002504668006  0.000000000000  0.006529617708  0.008045596682  0.006529617708  0.006536067418  0.006536067418  0.009063774880  0.015174114542  0.011606774157  0.012615173606  0.011090675928  0.009063774880  0.012113762402  
piranga_bidentata_itm160 0.021843574776  0.022361994899  0.014654594974  0.008550906354  0.007036145945  0.011597667157  0.012107529802  0.010075283966  0.009569334354  0.009569334354  0.009059346172  0.011090675928  0.012615173606  0.015679776299  0.007037836351  0.007037836351  0.007037836351  0.006529617708  0.000000000000  0.001501756696  0.000000000000  0.006025597902  0.006025597902  0.008550906354  0.014651927902  0.011088356266  0.012100167335  0.010576811354  0.008550906354  0.011595480291  
piranga_ludoviciana_sdsu2648 0.023395391116  0.023915226029  0.016189651718  0.010071384980  0.008553912518  0.013125849939  0.013637080990  0.011600278668  0.011093419533  0.011093419533  0.010581624381  0.012617945400  0.014145640707  0.017217599262  0.008556048107  0.008556048107  0.008556048107  0.008045596682  0.001501756696  0.000000000000  0.001501756696  0.007540676767  0.007540676767  0.010071384980  0.016186527010  0.012615173606  0.013627911237  0.012101369183  0.010071384980  0.013123210751  
piranga_bidentata_itm141 0.021843574776  0.022361994899  0.014654594974  0.008550906354  0.007036145945  0.011597667157  0.012107529802  0.010075283966  0.009569334354  0.009569334354  0.009059346172  0.011090675928  0.012615173606  0.015679776299  0.007037836351  0.007037836351  0.007037836351  0.006529617708  0.000000000000  0.001501756696  0.000000000000  0.006025597902  0.006025597902  0.008550906354  0.014651927902  0.011088356266  0.012100167335  0.010576811354  0.008550906354  0.011595480291  
piranga_roseogularis_ku2049 0.021864928510  0.022384560295  0.014669537343  0.008558604879  0.007045425106  0.011610657404  0.012121691994  0.010088153931  0.009582726481  0.009582726481  0.009069889646  0.011104190348  0.012628811215  0.015697087737  0.007048792665  0.007048792665  0.007048792665  0.006536067418  0.006025597902  0.007540676767  0.006025597902  0.000000000000  0.000000000000  0.008558604879  0.014665161375  0.011100177106  0.012107529802  0.010584076434  0.008558604879  0.011606774157  
piranga_roseogularis_ku2141 0.021864928510  0.022384560295  0.014669537343  0.008558604879  0.007045425106  0.011610657404  0.012121691994  0.010088153931  0.009582726481  0.009582726481  0.009069889646  0.011104190348  0.012628811215  0.015697087737  0.007048792665  0.007048792665  0.007048792665  0.006536067418  0.006025597902  0.007540676767  0.006025597902  0.000000000000  0.000000000000  0.008558604879  0.014665161375  0.011100177106  0.012107529802  0.010584076434  0.008558604879  0.011606774157  
piranga_hepatica_ku9084 0.013128915149  0.013640440255  0.006028248933  0.006025597902  0.004515863334  0.009061349586  0.009569334354  0.007544213389  0.007039946588  0.007039946588  0.006532003554  0.008556048107  0.010075283966  0.013128915149  0.009578746404  0.009578746404  0.009578746404  0.009063774880  0.008550906354  0.010071384980  0.008550906354  0.008558604879  0.008558604879  0.000000000000  0.006026713829  0.002505458013  0.003508370642  0.002002741963  0.000000000000  0.003007038554  
piranga_hepatica_ku4970 0.019275340731  0.019792119656  0.012110433796  0.012105050789  0.010584076434  0.015170296645  0.015683462391  0.013640440255  0.013132406013  0.013132406013  0.012617945400  0.014661212079  0.016193205598  0.019275340731  0.015697087737  0.015697087737  0.015697087737  0.015174114542  0.014651927902  0.016186527010  0.014651927902  0.014665161375  0.014665161375  0.006026713829  0.000000000000  0.003508478660  0.009056606449  0.008045596682  0.006026713829  0.009061349586  
piranga_lutea_lsu5400 0.015687576572  0.016201599393  0.008558604879  0.008553912518  0.007039946588  0.011603314457  0.012113762402  0.010080874589  0.009575187449  0.009575187449  0.009063774880  0.011096586714  0.012621142510  0.015687576572  0.012126292255  0.012126292255  0.012126292255  0.011606774157  0.011088356266  0.012615173606  0.011088356266  0.011100177106  0.011100177106  0.002505458013  0.003508478660  0.000000000000  0.006025597902  0.004514768475  0.002505458013  0.005524881424  
piranga_flava_ku90809 0.016699923582  0.017213880802  0.009565170104  0.009562697635  0.008045596682  0.012612827498  0.013123210751  0.011088356266  0.010581624381  0.010581624381  0.010071384980  0.012105050789  0.013631641911  0.016699923582  0.013132406013  0.013132406013  0.013132406013  0.012615173606  0.012100167335  0.013627911237  0.012100167335  0.012107529802  0.012107529802  0.003508370642  0.009056606449  0.006025597902  0.000000000000  0.002504668006  0.003508370642  0.006529617708  
piranga_lutea_ku89864 0.015166906497  0.015679776299  0.008047021971  0.008044592981  0.006530600696  0.011088356266  0.011597667157  0.009567040941  0.009061349586  0.009061349586  0.008552198478  0.010581624381  0.012105050789  0.015166906497  0.011606774157  0.011606774157  0.011606774157  0.011090675928  0.010576811354  0.012101369183  0.010576811354  0.010584076434  0.010584076434  0.002002741963  0.008045596682  0.004514768475  0.002504668006  0.000000000000  0.002002741963  0.005017758938  
piranga_flava_lsu15408 0.013128915149  0.013640440255  0.006028248933  0.006025597902  0.004515863334  0.009061349586  0.009569334354  0.007544213389  0.007039946588  0.007039946588  0.006532003554  0.008556048107  0.010075283966  0.013128915149  0.009578746404  0.009578746404  0.009578746404  0.009063774880  0.008550906354  0.010071384980  0.008550906354  0.008558604879  0.008558604879  0.000000000000  0.006026713829  0.002505458013  0.003508370642  0.002002741963  0.000000000000  0.003007038554  
piranga_rubra_ku26592 0.010075283966  0.010584076434  0.003007038554  0.009059346172  0.007544213389  0.012110433796  0.012621142510  0.010586951729  0.010080874589  0.010080874589  0.009569334354  0.011603314457  0.013128915149  0.016197188279  0.012633282082  0.012633282082  0.012633282082  0.012113762402  0.011595480291  0.013123210751  0.011595480291  0.011606774157  0.011606774157  0.003007038554  0.009061349586  0.005524881424  0.006529617708  0.005017758938  0.003007038554  0.000000000000  

