30
cardinalis_cardinalis_ku21828 0.000000000000  0.006029048513  0.008554252363  0.009061653281  0.016713466586  0.017743524038  0.010073083668  0.014144429473  0.010084502387  0.007038504538  0.007038504538  0.014663613662  0.012113287472  0.008559166218  0.008559166218  0.010590289418  0.011606469860  0.014159625164  0.011610310969  0.011606469860  0.009064177825  0.009064177825  0.009064177825  0.011093274570  0.011096461381  0.012632433627  0.015176515028  0.016208977166  0.013135401445  0.012117003070  
cardinalis_cardinalis_ku25393 0.006029048513  0.000000000000  0.006534646322  0.006029048513  0.013647249042  0.014672530902  0.007036636228  0.011090478044  0.007046429788  0.004014352993  0.004014352993  0.011606469860  0.009067090802  0.005528075460  0.005528075460  0.007550292844  0.008562205006  0.011104004331  0.008565631196  0.008562205006  0.006031170177  0.006031170177  0.006031170177  0.008051761019  0.008054538106  0.009583051387  0.012117003070  0.013144285580  0.010084502387  0.009579099640  
piranga_leucoptera_fmnh481795 0.008554252363  0.006534646322  0.000000000000  0.001501508820  0.015172378565  0.016199238596  0.008550892694  0.012612072981  0.008559166218  0.005522488784  0.005522488784  0.013128082850  0.010584053325  0.007038504538  0.007038504538  0.009064177825  0.010078014312  0.012624081283  0.010081063862  0.010078014312  0.007542745468  0.007542745468  0.007542745468  0.009567175884  0.009569573576  0.011100038095  0.014663613662  0.015694744779  0.012624081283  0.010586976557  
piranga_leucoptera_lsu7783 0.009061653281  0.006029048513  0.001501508820  0.000000000000  0.014659744326  0.015685542956  0.008044531613  0.012102337264  0.008051761019  0.005018177729  0.005018177729  0.012617293376  0.010075354119  0.006532651142  0.006532651142  0.008556515209  0.009569573576  0.012113287472  0.009572360354  0.009569573576  0.007036636228  0.007036636228  0.007036636228  0.009059517553  0.009061653281  0.010590289418  0.014151241906  0.015181044752  0.012113287472  0.010586976557  
piranga_erythrocephala_fmnh343371 0.016713466586  0.013647249042  0.015172378565  0.014659744326  0.000000000000  0.004012880803  0.006537027827  0.010590289418  0.015694744779  0.012620491583  0.012620491583  0.020309926678  0.017738438671  0.014155237374  0.014155237374  0.016203910970  0.017228228031  0.019803906480  0.017233438542  0.017228228031  0.014663613662  0.014663613662  0.014663613662  0.016708919910  0.016713466586  0.018265106607  0.021864675897  0.022910904096  0.019803906480  0.018259355720  
piranga_erythrocephala_fmnh343370 0.017743524038  0.014672530902  0.016199238596  0.015685542956  0.004012880803  0.000000000000  0.007550292844  0.011610310969  0.016723743016  0.013643127831  0.013643127831  0.021345884699  0.018770097888  0.015181044752  0.015181044752  0.017233438542  0.018259355720  0.020839873423  0.018265106607  0.018259355720  0.015689947097  0.015689947097  0.015689947097  0.017738438671  0.017743524038  0.019298924084  0.022903888338  0.023952848727  0.020839873423  0.019292630567  
piranga_rubriceps_lsu265 0.010073083668  0.007036636228  0.008550892694  0.008044531613  0.006537027827  0.007550292844  0.000000000000  0.004011793230  0.009061653281  0.006025001400  0.006025001400  0.013633118005  0.011088072189  0.007541004417  0.007541004417  0.009567175884  0.010581520106  0.013128082850  0.010584053325  0.010581520106  0.008045756355  0.008045756355  0.008045756355  0.010071203344  0.010073083668  0.011603018927  0.015168635750  0.016199238596  0.013128082850  0.011599958553  
piranga_rubriceps_lsu34818 0.014144429473  0.011090478044  0.012612072981  0.012102337264  0.010590289418  0.011610310969  0.004011793230  0.000000000000  0.013128082850  0.010071203344  0.010071203344  0.017725556729  0.015165286969  0.011597289123  0.011597289123  0.013636061927  0.014656268358  0.017218991699  0.014659744326  0.014656268358  0.012104487216  0.012104487216  0.012104487216  0.014141613282  0.014144429473  0.015685542956  0.019271419375  0.020309926678  0.017218991699  0.015681532742  
piranga_bidentata_hgoslp104 0.010084502387  0.007046429788  0.008559166218  0.008051761019  0.015694744779  0.016723743016  0.009061653281  0.013128082850  0.000000000000  0.003009105485  0.003009105485  0.010590289418  0.008054538106  0.004520528934  0.004520528934  0.006539795278  0.007550292844  0.010088329507  0.007553582106  0.007550292844  0.005022988050  0.005022988050  0.005022988050  0.007040759821  0.007043401698  0.008569444408  0.012121109119  0.013149313773  0.010088329507  0.008565631196  
piranga_ludoviciana_sdsu2385 0.007038504538  0.004014352993  0.005522488784  0.005018177729  0.012620491583  0.013643127831  0.006025001400  0.010071203344  0.003009105485  0.000000000000  0.000000000000  0.007542745468  0.005019395769  0.001502271771  0.001502271771  0.003510803263  0.004516684053  0.007040759821  0.004518414242  0.004516684053  0.002003212828  0.002003212828  0.002003212828  0.004011793230  0.004012880803  0.005528075460  0.009064177825  0.010084502387  0.007040759821  0.005525827697  
piranga_bidentata_itm141 0.007038504538  0.004014352993  0.005522488784  0.005018177729  0.012620491583  0.013643127831  0.006025001400  0.010071203344  0.003009105485  0.000000000000  0.000000000000  0.007542745468  0.005019395769  0.001502271771  0.001502271771  0.003510803263  0.004516684053  0.007040759821  0.004518414242  0.004516684053  0.002003212828  0.002003212828  0.002003212828  0.004011793230  0.004012880803  0.005528075460  0.009064177825  0.010084502387  0.007040759821  0.005525827697  
piranga_roseogularis_ku2049 0.014663613662  0.011606469860  0.013128082850  0.012617293376  0.020309926678  0.021345884699  0.013633118005  0.017725556729  0.010590289418  0.007542745468  0.007542745468  0.000000000000  0.002504532887  0.009064177825  0.009064177825  0.011096461381  0.012113287472  0.014667875983  0.012117003070  0.012113287472  0.009569573576  0.009569573576  0.009569573576  0.011599958553  0.011603018927  0.013139648011  0.016713466586  0.017749004457  0.014667875983  0.013135401445  
piranga_roseogularis_ku2141 0.012113287472  0.009067090802  0.010584053325  0.010075354119  0.017738438671  0.018770097888  0.011088072189  0.015165286969  0.008054538106  0.005019395769  0.005019395769  0.002504532887  0.000000000000  0.006534646322  0.006534646322  0.008559166218  0.009572360354  0.012117003070  0.009575535836  0.009572360354  0.007038504538  0.007038504538  0.007038504538  0.009061653281  0.009064177825  0.010593991528  0.014155237374  0.015185967355  0.012117003070  0.010590289418  
piranga_ludoviciana_sdsu2648 0.008559166218  0.005528075460  0.007038504538  0.006532651142  0.014155237374  0.015181044752  0.007541004417  0.011597289123  0.004520528934  0.001502271771  0.001502271771  0.009064177825  0.006534646322  0.000000000000  0.000000000000  0.005022988050  0.006031170177  0.008562205006  0.006033677520  0.006031170177  0.003510803263  0.003510803263  0.003510803263  0.005523965344  0.005525827697  0.007046429788  0.010590289418  0.011614541874  0.008562205006  0.007043401698  
piranga_ludoviciana_sdsu2208 0.008559166218  0.005528075460  0.007038504538  0.006532651142  0.014155237374  0.015181044752  0.007541004417  0.011597289123  0.004520528934  0.001502271771  0.001502271771  0.009064177825  0.006534646322  0.000000000000  0.000000000000  0.005022988050  0.006031170177  0.008562205006  0.006033677520  0.006031170177  0.003510803263  0.003510803263  0.003510803263  0.005523965344  0.005525827697  0.007046429788  0.010590289418  0.011614541874  0.008562205006  0.007043401698  
piranga_flava_lsu15408 0.010590289418  0.007550292844  0.009064177825  0.008556515209  0.016203910970  0.017233438542  0.009567175884  0.013636061927  0.006539795278  0.003510803263  0.003510803263  0.011096461381  0.008559166218  0.005022988050  0.005022988050  0.000000000000  0.001000691201  0.003509588548  0.001001008997  0.001000691201  0.005525827697  0.005525827697  0.005525827697  0.007544874145  0.007547390064  0.009074080528  0.012628062092  0.013656666067  0.010593991528  0.009070391829  
piranga_lutea_ku89864 0.011606469860  0.008562205006  0.010078014312  0.009569573576  0.017228228031  0.018259355720  0.010581520106  0.014656268358  0.007550292844  0.004516684053  0.004516684053  0.012113287472  0.009572360354  0.006031170177  0.006031170177  0.001000691201  0.000000000000  0.003508758188  0.002003212828  0.002002767417  0.006534646322  0.006534646322  0.006534646322  0.008556515209  0.008559166218  0.010088329507  0.013647249042  0.014677578040  0.011610310969  0.010084502387  
piranga_flava_ku90809 0.014159625164  0.011104004331  0.012624081283  0.012113287472  0.019803906480  0.020839873423  0.013128082850  0.017218991699  0.010088329507  0.007040759821  0.007040759821  0.014667875983  0.012117003070  0.008562205006  0.008562205006  0.003509588548  0.003508758188  0.000000000000  0.004516684053  0.004515338745  0.009067090802  0.009067090802  0.009067090802  0.011096461381  0.011100038095  0.012637195509  0.016208977166  0.017245042337  0.014164404892  0.012632433627  
piranga_hepatica_ku9084 0.011610310969  0.008565631196  0.010081063862  0.009572360354  0.017233438542  0.018265106607  0.010584053325  0.014659744326  0.007553582106  0.004518414242  0.004518414242  0.012117003070  0.009575535836  0.006033677520  0.006033677520  0.001001008997  0.002003212828  0.004516684053  0.000000000000  0.002003212828  0.006537027827  0.006537027827  0.006537027827  0.008559166218  0.008562205006  0.010092544843  0.013651761914  0.014683017015  0.011614541874  0.010088329507  
piranga_hepatica_ku4970 0.011606469860  0.008562205006  0.010078014312  0.009569573576  0.017228228031  0.018259355720  0.010581520106  0.014656268358  0.007550292844  0.004516684053  0.004516684053  0.012113287472  0.009572360354  0.006031170177  0.006031170177  0.001000691201  0.002002767417  0.004515338745  0.002003212828  0.000000000000  0.006534646322  0.006534646322  0.006534646322  0.008556515209  0.008559166218  0.010088329507  0.013647249042  0.014677578040  0.011610310969  0.010084502387  
piranga_ludoviciana_sdsu2650 0.009064177825  0.006031170177  0.007542745468  0.007036636228  0.014663613662  0.015689947097  0.008045756355  0.012104487216  0.005022988050  0.002003212828  0.002003212828  0.009569573576  0.007038504538  0.003510803263  0.003510803263  0.005525827697  0.006534646322  0.009067090802  0.006537027827  0.006534646322  0.000000000000  0.000000000000  0.000000000000  0.006027312907  0.006029048513  0.007550292844  0.011096461381  0.012121109119  0.009067090802  0.007547390064  
piranga_bidentata_itm160 0.009064177825  0.006031170177  0.007542745468  0.007036636228  0.014663613662  0.015689947097  0.008045756355  0.012104487216  0.005022988050  0.002003212828  0.002003212828  0.009569573576  0.007038504538  0.003510803263  0.003510803263  0.005525827697  0.006534646322  0.009067090802  0.006537027827  0.006534646322  0.000000000000  0.000000000000  0.000000000000  0.006027312907  0.006029048513  0.007550292844  0.011096461381  0.012121109119  0.009067090802  0.007547390064  
piranga_bidentata_tepe59 0.009064177825  0.006031170177  0.007542745468  0.007036636228  0.014663613662  0.015689947097  0.008045756355  0.012104487216  0.005022988050  0.002003212828  0.002003212828  0.009569573576  0.007038504538  0.003510803263  0.003510803263  0.005525827697  0.006534646322  0.009067090802  0.006537027827  0.006534646322  0.000000000000  0.000000000000  0.000000000000  0.006027312907  0.006029048513  0.007550292844  0.011096461381  0.012121109119  0.009067090802  0.007547390064  
piranga_olivacea_ku2699 0.011093274570  0.008051761019  0.009567175884  0.009059517553  0.016708919910  0.017738438671  0.010071203344  0.014141613282  0.007040759821  0.004011793230  0.004011793230  0.011599958553  0.009061653281  0.005523965344  0.005523965344  0.007544874145  0.008556515209  0.011096461381  0.008559166218  0.008556515209  0.006027312907  0.006027312907  0.006027312907  0.000000000000  0.003006232585  0.009575535836  0.013131546263  0.014159625164  0.011096461381  0.009572360354  
piranga_olivacea_ku4672 0.011096461381  0.008054538106  0.009569573576  0.009061653281  0.016713466586  0.017743524038  0.010073083668  0.014144429473  0.007043401698  0.004012880803  0.004012880803  0.011603018927  0.009064177825  0.005525827697  0.005525827697  0.007547390064  0.008559166218  0.011100038095  0.008562205006  0.008559166218  0.006029048513  0.006029048513  0.006029048513  0.003006232585  0.000000000000  0.009579099640  0.013135401445  0.014164404892  0.011100038095  0.009575535836  
piranga_lutea_lsu5400 0.012632433627  0.009583051387  0.011100038095  0.010590289418  0.018265106607  0.019298924084  0.011603018927  0.015685542956  0.008569444408  0.005528075460  0.005528075460  0.013139648011  0.010593991528  0.007046429788  0.007046429788  0.009074080528  0.010088329507  0.012637195509  0.010092544843  0.010088329507  0.007550292844  0.007550292844  0.007550292844  0.009575535836  0.009579099640  0.000000000000  0.010586976557  0.011610310969  0.008559166218  0.007040759821  
piranga_rubra_sdsu2635 0.015176515028  0.012117003070  0.014663613662  0.014151241906  0.021864675897  0.022903888338  0.015168635750  0.019271419375  0.012121109119  0.009064177825  0.009064177825  0.016713466586  0.014155237374  0.010590289418  0.010590289418  0.012628062092  0.013647249042  0.016208977166  0.013651761914  0.013647249042  0.011096461381  0.011096461381  0.011096461381  0.013131546263  0.013135401445  0.010586976557  0.000000000000  0.004011793230  0.007038504538  0.008556515209  
piranga_rubra_ku7046 0.016208977166  0.013144285580  0.015694744779  0.015181044752  0.022910904096  0.023952848727  0.016199238596  0.020309926678  0.013149313773  0.010084502387  0.010084502387  0.017749004457  0.015185967355  0.011614541874  0.011614541874  0.013656666067  0.014677578040  0.017245042337  0.014683017015  0.014677578040  0.012121109119  0.012121109119  0.012121109119  0.014159625164  0.014164404892  0.011610310969  0.004011793230  0.000000000000  0.008054538106  0.009575535836  
piranga_rubra_sdsu2654 0.013135401445  0.010084502387  0.012624081283  0.012113287472  0.019803906480  0.020839873423  0.013128082850  0.017218991699  0.010088329507  0.007040759821  0.007040759821  0.014667875983  0.012117003070  0.008562205006  0.008562205006  0.010593991528  0.011610310969  0.014164404892  0.011614541874  0.011610310969  0.009067090802  0.009067090802  0.009067090802  0.011096461381  0.011100038095  0.008559166218  0.007038504538  0.008054538106  0.000000000000  0.006534646322  
piranga_rubra_ku26592 0.012117003070  0.009579099640  0.010586976557  0.010586976557  0.018259355720  0.019292630567  0.011599958553  0.015681532742  0.008565631196  0.005525827697  0.005525827697  0.013135401445  0.010590289418  0.007043401698  0.007043401698  0.009070391829  0.010084502387  0.012632433627  0.010088329507  0.010084502387  0.007547390064  0.007547390064  0.007547390064  0.009572360354  0.009575535836  0.007040759821  0.008556515209  0.009575535836  0.006534646322  0.000000000000  

