30
cardinalis_cardinalis_ku21828 0.000000000000  0.009575296892  0.014163884272  0.012623719011  0.022412023816  0.018780880477  0.017238303204  0.017238303204  0.014159141505  0.014159141505  0.014672002301  0.020826707809  0.017737764081  0.014667382318  0.014667382318  0.014667382318  0.014667382318  0.017227568589  0.017238303204  0.016208342379  0.016717761573  0.014667382318  0.014667382318  0.016203313938  0.023430297468  0.018264299288  0.015694159297  0.016712856130  0.014667382318  0.012623719011  
cardinalis_cardinalis_ku25393 0.009575296892  0.000000000000  0.006031066380  0.018264299288  0.028150698603  0.024481365191  0.021884066403  0.021884066403  0.019815652438  0.019815652438  0.020333845443  0.026540068742  0.023423060760  0.019809137215  0.019809137215  0.019809137215  0.019809137215  0.022389587129  0.022404151693  0.021364523438  0.021876859609  0.019809137215  0.019809137215  0.021357588304  0.027596531801  0.023437928602  0.020845521669  0.021870046008  0.019809137215  0.018264299288  
piranga_rubra_sdsu2654 0.014163884272  0.006031066380  0.000000000000  0.022917028625  0.032353256002  0.028656712020  0.026565535324  0.026565535324  0.024481365191  0.024481365191  0.025003904090  0.031252702265  0.028112623136  0.024473186178  0.024473186178  0.024473186178  0.024473186178  0.027072070564  0.027089998441  0.026041623696  0.026556649798  0.024473186178  0.024473186178  0.026033014416  0.031262501355  0.028130866032  0.024473186178  0.026548160811  0.024473186178  0.022917028625  
piranga_rubra_ku7046 0.012623719011  0.018264299288  0.022917028625  0.000000000000  0.011623710143  0.008057499047  0.006539646528  0.006539646528  0.002506293174  0.002506293174  0.002004024928  0.008554105948  0.005522428828  0.002003203237  0.002003203237  0.002003203237  0.002003203237  0.004515296791  0.004518348515  0.003510766291  0.004012842256  0.002003203237  0.002003203237  0.003509561031  0.010590013074  0.005525743400  0.003007738261  0.004011762115  0.002003203237  0.000000000000  
piranga_leucoptera_fmnh481795 0.022412023816  0.028150698603  0.032353256002  0.011623710143  0.000000000000  0.003512351220  0.008061019679  0.008061019679  0.010092207302  0.010092207302  0.013673064489  0.020341022507  0.017250595954  0.013667040991  0.013667040991  0.013667040991  0.013667040991  0.016225760074  0.016239311776  0.015208809318  0.015717091998  0.013667040991  0.013667040991  0.015202374107  0.022428945872  0.017264443844  0.014694356258  0.015710777080  0.013667040991  0.011623710143  
piranga_leucoptera_lsu7783 0.018780880477  0.024481365191  0.028656712020  0.008057499047  0.003512351220  0.000000000000  0.004518348515  0.004518348515  0.006536902391  0.006536902391  0.010092207302  0.016723056649  0.013651286399  0.010088027393  0.010088027393  0.010088027393  0.010088027393  0.012632007427  0.012641839587  0.011618743366  0.012125183645  0.010088027393  0.010088027393  0.011614161237  0.018794005148  0.013661403229  0.011107982001  0.012120723711  0.010088027393  0.008057499047  
piranga_rubriceps_lsu265 0.017238303204  0.021884066403  0.026565535324  0.006539646528  0.008061019679  0.004518348515  0.000000000000  0.000000000000  0.005022904769  0.005022904769  0.008569178158  0.015185391554  0.012120723711  0.008565397638  0.008565397638  0.008565397638  0.008565397638  0.011103662428  0.011112685951  0.010092207302  0.010597743700  0.008565397638  0.008565397638  0.010088027393  0.017250595954  0.012130028870  0.009582750704  0.010593686146  0.008565397638  0.006539646528  
piranga_rubriceps_lsu34818 0.017238303204  0.021884066403  0.026565535324  0.006539646528  0.008061019679  0.004518348515  0.000000000000  0.000000000000  0.005022904769  0.005022904769  0.008569178158  0.015185391554  0.012120723711  0.008565397638  0.008565397638  0.008565397638  0.008565397638  0.011103662428  0.011112685951  0.010092207302  0.010597743700  0.008565397638  0.008565397638  0.010088027393  0.017250595954  0.012130028870  0.009582750704  0.010593686146  0.008565397638  0.006539646528  
piranga_erythrocephala_fmnh343371 0.014159141505  0.019815652438  0.024481365191  0.002506293174  0.010092207302  0.006536902391  0.005022904769  0.005022904769  0.000000000000  0.000000000000  0.004520444845  0.011096177908  0.008051605354  0.004518348515  0.004518348515  0.004518348515  0.004518348515  0.007040631903  0.007046254917  0.006033552736  0.006536902391  0.004518348515  0.004518348515  0.006031066380  0.013143816355  0.008057499047  0.005527972497  0.006534539861  0.004518348515  0.002506293174  
piranga_erythrocephala_fmnh343370 0.014159141505  0.019815652438  0.024481365191  0.002506293174  0.010092207302  0.006536902391  0.005022904769  0.005022904769  0.000000000000  0.000000000000  0.004520444845  0.011096177908  0.008051605354  0.004518348515  0.004518348515  0.004518348515  0.004518348515  0.007040631903  0.007046254917  0.006033552736  0.006536902391  0.004518348515  0.004518348515  0.006031066380  0.013143816355  0.008057499047  0.005527972497  0.006534539861  0.004518348515  0.002506293174  
piranga_olivacea_ku4672 0.014672002301  0.020333845443  0.025003904090  0.002004024928  0.013673064489  0.010092207302  0.008569178158  0.008569178158  0.004520444845  0.004520444845  0.000000000000  0.010586724858  0.007544741907  0.004014302700  0.004014302700  0.004014302700  0.004014302700  0.006028961369  0.006539646528  0.005527972497  0.006031066380  0.004014302700  0.004014302700  0.005525743400  0.012632007427  0.007550117677  0.005022904769  0.006028961369  0.004014302700  0.002004024928  
piranga_ludoviciana_sdsu2208 0.020826707809  0.026540068742  0.031252702265  0.008554105948  0.020341022507  0.016723056649  0.015185391554  0.015185391554  0.011096177908  0.011096177908  0.010586724858  0.000000000000  0.003006787669  0.006530961124  0.006530961124  0.006530961124  0.006530961124  0.009059361264  0.009063990768  0.008049233042  0.008554105948  0.006530961124  0.006530961124  0.008047244257  0.015176009489  0.010077792197  0.007542628161  0.008552242503  0.006530961124  0.008554105948  
piranga_bidentata_hgoslp104 0.017737764081  0.023423060760  0.028112623136  0.005522428828  0.017250595954  0.013651286399  0.012120723711  0.012120723711  0.008051605354  0.008051605354  0.007544741907  0.003006787669  0.000000000000  0.003508735814  0.003508735814  0.003508735814  0.003508735814  0.006025896883  0.006028961369  0.005019340870  0.005522428828  0.003508735814  0.003508735814  0.005018130530  0.012112961211  0.007038393576  0.004515296791  0.005521344108  0.003508735814  0.005522428828  
piranga_lutea_ku89864 0.014667382318  0.019809137215  0.024473186178  0.002003203237  0.013667040991  0.010088027393  0.008565397638  0.008565397638  0.004518348515  0.004518348515  0.004014302700  0.006530961124  0.003508735814  0.000000000000  0.000000000000  0.000000000000  0.000000000000  0.002504521146  0.002506293174  0.001502262503  0.002003203237  0.000000000000  0.000000000000  0.001501694201  0.008558984965  0.003510766291  0.001001004883  0.002002760442  0.000000000000  0.002003203237  
piranga_bidentata_itm160 0.014667382318  0.019809137215  0.024473186178  0.002003203237  0.013667040991  0.010088027393  0.008565397638  0.008565397638  0.004518348515  0.004518348515  0.004014302700  0.006530961124  0.003508735814  0.000000000000  0.000000000000  0.000000000000  0.000000000000  0.002504521146  0.002506293174  0.001502262503  0.002003203237  0.000000000000  0.000000000000  0.001501694201  0.008558984965  0.003510766291  0.001001004883  0.002002760442  0.000000000000  0.002003203237  
piranga_bidentata_itm141 0.014667382318  0.019809137215  0.024473186178  0.002003203237  0.013667040991  0.010088027393  0.008565397638  0.008565397638  0.004518348515  0.004518348515  0.004014302700  0.006530961124  0.003508735814  0.000000000000  0.000000000000  0.000000000000  0.000000000000  0.002504521146  0.002506293174  0.001502262503  0.002003203237  0.000000000000  0.000000000000  0.001501694201  0.008558984965  0.003510766291  0.001001004883  0.002002760442  0.000000000000  0.002003203237  
piranga_hepatica_ku9084 0.014667382318  0.019809137215  0.024473186178  0.002003203237  0.013667040991  0.010088027393  0.008565397638  0.008565397638  0.004518348515  0.004518348515  0.004014302700  0.006530961124  0.003508735814  0.000000000000  0.000000000000  0.000000000000  0.000000000000  0.002504521146  0.002506293174  0.001502262503  0.002003203237  0.000000000000  0.000000000000  0.001501694201  0.008558984965  0.003510766291  0.001001004883  0.002002760442  0.000000000000  0.002003203237  
piranga_flava_ku90809 0.017227568589  0.022389587129  0.027072070564  0.004515296791  0.016225760074  0.012632007427  0.011103662428  0.011103662428  0.007040631903  0.007040631903  0.006028961369  0.009059361264  0.006025896883  0.002504521146  0.002504521146  0.002504521146  0.002504521146  0.000000000000  0.005020932409  0.004012842256  0.004515296791  0.002504521146  0.002504521146  0.004011762115  0.011096177908  0.006028961369  0.003509561031  0.004514342148  0.002504521146  0.004515296791  
piranga_flava_lsu15408 0.017238303204  0.022404151693  0.027089998441  0.004518348515  0.016239311776  0.012641839587  0.011112685951  0.011112685951  0.007046254917  0.007046254917  0.006539646528  0.009063990768  0.006028961369  0.002506293174  0.002506293174  0.002506293174  0.002506293174  0.005020932409  0.000000000000  0.004016143070  0.004518348515  0.002506293174  0.002506293174  0.004014302700  0.010084231323  0.006033552736  0.003512351220  0.004516632372  0.002506293174  0.004518348515  
piranga_roseogularis_ku2049 0.016208342379  0.021364523438  0.026041623696  0.003510766291  0.015208809318  0.011618743366  0.010092207302  0.010092207302  0.006033552736  0.006033552736  0.005527972497  0.008049233042  0.005019340870  0.001502262503  0.001502262503  0.001502262503  0.001502262503  0.004012842256  0.004016143070  0.000000000000  0.001501694201  0.001502262503  0.001502262503  0.003007738261  0.010084231323  0.005022904769  0.002506293174  0.003509561031  0.001502262503  0.003510766291  
piranga_roseogularis_ku2141 0.016717761573  0.021876859609  0.026556649798  0.004012842256  0.015717091998  0.012125183645  0.010597743700  0.010597743700  0.006536902391  0.006536902391  0.006031066380  0.008554105948  0.005522428828  0.002003203237  0.002003203237  0.002003203237  0.002003203237  0.004515296791  0.004518348515  0.001501694201  0.000000000000  0.002003203237  0.002003203237  0.003509561031  0.010590013074  0.005525743400  0.003007738261  0.004011762115  0.002003203237  0.004012842256  
piranga_olivacea_ku2699 0.014667382318  0.019809137215  0.024473186178  0.002003203237  0.013667040991  0.010088027393  0.008565397638  0.008565397638  0.004518348515  0.004518348515  0.004014302700  0.006530961124  0.003508735814  0.000000000000  0.000000000000  0.000000000000  0.000000000000  0.002504521146  0.002506293174  0.001502262503  0.002003203237  0.000000000000  0.000000000000  0.001501694201  0.008558984965  0.003510766291  0.001001004883  0.002002760442  0.000000000000  0.002003203237  
piranga_bidentata_tepe59 0.014667382318  0.019809137215  0.024473186178  0.002003203237  0.013667040991  0.010088027393  0.008565397638  0.008565397638  0.004518348515  0.004518348515  0.004014302700  0.006530961124  0.003508735814  0.000000000000  0.000000000000  0.000000000000  0.000000000000  0.002504521146  0.002506293174  0.001502262503  0.002003203237  0.000000000000  0.000000000000  0.001501694201  0.008558984965  0.003510766291  0.001001004883  0.002002760442  0.000000000000  0.002003203237  
piranga_rubra_sdsu2635 0.016203313938  0.021357588304  0.026033014416  0.003509561031  0.015202374107  0.011614161237  0.010088027393  0.010088027393  0.006031066380  0.006031066380  0.005525743400  0.008047244257  0.005018130530  0.001501694201  0.001501694201  0.001501694201  0.001501694201  0.004011762115  0.004014302700  0.003007738261  0.003509561031  0.001501694201  0.001501694201  0.000000000000  0.009063990768  0.005020932409  0.002505217584  0.003508735814  0.001501694201  0.003509561031  
piranga_ludoviciana_sdsu2648 0.023430297468  0.027596531801  0.031262501355  0.010590013074  0.022428945872  0.018794005148  0.017250595954  0.017250595954  0.013143816355  0.013143816355  0.012632007427  0.015176009489  0.012112961211  0.008558984965  0.008558984965  0.008558984965  0.008558984965  0.011096177908  0.010084231323  0.010084231323  0.010590013074  0.008558984965  0.008558984965  0.009063990768  0.000000000000  0.012120723711  0.009575296892  0.010586724858  0.008558984965  0.010590013074  
piranga_ludoviciana_sdsu2650 0.018264299288  0.023437928602  0.028130866032  0.005525743400  0.017264443844  0.013661403229  0.012130028870  0.012130028870  0.008057499047  0.008057499047  0.007550117677  0.010077792197  0.007038393576  0.003510766291  0.003510766291  0.003510766291  0.003510766291  0.006028961369  0.006033552736  0.005022904769  0.005525743400  0.003510766291  0.003510766291  0.005020932409  0.012120723711  0.000000000000  0.004518348515  0.005523895385  0.003510766291  0.005525743400  
piranga_ludoviciana_sdsu2385 0.015694159297  0.020845521669  0.024473186178  0.003007738261  0.014694356258  0.011107982001  0.009582750704  0.009582750704  0.005527972497  0.005527972497  0.005022904769  0.007542628161  0.004515296791  0.001001004883  0.001001004883  0.001001004883  0.001001004883  0.003509561031  0.003512351220  0.002506293174  0.003007738261  0.001001004883  0.001001004883  0.002505217584  0.009575296892  0.004518348515  0.000000000000  0.003006787669  0.001001004883  0.003007738261  
piranga_hepatica_ku4970 0.016712856130  0.021870046008  0.026548160811  0.004011762115  0.015710777080  0.012120723711  0.010593686146  0.010593686146  0.006534539861  0.006534539861  0.006028961369  0.008552242503  0.005521344108  0.002002760442  0.002002760442  0.002002760442  0.002002760442  0.004514342148  0.004516632372  0.003509561031  0.004011762115  0.002002760442  0.002002760442  0.003508735814  0.010586724858  0.005523895385  0.003006787669  0.000000000000  0.002002760442  0.004011762115  
piranga_lutea_lsu5400 0.014667382318  0.019809137215  0.024473186178  0.002003203237  0.013667040991  0.010088027393  0.008565397638  0.008565397638  0.004518348515  0.004518348515  0.004014302700  0.006530961124  0.003508735814  0.000000000000  0.000000000000  0.000000000000  0.000000000000  0.002504521146  0.002506293174  0.001502262503  0.002003203237  0.000000000000  0.000000000000  0.001501694201  0.008558984965  0.003510766291  0.001001004883  0.002002760442  0.000000000000  0.002003203237  
piranga_rubra_ku26592 0.012623719011  0.018264299288  0.022917028625  0.000000000000  0.011623710143  0.008057499047  0.006539646528  0.006539646528  0.002506293174  0.002506293174  0.002004024928  0.008554105948  0.005522428828  0.002003203237  0.002003203237  0.002003203237  0.002003203237  0.004515296791  0.004518348515  0.003510766291  0.004012842256  0.002003203237  0.002003203237  0.003509561031  0.010590013074  0.005525743400  0.003007738261  0.004011762115  0.002003203237  0.000000000000  

