30
cardinalis_cardinalis_ku21828 0.000000000000  0.000000000000  0.019267766918  0.017211311682  0.023916796312  0.020809518268  0.028593472668  0.025984630810  0.023911682231  0.023911682231  0.015674265851  0.015674265851  0.019784029313  0.018752074309  0.019264085729  0.019264085729  0.023907011170  0.019784029313  0.021844827365  0.017211311682  0.021844827365  0.018752074309  0.019784029313  0.018752074309  0.020818268512  0.021840501065  0.022877495398  0.027558525913  0.027565371623  0.028581656525  
cardinalis_cardinalis_ku25393 0.000000000000  0.000000000000  0.019267766918  0.017211311682  0.023916796312  0.020809518268  0.028593472668  0.025984630810  0.023911682231  0.023911682231  0.015674265851  0.015674265851  0.019784029313  0.018752074309  0.019264085729  0.019264085729  0.023907011170  0.019784029313  0.021844827365  0.017211311682  0.021844827365  0.018752074309  0.019784029313  0.018752074309  0.020818268512  0.021840501065  0.022877495398  0.027558525913  0.027565371623  0.028581656525  
piranga_roseogularis_ku2049 0.019267766918  0.019267766918  0.000000000000  0.002003356978  0.014670334149  0.011603764501  0.019286870668  0.016712374547  0.014665888037  0.014665888037  0.006533983915  0.006533983915  0.010590691273  0.009572382834  0.011600679180  0.011600679180  0.014661874427  0.010590691273  0.012114272445  0.008051373048  0.012625338770  0.009572382834  0.010590691273  0.009572382834  0.011611223828  0.012621658421  0.013644873473  0.018264578045  0.018270708537  0.019276443734  
piranga_roseogularis_ku2141 0.017211311682  0.017211311682  0.002003356978  0.000000000000  0.012625338770  0.009569623557  0.017227308803  0.014661874427  0.012621658421  0.012621658421  0.004515933730  0.004515933730  0.008558886349  0.007544410395  0.009567292223  0.009567292223  0.012618408812  0.008558886349  0.010587340765  0.006028374547  0.010587340765  0.007544410395  0.008558886349  0.007544410395  0.009575569691  0.010584418887  0.011603764501  0.016207406925  0.016212757336  0.017218438776  
piranga_leucoptera_fmnh481795 0.023916796312  0.023916796312  0.014670334149  0.012625338770  0.000000000000  0.007034986519  0.016712374547  0.014149462639  0.012110889935  0.012110889935  0.011097031838  0.011097031838  0.015183909681  0.014157322492  0.016198007152  0.016198007152  0.019281438620  0.015183909681  0.017232396499  0.012625338770  0.017232396499  0.014157322492  0.015183909681  0.014157322492  0.016212757336  0.017227308803  0.017742811171  0.022393118120  0.021880029332  0.023407794989  
piranga_leucoptera_lsu7783 0.020809518268  0.020809518268  0.011603764501  0.009569623557  0.007034986519  0.000000000000  0.013637612175  0.011088665862  0.009059557982  0.009059557982  0.008049069250  0.008049069250  0.012114272445  0.011093813720  0.013126321806  0.013126321806  0.016193958517  0.012114272445  0.014153176490  0.009569623557  0.014153176490  0.011093813720  0.012114272445  0.011093813720  0.013136964699  0.013132985859  0.015174848770  0.019804352350  0.019292739512  0.020818268512  
piranga_erythrocephala_fmnh343371 0.028593472668  0.028593472668  0.019286870668  0.017227308803  0.016712374547  0.013637612175  0.000000000000  0.005525005104  0.009569623557  0.009569623557  0.015688386907  0.015688386907  0.019804352350  0.018769961465  0.020823302842  0.020823302842  0.022899903759  0.019804352350  0.021866537007  0.017227308803  0.021866537007  0.018769961465  0.019804352350  0.018769961465  0.020841038237  0.021860449670  0.022899903759  0.027588580952  0.027072244065  0.028607078736  
piranga_erythrocephala_fmnh343370 0.025984630810  0.025984630810  0.016712374547  0.014661874427  0.014149462639  0.011088665862  0.005525005104  0.000000000000  0.007036278917  0.007036278917  0.013129438106  0.013129438106  0.017227308803  0.016198007152  0.018244413226  0.018244413226  0.021336247848  0.017227308803  0.019281438620  0.014661874427  0.019281438620  0.016198007152  0.017227308803  0.016198007152  0.018258882905  0.019276443734  0.020310758770  0.024978270949  0.024463433533  0.025996005046  
piranga_rubriceps_lsu265 0.023911682231  0.023911682231  0.014665888037  0.012621658421  0.012110889935  0.009059557982  0.009569623557  0.007036278917  0.000000000000  0.000000000000  0.011093813720  0.011093813720  0.015179162798  0.014153176490  0.016193958517  0.016193958517  0.019276443734  0.015179162798  0.017227308803  0.012621658421  0.017227308803  0.014153176490  0.015179162798  0.014153176490  0.016207406925  0.017222656107  0.018253623478  0.022906607860  0.022393118120  0.023922353041  
piranga_rubriceps_lsu34818 0.023911682231  0.023911682231  0.014665888037  0.012621658421  0.012110889935  0.009059557982  0.009569623557  0.007036278917  0.000000000000  0.000000000000  0.011093813720  0.011093813720  0.015179162798  0.014153176490  0.016193958517  0.016193958517  0.019276443734  0.015179162798  0.017227308803  0.012621658421  0.017227308803  0.014153176490  0.015179162798  0.014153176490  0.016207406925  0.017222656107  0.018253623478  0.022906607860  0.022393118120  0.023922353041  
piranga_ludoviciana_sdsu2650 0.015674265851  0.015674265851  0.006533983915  0.004515933730  0.011097031838  0.008049069250  0.015688386907  0.013129438106  0.011093813720  0.011093813720  0.000000000000  0.000000000000  0.004013460347  0.003007069725  0.005017815218  0.005017815218  0.008047192009  0.004013460347  0.006028374547  0.001501764460  0.006028374547  0.004013460347  0.005022023273  0.004013460347  0.006032767902  0.007037997197  0.008051373048  0.012629449495  0.012633990236  0.013637612175  
piranga_ludoviciana_sdsu2648 0.015674265851  0.015674265851  0.006533983915  0.004515933730  0.011097031838  0.008049069250  0.015688386907  0.013129438106  0.011093813720  0.011093813720  0.000000000000  0.000000000000  0.004013460347  0.003007069725  0.005017815218  0.005017815218  0.008047192009  0.004013460347  0.006028374547  0.001501764460  0.006028374547  0.004013460347  0.005022023273  0.004013460347  0.006032767902  0.007037997197  0.008051373048  0.012629449495  0.012633990236  0.013637612175  
piranga_ludoviciana_sdsu2208 0.019784029313  0.019784029313  0.010590691273  0.008558886349  0.015183909681  0.012114272445  0.019804352350  0.017227308803  0.015179162798  0.015179162798  0.004013460347  0.004013460347  0.000000000000  0.001001071621  0.003006400918  0.003006400918  0.012110889935  0.008054103041  0.010081259645  0.005525005104  0.010081259645  0.008054103041  0.009070270237  0.008054103041  0.010088652195  0.011097031838  0.012118084984  0.016728031954  0.016734118684  0.017737855444  
piranga_bidentata_tepe59 0.018752074309  0.018752074309  0.009572382834  0.007544410395  0.014157322492  0.011093813720  0.018769961465  0.016198007152  0.014153176490  0.014153176490  0.003007069725  0.003007069725  0.001001071621  0.000000000000  0.002002748262  0.002002748262  0.011091024940  0.007040140994  0.009064059633  0.004515933730  0.009064059633  0.007040140994  0.008054103041  0.007040140994  0.009070270237  0.010078205075  0.011097031838  0.015698050328  0.015703531487  0.016708024214  
piranga_bidentata_itm160 0.019264085729  0.019264085729  0.011600679180  0.009567292223  0.016198007152  0.013126321806  0.020823302842  0.018244413226  0.016193958517  0.016193958517  0.005017815218  0.005017815218  0.003006400918  0.002002748262  0.000000000000  0.000000000000  0.013123637325  0.009061595007  0.011091024940  0.006530705794  0.011091024940  0.009061595007  0.010078205075  0.009061595007  0.011097031838  0.012107937818  0.013129438106  0.017742811171  0.017748202253  0.018755890157  
piranga_bidentata_itm141 0.019264085729  0.019264085729  0.011600679180  0.009567292223  0.016198007152  0.013126321806  0.020823302842  0.018244413226  0.016193958517  0.016193958517  0.005017815218  0.005017815218  0.003006400918  0.002002748262  0.000000000000  0.000000000000  0.013123637325  0.009061595007  0.011091024940  0.006530705794  0.011091024940  0.009061595007  0.010078205075  0.009061595007  0.011097031838  0.012107937818  0.013129438106  0.017742811171  0.017748202253  0.018755890157  
piranga_ludoviciana_sdsu2385 0.023907011170  0.023907011170  0.014661874427  0.012618408812  0.019281438620  0.016193958517  0.022899903759  0.021336247848  0.019276443734  0.019276443734  0.008047192009  0.008047192009  0.012110889935  0.011091024940  0.013123637325  0.013123637325  0.000000000000  0.009061595007  0.013126321806  0.008552374870  0.013126321806  0.011091024940  0.012110889935  0.011091024940  0.013132985859  0.014146181304  0.015170967960  0.019798614941  0.019804352350  0.020813673530  
piranga_bidentata_hgoslp104 0.019784029313  0.019784029313  0.010590691273  0.008558886349  0.015183909681  0.012114272445  0.019804352350  0.017227308803  0.015179162798  0.015179162798  0.004013460347  0.004013460347  0.008054103041  0.007040140994  0.009061595007  0.009061595007  0.009061595007  0.000000000000  0.008556288837  0.004515933730  0.009064059633  0.007040140994  0.008054103041  0.007040140994  0.009070270237  0.010078205075  0.011097031838  0.015698050328  0.015703531487  0.016708024214  
piranga_olivacea_ku4672 0.021844827365  0.021844827365  0.012114272445  0.010587340765  0.017232396499  0.014153176490  0.021866537007  0.019281438620  0.017227308803  0.017227308803  0.006028374547  0.006028374547  0.010081259645  0.009064059633  0.011091024940  0.011091024940  0.013126321806  0.008556288837  0.000000000000  0.006532132264  0.011093813720  0.009064059633  0.010081259645  0.009064059633  0.011100678929  0.012110889935  0.013132985859  0.017748202253  0.017754028329  0.018760143545  
piranga_olivacea_ku2699 0.017211311682  0.017211311682  0.008051373048  0.006028374547  0.012625338770  0.009569623557  0.017227308803  0.014661874427  0.012621658421  0.012621658421  0.001501764460  0.001501764460  0.005525005104  0.004515933730  0.006530705794  0.006530705794  0.008552374870  0.004515933730  0.006532132264  0.000000000000  0.006532132264  0.004515933730  0.005525005104  0.004515933730  0.006536260384  0.007542399673  0.008556288837  0.013136964699  0.013141374265  0.014146181304  
piranga_lutea_ku89864 0.021844827365  0.021844827365  0.012625338770  0.010587340765  0.017232396499  0.014153176490  0.021866537007  0.019281438620  0.017227308803  0.017227308803  0.006028374547  0.006028374547  0.010081259645  0.009064059633  0.011091024940  0.011091024940  0.013126321806  0.009064059633  0.011093813720  0.006532132264  0.000000000000  0.004013460347  0.005022023273  0.004013460347  0.006032767902  0.007037997197  0.008051373048  0.012629449495  0.012633990236  0.013637612175  
piranga_hepatica_ku9084 0.018752074309  0.018752074309  0.009572382834  0.007544410395  0.014157322492  0.011093813720  0.018769961465  0.016198007152  0.014153176490  0.014153176490  0.004013460347  0.004013460347  0.008054103041  0.007040140994  0.009061595007  0.009061595007  0.011091024940  0.007040140994  0.009064059633  0.004515933730  0.004013460347  0.000000000000  0.001001071621  0.000000000000  0.002004292621  0.003006400918  0.004012214063  0.008558886349  0.008561910396  0.009565389196  
piranga_flava_lsu15408 0.019784029313  0.019784029313  0.010590691273  0.008558886349  0.015183909681  0.012114272445  0.019804352350  0.017227308803  0.015179162798  0.015179162798  0.005022023273  0.005022023273  0.009070270237  0.008054103041  0.010078205075  0.010078205075  0.012110889935  0.008054103041  0.010081259645  0.005525005104  0.005022023273  0.001001071621  0.000000000000  0.001001071621  0.003009672249  0.004012214063  0.005020197018  0.009575569691  0.009579183768  0.010581926001  
piranga_flava_ku90809 0.018752074309  0.018752074309  0.009572382834  0.007544410395  0.014157322492  0.011093813720  0.018769961465  0.016198007152  0.014153176490  0.014153176490  0.004013460347  0.004013460347  0.008054103041  0.007040140994  0.009061595007  0.009061595007  0.011091024940  0.007040140994  0.009064059633  0.004515933730  0.004013460347  0.000000000000  0.001001071621  0.000000000000  0.002004292621  0.003006400918  0.004012214063  0.008558886349  0.008561910396  0.009565389196  
piranga_hepatica_ku4970 0.020818268512  0.020818268512  0.011611223828  0.009575569691  0.016212757336  0.013136964699  0.020841038237  0.018258882905  0.016207406925  0.016207406925  0.006032767902  0.006032767902  0.010088652195  0.009070270237  0.011097031838  0.011097031838  0.013132985859  0.009070270237  0.011100678929  0.006536260384  0.006032767902  0.002004292621  0.003009672249  0.002004292621  0.000000000000  0.003006400918  0.004012214063  0.008558886349  0.008561910396  0.009565389196  
piranga_lutea_lsu5400 0.021840501065  0.021840501065  0.012621658421  0.010584418887  0.017227308803  0.013132985859  0.021860449670  0.019276443734  0.017222656107  0.017222656107  0.007037997197  0.007037997197  0.011097031838  0.010078205075  0.012107937818  0.012107937818  0.014146181304  0.010078205075  0.012110889935  0.007542399673  0.007037997197  0.003006400918  0.004012214063  0.003006400918  0.003006400918  0.000000000000  0.005017260399  0.008552374870  0.008554118223  0.010577024968  
piranga_rubra_ku7046 0.022877495398  0.022877495398  0.013644873473  0.011603764501  0.017742811171  0.015174848770  0.022899903759  0.020310758770  0.018253623478  0.018253623478  0.008051373048  0.008051373048  0.012118084984  0.011097031838  0.013129438106  0.013129438106  0.015170967960  0.011097031838  0.013132985859  0.008556288837  0.008051373048  0.004012214063  0.005020197018  0.004012214063  0.004012214063  0.005017260399  0.000000000000  0.004517469686  0.004519428396  0.005521197712  
piranga_rubra_sdsu2635 0.027558525913  0.027558525913  0.018264578045  0.016207406925  0.022393118120  0.019804352350  0.027588580952  0.024978270949  0.022906607860  0.022906607860  0.012629449495  0.012629449495  0.016728031954  0.015698050328  0.017742811171  0.017742811171  0.019798614941  0.015698050328  0.017748202253  0.013136964699  0.012629449495  0.008558886349  0.009575569691  0.008558886349  0.008558886349  0.008552374870  0.004517469686  0.000000000000  0.004015129050  0.010075578790  
piranga_rubra_sdsu2654 0.027565371623  0.027565371623  0.018270708537  0.016212757336  0.021880029332  0.019292739512  0.027072244065  0.024463433533  0.022393118120  0.022393118120  0.012633990236  0.012633990236  0.016734118684  0.015703531487  0.017748202253  0.017748202253  0.019804352350  0.015703531487  0.017754028329  0.013141374265  0.012633990236  0.008561910396  0.009579183768  0.008561910396  0.008561910396  0.008554118223  0.004519428396  0.004015129050  0.000000000000  0.010078205075  
piranga_rubra_ku26592 0.028581656525  0.028581656525  0.019276443734  0.017218438776  0.023407794989  0.020818268512  0.028607078736  0.025996005046  0.023922353041  0.023922353041  0.013637612175  0.013637612175  0.017737855444  0.016708024214  0.018755890157  0.018755890157  0.020813673530  0.016708024214  0.018760143545  0.014146181304  0.013637612175  0.009565389196  0.010581926001  0.009565389196  0.009565389196  0.010577024968  0.005521197712  0.010075578790  0.010078205075  0.000000000000  

