30
piranga_rubra_ku26592 0.000000000000  0.003569501768  0.004767099329  0.008370296772  0.007178975692  0.024246017109  0.008221755435  0.021761927192  0.003569501768  0.005963056271  0.006348377858  0.006540262663  0.005959930368  0.006384347178  0.002376322152  0.003856273949  0.005231947985  0.008367164284  0.007289339169  0.005967043104  0.009579067256  0.003569501768  0.008370296772  0.007113047389  0.013215565115  0.014005807125  0.005215522580  0.007164966285  0.004761424733  0.005967043104  
piranga_flava_ku90809 0.003569501768  0.000000000000  0.003447452190  0.004600163662  0.003451418406  0.019807765562  0.005463856910  0.018618744862  0.000000000000  0.004600163662  0.004752802735  0.003853701234  0.002292872261  0.003183882667  0.001145712999  0.000000000000  0.002570151249  0.004597252305  0.005673088813  0.004602542110  0.005858255795  0.000000000000  0.004600163662  0.002761408234  0.009241087089  0.011641788452  0.005215522580  0.003446403411  0.003443495079  0.004602542110  
piranga_ludoviciana_sdsu2385 0.004767099329  0.003447452190  0.000000000000  0.003435608047  0.002289280832  0.018564782288  0.006857944713  0.017381898508  0.003431678064  0.001141444745  0.000000000000  0.002556667745  0.003434641454  0.006397277483  0.004581455595  0.005789209935  0.003845131197  0.005739974517  0.001412790934  0.001141788510  0.004666982600  0.003431678064  0.003435608047  0.001381561192  0.008052535989  0.009300646607  0.000000000000  0.002285013384  0.006885403939  0.001141788510  
piranga_rubriceps_lsu265 0.008370296772  0.004600163662  0.003435608047  0.000000000000  0.001141444745  0.017372475987  0.008221755435  0.016194273281  0.004579098938  0.004584347012  0.004752802735  0.003834001039  0.004581455595  0.006384347178  0.005730681615  0.007729007344  0.005131272682  0.006890417138  0.005673088813  0.004586709089  0.003486455971  0.004579098938  0.000000000000  0.002757600796  0.004576214122  0.002305112017  0.005215522580  0.003434566476  0.008038873622  0.004586709089  
piranga_leucoptera_lsu7783 0.007178975692  0.003451418406  0.002289280832  0.001141444745  0.000000000000  0.016221083608  0.006857944713  0.015043385057  0.003435608047  0.003435608047  0.003166380668  0.002556667745  0.003438578236  0.003186560490  0.004586709089  0.005789209935  0.003850065892  0.005746571653  0.004252589789  0.003438578236  0.002324855892  0.003435608047  0.001141444745  0.001379655112  0.005730681615  0.004616089831  0.003474419626  0.002287627017  0.006893314612  0.003438578236  
cardinalis_cardinalis_ku25393 0.024246017109  0.019807765562  0.018564782288  0.017372475987  0.016221083608  0.000000000000  0.022215125751  0.003430713675  0.019715864666  0.019738759839  0.016001002615  0.018133181550  0.019728055175  0.016104083568  0.020902572793  0.019519996730  0.019481638694  0.022107627210  0.020113325050  0.019750978956  0.018882450838  0.019715864666  0.017372475987  0.016777789302  0.022105299199  0.016354346804  0.021173074985  0.018553965377  0.023271583226  0.019750978956  
piranga_olivacea_ku2699 0.008221755435  0.005463856910  0.006857944713  0.008221755435  0.006857944713  0.022215125751  0.000000000000  0.019376524264  0.005463856910  0.006857944713  0.008115849030  0.005862807573  0.004095827647  0.009632520029  0.005463856910  0.007735745994  0.005864389192  0.001360879650  0.009120046440  0.006857944713  0.009607468413  0.005463856910  0.008221755435  0.005906091114  0.010986747233  0.016409618223  0.008740081608  0.005477443460  0.008214611633  0.006857944713  
cardinalis_cardinalis_ku21828 0.021761927192  0.018618744862  0.017381898508  0.016194273281  0.015043385057  0.003430713675  0.019376524264  0.000000000000  0.018532472282  0.018553965377  0.012758136165  0.015499150020  0.018543263903  0.016104083568  0.019715864666  0.017534126608  0.016835895547  0.020916170044  0.018647293559  0.018564782288  0.016480245137  0.018532472282  0.016194273281  0.015357003248  0.020915253478  0.016354346804  0.017576055290  0.017372475987  0.022079606826  0.018564782288  
piranga_rubra_ku7046 0.003569501768  0.000000000000  0.003431678064  0.004579098938  0.003435608047  0.019715864666  0.005463856910  0.018532472282  0.000000000000  0.004579098938  0.004752802735  0.003834001039  0.002282405716  0.003183882667  0.001140486316  0.000000000000  0.002557007424  0.004576214122  0.005673088813  0.004581455595  0.005830928247  0.000000000000  0.004579098938  0.002761408234  0.009198583455  0.011641788452  0.005215522580  0.003430638880  0.003427757062  0.004581455595  
piranga_bidentata_hgoslp104 0.005963056271  0.004600163662  0.001141444745  0.004584347012  0.003435608047  0.019738759839  0.006857944713  0.018553965377  0.004579098938  0.000000000000  0.000000000000  0.003838907181  0.004581455595  0.006397277483  0.005730681615  0.005789209935  0.005131272682  0.006890417138  0.001412790934  0.002285013384  0.005837736204  0.004579098938  0.004584347012  0.001381561192  0.009209172665  0.009300646607  0.000000000000  0.001141788510  0.008038873622  0.002285013384  
piranga_ludoviciana_sdsu2648 0.006348377858  0.004752802735  0.000000000000  0.004752802735  0.003166380668  0.016001002615  0.008115849030  0.012758136165  0.004752802735  0.000000000000  0.000000000000  0.001748806183  0.003166380668  0.006397277483  0.006348377858  0.006170236462  0.005270499927  0.006356611706  0.001580231347  0.000000000000  0.004752802735  0.004752802735  0.004752802735  0.001580231347  0.007942898980  0.009300646607  0.000000000000  0.001580231347  0.009548012601  0.000000000000  
piranga_roseogularis_ku2049 0.006540262663  0.003853701234  0.002556667745  0.003834001039  0.002556667745  0.018133181550  0.005862807573  0.015499150020  0.003834001039  0.003838907181  0.001748806183  0.000000000000  0.003835299660  0.003186560490  0.003834001039  0.003851579044  0.003838907181  0.006410790260  0.003259261682  0.003840209136  0.005118141300  0.003834001039  0.003834001039  0.000000000000  0.008988570622  0.006941163027  0.001733647098  0.002557007424  0.006404004908  0.003840209136  
piranga_hepatica_ku4970 0.005959930368  0.002292872261  0.003434641454  0.004581455595  0.003438578236  0.019728055175  0.004095827647  0.018543263903  0.002282405716  0.004581455595  0.003166380668  0.003835299660  0.000000000000  0.000000000000  0.003427757062  0.001922772210  0.002556667745  0.004580488202  0.004252589789  0.004585739485  0.005834739857  0.002282405716  0.004581455595  0.001379655112  0.009204336335  0.009300646607  0.003474419626  0.003431678064  0.005724120925  0.004585739485  
piranga_hepatica_ku9084 0.006384347178  0.003183882667  0.006397277483  0.006384347178  0.003186560490  0.016104083568  0.009632520029  0.016104083568  0.003183882667  0.006397277483  0.006397277483  0.003186560490  0.000000000000  0.000000000000  0.003183882667  0.003183882667  0.000000000000  0.006397277483  0.009632520029  0.006397277483  0.003186560490  0.003183882667  0.006384347178  0.003186560490  0.012840047347  0.009609180265  0.006397277483  0.003186560490  0.006386483093  0.006397277483  
piranga_rubra_sdsu2654 0.002376322152  0.001145712999  0.004581455595  0.005730681615  0.004586709089  0.020902572793  0.005463856910  0.019715864666  0.001140486316  0.005730681615  0.006348377858  0.003834001039  0.003427757062  0.003183882667  0.000000000000  0.000000000000  0.002557007424  0.005727793786  0.007102942466  0.005734362925  0.007006003875  0.001140486316  0.005730681615  0.004148189173  0.010361477467  0.011641788452  0.005215522580  0.004579098938  0.002282405716  0.005734362925  
piranga_flava_lsu15408 0.003856273949  0.000000000000  0.005789209935  0.007729007344  0.005789209935  0.019519996730  0.007735745994  0.017534126608  0.000000000000  0.005789209935  0.006170236462  0.003851579044  0.001922772210  0.003183882667  0.000000000000  0.000000000000  0.003852352125  0.005789209935  0.007735745994  0.005789209935  0.005789209935  0.000000000000  0.007729007344  0.003851579044  0.011632641987  0.011641788452  0.005789209935  0.003851579044  0.003851579044  0.005789209935  
piranga_lutea_lsu5400 0.005231947985  0.002570151249  0.003845131197  0.005131272682  0.003850065892  0.019481638694  0.005864389192  0.016835895547  0.002557007424  0.005131272682  0.005270499927  0.003838907181  0.002556667745  0.000000000000  0.002557007424  0.003852352125  0.000000000000  0.005127652156  0.006545767318  0.005134233865  0.006422644915  0.002557007424  0.005131272682  0.003173253713  0.010313315742  0.011641788452  0.005215522580  0.003843825895  0.005124168458  0.005134233865  
piranga_olivacea_ku4672 0.008367164284  0.004597252305  0.005739974517  0.006890417138  0.005746571653  0.022107627210  0.001360879650  0.020916170044  0.004576214122  0.006890417138  0.006356611706  0.006410790260  0.004580488202  0.006397277483  0.005727793786  0.005789209935  0.005127652156  0.000000000000  0.007111557949  0.006897363694  0.008190926605  0.004576214122  0.006890417138  0.004152521469  0.011536035160  0.014026678370  0.006977576965  0.005734362925  0.008034051405  0.006897363694  
piranga_ludoviciana_sdsu2208 0.007289339169  0.005673088813  0.001412790934  0.005673088813  0.004252589789  0.020113325050  0.009120046440  0.018647293559  0.005673088813  0.001412790934  0.001580231347  0.003259261682  0.004252589789  0.009632520029  0.007102942466  0.007735745994  0.006545767318  0.007111557949  0.000000000000  0.001412790934  0.005796403560  0.005673088813  0.005673088813  0.002830310278  0.008529934758  0.011657070615  0.001799148036  0.002830310278  0.009967443654  0.001412790934  
piranga_bidentata_itm160 0.005967043104  0.004602542110  0.001141788510  0.004586709089  0.003438578236  0.019750978956  0.006857944713  0.018564782288  0.004581455595  0.002285013384  0.000000000000  0.003840209136  0.004585739485  0.006397277483  0.005734362925  0.005789209935  0.005134233865  0.006897363694  0.001412790934  0.000000000000  0.005841556746  0.004581455595  0.004586709089  0.001381561192  0.009214938859  0.009300646607  0.000000000000  0.003431678064  0.008043283077  0.000000000000  
piranga_leucoptera_fmnh481795 0.009579067256  0.005858255795  0.004666982600  0.003486455971  0.002324855892  0.018882450838  0.009607468413  0.016480245137  0.005830928247  0.005837736204  0.004752802735  0.005118141300  0.005834739857  0.003186560490  0.007006003875  0.005789209935  0.006422644915  0.008190926605  0.005796403560  0.005841556746  0.000000000000  0.005830928247  0.003486455971  0.002815838099  0.008170235194  0.004616089831  0.005222376400  0.004664536937  0.009360023536  0.005841556746  
piranga_lutea_ku89864 0.003569501768  0.000000000000  0.003431678064  0.004579098938  0.003435608047  0.019715864666  0.005463856910  0.018532472282  0.000000000000  0.004579098938  0.004752802735  0.003834001039  0.002282405716  0.003183882667  0.001140486316  0.000000000000  0.002557007424  0.004576214122  0.005673088813  0.004581455595  0.005830928247  0.000000000000  0.004579098938  0.002761408234  0.009198583455  0.011641788452  0.005215522580  0.003430638880  0.003427757062  0.004581455595  
piranga_rubriceps_lsu34818 0.008370296772  0.004600163662  0.003435608047  0.000000000000  0.001141444745  0.017372475987  0.008221755435  0.016194273281  0.004579098938  0.004584347012  0.004752802735  0.003834001039  0.004581455595  0.006384347178  0.005730681615  0.007729007344  0.005131272682  0.006890417138  0.005673088813  0.004586709089  0.003486455971  0.004579098938  0.000000000000  0.002757600796  0.004576214122  0.002305112017  0.005215522580  0.003434566476  0.008038873622  0.004586709089  
piranga_roseogularis_ku2141 0.007113047389  0.002761408234  0.001381561192  0.002757600796  0.001379655112  0.016777789302  0.005906091114  0.015357003248  0.002761408234  0.001381561192  0.001580231347  0.000000000000  0.001379655112  0.003186560490  0.004148189173  0.003851579044  0.003173253713  0.004152521469  0.002830310278  0.001381561192  0.002815838099  0.002761408234  0.002757600796  0.000000000000  0.005528425783  0.006941163027  0.001748806183  0.000000000000  0.006930058050  0.001381561192  
piranga_erythrocephala_fmnh343371 0.013215565115  0.009241087089  0.008052535989  0.004576214122  0.005730681615  0.022105299199  0.010986747233  0.020915253478  0.009198583455  0.009209172665  0.007942898980  0.008988570622  0.009204336335  0.012840047347  0.010361477467  0.011632641987  0.010313315742  0.011536035160  0.008529934758  0.009214938859  0.008170235194  0.009198583455  0.004576214122  0.005528425783  0.000000000000  0.002298415915  0.008718519427  0.008048116343  0.012689022602  0.009214938859  
piranga_erythrocephala_fmnh343370 0.014005807125  0.011641788452  0.009300646607  0.002305112017  0.004616089831  0.016354346804  0.016409618223  0.016354346804  0.011641788452  0.009300646607  0.009300646607  0.006941163027  0.009300646607  0.009609180265  0.011641788452  0.011641788452  0.011641788452  0.014026678370  0.011657070615  0.009300646607  0.004616089831  0.011641788452  0.002305112017  0.006941163027  0.002298415915  0.000000000000  0.009300646607  0.006957260457  0.016364652815  0.009300646607  
piranga_ludoviciana_sdsu2650 0.005215522580  0.005215522580  0.000000000000  0.005215522580  0.003474419626  0.021173074985  0.008740081608  0.017576055290  0.005215522580  0.000000000000  0.000000000000  0.001733647098  0.003474419626  0.006397277483  0.005215522580  0.005789209935  0.005215522580  0.006977576965  0.001799148036  0.000000000000  0.005222376400  0.005215522580  0.005215522580  0.001748806183  0.008718519427  0.009300646607  0.000000000000  0.001733647098  0.008718519427  0.000000000000  
piranga_bidentata_tepe59 0.007164966285  0.003446403411  0.002285013384  0.003434566476  0.002287627017  0.018553965377  0.005477443460  0.017372475987  0.003430638880  0.001141788510  0.001580231347  0.002557007424  0.003431678064  0.003186560490  0.004579098938  0.003851579044  0.003843825895  0.005734362925  0.002830310278  0.003431678064  0.004664536937  0.003430638880  0.003434566476  0.000000000000  0.008048116343  0.006957260457  0.001733647098  0.000000000000  0.006882330579  0.003431678064  
piranga_rubra_sdsu2635 0.004761424733  0.003443495079  0.006885403939  0.008038873622  0.006893314612  0.023271583226  0.008214611633  0.022079606826  0.003427757062  0.008038873622  0.009548012601  0.006404004908  0.005724120925  0.006386483093  0.002282405716  0.003851579044  0.005124168458  0.008034051405  0.009967443654  0.008043283077  0.009360023536  0.003427757062  0.008038873622  0.006930058050  0.012689022602  0.016364652815  0.008718519427  0.006882330579  0.000000000000  0.008043283077  
piranga_bidentata_itm141 0.005967043104  0.004602542110  0.001141788510  0.004586709089  0.003438578236  0.019750978956  0.006857944713  0.018564782288  0.004581455595  0.002285013384  0.000000000000  0.003840209136  0.004585739485  0.006397277483  0.005734362925  0.005789209935  0.005134233865  0.006897363694  0.001412790934  0.000000000000  0.005841556746  0.004581455595  0.004586709089  0.001381561192  0.009214938859  0.009300646607  0.000000000000  0.003431678064  0.008043283077  0.000000000000  

