30
cardinalis_cardinalis_ku21828 0.000000000000  0.000000000000  0.001501515591  0.001501515591  0.003508842789  0.003508842789  0.003508842789  0.005526234932  0.006535153241  0.009580397352  0.008049995647  0.008049995647  0.006531377919  0.011088974619  0.007039016445  0.007039016445  0.006531377919  0.007541431954  0.004516930904  0.006029459702  0.003508842789  0.003508842789  0.003509715413  0.005018366624  0.004011923011  0.002504579833  0.002504579833  0.002504579833  0.006531377919  0.004514512143  
cardinalis_cardinalis_ku25393 0.000000000000  0.000000000000  0.001501515591  0.001501515591  0.003508842789  0.003508842789  0.003508842789  0.005526234932  0.006535153241  0.009580397352  0.008049995647  0.008049995647  0.006531377919  0.011088974619  0.007039016445  0.007039016445  0.006531377919  0.007541431954  0.004516930904  0.006029459702  0.003508842789  0.003508842789  0.003509715413  0.005018366624  0.004011923011  0.002504579833  0.002504579833  0.002504579833  0.006531377919  0.004514512143  
piranga_ludoviciana_sdsu2650 0.001501515591  0.001501515591  0.000000000000  0.000000000000  0.002003258056  0.002003258056  0.002003258056  0.004016526277  0.005023392079  0.008062382315  0.006535153241  0.006535153241  0.005019646034  0.009567931885  0.005526234932  0.005526234932  0.005019646034  0.006027642984  0.003009283231  0.004518733284  0.002003258056  0.002003258056  0.002004120209  0.003509715413  0.002505314190  0.001001028639  0.001001028639  0.001001028639  0.005019646034  0.003006888171  
piranga_ludoviciana_sdsu2385 0.001501515591  0.001501515591  0.000000000000  0.000000000000  0.002003258056  0.002003258056  0.002003258056  0.004016526277  0.005023392079  0.008062382315  0.006535153241  0.006535153241  0.005019646034  0.009567931885  0.005526234932  0.005526234932  0.005019646034  0.006027642984  0.003009283231  0.004518733284  0.002003258056  0.002003258056  0.002004120209  0.003509715413  0.002505314190  0.001001028639  0.001001028639  0.001001028639  0.005019646034  0.003006888171  
piranga_flava_ku90809 0.003508842789  0.003508842789  0.002003258056  0.002003258056  0.000000000000  0.000000000000  0.000000000000  0.004014597177  0.005021321310  0.008058689442  0.006533067032  0.006533067032  0.005018366624  0.009565814470  0.005524290995  0.005524290995  0.005018366624  0.006026223075  0.003007888707  0.004516930904  0.002002789328  0.002002789328  0.002003258056  0.003508842789  0.002504579833  0.001000696666  0.001000696666  0.001000696666  0.005018366624  0.003006281993  
piranga_flava_lsu15408 0.003508842789  0.003508842789  0.002003258056  0.002003258056  0.000000000000  0.000000000000  0.000000000000  0.004014597177  0.005021321310  0.008058689442  0.006533067032  0.006533067032  0.005018366624  0.009565814470  0.005524290995  0.005524290995  0.005018366624  0.006026223075  0.003007888707  0.004516930904  0.002002789328  0.002002789328  0.002003258056  0.003508842789  0.002504579833  0.001000696666  0.001000696666  0.001000696666  0.005018366624  0.003006281993  
piranga_lutea_ku89864 0.003508842789  0.003508842789  0.002003258056  0.002003258056  0.000000000000  0.000000000000  0.000000000000  0.004014597177  0.005021321310  0.008058689442  0.006533067032  0.006533067032  0.005018366624  0.009565814470  0.005524290995  0.005524290995  0.005018366624  0.006026223075  0.003007888707  0.004516930904  0.002002789328  0.002002789328  0.002003258056  0.003508842789  0.002504579833  0.001000696666  0.001000696666  0.001000696666  0.005018366624  0.003006281993  
piranga_lutea_lsu5400 0.005526234932  0.005526234932  0.004016526277  0.004016526277  0.004014597177  0.004014597177  0.004014597177  0.000000000000  0.007047275901  0.010098968302  0.008563197618  0.008563197618  0.007041372706  0.011604348902  0.007551143370  0.007551143370  0.006029459702  0.007039016445  0.005025857975  0.006540515466  0.004014597177  0.004014597177  0.004016526277  0.005526234932  0.004518733284  0.003009283231  0.003009283231  0.003009283231  0.007041372706  0.005021321310  
piranga_roseogularis_ku2049 0.006535153241  0.006535153241  0.005023392079  0.005023392079  0.005021321310  0.005021321310  0.005021321310  0.007047275901  0.000000000000  0.003009283231  0.008560027819  0.008560027819  0.008052495739  0.012622001598  0.008563197618  0.008563197618  0.008052495739  0.009065046089  0.006034282080  0.007551143370  0.005021321310  0.005021321310  0.005023392079  0.006535153241  0.005526234932  0.004014597177  0.004014597177  0.004014597177  0.008052495739  0.006029459702  
piranga_roseogularis_ku2141 0.009580397352  0.009580397352  0.008062382315  0.008062382315  0.008058689442  0.008058689442  0.008058689442  0.010098968302  0.003009283231  0.000000000000  0.011616384084  0.011616384084  0.011105656781  0.015697499261  0.011621196337  0.011621196337  0.011105656781  0.012122960146  0.009079610154  0.010604388810  0.008058689442  0.008058689442  0.008062382315  0.009580397352  0.008566765302  0.007047275901  0.007047275901  0.007047275901  0.011105656781  0.009071531768  
piranga_ludoviciana_sdsu2648 0.008049995647  0.008049995647  0.006535153241  0.006535153241  0.006533067032  0.006533067032  0.006533067032  0.008563197618  0.008560027819  0.011616384084  0.000000000000  0.005018366624  0.007541431954  0.012105539316  0.008049995647  0.008049995647  0.007541431954  0.008552909427  0.007548119191  0.009068089656  0.006533067032  0.006533067032  0.006535153241  0.008049995647  0.007039016445  0.005524290995  0.005524290995  0.005524290995  0.009570449254  0.007543263112  
piranga_ludoviciana_sdsu2208 0.008049995647  0.008049995647  0.006535153241  0.006535153241  0.006533067032  0.006533067032  0.006533067032  0.008563197618  0.008560027819  0.011616384084  0.005018366624  0.000000000000  0.007541431954  0.012105539316  0.008049995647  0.008049995647  0.007541431954  0.008552909427  0.007548119191  0.009068089656  0.006533067032  0.006533067032  0.006535153241  0.008049995647  0.007039016445  0.005524290995  0.005524290995  0.005524290995  0.009570449254  0.007543263112  
piranga_erythrocephala_fmnh343371 0.006531377919  0.006531377919  0.005019646034  0.005019646034  0.005018366624  0.005018366624  0.005018366624  0.007041372706  0.008052495739  0.011105656781  0.007541431954  0.007541431954  0.000000000000  0.004514512143  0.004515523733  0.004515523733  0.004011178687  0.005017483451  0.006029459702  0.007545492315  0.005018366624  0.005018366624  0.005019646034  0.006531377919  0.005522743210  0.004011923011  0.004011923011  0.004011923011  0.008047893890  0.006026223075  
piranga_erythrocephala_fmnh343370 0.011088974619  0.011088974619  0.009567931885  0.009567931885  0.009565814470  0.009565814470  0.009565814470  0.011604348902  0.012622001598  0.015697499261  0.012105539316  0.012105539316  0.004514512143  0.000000000000  0.009060156075  0.009060156075  0.008551334876  0.009564097384  0.010585075415  0.012111302631  0.009565814470  0.009565814470  0.009567931885  0.011088974619  0.010073848265  0.008552909427  0.008552909427  0.008552909427  0.012615688875  0.010580151230  
piranga_leucoptera_fmnh481795 0.007039016445  0.007039016445  0.005526234932  0.005526234932  0.005524290995  0.005524290995  0.005524290995  0.007551143370  0.008563197618  0.011621196337  0.008049995647  0.008049995647  0.004515523733  0.009060156075  0.000000000000  0.000000000000  0.004515523733  0.005522743210  0.006537636176  0.008055393794  0.005524290995  0.005524290995  0.005526234932  0.007039016445  0.006029459702  0.004516930904  0.004516930904  0.004516930904  0.008557256273  0.006533067032  
piranga_leucoptera_lsu7783 0.007039016445  0.007039016445  0.005526234932  0.005526234932  0.005524290995  0.005524290995  0.005524290995  0.007551143370  0.008563197618  0.011621196337  0.008049995647  0.008049995647  0.004515523733  0.009060156075  0.000000000000  0.000000000000  0.004515523733  0.005522743210  0.006537636176  0.008055393794  0.005524290995  0.005524290995  0.005526234932  0.007039016445  0.006029459702  0.004516930904  0.004516930904  0.004516930904  0.008557256273  0.006533067032  
piranga_rubriceps_lsu265 0.006531377919  0.006531377919  0.005019646034  0.005019646034  0.005018366624  0.005018366624  0.005018366624  0.006029459702  0.008052495739  0.011105656781  0.007541431954  0.007541431954  0.004011178687  0.008551334876  0.004515523733  0.004515523733  0.000000000000  0.001000696666  0.006029459702  0.007545492315  0.005018366624  0.005018366624  0.005019646034  0.006531377919  0.005522743210  0.004011923011  0.004011923011  0.004011923011  0.008047893890  0.006026223075  
piranga_rubriceps_lsu34818 0.007541431954  0.007541431954  0.006027642984  0.006027642984  0.006026223075  0.006026223075  0.006026223075  0.007039016445  0.009065046089  0.012122960146  0.008552909427  0.008552909427  0.005017483451  0.009564097384  0.005522743210  0.005522743210  0.001000696666  0.000000000000  0.007039016445  0.008557256273  0.006026223075  0.006026223075  0.006027642984  0.007541431954  0.006531377919  0.005018366624  0.005018366624  0.005018366624  0.009060156075  0.007035496447  
piranga_olivacea_ku4672 0.004516930904  0.004516930904  0.003009283231  0.003009283231  0.003007888707  0.003007888707  0.003007888707  0.005025857975  0.006034282080  0.009079610154  0.007548119191  0.007548119191  0.006029459702  0.010585075415  0.006537636176  0.006537636176  0.006029459702  0.007039016445  0.000000000000  0.005528574649  0.003007888707  0.003007888707  0.003009283231  0.004516930904  0.003510982677  0.002004120209  0.002004120209  0.002004120209  0.006029459702  0.004013062632  
piranga_bidentata_hgoslp104 0.006029459702  0.006029459702  0.004518733284  0.004518733284  0.004516930904  0.004516930904  0.004516930904  0.006540515466  0.007551143370  0.010604388810  0.009068089656  0.009068089656  0.007545492315  0.012111302631  0.008055393794  0.008055393794  0.007545492315  0.008557256273  0.005528574649  0.000000000000  0.003509715413  0.003509715413  0.004518733284  0.006029459702  0.005021321310  0.003510982677  0.003510982677  0.003510982677  0.007545492315  0.005524290995  
piranga_bidentata_itm160 0.003508842789  0.003508842789  0.002003258056  0.002003258056  0.002002789328  0.002002789328  0.002002789328  0.004014597177  0.005021321310  0.008058689442  0.006533067032  0.006533067032  0.005018366624  0.009565814470  0.005524290995  0.005524290995  0.005018366624  0.006026223075  0.003007888707  0.003509715413  0.000000000000  0.000000000000  0.002003258056  0.003508842789  0.002504579833  0.001000696666  0.001000696666  0.001000696666  0.005018366624  0.003006281993  
piranga_bidentata_itm141 0.003508842789  0.003508842789  0.002003258056  0.002003258056  0.002002789328  0.002002789328  0.002002789328  0.004014597177  0.005021321310  0.008058689442  0.006533067032  0.006533067032  0.005018366624  0.009565814470  0.005524290995  0.005524290995  0.005018366624  0.006026223075  0.003007888707  0.003509715413  0.000000000000  0.000000000000  0.002003258056  0.003508842789  0.002504579833  0.001000696666  0.001000696666  0.001000696666  0.005018366624  0.003006281993  
piranga_bidentata_tepe59 0.003509715413  0.003509715413  0.002004120209  0.002004120209  0.002003258056  0.002003258056  0.002003258056  0.004016526277  0.005023392079  0.008062382315  0.006535153241  0.006535153241  0.005019646034  0.009567931885  0.005526234932  0.005526234932  0.005019646034  0.006027642984  0.003009283231  0.004518733284  0.002003258056  0.002003258056  0.000000000000  0.003509715413  0.002505314190  0.001001028639  0.001001028639  0.001001028639  0.005019646034  0.003006888171  
piranga_olivacea_ku2699 0.005018366624  0.005018366624  0.003509715413  0.003509715413  0.003508842789  0.003508842789  0.003508842789  0.005526234932  0.006535153241  0.009580397352  0.008049995647  0.008049995647  0.006531377919  0.011088974619  0.007039016445  0.007039016445  0.006531377919  0.007541431954  0.004516930904  0.006029459702  0.003508842789  0.003508842789  0.003509715413  0.000000000000  0.003007888707  0.002504579833  0.002504579833  0.002504579833  0.006531377919  0.004514512143  
piranga_hepatica_ku4970 0.004011923011  0.004011923011  0.002505314190  0.002505314190  0.002504579833  0.002504579833  0.002504579833  0.004518733284  0.005526234932  0.008566765302  0.007039016445  0.007039016445  0.005522743210  0.010073848265  0.006029459702  0.006029459702  0.005522743210  0.006531377919  0.003510982677  0.005021321310  0.002504579833  0.002504579833  0.002505314190  0.003007888707  0.000000000000  0.001501719237  0.001501719237  0.001501719237  0.005522743210  0.003508842789  
piranga_rubra_ku7046 0.002504579833  0.002504579833  0.001001028639  0.001001028639  0.001000696666  0.001000696666  0.001000696666  0.003009283231  0.004014597177  0.007047275901  0.005524290995  0.005524290995  0.004011923011  0.008552909427  0.004516930904  0.004516930904  0.004011923011  0.005018366624  0.002004120209  0.003510982677  0.001000696666  0.001000696666  0.001001028639  0.002504579833  0.001501719237  0.000000000000  0.000000000000  0.000000000000  0.004011923011  0.002002789328  
piranga_rubra_sdsu2654 0.002504579833  0.002504579833  0.001001028639  0.001001028639  0.001000696666  0.001000696666  0.001000696666  0.003009283231  0.004014597177  0.007047275901  0.005524290995  0.005524290995  0.004011923011  0.008552909427  0.004516930904  0.004516930904  0.004011923011  0.005018366624  0.002004120209  0.003510982677  0.001000696666  0.001000696666  0.001001028639  0.002504579833  0.001501719237  0.000000000000  0.000000000000  0.000000000000  0.004011923011  0.002002789328  
piranga_rubra_sdsu2635 0.002504579833  0.002504579833  0.001001028639  0.001001028639  0.001000696666  0.001000696666  0.001000696666  0.003009283231  0.004014597177  0.007047275901  0.005524290995  0.005524290995  0.004011923011  0.008552909427  0.004516930904  0.004516930904  0.004011923011  0.005018366624  0.002004120209  0.003510982677  0.001000696666  0.001000696666  0.001001028639  0.002504579833  0.001501719237  0.000000000000  0.000000000000  0.000000000000  0.004011923011  0.002002789328  
piranga_hepatica_ku9084 0.006531377919  0.006531377919  0.005019646034  0.005019646034  0.005018366624  0.005018366624  0.005018366624  0.007041372706  0.008052495739  0.011105656781  0.009570449254  0.009570449254  0.008047893890  0.012615688875  0.008557256273  0.008557256273  0.008047893890  0.009060156075  0.006029459702  0.007545492315  0.005018366624  0.005018366624  0.005019646034  0.006531377919  0.005522743210  0.004011923011  0.004011923011  0.004011923011  0.000000000000  0.002003258056  
piranga_rubra_ku26592 0.004514512143  0.004514512143  0.003006888171  0.003006888171  0.003006281993  0.003006281993  0.003006281993  0.005021321310  0.006029459702  0.009071531768  0.007543263112  0.007543263112  0.006026223075  0.010580151230  0.006533067032  0.006533067032  0.006026223075  0.007035496447  0.004013062632  0.005524290995  0.003006281993  0.003006281993  0.003006888171  0.004514512143  0.003508842789  0.002002789328  0.002002789328  0.002002789328  0.002003258056  0.000000000000  

