30
cardinalis_cardinalis_ku21828 0.000000000000  0.000000000000  0.008048026990  0.008048026990  0.004514549341  0.004514549341  0.010074047727  0.010074047727  0.014146374405  0.013126722614  0.011091768404  0.011091768404  0.006531463921  0.004514549341  0.004514549341  0.004514549341  0.004514549341  0.004514549341  0.008046310439  0.004514549341  0.006024635300  0.006024635300  0.006024635300  0.007539060516  0.007033650951  0.006024635300  0.009561506143  0.010068468135  0.006024635300  0.006024635300  
cardinalis_cardinalis_ku25393 0.000000000000  0.000000000000  0.008048026990  0.008048026990  0.004514549341  0.004514549341  0.010074047727  0.010074047727  0.014146374405  0.013126722614  0.011091768404  0.011091768404  0.006531463921  0.004514549341  0.004514549341  0.004514549341  0.004514549341  0.004514549341  0.008046310439  0.004514549341  0.006024635300  0.006024635300  0.006024635300  0.007539060516  0.007033650951  0.006024635300  0.009561506143  0.010068468135  0.006024635300  0.006024635300  
piranga_roseogularis_ku2049 0.008048026990  0.008048026990  0.000000000000  0.000000000000  0.003509745883  0.003509745883  0.009062585170  0.009062585170  0.013129980526  0.012111631548  0.010079272510  0.010079272510  0.005524368891  0.003509745883  0.003509745883  0.003509745883  0.003509745883  0.003509745883  0.007037162880  0.003509745883  0.005017526573  0.005017526573  0.006026292282  0.007541543551  0.007035589068  0.006026292282  0.008549506657  0.009055955826  0.005017526573  0.005017526573  
piranga_roseogularis_ku2141 0.008048026990  0.008048026990  0.000000000000  0.000000000000  0.003509745883  0.003509745883  0.009062585170  0.009062585170  0.013129980526  0.012111631548  0.010079272510  0.010079272510  0.005524368891  0.003509745883  0.003509745883  0.003509745883  0.003509745883  0.003509745883  0.007037162880  0.003509745883  0.005017526573  0.005017526573  0.006026292282  0.007541543551  0.007035589068  0.006026292282  0.008549506657  0.009055955826  0.005017526573  0.005017526573  
piranga_bidentata_tepe59 0.004514549341  0.004514549341  0.003509745883  0.003509745883  0.000000000000  0.000000000000  0.005522807173  0.005522807173  0.009568122621  0.008555040493  0.006533167774  0.006533167774  0.002003268825  0.000000000000  0.000000000000  0.000000000000  0.000000000000  0.000000000000  0.003508865778  0.000000000000  0.001501713078  0.001501713078  0.002504249953  0.004011206232  0.003508385544  0.002504249953  0.005017268913  0.005520578176  0.001501713078  0.001501713078  
piranga_ludoviciana_sdsu2650 0.004514549341  0.004514549341  0.003509745883  0.003509745883  0.000000000000  0.000000000000  0.005522807173  0.005522807173  0.009568122621  0.008555040493  0.006533167774  0.006533167774  0.002003268825  0.000000000000  0.000000000000  0.000000000000  0.000000000000  0.000000000000  0.003508865778  0.000000000000  0.001501713078  0.001501713078  0.002504249953  0.004011206232  0.003508385544  0.002504249953  0.005017268913  0.005520578176  0.001501713078  0.001501713078  
piranga_rubriceps_lsu265 0.010074047727  0.010074047727  0.009062585170  0.009062585170  0.005522807173  0.005522807173  0.000000000000  0.000000000000  0.006029557578  0.004013105917  0.002004139718  0.002004139718  0.003508865778  0.005522807173  0.005522807173  0.005522807173  0.005522807173  0.005522807173  0.009060320551  0.005522807173  0.007034418299  0.007034418299  0.008046310439  0.009565988004  0.009058460534  0.008046310439  0.010575961194  0.011083986433  0.007034418299  0.007034418299  
piranga_rubriceps_lsu34818 0.010074047727  0.010074047727  0.009062585170  0.009062585170  0.005522807173  0.005522807173  0.000000000000  0.000000000000  0.006029557578  0.004013105917  0.002004139718  0.002004139718  0.003508865778  0.005522807173  0.005522807173  0.005522807173  0.005522807173  0.005522807173  0.009060320551  0.005522807173  0.007034418299  0.007034418299  0.008046310439  0.009565988004  0.009058460534  0.008046310439  0.010575961194  0.011083986433  0.007034418299  0.007034418299  
piranga_erythrocephala_fmnh343371 0.014146374405  0.014146374405  0.013129980526  0.013129980526  0.009568122621  0.009568122621  0.006029557578  0.006029557578  0.000000000000  0.006026292282  0.004011955994  0.004011955994  0.007541543551  0.009568122621  0.009568122621  0.009568122621  0.009568122621  0.009568122621  0.013126722614  0.009568122621  0.011087063546  0.011087063546  0.012105819663  0.013634853861  0.013123872842  0.012105819663  0.014647787414  0.015159273002  0.011087063546  0.011087063546  
piranga_leucoptera_fmnh481795 0.013126722614  0.013126722614  0.012111631548  0.012111631548  0.008555040493  0.008555040493  0.004013105917  0.004013105917  0.006026292282  0.000000000000  0.002002796188  0.002002796188  0.006531463921  0.008555040493  0.008555040493  0.008555040493  0.008555040493  0.008555040493  0.012108522028  0.008555040493  0.010072043510  0.010072043510  0.011089212698  0.012616002219  0.012105819663  0.011089212698  0.013627923974  0.014138609523  0.010072043510  0.010072043510  
piranga_erythrocephala_fmnh343370 0.011091768404  0.011091768404  0.010079272510  0.010079272510  0.006533167774  0.006533167774  0.002004139718  0.002004139718  0.004011955994  0.002002796188  0.000000000000  0.000000000000  0.004515569192  0.006533167774  0.006533167774  0.006533167774  0.006533167774  0.006533167774  0.010076457519  0.006533167774  0.008046310439  0.008046310439  0.009060320551  0.010582640820  0.010074047727  0.009060320551  0.011592544970  0.012101637925  0.008046310439  0.008046310439  
piranga_leucoptera_lsu7783 0.011091768404  0.011091768404  0.010079272510  0.010079272510  0.006533167774  0.006533167774  0.002004139718  0.002004139718  0.004011955994  0.002002796188  0.000000000000  0.000000000000  0.004515569192  0.006533167774  0.006533167774  0.006533167774  0.006533167774  0.006533167774  0.010076457519  0.006533167774  0.008046310439  0.008046310439  0.009060320551  0.010582640820  0.010074047727  0.009060320551  0.011592544970  0.012101637925  0.008046310439  0.008046310439  
piranga_olivacea_ku2699 0.006531463921  0.006531463921  0.005524368891  0.005524368891  0.002003268825  0.002003268825  0.003508865778  0.003508865778  0.007541543551  0.006531463921  0.004515569192  0.004515569192  0.000000000000  0.002003268825  0.002003268825  0.002003268825  0.002003268825  0.002003268825  0.005522807173  0.002003268825  0.003508385544  0.003508385544  0.004514549341  0.006026292282  0.005521646864  0.004514549341  0.007033287407  0.007538424954  0.003508385544  0.003508385544  
piranga_bidentata_itm160 0.004514549341  0.004514549341  0.003509745883  0.003509745883  0.000000000000  0.000000000000  0.005522807173  0.005522807173  0.009568122621  0.008555040493  0.006533167774  0.006533167774  0.002003268825  0.000000000000  0.000000000000  0.000000000000  0.000000000000  0.000000000000  0.003508865778  0.000000000000  0.001501713078  0.001501713078  0.002504249953  0.004011206232  0.003508385544  0.002504249953  0.005017268913  0.005520578176  0.001501713078  0.001501713078  
piranga_bidentata_itm141 0.004514549341  0.004514549341  0.003509745883  0.003509745883  0.000000000000  0.000000000000  0.005522807173  0.005522807173  0.009568122621  0.008555040493  0.006533167774  0.006533167774  0.002003268825  0.000000000000  0.000000000000  0.000000000000  0.000000000000  0.000000000000  0.003508865778  0.000000000000  0.001501713078  0.001501713078  0.002504249953  0.004011206232  0.003508385544  0.002504249953  0.005017268913  0.005520578176  0.001501713078  0.001501713078  
piranga_ludoviciana_sdsu2385 0.004514549341  0.004514549341  0.003509745883  0.003509745883  0.000000000000  0.000000000000  0.005522807173  0.005522807173  0.009568122621  0.008555040493  0.006533167774  0.006533167774  0.002003268825  0.000000000000  0.000000000000  0.000000000000  0.000000000000  0.000000000000  0.003508865778  0.000000000000  0.001501713078  0.001501713078  0.002504249953  0.004011206232  0.003508385544  0.002504249953  0.005017268913  0.005520578176  0.001501713078  0.001501713078  
piranga_ludoviciana_sdsu2208 0.004514549341  0.004514549341  0.003509745883  0.003509745883  0.000000000000  0.000000000000  0.005522807173  0.005522807173  0.009568122621  0.008555040493  0.006533167774  0.006533167774  0.002003268825  0.000000000000  0.000000000000  0.000000000000  0.000000000000  0.000000000000  0.003508865778  0.000000000000  0.001501713078  0.001501713078  0.002504249953  0.004011206232  0.003508385544  0.002504249953  0.005017268913  0.005520578176  0.001501713078  0.001501713078  
piranga_ludoviciana_sdsu2648 0.004514549341  0.004514549341  0.003509745883  0.003509745883  0.000000000000  0.000000000000  0.005522807173  0.005522807173  0.009568122621  0.008555040493  0.006533167774  0.006533167774  0.002003268825  0.000000000000  0.000000000000  0.000000000000  0.000000000000  0.000000000000  0.003508865778  0.000000000000  0.001501713078  0.001501713078  0.002504249953  0.004011206232  0.003508385544  0.002504249953  0.005017268913  0.005520578176  0.001501713078  0.001501713078  
piranga_olivacea_ku4672 0.008046310439  0.008046310439  0.007037162880  0.007037162880  0.003508865778  0.003508865778  0.009060320551  0.009060320551  0.013126722614  0.012108522028  0.010076457519  0.010076457519  0.005522807173  0.003508865778  0.003508865778  0.003508865778  0.003508865778  0.003508865778  0.000000000000  0.003508865778  0.005017038684  0.005017038684  0.006025262562  0.007540100175  0.007034418299  0.006025262562  0.008549135870  0.009055311901  0.005017038684  0.005017038684  
piranga_bidentata_hgoslp104 0.004514549341  0.004514549341  0.003509745883  0.003509745883  0.000000000000  0.000000000000  0.005522807173  0.005522807173  0.009568122621  0.008555040493  0.006533167774  0.006533167774  0.002003268825  0.000000000000  0.000000000000  0.000000000000  0.000000000000  0.000000000000  0.003508865778  0.000000000000  0.001501713078  0.001501713078  0.002504249953  0.004011206232  0.003508385544  0.002504249953  0.005017268913  0.005520578176  0.001501713078  0.001501713078  
piranga_hepatica_ku9084 0.006024635300  0.006024635300  0.005017526573  0.005017526573  0.001501713078  0.001501713078  0.007034418299  0.007034418299  0.011087063546  0.010072043510  0.008046310439  0.008046310439  0.003508385544  0.001501713078  0.001501713078  0.001501713078  0.001501713078  0.001501713078  0.005017038684  0.001501713078  0.000000000000  0.000000000000  0.001001033503  0.002505333167  0.002003268825  0.001001033503  0.006529703901  0.007033773267  0.003006863930  0.003006863930  
piranga_hepatica_ku4970 0.006024635300  0.006024635300  0.005017526573  0.005017526573  0.001501713078  0.001501713078  0.007034418299  0.007034418299  0.011087063546  0.010072043510  0.008046310439  0.008046310439  0.003508385544  0.001501713078  0.001501713078  0.001501713078  0.001501713078  0.001501713078  0.005017038684  0.001501713078  0.000000000000  0.000000000000  0.001001033503  0.002505333167  0.002003268825  0.001001033503  0.006529703901  0.007033773267  0.003006863930  0.003006863930  
piranga_flava_lsu15408 0.006024635300  0.006024635300  0.006026292282  0.006026292282  0.002504249953  0.002504249953  0.008046310439  0.008046310439  0.012105819663  0.011089212698  0.009060320551  0.009060320551  0.004514549341  0.002504249953  0.002504249953  0.002504249953  0.002504249953  0.002504249953  0.006025262562  0.002504249953  0.001001033503  0.001001033503  0.000000000000  0.001501724253  0.001000698378  0.000000000000  0.007538367653  0.008043488155  0.004010908700  0.004010908700  
piranga_lutea_lsu5400 0.007539060516  0.007539060516  0.007541543551  0.007541543551  0.004011206232  0.004011206232  0.009565988004  0.009565988004  0.013634853861  0.012616002219  0.010582640820  0.010582640820  0.006026292282  0.004011206232  0.004011206232  0.004011206232  0.004011206232  0.004011206232  0.007540100175  0.004011206232  0.002505333167  0.002505333167  0.001501724253  0.000000000000  0.002504592101  0.001501724253  0.009055074107  0.009561506143  0.005520531985  0.005520531985  
piranga_lutea_ku89864 0.007033650951  0.007033650951  0.007035589068  0.007035589068  0.003508385544  0.003508385544  0.009058460534  0.009058460534  0.013123872842  0.012105819663  0.010074047727  0.010074047727  0.005521646864  0.003508385544  0.003508385544  0.003508385544  0.003508385544  0.003508385544  0.007034418299  0.003508385544  0.002003268825  0.002003268825  0.001000698378  0.002504592101  0.000000000000  0.001000698378  0.008549170921  0.009055074107  0.005016952670  0.005016952670  
piranga_flava_ku90809 0.006024635300  0.006024635300  0.006026292282  0.006026292282  0.002504249953  0.002504249953  0.008046310439  0.008046310439  0.012105819663  0.011089212698  0.009060320551  0.009060320551  0.004514549341  0.002504249953  0.002504249953  0.002504249953  0.002504249953  0.002504249953  0.006025262562  0.002504249953  0.001001033503  0.001001033503  0.000000000000  0.001501724253  0.001000698378  0.000000000000  0.007538367653  0.008043488155  0.004010908700  0.004010908700  
piranga_rubra_sdsu2635 0.009561506143  0.009561506143  0.008549506657  0.008549506657  0.005017268913  0.005017268913  0.010575961194  0.010575961194  0.014647787414  0.013627923974  0.011592544970  0.011592544970  0.007033287407  0.005017268913  0.005017268913  0.005017268913  0.005017268913  0.005017268913  0.008549135870  0.005017268913  0.006529703901  0.006529703901  0.007538367653  0.009055074107  0.008549170921  0.007538367653  0.000000000000  0.000500258198  0.003508305559  0.003508305559  
piranga_rubra_sdsu2654 0.010068468135  0.010068468135  0.009055955826  0.009055955826  0.005520578176  0.005520578176  0.011083986433  0.011083986433  0.015159273002  0.014138609523  0.012101637925  0.012101637925  0.007538424954  0.005520578176  0.005520578176  0.005520578176  0.005520578176  0.005520578176  0.009055311901  0.005520578176  0.007033773267  0.007033773267  0.008043488155  0.009561506143  0.009055074107  0.008043488155  0.000500258198  0.000000000000  0.004010857008  0.004010857008  
piranga_rubra_ku7046 0.006024635300  0.006024635300  0.005017526573  0.005017526573  0.001501713078  0.001501713078  0.007034418299  0.007034418299  0.011087063546  0.010072043510  0.008046310439  0.008046310439  0.003508385544  0.001501713078  0.001501713078  0.001501713078  0.001501713078  0.001501713078  0.005017038684  0.001501713078  0.003006863930  0.003006863930  0.004010908700  0.005520531985  0.005016952670  0.004010908700  0.003508305559  0.004010857008  0.000000000000  0.000000000000  
piranga_rubra_ku26592 0.006024635300  0.006024635300  0.005017526573  0.005017526573  0.001501713078  0.001501713078  0.007034418299  0.007034418299  0.011087063546  0.010072043510  0.008046310439  0.008046310439  0.003508385544  0.001501713078  0.001501713078  0.001501713078  0.001501713078  0.001501713078  0.005017038684  0.001501713078  0.003006863930  0.003006863930  0.004010908700  0.005520531985  0.005016952670  0.004010908700  0.003508305559  0.004010857008  0.000000000000  0.000000000000  

