30
piranga_rubra_ku26592 0.000000000000  0.009475970468  0.008280537783  0.011876801616  0.014411192462  0.024465166061  0.014047106169  0.023129547250  0.008286829653  0.008286829653  0.007680525646  0.010578697889  0.007313036755  0.005838343637  0.008286829653  0.004234156870  0.008280537783  0.007088402584  0.006406551067  0.009475970468  0.013192069579  0.005922751639  0.013097815362  0.008286829653  0.018109733100  0.003790155858  0.006434631189  0.008286829653  0.007093363110  0.009475970468  
piranga_flava_ku90809 0.009475970468  0.000000000000  0.005878737375  0.009453574266  0.011933497527  0.024405444284  0.011429990328  0.019915480627  0.008267254996  0.005889276844  0.006105701077  0.007496280234  0.004845285583  0.002897402644  0.008267254996  0.001400869320  0.005871833509  0.004702867612  0.003181251846  0.009453574266  0.010725606901  0.002938222928  0.010662072302  0.005882348193  0.016748192671  0.000000000000  0.006420859044  0.005889276844  0.007068293607  0.009453574266  
piranga_ludoviciana_sdsu2385 0.008280537783  0.005878737375  0.000000000000  0.010649455604  0.013113430749  0.025661339832  0.010145085218  0.023058422448  0.007076630395  0.002346663979  0.003029048553  0.010530951193  0.006071479712  0.007283102467  0.007076630395  0.005632802130  0.007063368163  0.003523305928  0.001587089161  0.005885657496  0.011919272861  0.007385549498  0.011862711718  0.007068293607  0.018062996237  0.000000000000  0.004271015820  0.002346663979  0.005882348193  0.005885657496  
piranga_rubriceps_lsu265 0.011876801616  0.009453574266  0.010649455604  0.000000000000  0.002367749206  0.016945759843  0.016608155871  0.013692211546  0.010658389787  0.010658389787  0.013865301343  0.010536614080  0.007295252950  0.008753377748  0.010658389787  0.007052202493  0.008260992884  0.009453574266  0.012850374122  0.011848655214  0.001182253119  0.008877621390  0.001173925849  0.005889276844  0.008942278835  0.000000000000  0.006431268272  0.010658389787  0.009461168719  0.011848655214  
piranga_leucoptera_lsu7783 0.014411192462  0.011933497527  0.013113430749  0.002367749206  0.000000000000  0.018180133342  0.019394683838  0.016966862967  0.013172333569  0.013172333569  0.017112184839  0.012172250928  0.008522501275  0.011709019431  0.013172333569  0.010004161243  0.010725606901  0.011947756188  0.014483647342  0.014376658720  0.003548093512  0.010374862369  0.003560727377  0.008326258386  0.010233512954  0.000000000000  0.006417510561  0.013172333569  0.011943927144  0.014376658720  
cardinalis_cardinalis_ku25393 0.024465166061  0.024405444284  0.025661339832  0.016945759843  0.018180133342  0.000000000000  0.028965366568  0.001538834654  0.023170621040  0.025681719911  0.025462095388  0.020180508123  0.022284270885  0.019237552927  0.025681719911  0.018917558038  0.023153187711  0.024405444284  0.017804719640  0.026920895567  0.018180133342  0.021019475679  0.018202197035  0.020674028069  0.018084113164  0.000000000000  0.010804724279  0.025681719911  0.024424346710  0.026920895567  
piranga_olivacea_ku2699 0.014047106169  0.011429990328  0.010145085218  0.016608155871  0.019394683838  0.028965366568  0.000000000000  0.026224388037  0.010156042249  0.010156042249  0.009204488213  0.013607626269  0.011820319593  0.010238286664  0.012732786696  0.009916831570  0.012718726926  0.008863988881  0.007997471800  0.014011317931  0.016758038814  0.011892334705  0.017935400561  0.012732786696  0.023813940745  0.003790155858  0.008599900300  0.010156042249  0.011442494107  0.014011317931  
cardinalis_cardinalis_ku21828 0.023129547250  0.019915480627  0.023058422448  0.013692211546  0.016966862967  0.001538834654  0.026224388037  0.000000000000  0.023058422448  0.023058422448  0.024924242842  0.021467629235  0.020726386093  0.020242228089  0.024638506208  0.018352539456  0.019901314406  0.023039641342  0.020643009261  0.024617392324  0.013839603396  0.020908590358  0.015259395208  0.018352539456  0.011569512900  0.003786681295  0.012960847031  0.024638506208  0.023058422448  0.024617392324  
piranga_rubra_ku7046 0.008286829653  0.008267254996  0.007076630395  0.010658389787  0.013172333569  0.023170621040  0.010156042249  0.023058422448  0.000000000000  0.007083494589  0.007657001179  0.010546818795  0.006075331911  0.005821349899  0.004709406483  0.005638867699  0.007076630395  0.005889276844  0.004780702391  0.008267254996  0.011958210826  0.007394273823  0.011873017568  0.007083494589  0.016762784271  0.000000000000  0.006434631189  0.007083494589  0.003527235129  0.008267254996  
piranga_bidentata_hgoslp104 0.008286829653  0.005889276844  0.002346663979  0.010658389787  0.013172333569  0.025681719911  0.010156042249  0.023058422448  0.007083494589  0.000000000000  0.003047510714  0.010546818795  0.006075331911  0.005821349899  0.007083494589  0.004222238362  0.007076630395  0.003524311341  0.000000000000  0.003524311341  0.011958210826  0.005905263661  0.011873017568  0.007083494589  0.018079207449  0.000000000000  0.004280156172  0.002348288604  0.005894820358  0.003524311341  
piranga_ludoviciana_sdsu2648 0.007680525646  0.006105701077  0.003029048553  0.013865301343  0.017112184839  0.025462095388  0.009204488213  0.024924242842  0.007657001179  0.003047510714  0.000000000000  0.012284403875  0.007967879035  0.007781860722  0.009204488213  0.006115035353  0.007639185141  0.006111130477  0.003423056624  0.006111130477  0.013972942259  0.008038631763  0.015456828050  0.009190388919  0.016864610489  0.000000000000  0.004271015820  0.001521874631  0.007645292903  0.006111130477  
piranga_roseogularis_ku2049 0.010578697889  0.007496280234  0.010530951193  0.010536614080  0.012172250928  0.020180508123  0.013607626269  0.021467629235  0.010546818795  0.010546818795  0.012284403875  0.000000000000  0.006239030786  0.007627531308  0.012074512883  0.005995872549  0.009002937061  0.010536614080  0.008428908508  0.012062127411  0.010632645450  0.004713105842  0.012080342740  0.002983857202  0.009838414821  0.003790155858  0.008581449884  0.012074512883  0.010530951193  0.012062127411  
piranga_hepatica_ku4970 0.007313036755  0.004845285583  0.006071479712  0.007295252950  0.008522501275  0.022284270885  0.011820319593  0.020726386093  0.006075331911  0.006075331911  0.007967879035  0.006239030786  0.000000000000  0.000000000000  0.006075331911  0.001453310143  0.003629882813  0.004851161936  0.006378313602  0.007295252950  0.008522501275  0.002935679030  0.008532890342  0.003635350067  0.014130524862  0.000000000000  0.008592159138  0.006075331911  0.004853619063  0.007295252950  
piranga_hepatica_ku9084 0.005838343637  0.002897402644  0.007283102467  0.008753377748  0.011709019431  0.019237552927  0.010238286664  0.020242228089  0.005821349899  0.005821349899  0.007781860722  0.007627531308  0.000000000000  0.000000000000  0.007288652161  0.001447001313  0.004351152820  0.005817812067  0.006388500723  0.007283102467  0.008753377748  0.002983857202  0.010243640913  0.004359012412  0.010931538100  0.000000000000  0.008592159138  0.007288652161  0.005821349899  0.007283102467  
piranga_rubra_sdsu2654 0.008286829653  0.008267254996  0.007076630395  0.010658389787  0.013172333569  0.025681719911  0.012732786696  0.024638506208  0.004709406483  0.007083494589  0.009204488213  0.012074512883  0.006075331911  0.007288652161  0.000000000000  0.005638867699  0.007076630395  0.005889276844  0.004780702391  0.008267254996  0.011958210826  0.007394273823  0.011873017568  0.007083494589  0.015450358721  0.003790155858  0.006434631189  0.007083494589  0.001167075544  0.008267254996  
piranga_flava_lsu15408 0.004234156870  0.001400869320  0.005632802130  0.007052202493  0.010004161243  0.018917558038  0.009916831570  0.018352539456  0.005638867699  0.004222238362  0.006115035353  0.005995872549  0.001453310143  0.001447001313  0.005638867699  0.000000000000  0.002803973673  0.004218048184  0.004780702391  0.005632802130  0.007122525183  0.001466614509  0.008488271742  0.002810237347  0.013908158068  0.000000000000  0.006434631189  0.005638867699  0.004222238362  0.005632802130  
piranga_lutea_lsu5400 0.008280537783  0.005871833509  0.007063368163  0.008260992884  0.010725606901  0.023153187711  0.012718726926  0.019901314406  0.007076630395  0.007076630395  0.007639185141  0.009002937061  0.003629882813  0.004351152820  0.007076630395  0.002803973673  0.000000000000  0.005885657496  0.007987265104  0.008260992884  0.009521082749  0.004410277961  0.009464759117  0.004699648204  0.015437376918  0.000000000000  0.006420859044  0.007076630395  0.005882348193  0.008260992884  
piranga_olivacea_ku4672 0.007088402584  0.004702867612  0.003523305928  0.009453574266  0.011947756188  0.024405444284  0.008863988881  0.023039641342  0.005889276844  0.003524311341  0.006111130477  0.010536614080  0.004851161936  0.005817812067  0.005889276844  0.004218048184  0.005885657496  0.000000000000  0.003178269492  0.007071693298  0.010738404797  0.005898611125  0.010662072302  0.005889276844  0.016748192671  0.000000000000  0.004280156172  0.003524311341  0.004705176418  0.007071693298  
piranga_ludoviciana_sdsu2208 0.006406551067  0.003181251846  0.001587089161  0.012850374122  0.014483647342  0.017804719640  0.007997471800  0.020643009261  0.004780702391  0.000000000000  0.003423056624  0.008428908508  0.006378313602  0.006388500723  0.004780702391  0.004780702391  0.007987265104  0.003178269492  0.000000000000  0.004775329766  0.012850374122  0.006386094274  0.012871050303  0.007997471800  0.014506995471  0.000000000000  0.004280156172  0.001587698826  0.003181251846  0.004775329766  
piranga_bidentata_itm160 0.009475970468  0.009453574266  0.005885657496  0.011848655214  0.014376658720  0.026920895567  0.014011317931  0.024617392324  0.008267254996  0.003524311341  0.006111130477  0.012062127411  0.007295252950  0.007283102467  0.008267254996  0.005632802130  0.008260992884  0.007071693298  0.004775329766  0.000000000000  0.013160501130  0.007385549498  0.013066695900  0.008267254996  0.019381811955  0.003786681295  0.008592159138  0.005889276844  0.007076630395  0.000000000000  
piranga_leucoptera_fmnh481795 0.013192069579  0.010725606901  0.011919272861  0.001182253119  0.003548093512  0.018180133342  0.016758038814  0.013839603396  0.011958210826  0.011958210826  0.013972942259  0.010632645450  0.008522501275  0.008753377748  0.011958210826  0.007122525183  0.009521082749  0.010738404797  0.012850374122  0.013160501130  0.000000000000  0.008877621390  0.002370555654  0.007127067060  0.010233512954  0.000000000000  0.006417510561  0.011958210826  0.010734669730  0.013160501130  
piranga_lutea_ku89864 0.005922751639  0.002938222928  0.007385549498  0.008877621390  0.010374862369  0.021019475679  0.011892334705  0.020908590358  0.007394273823  0.005905263661  0.008038631763  0.004713105842  0.002935679030  0.002983857202  0.007394273823  0.001466614509  0.004410277961  0.005898611125  0.006386094274  0.007385549498  0.008877621390  0.000000000000  0.010390262715  0.004421366006  0.015480758673  0.000000000000  0.006434631189  0.007394273823  0.005905263661  0.007385549498  
piranga_rubriceps_lsu34818 0.013097815362  0.010662072302  0.011862711718  0.001173925849  0.003560727377  0.018202197035  0.017935400561  0.015259395208  0.011873017568  0.011873017568  0.015456828050  0.012080342740  0.008532890342  0.010243640913  0.011873017568  0.008488271742  0.009464759117  0.010662072302  0.012871050303  0.013066695900  0.002370555654  0.010390262715  0.000000000000  0.007084986873  0.010246620757  0.000000000000  0.006445085098  0.011873017568  0.010671027734  0.013066695900  
piranga_roseogularis_ku2141 0.008286829653  0.005882348193  0.007068293607  0.005889276844  0.008326258386  0.020674028069  0.012732786696  0.018352539456  0.007083494589  0.007083494589  0.009190388919  0.002983857202  0.003635350067  0.004359012412  0.007083494589  0.002810237347  0.004699648204  0.005889276844  0.007997471800  0.008267254996  0.007127067060  0.004421366006  0.007084986873  0.000000000000  0.012837403904  0.003790155858  0.008581449884  0.007083494589  0.005887878653  0.008267254996  
piranga_erythrocephala_fmnh343371 0.018109733100  0.016748192671  0.018062996237  0.008942278835  0.010233512954  0.018084113164  0.023813940745  0.011569512900  0.016762784271  0.018079207449  0.016864610489  0.009838414821  0.014130524862  0.010931538100  0.015450358721  0.013908158068  0.015437376918  0.016748192671  0.014506995471  0.019381811955  0.010233512954  0.015480758673  0.010246620757  0.012837403904  0.000000000000  0.003790155858  0.008610655535  0.018079207449  0.014141906594  0.019381811955  
piranga_erythrocephala_fmnh343370 0.003790155858  0.000000000000  0.000000000000  0.000000000000  0.000000000000  0.000000000000  0.003790155858  0.003786681295  0.000000000000  0.000000000000  0.000000000000  0.003790155858  0.000000000000  0.000000000000  0.003790155858  0.000000000000  0.000000000000  0.000000000000  0.000000000000  0.003786681295  0.000000000000  0.000000000000  0.000000000000  0.003790155858  0.003790155858  0.000000000000  0.000000000000  0.000000000000  0.000000000000  0.003786681295  
piranga_ludoviciana_sdsu2650 0.006434631189  0.006420859044  0.004271015820  0.006431268272  0.006417510561  0.010804724279  0.008599900300  0.012960847031  0.006434631189  0.004280156172  0.004271015820  0.008581449884  0.008592159138  0.008592159138  0.006434631189  0.006434631189  0.006420859044  0.004280156172  0.004280156172  0.008592159138  0.006417510561  0.006434631189  0.006445085098  0.008581449884  0.008610655535  0.000000000000  0.000000000000  0.004280156172  0.004271015820  0.008592159138  
piranga_bidentata_tepe59 0.008286829653  0.005889276844  0.002346663979  0.010658389787  0.013172333569  0.025681719911  0.010156042249  0.024638506208  0.007083494589  0.002348288604  0.001521874631  0.012074512883  0.006075331911  0.007288652161  0.007083494589  0.005638867699  0.007076630395  0.003524311341  0.001587698826  0.005889276844  0.011958210826  0.007394273823  0.011873017568  0.007083494589  0.018079207449  0.000000000000  0.004280156172  0.000000000000  0.005894820358  0.005889276844  
piranga_rubra_sdsu2635 0.007093363110  0.007068293607  0.005882348193  0.009461168719  0.011943927144  0.024424346710  0.011442494107  0.023058422448  0.003527235129  0.005894820358  0.007645292903  0.010530951193  0.004853619063  0.005821349899  0.001167075544  0.004222238362  0.005882348193  0.004705176418  0.003181251846  0.007076630395  0.010734669730  0.005905263661  0.010671027734  0.005887878653  0.014141906594  0.000000000000  0.004271015820  0.005894820358  0.000000000000  0.007076630395  
piranga_bidentata_itm141 0.009475970468  0.009453574266  0.005885657496  0.011848655214  0.014376658720  0.026920895567  0.014011317931  0.024617392324  0.008267254996  0.003524311341  0.006111130477  0.012062127411  0.007295252950  0.007283102467  0.008267254996  0.005632802130  0.008260992884  0.007071693298  0.004775329766  0.000000000000  0.013160501130  0.007385549498  0.013066695900  0.008267254996  0.019381811955  0.003786681295  0.008592159138  0.005889276844  0.007076630395  0.000000000000  

