30
cardinalis_cardinalis_ku21828 0.000000000000  0.000000000000  0.026570631984  0.033370402046  0.033370402046  0.035535841392  0.033417092288  0.026570631984  0.030258733956  0.031812740289  0.032342815572  0.031824127609  0.027621435352  0.033404757043  0.033381411561  0.032897965307  0.030776331071  0.033936625923  0.030247410660  0.029202043906  0.029202043906  0.032342815572  0.035485839016  0.032342815572  0.032342815572  0.036043592516  0.033370402046  0.035485839016  0.029181086510  0.032310354045  
cardinalis_cardinalis_ku25393 0.000000000000  0.000000000000  0.026570631984  0.033370402046  0.033370402046  0.035535841392  0.033417092288  0.026570631984  0.030258733956  0.031812740289  0.032342815572  0.031824127609  0.027621435352  0.033404757043  0.033381411561  0.032897965307  0.030776331071  0.033936625923  0.030247410660  0.029202043906  0.029202043906  0.032342815572  0.035485839016  0.032342815572  0.032342815572  0.036043592516  0.033370402046  0.035485839016  0.029181086510  0.032310354045  
piranga_olivacea_ku2699 0.026570631984  0.026570631984  0.000000000000  0.006530563856  0.006530563856  0.009073446955  0.007045342685  0.000000000000  0.003513053378  0.005020070732  0.005524841464  0.005021862546  0.001001061807  0.006536006779  0.007037781762  0.006035298998  0.004519269425  0.007549344986  0.004015007391  0.002506650428  0.002506650428  0.005524841464  0.008553841098  0.005524841464  0.005524841464  0.009066514798  0.006530563856  0.008553841098  0.002504661746  0.005521115416  
piranga_erythrocephala_fmnh343371 0.033370402046  0.033370402046  0.006530563856  0.000000000000  0.000000000000  0.015696773356  0.013648201968  0.006530563856  0.010080748048  0.011600140620  0.012110277664  0.011603162453  0.007542177808  0.013132210345  0.013636896801  0.012628604087  0.011096438834  0.014156362490  0.010586821357  0.009063679452  0.009063679452  0.012110277664  0.015166691935  0.012110277664  0.012110277664  0.015687301893  0.013123061161  0.015166691935  0.009059272049  0.012102882081  
piranga_erythrocephala_fmnh343370 0.033370402046  0.033370402046  0.006530563856  0.000000000000  0.000000000000  0.015696773356  0.013648201968  0.006530563856  0.010080748048  0.011600140620  0.012110277664  0.011603162453  0.007542177808  0.013132210345  0.013636896801  0.012628604087  0.011096438834  0.014156362490  0.010586821357  0.009063679452  0.009063679452  0.012110277664  0.015166691935  0.012110277664  0.012110277664  0.015687301893  0.013123061161  0.015166691935  0.009059272049  0.012102882081  
piranga_rubriceps_lsu265 0.035535841392  0.035535841392  0.009073446955  0.015696773356  0.015696773356  0.000000000000  0.002003334317  0.009073446955  0.012648959074  0.014171101623  0.014684899548  0.014176863798  0.010092258467  0.015714177906  0.016217036558  0.015212392970  0.012655104296  0.015727908297  0.012142359383  0.011624614811  0.011624614811  0.014684899548  0.017752373247  0.014684899548  0.014684899548  0.018282227525  0.015696773356  0.017752373247  0.011614766682  0.014669273879  
piranga_rubriceps_lsu34818 0.033417092288  0.033417092288  0.007045342685  0.013648201968  0.013648201968  0.002003334317  0.000000000000  0.007045342685  0.010607461327  0.012126073682  0.012637935685  0.012131080117  0.008060348142  0.013663329531  0.014165763772  0.013161966836  0.010612852339  0.013675533301  0.010102035436  0.009586964491  0.009586964491  0.012637935685  0.015696773356  0.012637935685  0.012637935685  0.016223135647  0.013648201968  0.015696773356  0.009578610862  0.012624573612  
piranga_olivacea_ku4672 0.026570631984  0.026570631984  0.000000000000  0.006530563856  0.006530563856  0.009073446955  0.007045342685  0.000000000000  0.003513053378  0.005020070732  0.005524841464  0.005021862546  0.001001061807  0.006536006779  0.007037781762  0.006035298998  0.004519269425  0.007549344986  0.004015007391  0.002506650428  0.002506650428  0.005524841464  0.008553841098  0.005524841464  0.005524841464  0.009066514798  0.006530563856  0.008553841098  0.002504661746  0.005521115416  
piranga_leucoptera_fmnh481795 0.030258733956  0.030258733956  0.003513053378  0.010080748048  0.010080748048  0.012648959074  0.010607461327  0.003513053378  0.000000000000  0.002504290175  0.009073446955  0.008568671322  0.004521608779  0.010092258467  0.010593812889  0.009591771274  0.008064283304  0.011113275892  0.007556218195  0.006038497922  0.006038497922  0.009073446955  0.012117329003  0.009073446955  0.009073446955  0.012637935685  0.010080748048  0.012117329003  0.006032517268  0.009063679452  
piranga_leucoptera_lsu7783 0.031812740289  0.031812740289  0.005020070732  0.011600140620  0.011600140620  0.014171101623  0.012126073682  0.005020070732  0.002504290175  0.000000000000  0.010590106139  0.010084163703  0.006030153093  0.011610475849  0.012113591483  0.011108433899  0.009578610862  0.012633058232  0.009069770753  0.007549344986  0.007549344986  0.010590106139  0.013640239871  0.010590106139  0.010590106139  0.014160850607  0.011600140620  0.013640239871  0.007544147365  0.010581519157  
piranga_roseogularis_ku2049 0.032342815572  0.032342815572  0.005524841464  0.012110277664  0.012110277664  0.014684899548  0.012637935685  0.005524841464  0.009073446955  0.010590106139  0.000000000000  0.000500191342  0.004515839741  0.010080748048  0.010583958907  0.009578610862  0.008053734774  0.011100015009  0.007546536546  0.006030153093  0.006030153093  0.009063679452  0.012107387910  0.009063679452  0.009063679452  0.012624573612  0.010073032361  0.012107387910  0.006026678857  0.009057700727  
piranga_roseogularis_ku2141 0.031824127609  0.031824127609  0.005021862546  0.011603162453  0.011603162453  0.014176863798  0.012131080117  0.005021862546  0.008568671322  0.010084163703  0.000500191342  0.000000000000  0.004013369234  0.009575064735  0.010077754029  0.009073446955  0.007549344986  0.010593812889  0.007042403688  0.005526919152  0.005526919152  0.008558512710  0.011600140620  0.008558512710  0.008558512710  0.012117329003  0.009566953452  0.011600140620  0.005523181368  0.008552136626  
piranga_hepatica_ku9084 0.027621435352  0.027621435352  0.001001061807  0.007542177808  0.007542177808  0.010092258467  0.008060348142  0.001001061807  0.004521608779  0.006030153093  0.004515839741  0.004013369234  0.000000000000  0.005524841464  0.006026678857  0.005024071265  0.003511284011  0.006536006779  0.003008098136  0.001502390760  0.001502390760  0.004515839741  0.007540628241  0.004515839741  0.004515839741  0.008051057290  0.005521115416  0.007540628241  0.001501531729  0.004513823234  
piranga_bidentata_hgoslp104 0.033404757043  0.033404757043  0.006536006779  0.013132210345  0.013132210345  0.015714177906  0.013663329531  0.006536006779  0.010092258467  0.011610475849  0.010080748048  0.009575064735  0.005524841464  0.000000000000  0.008552136626  0.007546536546  0.006028206834  0.009063679452  0.005523181368  0.004012147337  0.004012147337  0.009571939548  0.012617785135  0.009571939548  0.009571939548  0.013136110039  0.011090554848  0.013128735388  0.007037781762  0.010073032361  
piranga_ludoviciana_sdsu2648 0.033381411561  0.033381411561  0.007037781762  0.013636896801  0.013636896801  0.016217036558  0.014165763772  0.007037781762  0.010593812889  0.012113591483  0.010583958907  0.010077754029  0.006026678857  0.008552136626  0.000000000000  0.008048799758  0.006530563856  0.009566953452  0.006025569527  0.004514077846  0.004514077846  0.010075182011  0.013123061161  0.010075182011  0.010075182011  0.013640239871  0.011595368521  0.013633979543  0.007540628241  0.010577909231  
piranga_bidentata_tepe59 0.032897965307  0.032897965307  0.006035298998  0.012628604087  0.012628604087  0.015212392970  0.013161966836  0.006035298998  0.009591771274  0.011108433899  0.009578610862  0.009073446955  0.005024071265  0.007546536546  0.008048799758  0.000000000000  0.005526919152  0.008561479118  0.005021862546  0.003511284011  0.003511284011  0.009069770753  0.012113591483  0.009069770753  0.009069770753  0.012633058232  0.010586821357  0.012624573612  0.006536006779  0.009569235665  
piranga_ludoviciana_sdsu2650 0.030776331071  0.030776331071  0.004519269425  0.011096438834  0.011096438834  0.012655104296  0.010612852339  0.004519269425  0.008064283304  0.009578610862  0.008053734774  0.007549344986  0.003511284011  0.006028206834  0.006530563856  0.005526919152  0.000000000000  0.003007028107  0.001502390760  0.002003334317  0.002003334317  0.007546536546  0.010583958907  0.007546536546  0.007546536546  0.011100015009  0.009061265081  0.011093285325  0.005020070732  0.008046962542  
piranga_ludoviciana_sdsu2208 0.033936625923  0.033936625923  0.007549344986  0.014156362490  0.014156362490  0.015727908297  0.013675533301  0.007549344986  0.011113275892  0.012633058232  0.011100015009  0.010593812889  0.006536006779  0.009063679452  0.009566953452  0.008561479118  0.003007028107  0.000000000000  0.004517346291  0.005020070732  0.005020070732  0.010590106139  0.013640239871  0.010590106139  0.010590106139  0.014160850607  0.012110277664  0.014152299786  0.008051057290  0.011090554848  
piranga_ludoviciana_sdsu2385 0.030247410660  0.030247410660  0.004015007391  0.010586821357  0.010586821357  0.012142359383  0.010102035436  0.004015007391  0.007556218195  0.009069770753  0.007546536546  0.007042403688  0.003008098136  0.005523181368  0.006025569527  0.005021862546  0.001502390760  0.004517346291  0.000000000000  0.001501754094  0.001501754094  0.007039883259  0.010075182011  0.007039883259  0.007039883259  0.010590106139  0.008553841098  0.010583958907  0.004515839741  0.007540628241  
piranga_bidentata_itm141 0.029202043906  0.029202043906  0.002506650428  0.009063679452  0.009063679452  0.011624614811  0.009586964491  0.002506650428  0.006038497922  0.007549344986  0.006030153093  0.005526919152  0.001502390760  0.004012147337  0.004514077846  0.003511284011  0.002003334317  0.005020070732  0.001501754094  0.000000000000  0.000000000000  0.005524841464  0.008553841098  0.005524841464  0.005524841464  0.009066514798  0.007036099563  0.009061265081  0.003007028107  0.006025569527  
piranga_bidentata_itm160 0.029202043906  0.029202043906  0.002506650428  0.009063679452  0.009063679452  0.011624614811  0.009586964491  0.002506650428  0.006038497922  0.007549344986  0.006030153093  0.005526919152  0.001502390760  0.004012147337  0.004514077846  0.003511284011  0.002003334317  0.005020070732  0.001501754094  0.000000000000  0.000000000000  0.005524841464  0.008553841098  0.005524841464  0.005524841464  0.009066514798  0.007036099563  0.009061265081  0.003007028107  0.006025569527  
piranga_hepatica_ku4970 0.032342815572  0.032342815572  0.005524841464  0.012110277664  0.012110277664  0.014684899548  0.012637935685  0.005524841464  0.009073446955  0.010590106139  0.009063679452  0.008558512710  0.004515839741  0.009571939548  0.010075182011  0.009069770753  0.007546536546  0.010590106139  0.007039883259  0.005524841464  0.005524841464  0.000000000000  0.003006135275  0.000000000000  0.000000000000  0.003509930221  0.010073032361  0.012107387910  0.006026678857  0.009057700727  
piranga_flava_lsu15408 0.035485839016  0.035485839016  0.008553841098  0.015166691935  0.015166691935  0.017752373247  0.015696773356  0.008553841098  0.012117329003  0.013640239871  0.012107387910  0.011600140620  0.007540628241  0.012617785135  0.013123061161  0.012113591483  0.010583958907  0.013640239871  0.010075182011  0.008553841098  0.008553841098  0.003006135275  0.000000000000  0.003006135275  0.003006135275  0.006530563856  0.013120862631  0.015163746968  0.009057700727  0.012101266749  
piranga_lutea_ku89864 0.032342815572  0.032342815572  0.005524841464  0.012110277664  0.012110277664  0.014684899548  0.012637935685  0.005524841464  0.009073446955  0.010590106139  0.009063679452  0.008558512710  0.004515839741  0.009571939548  0.010075182011  0.009069770753  0.007546536546  0.010590106139  0.007039883259  0.005524841464  0.005524841464  0.000000000000  0.003006135275  0.000000000000  0.000000000000  0.003509930221  0.010073032361  0.012107387910  0.006026678857  0.009057700727  
piranga_flava_ku90809 0.032342815572  0.032342815572  0.005524841464  0.012110277664  0.012110277664  0.014684899548  0.012637935685  0.005524841464  0.009073446955  0.010590106139  0.009063679452  0.008558512710  0.004515839741  0.009571939548  0.010075182011  0.009069770753  0.007546536546  0.010590106139  0.007039883259  0.005524841464  0.005524841464  0.000000000000  0.003006135275  0.000000000000  0.000000000000  0.003509930221  0.010073032361  0.012107387910  0.006026678857  0.009057700727  
piranga_lutea_lsu5400 0.036043592516  0.036043592516  0.009066514798  0.015687301893  0.015687301893  0.018282227525  0.016223135647  0.009066514798  0.012637935685  0.014160850607  0.012624573612  0.012117329003  0.008051057290  0.013136110039  0.013640239871  0.012633058232  0.011100015009  0.014160850607  0.010590106139  0.009066514798  0.009066514798  0.003509930221  0.006530563856  0.003509930221  0.003509930221  0.000000000000  0.013636896801  0.015683206726  0.009569235665  0.012615027866  
piranga_rubra_sdsu2635 0.033370402046  0.033370402046  0.006530563856  0.013123061161  0.013123061161  0.015696773356  0.013648201968  0.006530563856  0.010080748048  0.011600140620  0.010073032361  0.009566953452  0.005521115416  0.011090554848  0.011595368521  0.010586821357  0.009061265081  0.012110277664  0.008553841098  0.007036099563  0.007036099563  0.010073032361  0.013120862631  0.010073032361  0.010073032361  0.013636896801  0.000000000000  0.005020070732  0.004011342066  0.008045546010  
piranga_rubra_ku7046 0.035485839016  0.035485839016  0.008553841098  0.015166691935  0.015166691935  0.017752373247  0.015696773356  0.008553841098  0.012117329003  0.013640239871  0.012107387910  0.011600140620  0.007540628241  0.013128735388  0.013633979543  0.012624573612  0.011093285325  0.014152299786  0.010583958907  0.009061265081  0.009061265081  0.012107387910  0.015163746968  0.012107387910  0.012107387910  0.015683206726  0.005020070732  0.000000000000  0.006026678857  0.010073032361  
piranga_rubra_sdsu2654 0.029181086510  0.029181086510  0.002504661746  0.009059272049  0.009059272049  0.011614766682  0.009578610862  0.002504661746  0.006032517268  0.007544147365  0.006026678857  0.005523181368  0.001501531729  0.007037781762  0.007540628241  0.006536006779  0.005020070732  0.008051057290  0.004515839741  0.003007028107  0.003007028107  0.006026678857  0.009057700727  0.006026678857  0.006026678857  0.009569235665  0.004011342066  0.006026678857  0.000000000000  0.004011342066  
piranga_rubra_ku26592 0.032310354045  0.032310354045  0.005521115416  0.012102882081  0.012102882081  0.014669273879  0.012624573612  0.005521115416  0.009063679452  0.010581519157  0.009057700727  0.008552136626  0.004513823234  0.010073032361  0.010577909231  0.009569235665  0.008046962542  0.011090554848  0.007540628241  0.006025569527  0.006025569527  0.009057700727  0.012101266749  0.009057700727  0.009057700727  0.012615027866  0.008045546010  0.010073032361  0.004011342066  0.000000000000  

