30
piranga_rubra_ku26592 0.000000000000  0.003908804029  0.001300104455  0.010513157054  0.011803671518  0.002640426688  0.002787637997  0.003964370012  0.000000000000  0.003908804029  0.001341977542  0.005956978111  0.001300104455  0.001623568168  0.003913903612  0.002776030127  0.002626957314  0.001300104455  0.002855294087  0.002602630331  0.011803671518  0.001312045030  0.010485596909  0.006645035699  0.017141108849  0.013734888111  0.000000000000  0.002602630331  0.003912665679  0.002639031178  
piranga_flava_ku90809 0.003908804029  0.000000000000  0.002591163916  0.011854759710  0.010430907865  0.003948515022  0.004167945688  0.005266745699  0.004017251545  0.005196804093  0.002688700259  0.007422521632  0.002591163916  0.004856111301  0.005203564639  0.001379448443  0.003924142800  0.002591163916  0.004293203417  0.003892164369  0.010430907865  0.002628625613  0.011761799414  0.007951765560  0.015728362072  0.013641203295  0.003170308331  0.003892164369  0.005198299798  0.005265210478  
piranga_ludoviciana_sdsu2385 0.001300104455  0.002591163916  0.000000000000  0.009194480717  0.010417324628  0.001310740629  0.001383264731  0.002623111329  0.000000000000  0.002587811186  0.000000000000  0.004432763302  0.000000000000  0.001610494418  0.002591163916  0.001377548185  0.001303493813  0.000000000000  0.001426681277  0.001292110774  0.010417324628  0.000000000000  0.009110709960  0.005279108435  0.015707772514  0.013617981454  0.000000000000  0.001292110774  0.002589153095  0.002621734037  
piranga_rubriceps_lsu265 0.010513157054  0.011854759710  0.009194480717  0.000000000000  0.007792310635  0.007985226102  0.011279405233  0.009321162836  0.010092129200  0.011854759710  0.009468088003  0.013550479678  0.009194480717  0.009846013098  0.009206573893  0.011231894637  0.010610769103  0.009194480717  0.011523117831  0.010522723465  0.007792310635  0.009255266402  0.000000000000  0.012061302774  0.017186434547  0.019033271000  0.007956219226  0.010522723465  0.009198670660  0.012013002717  
piranga_leucoptera_lsu7783 0.011803671518  0.010430907865  0.010417324628  0.007792310635  0.000000000000  0.009235078928  0.011158385262  0.010561544042  0.008056739768  0.013057196664  0.010826165590  0.013394732207  0.010417324628  0.008097966540  0.010430907865  0.008310376317  0.011834715646  0.010417324628  0.011511640787  0.011735392886  0.002562994834  0.010582695469  0.007722107546  0.013282674709  0.017020853237  0.015335537736  0.006354442247  0.011735392886  0.010423924144  0.013229952834  
cardinalis_cardinalis_ku25393 0.002640426688  0.003948515022  0.001310740629  0.007985226102  0.009235078928  0.000000000000  0.002813518293  0.001308611115  0.000000000000  0.003943324899  0.001362532541  0.001497168762  0.001310740629  0.001639539610  0.001312460926  0.002801694329  0.002623111329  0.001310740629  0.002903374235  0.002625175302  0.009235078928  0.001331686592  0.007911519985  0.001333462347  0.013254430973  0.012132276579  0.000000000000  0.002625175302  0.001312045030  0.003995848310  
piranga_olivacea_ku2699 0.002787637997  0.004167945688  0.001383264731  0.011279405233  0.011158385262  0.002813518293  0.000000000000  0.004222390956  0.002004300508  0.004162163093  0.000000000000  0.005919763063  0.001383264731  0.003226569258  0.004162163093  0.002770644244  0.001396789650  0.001383264731  0.002857740101  0.002770644244  0.009758479184  0.001406613372  0.011169166329  0.006957718117  0.016844403772  0.015346166870  0.000000000000  0.002770644244  0.004158015822  0.004220721255  
cardinalis_cardinalis_ku21828 0.003964370012  0.005266745699  0.002623111329  0.009321162836  0.010561544042  0.001308611115  0.004222390956  0.000000000000  0.002048472073  0.005259820104  0.002726826652  0.002996464856  0.002623111329  0.003281630922  0.002626556209  0.004204637246  0.003938348153  0.002623111329  0.004357312345  0.003939602430  0.010561544042  0.002665055821  0.009235078928  0.002668611826  0.014589857069  0.013877853350  0.001609868192  0.003939602430  0.002626957314  0.005329906601  
piranga_rubra_ku7046 0.000000000000  0.004017251545  0.000000000000  0.010092129200  0.008056739768  0.000000000000  0.002004300508  0.002048472073  0.000000000000  0.002004300508  0.000000000000  0.006038928106  0.000000000000  0.002004300508  0.002004300508  0.002004300508  0.000000000000  0.000000000000  0.002004300508  0.000000000000  0.008056739768  0.000000000000  0.010092129200  0.006038928106  0.014186682222  0.014186682222  0.000000000000  0.000000000000  0.002003330579  0.002004300508  
piranga_bidentata_hgoslp104 0.003908804029  0.005196804093  0.002587811186  0.011854759710  0.013057196664  0.003943324899  0.004162163093  0.005259820104  0.002004300508  0.000000000000  0.001342412637  0.007411518968  0.002587811186  0.004848263328  0.005196804093  0.004144911183  0.003919016518  0.002587811186  0.004293203417  0.001292110774  0.013057196664  0.002628625613  0.011746447595  0.007941240825  0.018374625914  0.017080779746  0.003170308331  0.001292110774  0.005191552928  0.002621734037  
piranga_ludoviciana_sdsu2648 0.001341977542  0.002688700259  0.000000000000  0.009468088003  0.010826165590  0.001362532541  0.000000000000  0.002726826652  0.000000000000  0.001342412637  0.000000000000  0.004567749360  0.000000000000  0.001664094780  0.002692319690  0.001416576255  0.001354703420  0.000000000000  0.001449427883  0.001342412637  0.010826165590  0.000000000000  0.009468088003  0.005422232778  0.012203826480  0.008772411531  0.000000000000  0.001342412637  0.002690148748  0.002725338453  
piranga_roseogularis_ku2049 0.005956978111  0.007422521632  0.004432763302  0.013550479678  0.013394732207  0.001497168762  0.005919763063  0.002996464856  0.006038928106  0.007411518968  0.004567749360  0.000000000000  0.004432763302  0.006475615842  0.005919763063  0.005919763063  0.002981276342  0.004432763302  0.005999676644  0.005919763063  0.011900238195  0.004512780262  0.013409147729  0.000000000000  0.019479925702  0.018821868070  0.004763580572  0.005919763063  0.005912948489  0.007523035592  
piranga_hepatica_ku4970 0.001300104455  0.002591163916  0.000000000000  0.009194480717  0.010417324628  0.001310740629  0.001383264731  0.002623111329  0.000000000000  0.002587811186  0.000000000000  0.004432763302  0.000000000000  0.001610494418  0.002591163916  0.001377548185  0.001303493813  0.000000000000  0.001426681277  0.001292110774  0.010417324628  0.000000000000  0.009110709960  0.005279108435  0.015707772514  0.013617981454  0.000000000000  0.001292110774  0.002589153095  0.002621734037  
piranga_hepatica_ku9084 0.001623568168  0.004856111301  0.001610494418  0.009846013098  0.008097966540  0.001639539610  0.003226569258  0.003281630922  0.002004300508  0.004848263328  0.001664094780  0.006475615842  0.001610494418  0.000000000000  0.003226569258  0.003226569258  0.001628857295  0.001610494418  0.003274108065  0.003226569258  0.008097966540  0.001642232118  0.009734192531  0.006475615842  0.013019565381  0.013617981454  0.001650362963  0.003226569258  0.003223450822  0.004848263328  
piranga_rubra_sdsu2654 0.003913903612  0.005203564639  0.002591163916  0.009206573893  0.010430907865  0.001312460926  0.004162163093  0.002626556209  0.002004300508  0.005196804093  0.002692319690  0.005919763063  0.002591163916  0.003226569258  0.000000000000  0.004144911183  0.003924142800  0.002591163916  0.004293203417  0.003892164369  0.009122583629  0.002632085005  0.009122583629  0.005286084963  0.015728362072  0.015346166870  0.001582460410  0.003892164369  0.002589153095  0.005265210478  
piranga_flava_lsu15408 0.002776030127  0.001379448443  0.001377548185  0.011231894637  0.008310376317  0.002801694329  0.002770644244  0.004204637246  0.002004300508  0.004144911183  0.001416576255  0.005919763063  0.001377548185  0.003226569258  0.004144911183  0.000000000000  0.001390961006  0.001377548185  0.002857740101  0.002759177163  0.006920980973  0.001400702627  0.011122578006  0.006928792432  0.013938007626  0.011896176040  0.001582460410  0.002759177163  0.004140798235  0.004202981521  
piranga_lutea_lsu5400 0.002626957314  0.003924142800  0.001303493813  0.010610769103  0.011834715646  0.002623111329  0.001396789650  0.003938348153  0.000000000000  0.003919016518  0.001354703420  0.002981276342  0.001303493813  0.001628857295  0.003924142800  0.001390961006  0.000000000000  0.001303493813  0.001441072951  0.002609421701  0.011834715646  0.001324206971  0.010513157054  0.005322814012  0.015853042002  0.012048742225  0.000000000000  0.002609421701  0.003922898369  0.003970890023  
piranga_olivacea_ku4672 0.001300104455  0.002591163916  0.000000000000  0.009194480717  0.010417324628  0.001310740629  0.001383264731  0.002623111329  0.000000000000  0.002587811186  0.000000000000  0.004432763302  0.000000000000  0.001610494418  0.002591163916  0.001377548185  0.001303493813  0.000000000000  0.001426681277  0.001292110774  0.010417324628  0.000000000000  0.009110709960  0.005279108435  0.015707772514  0.013617981454  0.000000000000  0.001292110774  0.002589153095  0.002621734037  
piranga_ludoviciana_sdsu2208 0.002855294087  0.004293203417  0.001426681277  0.011523117831  0.011511640787  0.002903374235  0.002857740101  0.004357312345  0.002004300508  0.004293203417  0.001449427883  0.005999676644  0.001426681277  0.003274108065  0.004293203417  0.002857740101  0.001441072951  0.001426681277  0.000000000000  0.002857740101  0.010067247545  0.001432813788  0.011523117831  0.007177452564  0.017381209873  0.015585358459  0.001582460410  0.002857740101  0.004288790782  0.004355534516  
piranga_bidentata_itm160 0.002602630331  0.003892164369  0.001292110774  0.010522723465  0.011735392886  0.002625175302  0.002770644244  0.003939602430  0.000000000000  0.001292110774  0.001342412637  0.005919763063  0.001292110774  0.003226569258  0.003892164369  0.002759177163  0.002609421701  0.001292110774  0.002857740101  0.000000000000  0.011735392886  0.001312460926  0.010426716863  0.006608275237  0.017039293079  0.015346166870  0.001582460410  0.000000000000  0.003888537899  0.001309024836  
piranga_leucoptera_fmnh481795 0.011803671518  0.010430907865  0.010417324628  0.007792310635  0.002562994834  0.009235078928  0.009758479184  0.010561544042  0.008056739768  0.013057196664  0.010826165590  0.011900238195  0.010417324628  0.008097966540  0.009122583629  0.006920980973  0.011834715646  0.010417324628  0.010067247545  0.011735392886  0.000000000000  0.010582695469  0.007722107546  0.013282674709  0.017020853237  0.015335537736  0.006354442247  0.011735392886  0.009114824273  0.013229952834  
piranga_lutea_ku89864 0.001312045030  0.002628625613  0.000000000000  0.009255266402  0.010582695469  0.001331686592  0.001406613372  0.002665055821  0.000000000000  0.002628625613  0.000000000000  0.004512780262  0.000000000000  0.001642232118  0.002632085005  0.001400702627  0.001324206971  0.000000000000  0.001432813788  0.001312460926  0.010582695469  0.000000000000  0.009255266402  0.005364061747  0.013272023199  0.010398875763  0.000000000000  0.001312460926  0.002630010148  0.002663634192  
piranga_rubriceps_lsu34818 0.010485596909  0.011761799414  0.009110709960  0.000000000000  0.007722107546  0.007911519985  0.011169166329  0.009235078928  0.010092129200  0.011746447595  0.009468088003  0.013409147729  0.009110709960  0.009734192531  0.009122583629  0.011122578006  0.010513157054  0.009110709960  0.011523117831  0.010426716863  0.007722107546  0.009255266402  0.000000000000  0.011949201227  0.017028833783  0.018805475683  0.007956219226  0.010426716863  0.009114824273  0.011901793112  
piranga_roseogularis_ku2141 0.006645035699  0.007951765560  0.005279108435  0.012061302774  0.013282674709  0.001333462347  0.006957718117  0.002668611826  0.006038928106  0.007941240825  0.005422232778  0.000000000000  0.005279108435  0.006475615842  0.005286084963  0.006928792432  0.005322814012  0.005279108435  0.007177452564  0.006608275237  0.013282674709  0.005364061747  0.011949201227  0.000000000000  0.018693612282  0.018821868070  0.004763580572  0.006608275237  0.005280651746  0.008047758750  
piranga_erythrocephala_fmnh343371 0.017141108849  0.015728362072  0.015707772514  0.017186434547  0.017020853237  0.013254430973  0.016844403772  0.014589857069  0.014186682222  0.018374625914  0.012203826480  0.019479925702  0.015707772514  0.013019565381  0.015728362072  0.013938007626  0.015853042002  0.015707772514  0.017381209873  0.017039293079  0.017020853237  0.013272023199  0.017028833783  0.018693612282  0.000000000000  0.000000000000  0.009569578762  0.017039293079  0.015719571895  0.018619020848  
piranga_erythrocephala_fmnh343370 0.013734888111  0.013641203295  0.013617981454  0.019033271000  0.015335537736  0.012132276579  0.015346166870  0.013877853350  0.014186682222  0.017080779746  0.008772411531  0.018821868070  0.013617981454  0.013617981454  0.015346166870  0.011896176040  0.012048742225  0.013617981454  0.015585358459  0.015346166870  0.015335537736  0.010398875763  0.018805475683  0.018821868070  0.000000000000  0.000000000000  0.010453228333  0.015346166870  0.015335537736  0.017080779746  
piranga_ludoviciana_sdsu2650 0.000000000000  0.003170308331  0.000000000000  0.007956219226  0.006354442247  0.000000000000  0.000000000000  0.001609868192  0.000000000000  0.003170308331  0.000000000000  0.004763580572  0.000000000000  0.001650362963  0.001582460410  0.001582460410  0.000000000000  0.000000000000  0.001582460410  0.001582460410  0.006354442247  0.000000000000  0.007956219226  0.004763580572  0.009569578762  0.010453228333  0.000000000000  0.001582460410  0.001581855796  0.003170308331  
piranga_bidentata_tepe59 0.002602630331  0.003892164369  0.001292110774  0.010522723465  0.011735392886  0.002625175302  0.002770644244  0.003939602430  0.000000000000  0.001292110774  0.001342412637  0.005919763063  0.001292110774  0.003226569258  0.003892164369  0.002759177163  0.002609421701  0.001292110774  0.002857740101  0.000000000000  0.011735392886  0.001312460926  0.010426716863  0.006608275237  0.017039293079  0.015346166870  0.001582460410  0.000000000000  0.003888537899  0.001309024836  
piranga_rubra_sdsu2635 0.003912665679  0.005198299798  0.002589153095  0.009198670660  0.010423924144  0.001312045030  0.004158015822  0.002626957314  0.002003330579  0.005191552928  0.002690148748  0.005912948489  0.002589153095  0.003223450822  0.002589153095  0.004140798235  0.003922898369  0.002589153095  0.004288790782  0.003888537899  0.009114824273  0.002630010148  0.009114824273  0.005280651746  0.015719571895  0.015335537736  0.001581855796  0.003888537899  0.000000000000  0.005259820104  
piranga_bidentata_itm141 0.002639031178  0.005265210478  0.002621734037  0.012013002717  0.013229952834  0.003995848310  0.004220721255  0.005329906601  0.002004300508  0.002621734037  0.002725338453  0.007523035592  0.002621734037  0.004848263328  0.005265210478  0.004202981521  0.003970890023  0.002621734037  0.004355534516  0.001309024836  0.013229952834  0.002663634192  0.011901793112  0.008047758750  0.018619020848  0.017080779746  0.003170308331  0.001309024836  0.005259820104  0.000000000000  

