30
piranga_rubra_ku26592 0.000000000000  0.011939140708  0.011954459061  0.017457459800  0.017457459800  0.027792228162  0.009755857239  0.024384530600  0.005403582542  0.005829952686  0.008062699886  0.016070518128  0.008671731736  0.006983714170  0.006499333196  0.012697140414  0.009817352823  0.013190814966  0.010078422267  0.011958928876  0.018559959249  0.005816585047  0.018580246630  0.018715032422  0.014393119399  0.003022395057  0.009914687037  0.008672165017  0.004317549270  0.011958928876  
piranga_flava_ku90809 0.011939140708  0.000000000000  0.008662774139  0.016347225108  0.016347225108  0.026647114275  0.012214397005  0.023247011796  0.008654525814  0.003880892880  0.005352956652  0.014437574180  0.007583575192  0.009799787866  0.009757244926  0.000000000000  0.008720565362  0.010978157547  0.007531522938  0.008667174829  0.017448132593  0.007287084789  0.017467182439  0.015354681953  0.016647570378  0.007585585819  0.006576255904  0.007579187859  0.007565075313  0.008667174829  
piranga_ludoviciana_sdsu2385 0.011954459061  0.008662774139  0.000000000000  0.016347225108  0.016347225108  0.028940327139  0.013467039795  0.025524994976  0.008662774139  0.001938495804  0.001333574876  0.009574757525  0.009772294485  0.011219933590  0.009767861310  0.009211388538  0.010924454429  0.013205416516  0.002498919192  0.004318478891  0.019674599758  0.008758771901  0.016356924156  0.015354681953  0.018913620891  0.006065674608  0.001637025518  0.003237677877  0.007570990276  0.004318478891  
piranga_rubriceps_lsu265 0.017457459800  0.016347225108  0.016347225108  0.000000000000  0.006478313072  0.027771428061  0.014692938297  0.024365779961  0.016347225108  0.007785725424  0.009409819465  0.014437574180  0.014160176898  0.012633625682  0.017476530203  0.016220181049  0.015344525226  0.018785586981  0.012612023229  0.016356924156  0.009743955743  0.007281263598  0.002154368754  0.020951172719  0.011038752587  0.004536322290  0.011572205417  0.015256390718  0.015239782096  0.016356924156  
piranga_leucoptera_lsu7783 0.017457459800  0.016347225108  0.016347225108  0.006478313072  0.000000000000  0.027771428061  0.014700912858  0.024365779961  0.016347225108  0.005829952686  0.010760126395  0.011217600401  0.014160176898  0.012629035210  0.017476530203  0.016220181049  0.015344525226  0.018785586981  0.012612023229  0.016356924156  0.007567178857  0.007287084789  0.008662341894  0.020951172719  0.011038752587  0.006058315122  0.013234546290  0.015256390718  0.015239782096  0.016356924156  
cardinalis_cardinalis_ku25393 0.027792228162  0.026647114275  0.028940327139  0.027771428061  0.027771428061  0.000000000000  0.030064231092  0.003256162660  0.026647114275  0.026018230211  0.019047835212  0.024496271902  0.025486732738  0.021265841038  0.027823167998  0.028280357358  0.024528815145  0.025618632965  0.024295196457  0.028918235588  0.030068037052  0.017693685918  0.028897945646  0.027932547788  0.024630287116  0.016885869981  0.018350910114  0.027792228162  0.025504969996  0.028918235588  
piranga_olivacea_ku2699 0.009755857239  0.012214397005  0.013467039795  0.014692938297  0.014700912858  0.030064231092  0.000000000000  0.026217264331  0.008525713309  0.005829952686  0.008438482688  0.016054387940  0.012226565343  0.010319912143  0.009767769199  0.012244309484  0.013544946405  0.013614102504  0.009272700535  0.012226501045  0.014692938297  0.007281263598  0.015930169981  0.019820437316  0.013710011182  0.006058315122  0.010600272318  0.012226501045  0.007298995715  0.012226501045  
cardinalis_cardinalis_ku21828 0.024384530600  0.023247011796  0.025524994976  0.024365779961  0.024365779961  0.003256162660  0.026217264331  0.000000000000  0.023247011796  0.021942694146  0.016275757896  0.021177118904  0.022096201773  0.018372123819  0.024411594370  0.024667272953  0.021120708924  0.024493147419  0.020391701851  0.025504969996  0.026647114275  0.014714882578  0.025486732738  0.024509025857  0.021208468957  0.013767165477  0.016650688438  0.024384530600  0.022112423389  0.025504969996  
piranga_rubra_ku7046 0.005403582542  0.008654525814  0.008662774139  0.016347225108  0.016347225108  0.026647114275  0.008525713309  0.023247011796  0.000000000000  0.007786846264  0.002671199996  0.014437574180  0.009765100811  0.006983714170  0.003237677877  0.009202057808  0.010918293001  0.012078211259  0.005010954722  0.008667174829  0.017448132593  0.007281263598  0.017467182439  0.015354681953  0.015518902374  0.004541406247  0.003280158457  0.007579187859  0.001075425774  0.008667174829  
piranga_bidentata_hgoslp104 0.005829952686  0.003880892880  0.001938495804  0.007785725424  0.005829952686  0.026018230211  0.005829952686  0.021942694146  0.007786846264  0.000000000000  0.000000000000  0.011819319664  0.001941299961  0.000000000000  0.005829952686  0.003896012945  0.005901422695  0.005945493366  0.002217964828  0.000000000000  0.015675273178  0.004363524478  0.009748261914  0.011819319664  0.010046413983  0.000000000000  0.000000000000  0.000000000000  0.005829952686  0.000000000000  
piranga_ludoviciana_sdsu2648 0.008062699886  0.005352956652  0.001333574876  0.009409819465  0.010760126395  0.019047835212  0.008438482688  0.016275757896  0.002671199996  0.000000000000  0.000000000000  0.003818789438  0.008046663755  0.009830864779  0.005365888544  0.005352956652  0.008111939158  0.012123152716  0.001333121879  0.002668994300  0.010760126395  0.006314645506  0.009409819465  0.012150084451  0.009409819465  0.006065674608  0.000000000000  0.001333574876  0.002671199996  0.002668994300  
piranga_roseogularis_ku2049 0.016070518128  0.014437574180  0.009574757525  0.014437574180  0.011217600401  0.024496271902  0.016054387940  0.021177118904  0.014437574180  0.011819319664  0.003818789438  0.000000000000  0.012810662282  0.006118363876  0.014460773587  0.014460773587  0.014564113722  0.016306388556  0.003535277690  0.011189738035  0.017732056938  0.008767241388  0.014424055285  0.000000000000  0.011475059912  0.005751679552  0.002632523892  0.011189738035  0.012810662282  0.011189738035  
piranga_hepatica_ku4970 0.008671731736  0.007583575192  0.009772294485  0.014160176898  0.014160176898  0.025486732738  0.012226565343  0.022096201773  0.009765100811  0.001941299961  0.008046663755  0.012810662282  0.000000000000  0.001390590544  0.010873000692  0.008045546115  0.003259612398  0.009864189145  0.010062646694  0.009767834881  0.016374781604  0.002901301457  0.015260887844  0.016458485217  0.012144890462  0.003020068105  0.009890428564  0.006493280955  0.008671731736  0.009767834881  
piranga_hepatica_ku9084 0.006983714170  0.009799787866  0.011219933590  0.012633625682  0.012629035210  0.021265841038  0.010319912143  0.018372123819  0.006983714170  0.000000000000  0.009830864779  0.006118363876  0.001390590544  0.000000000000  0.009817077219  0.009799787866  0.004217310710  0.012633625682  0.011214427543  0.012633625682  0.014050835686  0.004978554985  0.012633625682  0.015497295157  0.006984067420  0.004766798589  0.011627140238  0.008391264816  0.006983714170  0.012633625682  
piranga_rubra_sdsu2654 0.006499333196  0.009757244926  0.009767861310  0.017476530203  0.017476530203  0.027823167998  0.009767769199  0.024411594370  0.003237677877  0.005829952686  0.005365888544  0.014460773587  0.010873000692  0.009817077219  0.000000000000  0.010375955128  0.012035145886  0.013205331432  0.007546881177  0.009772294485  0.018580246630  0.010240274160  0.018600578416  0.016490062667  0.016666068816  0.007606792017  0.006595788483  0.008681576279  0.002155805199  0.009772294485  
piranga_flava_lsu15408 0.012697140414  0.000000000000  0.009211388538  0.016220181049  0.016220181049  0.028280357358  0.012244309484  0.024667272953  0.009202057808  0.003896012945  0.005352956652  0.014460773587  0.008045546115  0.009799787866  0.010375955128  0.000000000000  0.009266008921  0.011642833657  0.007531522938  0.009205755972  0.016220181049  0.007287084789  0.017389652388  0.016302411150  0.015283176691  0.007585585819  0.006576255904  0.008049856852  0.008043166776  0.009205755972  
piranga_lutea_lsu5400 0.009817352823  0.008720565362  0.010924454429  0.015344525226  0.015344525226  0.024528815145  0.013544946405  0.021120708924  0.010918293001  0.005901422695  0.008111939158  0.014564113722  0.003259612398  0.004217310710  0.012035145886  0.009266008921  0.000000000000  0.009929488430  0.010139169185  0.010920497519  0.018686831744  0.001461734176  0.016453483309  0.017680892465  0.012225883836  0.003047680806  0.008235283526  0.007622742692  0.009817352823  0.010920497519  
piranga_olivacea_ku4672 0.013190814966  0.010978157547  0.013205416516  0.018785586981  0.018785586981  0.025618632965  0.013614102504  0.024493147419  0.012078211259  0.005945493366  0.012123152716  0.016306388556  0.009864189145  0.012633625682  0.013205331432  0.011642833657  0.009929488430  0.000000000000  0.013892266800  0.013197231836  0.019914063804  0.008750829358  0.019903806980  0.020022184977  0.018900891485  0.010645181959  0.011572205417  0.012090379105  0.010968411143  0.013197231836  
piranga_ludoviciana_sdsu2208 0.010078422267  0.007531522938  0.002498919192  0.012612023229  0.012612023229  0.024295196457  0.009272700535  0.020391701851  0.005010954722  0.002217964828  0.001333121879  0.003535277690  0.010062646694  0.011214427543  0.007546881177  0.007531522938  0.010139169185  0.013892266800  0.000000000000  0.002500852443  0.012612023229  0.007382168128  0.012604416766  0.012682261966  0.012621950209  0.006065674608  0.001636342904  0.003753145979  0.005010954722  0.002500852443  
piranga_bidentata_itm160 0.011958928876  0.008667174829  0.004318478891  0.016356924156  0.016356924156  0.028918235588  0.012226501045  0.025504969996  0.008667174829  0.000000000000  0.002668994300  0.011189738035  0.009767834881  0.012633625682  0.009772294485  0.009205755972  0.010920497519  0.013197231836  0.002500852443  0.000000000000  0.019686099563  0.007287084789  0.017459584960  0.017577367921  0.018900891485  0.007595236653  0.003276831887  0.003235094601  0.007575368152  0.000000000000  
piranga_leucoptera_fmnh481795 0.018559959249  0.017448132593  0.019674599758  0.009743955743  0.007567178857  0.030068037052  0.014692938297  0.026647114275  0.017448132593  0.015675273178  0.010760126395  0.017732056938  0.016374781604  0.014050835686  0.018580246630  0.016220181049  0.018686831744  0.019914063804  0.012612023229  0.019686099563  0.000000000000  0.007287084789  0.011943669481  0.023214820093  0.012157193920  0.006058315122  0.009900584157  0.018580246630  0.016339105617  0.019686099563  
piranga_lutea_ku89864 0.005816585047  0.007287084789  0.008758771901  0.007281263598  0.007287084789  0.017693685918  0.007281263598  0.014714882578  0.007281263598  0.004363524478  0.006314645506  0.008767241388  0.002901301457  0.004978554985  0.010240274160  0.007287084789  0.001461734176  0.008750829358  0.007382168128  0.007287084789  0.007287084789  0.000000000000  0.008745989165  0.013279600626  0.002903908373  0.001572663202  0.006127622537  0.005820298983  0.007281263598  0.007287084789  
piranga_rubriceps_lsu34818 0.018580246630  0.017467182439  0.016356924156  0.002154368754  0.008662341894  0.028897945646  0.015930169981  0.025486732738  0.017467182439  0.009748261914  0.009409819465  0.014424055285  0.015260887844  0.012633625682  0.018600578416  0.017389652388  0.016453483309  0.019903806980  0.012604416766  0.017459584960  0.011943669481  0.008745989165  0.000000000000  0.020934508810  0.013270206742  0.004536322290  0.011572205417  0.016356924156  0.016356924156  0.017459584960  
piranga_roseogularis_ku2141 0.018715032422  0.015354681953  0.015354681953  0.020951172719  0.020951172719  0.027932547788  0.019820437316  0.024509025857  0.015354681953  0.011819319664  0.012150084451  0.000000000000  0.016458485217  0.015497295157  0.016490062667  0.016302411150  0.017680892465  0.020022184977  0.012682261966  0.017577367921  0.023214820093  0.013279600626  0.020934508810  0.000000000000  0.019008034267  0.012216055818  0.013269810009  0.016471952436  0.014240238599  0.017577367921  
piranga_erythrocephala_fmnh343371 0.014393119399  0.016647570378  0.018913620891  0.011038752587  0.011038752587  0.024630287116  0.013710011182  0.021208468957  0.015518902374  0.010046413983  0.009409819465  0.011475059912  0.012144890462  0.006984067420  0.016666068816  0.015283176691  0.012225883836  0.018900891485  0.012621950209  0.018900891485  0.012157193920  0.002903908373  0.013270206742  0.019008034267  0.000000000000  0.000000000000  0.011572205417  0.015518902374  0.014393119399  0.018900891485  
piranga_erythrocephala_fmnh343370 0.003022395057  0.007585585819  0.006065674608  0.004536322290  0.006058315122  0.016885869981  0.006058315122  0.013767165477  0.004541406247  0.000000000000  0.006065674608  0.005751679552  0.003020068105  0.004766798589  0.007606792017  0.007585585819  0.003047680806  0.010645181959  0.006065674608  0.007595236653  0.006058315122  0.001572663202  0.004536322290  0.012216055818  0.000000000000  0.000000000000  0.007760276004  0.004541406247  0.004541406247  0.007595236653  
piranga_ludoviciana_sdsu2650 0.009914687037  0.006576255904  0.001637025518  0.011572205417  0.013234546290  0.018350910114  0.010600272318  0.016650688438  0.003280158457  0.000000000000  0.000000000000  0.002632523892  0.009890428564  0.011627140238  0.006595788483  0.006576255904  0.008235283526  0.011572205417  0.001636342904  0.003276831887  0.009900584157  0.006127622537  0.011572205417  0.013269810009  0.011572205417  0.007760276004  0.000000000000  0.001637025518  0.003280158457  0.003276831887  
piranga_bidentata_tepe59 0.008672165017  0.007579187859  0.003237677877  0.015256390718  0.015256390718  0.027792228162  0.012226501045  0.024384530600  0.007579187859  0.000000000000  0.001333574876  0.011189738035  0.006493280955  0.008391264816  0.008681576279  0.008049856852  0.007622742692  0.012090379105  0.003753145979  0.003235094601  0.018580246630  0.005820298983  0.016356924156  0.016471952436  0.015518902374  0.004541406247  0.001637025518  0.000000000000  0.006488916372  0.003235094601  
piranga_rubra_sdsu2635 0.004317549270  0.007565075313  0.007570990276  0.015239782096  0.015239782096  0.025504969996  0.007298995715  0.022112423389  0.001075425774  0.005829952686  0.002671199996  0.012810662282  0.008671731736  0.006983714170  0.002155805199  0.008043166776  0.009817352823  0.010968411143  0.005010954722  0.007575368152  0.016339105617  0.007281263598  0.016356924156  0.014240238599  0.014393119399  0.004541406247  0.003280158457  0.006488916372  0.000000000000  0.007575368152  
piranga_bidentata_itm141 0.011958928876  0.008667174829  0.004318478891  0.016356924156  0.016356924156  0.028918235588  0.012226501045  0.025504969996  0.008667174829  0.000000000000  0.002668994300  0.011189738035  0.009767834881  0.012633625682  0.009772294485  0.009205755972  0.010920497519  0.013197231836  0.002500852443  0.000000000000  0.019686099563  0.007287084789  0.017459584960  0.017577367921  0.018900891485  0.007595236653  0.003276831887  0.003235094601  0.007575368152  0.000000000000  

