30
cardinalis_cardinalis_ku21828 0.000000000000  0.011614910257  0.038095055946  0.027051007706  0.032267396246  0.030702597343  0.027058728103  0.027058728103  0.022891928150  0.030168515013  0.027560008898  0.023925908853  0.030702597343  0.030702597343  0.029133032491  0.029133032491  0.029133032491  0.029658488137  0.036507045411  0.033352402262  0.029133032491  0.029133032491  0.028083794053  0.029650573840  0.030702597343  0.033872169878  0.030702597343  0.030702597343  0.034402413675  0.034373420399  
cardinalis_cardinalis_ku25393 0.011614910257  0.000000000000  0.035475671499  0.024468051768  0.029666808349  0.028107429348  0.024475981322  0.024475981322  0.020322468273  0.027574799295  0.024974981980  0.021352982788  0.028107429348  0.028107429348  0.026543053738  0.026543053738  0.026543053738  0.027066851761  0.033892968678  0.030749063205  0.026543053738  0.026543053738  0.025497120019  0.027058728103  0.028107429348  0.031266949757  0.028107429348  0.028107429348  0.031795505631  0.031765914659  
piranga_leucoptera_lsu7783 0.038095055946  0.035475671499  0.000000000000  0.011096713891  0.015168965358  0.013639705600  0.012617527696  0.012617527696  0.016724377696  0.023418441760  0.020834396074  0.017749688378  0.024468051768  0.024468051768  0.022912015526  0.022912015526  0.022912015526  0.023432787800  0.030221350533  0.027093638527  0.022912015526  0.022912015526  0.021872114171  0.023425414760  0.024468051768  0.027609224364  0.024468051768  0.024468051768  0.028134699434  0.029141070011  
piranga_leucoptera_fmnh481795 0.027051007706  0.024468051768  0.011096713891  0.000000000000  0.005017359846  0.003508770667  0.002002701913  0.002002701913  0.006031270852  0.013131860062  0.010587196473  0.007040880785  0.013647649020  0.013647649020  0.012117327137  0.012117327137  0.012117327137  0.012628425141  0.019299785707  0.016220986009  0.012117327137  0.012117327137  0.011096713891  0.012624400791  0.013647649020  0.016730165468  0.013647649020  0.013647649020  0.017245792405  0.018249592692  
piranga_erythrocephala_fmnh343371 0.032267396246  0.029666808349  0.015168965358  0.005017359846  0.000000000000  0.001501507835  0.007033363359  0.007033363359  0.011093489402  0.018244967400  0.015681904392  0.012110204243  0.018765473119  0.018765473119  0.017223923111  0.017223923111  0.017223923111  0.017739000262  0.024460522847  0.021359648293  0.017223923111  0.017223923111  0.016195376290  0.017734250136  0.018765473119  0.021872114171  0.018765473119  0.018765473119  0.022391791367  0.022880538443  
piranga_erythrocephala_fmnh343370 0.030702597343  0.028107429348  0.013639705600  0.003508770667  0.001501507835  0.000000000000  0.005520703295  0.005520703295  0.009572553898  0.016709382159  0.014151588362  0.010587196473  0.017228797685  0.017228797685  0.015690425078  0.015690425078  0.015690425078  0.016204437142  0.022912015526  0.019817566988  0.015690425078  0.015690425078  0.014664001794  0.016199709293  0.017228797685  0.020328981184  0.017228797685  0.017228797685  0.020847574205  0.021335378698  
piranga_rubriceps_lsu265 0.027058728103  0.024475981322  0.012617527696  0.002002701913  0.007033363359  0.005520703295  0.000000000000  0.000000000000  0.006033799747  0.013135760113  0.010590545696  0.007043547407  0.013652209373  0.013652209373  0.012121475404  0.012121475404  0.012121475404  0.012632840858  0.019306542984  0.016227289493  0.012121475404  0.012121475404  0.011100328913  0.012628425141  0.013652209373  0.016736347248  0.013652209373  0.013652209373  0.017252246398  0.018254614730  
piranga_rubriceps_lsu34818 0.027058728103  0.024475981322  0.012617527696  0.002002701913  0.007033363359  0.005520703295  0.000000000000  0.000000000000  0.006033799747  0.013135760113  0.010590545696  0.007043547407  0.013652209373  0.013652209373  0.012121475404  0.012121475404  0.012121475404  0.012632840858  0.019306542984  0.016227289493  0.012121475404  0.012121475404  0.011100328913  0.012628425141  0.013652209373  0.016736347248  0.013652209373  0.013652209373  0.017252246398  0.018254614730  
piranga_ludoviciana_sdsu2208 0.022891928150  0.020322468273  0.016724377696  0.006031270852  0.011093489402  0.009572553898  0.006033799747  0.006033799747  0.000000000000  0.007035205687  0.004514397329  0.001000691764  0.007542838684  0.007542838684  0.006027372326  0.006027372326  0.006027372326  0.006532728242  0.013135760113  0.010084761293  0.006027372326  0.006027372326  0.005018207921  0.006531098155  0.007542838684  0.010590545696  0.007542838684  0.007542838684  0.011100328913  0.012104648712  
piranga_roseogularis_ku2049 0.030168515013  0.027574799295  0.023418441760  0.013131860062  0.018244967400  0.016709382159  0.013135760113  0.013135760113  0.007035205687  0.000000000000  0.002504540383  0.008045818691  0.014656558083  0.014656558083  0.013125237532  0.013125237532  0.013125237532  0.013636323285  0.020310635402  0.017228797685  0.013125237532  0.013125237532  0.012104648712  0.013633334405  0.014656558083  0.017223923111  0.014656558083  0.014656558083  0.018254614730  0.019263599293  
piranga_roseogularis_ku2141 0.027560008898  0.024974981980  0.020834396074  0.010587196473  0.015681904392  0.014151588362  0.010590545696  0.010590545696  0.004514397329  0.002504540383  0.000000000000  0.005521424357  0.012107230368  0.012107230368  0.010581669169  0.010581669169  0.010581669169  0.011090655820  0.017739000262  0.014668314268  0.010581669169  0.010581669169  0.009565265588  0.011088213524  0.012107230368  0.015176946998  0.012107230368  0.012107230368  0.015690425078  0.016697946215  
piranga_olivacea_ku4672 0.023925908853  0.021352982788  0.017749688378  0.007040880785  0.012110204243  0.010587196473  0.007043547407  0.007043547407  0.001000691764  0.008045818691  0.005521424357  0.000000000000  0.008554362937  0.008554362937  0.007036709550  0.007036709550  0.007036709550  0.007542838684  0.014155632006  0.011100328913  0.007036709550  0.007036709550  0.006026003443  0.007541072819  0.008554362937  0.011606757084  0.008554362937  0.008554362937  0.012117327137  0.013122515811  
piranga_rubra_sdsu2635 0.030702597343  0.028107429348  0.024468051768  0.013647649020  0.018765473119  0.017228797685  0.013652209373  0.013652209373  0.007542838684  0.014656558083  0.012107230368  0.008554362937  0.000000000000  0.000000000000  0.003510839356  0.003510839356  0.003510839356  0.004014402232  0.009575762491  0.006539940895  0.003510839356  0.003510839356  0.002505250078  0.004012916058  0.006031270852  0.008057901372  0.006031270852  0.006031270852  0.009583346169  0.010584237505  
piranga_rubra_sdsu2654 0.030702597343  0.028107429348  0.024468051768  0.013647649020  0.018765473119  0.017228797685  0.013652209373  0.013652209373  0.007542838684  0.014656558083  0.012107230368  0.008554362937  0.000000000000  0.000000000000  0.003510839356  0.003510839356  0.003510839356  0.004014402232  0.009575762491  0.006539940895  0.003510839356  0.003510839356  0.002505250078  0.004012916058  0.006031270852  0.008057901372  0.006031270852  0.006031270852  0.009583346169  0.010584237505  
piranga_ludoviciana_sdsu2648 0.029133032491  0.026543053738  0.022912015526  0.012117327137  0.017223923111  0.015690425078  0.012121475404  0.012121475404  0.006027372326  0.013125237532  0.010581669169  0.007036709550  0.003510839356  0.003510839356  0.000000000000  0.000000000000  0.000000000000  0.000500253068  0.007040880785  0.004016273254  0.000000000000  0.000000000000  0.001001012954  0.002505250078  0.004518478659  0.007553780735  0.004518478659  0.004518478659  0.008061481558  0.009061788053  
piranga_lutea_ku89864 0.029133032491  0.026543053738  0.022912015526  0.012117327137  0.017223923111  0.015690425078  0.012121475404  0.012121475404  0.006027372326  0.013125237532  0.010581669169  0.007036709550  0.003510839356  0.003510839356  0.000000000000  0.000000000000  0.000000000000  0.000500253068  0.007040880785  0.004016273254  0.000000000000  0.000000000000  0.001001012954  0.002505250078  0.004518478659  0.007553780735  0.004518478659  0.004518478659  0.008061481558  0.009061788053  
piranga_bidentata_itm141 0.029133032491  0.026543053738  0.022912015526  0.012117327137  0.017223923111  0.015690425078  0.012121475404  0.012121475404  0.006027372326  0.013125237532  0.010581669169  0.007036709550  0.003510839356  0.003510839356  0.000000000000  0.000000000000  0.000000000000  0.000500253068  0.007040880785  0.004016273254  0.000000000000  0.000000000000  0.001001012954  0.002505250078  0.004518478659  0.007553780735  0.004518478659  0.004518478659  0.008061481558  0.009061788053  
piranga_bidentata_itm160 0.029658488137  0.027066851761  0.023432787800  0.012628425141  0.017739000262  0.016204437142  0.012632840858  0.012632840858  0.006532728242  0.013636323285  0.011090655820  0.007542838684  0.004014402232  0.004014402232  0.000500253068  0.000500253068  0.000500253068  0.000000000000  0.007547534740  0.004520609831  0.000500253068  0.000500253068  0.001502280687  0.003007788985  0.005023069685  0.008061481558  0.005023069685  0.005023069685  0.008569704412  0.009569734632  
piranga_rubra_ku7046 0.036507045411  0.033892968678  0.030221350533  0.019299785707  0.024460522847  0.022912015526  0.019306542984  0.019306542984  0.013135760113  0.020310635402  0.017739000262  0.014155632006  0.009575762491  0.009575762491  0.007040880785  0.007040880785  0.007040880785  0.007547534740  0.000000000000  0.003006237682  0.007040880785  0.007040880785  0.008054708573  0.009575762491  0.011614910257  0.014689492848  0.011614910257  0.011614910257  0.015203787826  0.016204437142  
piranga_bidentata_tepe59 0.033352402262  0.030749063205  0.027093638527  0.016220986009  0.021359648293  0.019817566988  0.016227289493  0.016227289493  0.010084761293  0.017228797685  0.014668314268  0.011100328913  0.006539940895  0.006539940895  0.004016273254  0.004016273254  0.004016273254  0.004520609831  0.003006237682  0.000000000000  0.004016273254  0.004016273254  0.005025461540  0.006539940895  0.008569704412  0.011630064578  0.008569704412  0.008569704412  0.012141971919  0.013140052187  
piranga_bidentata_hgoslp104 0.029133032491  0.026543053738  0.022912015526  0.012117327137  0.017223923111  0.015690425078  0.012121475404  0.012121475404  0.006027372326  0.013125237532  0.010581669169  0.007036709550  0.003510839356  0.003510839356  0.000000000000  0.000000000000  0.000000000000  0.000500253068  0.007040880785  0.004016273254  0.000000000000  0.000000000000  0.001001012954  0.002505250078  0.004518478659  0.007553780735  0.004518478659  0.004518478659  0.008061481558  0.009061788053  
piranga_olivacea_ku2699 0.029133032491  0.026543053738  0.022912015526  0.012117327137  0.017223923111  0.015690425078  0.012121475404  0.012121475404  0.006027372326  0.013125237532  0.010581669169  0.007036709550  0.003510839356  0.003510839356  0.000000000000  0.000000000000  0.000000000000  0.000500253068  0.007040880785  0.004016273254  0.000000000000  0.000000000000  0.001001012954  0.002505250078  0.004518478659  0.007553780735  0.004518478659  0.004518478659  0.008061481558  0.009061788053  
piranga_ludoviciana_sdsu2650 0.028083794053  0.025497120019  0.021872114171  0.011096713891  0.016195376290  0.014664001794  0.011100328913  0.011100328913  0.005018207921  0.012104648712  0.009565265588  0.006026003443  0.002505250078  0.002505250078  0.001001012954  0.001001012954  0.001001012954  0.001502280687  0.008054708573  0.005025461540  0.001001012954  0.001001012954  0.000000000000  0.001501702502  0.003510839356  0.006539940895  0.003510839356  0.003510839356  0.007046600870  0.008047458214  
piranga_ludoviciana_sdsu2385 0.029650573840  0.027058728103  0.023425414760  0.012624400791  0.017734250136  0.016199709293  0.012628425141  0.012628425141  0.006531098155  0.013633334405  0.011088213524  0.007541072819  0.004012916058  0.004012916058  0.002505250078  0.002505250078  0.002505250078  0.003007788985  0.009575762491  0.006539940895  0.002505250078  0.002505250078  0.001501702502  0.000000000000  0.005021063216  0.008057901372  0.005021063216  0.005021063216  0.008565860052  0.009567305070  
piranga_flava_ku90809 0.030702597343  0.028107429348  0.024468051768  0.013647649020  0.018765473119  0.017228797685  0.013652209373  0.013652209373  0.007542838684  0.014656558083  0.012107230368  0.008554362937  0.006031270852  0.006031270852  0.004518478659  0.004518478659  0.004518478659  0.005023069685  0.011614910257  0.008569704412  0.004518478659  0.004518478659  0.003510839356  0.005021063216  0.000000000000  0.003009141294  0.000000000000  0.000000000000  0.003512450757  0.007539695564  
piranga_flava_lsu15408 0.033872169878  0.031266949757  0.027609224364  0.016730165468  0.021872114171  0.020328981184  0.016736347248  0.016736347248  0.010590545696  0.017223923111  0.015176946998  0.011606757084  0.008057901372  0.008057901372  0.007553780735  0.007553780735  0.007553780735  0.008061481558  0.014689492848  0.011630064578  0.007553780735  0.007553780735  0.006539940895  0.008057901372  0.003009141294  0.000000000000  0.003009141294  0.003009141294  0.006543118003  0.010584237505  
piranga_hepatica_ku9084 0.030702597343  0.028107429348  0.024468051768  0.013647649020  0.018765473119  0.017228797685  0.013652209373  0.013652209373  0.007542838684  0.014656558083  0.012107230368  0.008554362937  0.006031270852  0.006031270852  0.004518478659  0.004518478659  0.004518478659  0.005023069685  0.011614910257  0.008569704412  0.004518478659  0.004518478659  0.003510839356  0.005021063216  0.000000000000  0.003009141294  0.000000000000  0.000000000000  0.003512450757  0.007539695564  
piranga_lutea_lsu5400 0.030702597343  0.028107429348  0.024468051768  0.013647649020  0.018765473119  0.017228797685  0.013652209373  0.013652209373  0.007542838684  0.014656558083  0.012107230368  0.008554362937  0.006031270852  0.006031270852  0.004518478659  0.004518478659  0.004518478659  0.005023069685  0.011614910257  0.008569704412  0.004518478659  0.004518478659  0.003510839356  0.005021063216  0.000000000000  0.003009141294  0.000000000000  0.000000000000  0.003512450757  0.007539695564  
piranga_hepatica_ku4970 0.034402413675  0.031795505631  0.028134699434  0.017245792405  0.022391791367  0.020847574205  0.017252246398  0.017252246398  0.011100328913  0.018254614730  0.015690425078  0.012117327137  0.009583346169  0.009583346169  0.008061481558  0.008061481558  0.008061481558  0.008569704412  0.015203787826  0.012141971919  0.008061481558  0.008061481558  0.007046600870  0.008565860052  0.003512450757  0.006543118003  0.003512450757  0.003512450757  0.000000000000  0.011093489402  
piranga_rubra_ku26592 0.034373420399  0.031765914659  0.029141070011  0.018249592692  0.022880538443  0.021335378698  0.018254614730  0.018254614730  0.012104648712  0.019263599293  0.016697946215  0.013122515811  0.010584237505  0.010584237505  0.009061788053  0.009061788053  0.009061788053  0.009569734632  0.016204437142  0.013140052187  0.009061788053  0.009061788053  0.008047458214  0.009567305070  0.007539695564  0.010584237505  0.007539695564  0.007539695564  0.011093489402  0.000000000000  

