30
piranga_rubra_ku26592 0.000000000000  0.006546040961  0.009407375654  0.014241220144  0.022209489491  0.022479558399  0.009407375654  0.023909804599  0.005821186650  0.009407375654  0.002416331611  0.014730755968  0.010994972372  0.010469821913  0.007825547193  0.007881695478  0.006259224539  0.004698155754  0.007954281578  0.010994972372  0.014173930172  0.000000000000  0.014218719270  0.014721447270  0.022194413258  0.022351347154  0.005760261244  0.009399854462  0.007825547193  0.000000000000  
piranga_flava_ku90809 0.006546040961  0.000000000000  0.006553137383  0.011538720723  0.019896917578  0.018265408389  0.006553137383  0.019935769499  0.004105027872  0.006553137383  0.000000000000  0.011519730678  0.004905582574  0.000000000000  0.008206950708  0.000000000000  0.000000000000  0.005028933146  0.005323418908  0.004905582574  0.011519730678  0.000000000000  0.011519730678  0.011967367202  0.019881630904  0.019244752998  0.002891424642  0.006546040961  0.008206950708  0.000000000000  
piranga_ludoviciana_sdsu2385 0.009407375654  0.006553137383  0.000000000000  0.011047030056  0.018983958223  0.019213065529  0.003116719525  0.020662064676  0.003874410661  0.003116719525  0.000000000000  0.011425710451  0.011007553978  0.005212425849  0.004683486446  0.007887270916  0.006265711707  0.004698155754  0.002639564442  0.004683486446  0.010994972372  0.000000000000  0.011029622806  0.011420634637  0.018970053100  0.015877201328  0.000000000000  0.006249445224  0.004683486446  0.000000000000  
piranga_rubriceps_lsu265 0.014241220144  0.011538720723  0.011047030056  0.000000000000  0.011037369946  0.015991136125  0.011047030056  0.020737943673  0.011792648024  0.011047030056  0.004881635058  0.009783029294  0.015867984637  0.015870186171  0.012648090686  0.012696515672  0.011047030056  0.004720332829  0.005337626296  0.012648090686  0.003131358940  0.002457905523  0.000000000000  0.009791178843  0.011030768345  0.012777636380  0.008758022508  0.014241220144  0.012648090686  0.000000000000  
piranga_leucoptera_lsu7783 0.022209489491  0.019896917578  0.018983958223  0.011037369946  0.000000000000  0.024127652098  0.018983958223  0.028837619916  0.017683248334  0.018983958223  0.009731139548  0.018042768290  0.023858632026  0.026655747255  0.020602792583  0.020751090078  0.019014042484  0.009432805373  0.013336106846  0.020602792583  0.007820058951  0.009826768663  0.011019993214  0.018025924084  0.015747929344  0.015854462320  0.017504062743  0.022209489491  0.020602792583  0.000000000000  
cardinalis_cardinalis_ku25393 0.022479558399  0.018265408389  0.019213065529  0.015991136125  0.024127652098  0.000000000000  0.019213065529  0.011114792521  0.019986723870  0.019213065529  0.009778720306  0.016427497821  0.024145335316  0.026752942246  0.020850954667  0.020837680082  0.019213065529  0.009537237112  0.007996687776  0.020850954667  0.015965602978  0.007459793977  0.015965602978  0.018222121055  0.020850954667  0.022495028966  0.011660154320  0.022479558399  0.020850954667  0.000000000000  
piranga_olivacea_ku2699 0.009407375654  0.006553137383  0.003116719525  0.011047030056  0.018983958223  0.019213065529  0.000000000000  0.020662064676  0.003874410661  0.000000000000  0.000000000000  0.011425710451  0.011007553978  0.005212425849  0.004683486446  0.007887270916  0.006265711707  0.004698155754  0.002639564442  0.001555570759  0.010994972372  0.000000000000  0.011029622806  0.011420634637  0.018970053100  0.015877201328  0.000000000000  0.003114255959  0.004683486446  0.000000000000  
cardinalis_cardinalis_ku21828 0.023909804599  0.019935769499  0.020662064676  0.020737943673  0.028837619916  0.011114792521  0.020662064676  0.000000000000  0.021783538723  0.020662064676  0.012207700050  0.021446151973  0.025559468961  0.029441610474  0.022288419280  0.022422267728  0.020662064676  0.016596285575  0.016059873708  0.022288419280  0.020671981535  0.012329527476  0.020704910061  0.023097530292  0.022288419280  0.025659049528  0.014552884778  0.023909804599  0.022288419280  0.000000000000  
piranga_rubra_ku7046 0.005821186650  0.004105027872  0.003874410661  0.011792648024  0.017683248334  0.019986723870  0.003874410661  0.021783538723  0.000000000000  0.003874410661  0.000000000000  0.012287482969  0.007781276130  0.005984326784  0.003874410661  0.005878217488  0.003881930790  0.004698155754  0.002639564442  0.005823461016  0.011723518453  0.000000000000  0.011769514421  0.011746471408  0.017683248334  0.015877201328  0.000000000000  0.001934046938  0.003874410661  0.000000000000  
piranga_bidentata_hgoslp104 0.009407375654  0.006553137383  0.003116719525  0.011047030056  0.018983958223  0.019213065529  0.000000000000  0.020662064676  0.003874410661  0.000000000000  0.000000000000  0.011425710451  0.011007553978  0.005212425849  0.004683486446  0.007887270916  0.006265711707  0.004698155754  0.002639564442  0.001555570759  0.010994972372  0.000000000000  0.011029622806  0.011420634637  0.018970053100  0.015877201328  0.000000000000  0.003114255959  0.004683486446  0.000000000000  
piranga_ludoviciana_sdsu2648 0.002416331611  0.000000000000  0.000000000000  0.004881635058  0.009731139548  0.009778720306  0.000000000000  0.012207700050  0.000000000000  0.000000000000  0.000000000000  0.007314289664  0.004846148993  0.000000000000  0.000000000000  0.000000000000  0.000000000000  0.005092964310  0.002740849862  0.000000000000  0.004846148993  0.000000000000  0.004869748766  0.007307359857  0.012197374791  0.013838659506  0.000000000000  0.000000000000  0.000000000000  0.000000000000  
piranga_roseogularis_ku2049 0.014730755968  0.011519730678  0.011425710451  0.009783029294  0.018042768290  0.016427497821  0.011425710451  0.021446151973  0.012287482969  0.011425710451  0.007314289664  0.000000000000  0.016415040135  0.018487569564  0.013082475348  0.013069909303  0.011425710451  0.007459793977  0.005316226061  0.013082475348  0.009767103460  0.007809337258  0.009767103460  0.001674899810  0.018033356302  0.019213065529  0.008717013103  0.014730755968  0.013082475348  0.000000000000  
piranga_hepatica_ku4970 0.010994972372  0.004905582574  0.011007553978  0.015867984637  0.023858632026  0.024145335316  0.011007553978  0.025559468961  0.007781276130  0.011007553978  0.004846148993  0.016415040135  0.000000000000  0.005212425849  0.012603029331  0.006298649789  0.004690809631  0.009447564081  0.007967193804  0.009417904170  0.015792796624  0.004893579518  0.015842842536  0.016408417373  0.023838291635  0.022391301025  0.005768709120  0.010994972372  0.012603029331  0.003126463878  
piranga_hepatica_ku9084 0.010469821913  0.000000000000  0.005212425849  0.015870186171  0.026655747255  0.026752942246  0.005212425849  0.029441610474  0.005984326784  0.005212425849  0.000000000000  0.018487569564  0.005212425849  0.000000000000  0.010488014379  0.000000000000  0.000000000000  0.004067524894  0.007202100738  0.002598412258  0.015828315162  0.000000000000  0.015828315162  0.018523232597  0.026610519947  0.020922751006  0.003462004242  0.002598412258  0.010488014379  0.000000000000  
piranga_rubra_sdsu2654 0.007825547193  0.008206950708  0.004683486446  0.012648090686  0.020602792583  0.020850954667  0.004683486446  0.022288419280  0.003874410661  0.004683486446  0.000000000000  0.013082475348  0.012603029331  0.010488014379  0.000000000000  0.009481710037  0.007846331544  0.004698155754  0.002639564442  0.006236404569  0.012588379569  0.000000000000  0.012628124135  0.013076887816  0.020586758342  0.015877201328  0.000000000000  0.007825547193  0.000000000000  0.000000000000  
piranga_flava_lsu15408 0.007881695478  0.000000000000  0.007887270916  0.012696515672  0.020751090078  0.020837680082  0.007887270916  0.022422267728  0.005878217488  0.007887270916  0.000000000000  0.013069909303  0.006298649789  0.000000000000  0.009481710037  0.000000000000  0.001567273618  0.007123247428  0.005323418908  0.006298649789  0.012676396189  0.002468829080  0.012676396189  0.013146978154  0.020737943673  0.019244752998  0.002891424642  0.007881695478  0.009481710037  0.000000000000  
piranga_lutea_lsu5400 0.006259224539  0.000000000000  0.006265711707  0.011047030056  0.019014042484  0.019213065529  0.006265711707  0.020662064676  0.003881930790  0.006265711707  0.000000000000  0.011425710451  0.004690809631  0.000000000000  0.007846331544  0.001567273618  0.000000000000  0.004698155754  0.005309286953  0.004690809631  0.011012270330  0.000000000000  0.011029622806  0.011420634637  0.019000092894  0.019183214333  0.002883088379  0.006259224539  0.007846331544  0.000000000000  
piranga_olivacea_ku4672 0.004698155754  0.005028933146  0.004698155754  0.004720332829  0.009432805373  0.009537237112  0.004698155754  0.016596285575  0.004698155754  0.004698155754  0.005092964310  0.007459793977  0.009447564081  0.004067524894  0.004698155754  0.007123247428  0.004698155754  0.000000000000  0.000000000000  0.004698155754  0.004698155754  0.004905582574  0.004709218181  0.007066383551  0.011822426631  0.011104854618  0.003291096534  0.004698155754  0.004698155754  0.000000000000  
piranga_ludoviciana_sdsu2208 0.007954281578  0.005323418908  0.002639564442  0.005337626296  0.013336106846  0.007996687776  0.002639564442  0.016059873708  0.002639564442  0.002639564442  0.002740849862  0.005316226061  0.007967193804  0.007202100738  0.002639564442  0.005323418908  0.005309286953  0.000000000000  0.000000000000  0.005295229832  0.005295229832  0.003050173500  0.005323418908  0.005309286953  0.013336106846  0.013199303016  0.002959891321  0.002639564442  0.002639564442  0.000000000000  
piranga_bidentata_itm160 0.010994972372  0.004905582574  0.004683486446  0.012648090686  0.020602792583  0.020850954667  0.001555570759  0.022288419280  0.005823461016  0.001555570759  0.000000000000  0.013082475348  0.009417904170  0.002598412258  0.006236404569  0.006298649789  0.004690809631  0.004698155754  0.005295229832  0.000000000000  0.012588379569  0.000000000000  0.012628124135  0.013076887816  0.020586758342  0.019122068035  0.002866559231  0.004679028435  0.006236404569  0.000000000000  
piranga_leucoptera_fmnh481795 0.014173930172  0.011519730678  0.010994972372  0.003131358940  0.007820058951  0.015965602978  0.010994972372  0.020671981535  0.011723518453  0.010994972372  0.004846148993  0.009767103460  0.015792796624  0.015828315162  0.012588379569  0.012676396189  0.011012270330  0.004698155754  0.005295229832  0.012588379569  0.000000000000  0.004893579518  0.003126463878  0.009759325830  0.007817589958  0.006285233094  0.008681982963  0.014173930172  0.012588379569  0.000000000000  
piranga_lutea_ku89864 0.000000000000  0.000000000000  0.000000000000  0.002457905523  0.009826768663  0.007459793977  0.000000000000  0.012329527476  0.000000000000  0.000000000000  0.000000000000  0.007809337258  0.004893579518  0.000000000000  0.000000000000  0.002468829080  0.000000000000  0.004905582574  0.003050173500  0.000000000000  0.004893579518  0.000000000000  0.002451879020  0.007379258761  0.009826768663  0.015870354315  0.000000000000  0.000000000000  0.000000000000  0.000000000000  
piranga_rubriceps_lsu34818 0.014218719270  0.011519730678  0.011029622806  0.000000000000  0.011019993214  0.015965602978  0.011029622806  0.020704910061  0.011769514421  0.011029622806  0.004869748766  0.009767103460  0.015842842536  0.015828315162  0.012628124135  0.012676396189  0.011029622806  0.004709218181  0.005323418908  0.012628124135  0.003126463878  0.002451879020  0.000000000000  0.009775226387  0.011013412499  0.012736946856  0.008732528424  0.014218719270  0.012628124135  0.000000000000  
piranga_roseogularis_ku2141 0.014721447270  0.011967367202  0.011420634637  0.009791178843  0.018025924084  0.018222121055  0.011420634637  0.023097530292  0.011746471408  0.011420634637  0.007307359857  0.001674899810  0.016408417373  0.018523232597  0.013076887816  0.013146978154  0.011420634637  0.007066383551  0.005309286953  0.013076887816  0.009759325830  0.007379258761  0.009775226387  0.000000000000  0.016357372591  0.019183214333  0.008707182337  0.014721447270  0.013076887816  0.000000000000  
piranga_erythrocephala_fmnh343371 0.022194413258  0.019881630904  0.018970053100  0.011030768345  0.015747929344  0.020850954667  0.018970053100  0.022288419280  0.017683248334  0.018970053100  0.012197374791  0.018033356302  0.023838291635  0.026610519947  0.020586758342  0.020737943673  0.019000092894  0.011822426631  0.013336106846  0.020586758342  0.007817589958  0.009826768663  0.011013412499  0.016357372591  0.000000000000  0.003136269353  0.017504062743  0.022194413258  0.020586758342  0.000000000000  
piranga_erythrocephala_fmnh343370 0.022351347154  0.019244752998  0.015877201328  0.012777636380  0.015854462320  0.022495028966  0.015877201328  0.025659049528  0.015877201328  0.015877201328  0.013838659506  0.019213065529  0.022391301025  0.020922751006  0.015877201328  0.019244752998  0.019183214333  0.011104854618  0.013199303016  0.019122068035  0.006285233094  0.015870354315  0.012736946856  0.019183214333  0.003136269353  0.000000000000  0.016029922967  0.015877201328  0.015877201328  0.000000000000  
piranga_ludoviciana_sdsu2650 0.005760261244  0.002891424642  0.000000000000  0.008758022508  0.017504062743  0.011660154320  0.000000000000  0.014552884778  0.000000000000  0.000000000000  0.000000000000  0.008717013103  0.005768709120  0.003462004242  0.000000000000  0.002891424642  0.002883088379  0.003291096534  0.002959891321  0.002866559231  0.008681982963  0.000000000000  0.008732528424  0.008707182337  0.017504062743  0.016029922967  0.000000000000  0.000000000000  0.000000000000  0.000000000000  
piranga_bidentata_tepe59 0.009399854462  0.006546040961  0.006249445224  0.014241220144  0.022209489491  0.022479558399  0.003114255959  0.023909804599  0.001934046938  0.003114255959  0.000000000000  0.014730755968  0.010994972372  0.002598412258  0.007825547193  0.007881695478  0.006259224539  0.004698155754  0.002639564442  0.004679028435  0.014173930172  0.000000000000  0.014218719270  0.014721447270  0.022194413258  0.015877201328  0.000000000000  0.000000000000  0.007825547193  0.000000000000  
piranga_rubra_sdsu2635 0.007825547193  0.008206950708  0.004683486446  0.012648090686  0.020602792583  0.020850954667  0.004683486446  0.022288419280  0.003874410661  0.004683486446  0.000000000000  0.013082475348  0.012603029331  0.010488014379  0.000000000000  0.009481710037  0.007846331544  0.004698155754  0.002639564442  0.006236404569  0.012588379569  0.000000000000  0.012628124135  0.013076887816  0.020586758342  0.015877201328  0.000000000000  0.007825547193  0.000000000000  0.000000000000  
piranga_bidentata_itm141 0.000000000000  0.000000000000  0.000000000000  0.000000000000  0.000000000000  0.000000000000  0.000000000000  0.000000000000  0.000000000000  0.000000000000  0.000000000000  0.000000000000  0.003126463878  0.000000000000  0.000000000000  0.000000000000  0.000000000000  0.000000000000  0.000000000000  0.000000000000  0.000000000000  0.000000000000  0.000000000000  0.000000000000  0.000000000000  0.000000000000  0.000000000000  0.000000000000  0.000000000000  0.000000000000  

