30
piranga_rubra_ku26592 0.000000000000  0.011491367739  0.006394612005  0.015551370401  0.017748627327  0.023617770958  0.011423040721  0.021788280863  0.007198638102  0.008004042809  0.007399878834  0.013553323621  0.007198638102  0.007518432613  0.008809085922  0.009444416472  0.010697988223  0.008004042809  0.006452825257  0.008004042809  0.018183617427  0.010423494902  0.016104149317  0.011233191257  0.018525874049  0.017682839488  0.007965460034  0.006394612005  0.008002927033  0.008004042809  
piranga_flava_ku90809 0.011491367739  0.000000000000  0.006546422883  0.019006254768  0.020712705347  0.025380030376  0.012541213988  0.022358953149  0.009015778045  0.008196896656  0.007582067041  0.014627818025  0.004081535203  0.004690306131  0.009019558634  0.002625749492  0.004094906061  0.008189683737  0.007386619945  0.008196896656  0.022098330646  0.004901728096  0.019848921251  0.014839478881  0.021132975775  0.020720579223  0.007978178407  0.008189683737  0.009847771349  0.008196896656  
piranga_ludoviciana_sdsu2385 0.006394612005  0.006546422883  0.000000000000  0.012254326074  0.014504635883  0.021941939877  0.008143000948  0.019162487900  0.003990329484  0.001593790736  0.000818373978  0.006223705329  0.002392718624  0.002812139390  0.003992035336  0.005139408300  0.005742135420  0.004792109180  0.001838455467  0.001593790736  0.014856476307  0.005595259787  0.012860765321  0.008012984160  0.015139041278  0.012738716803  0.000000000000  0.001593169264  0.004794437378  0.001593790736  
piranga_rubriceps_lsu265 0.015551370401  0.019006254768  0.012254326074  0.000000000000  0.005649449097  0.019213821336  0.014153528677  0.016687682803  0.014730574549  0.013910311215  0.012604446479  0.007268532166  0.014740498223  0.012274614614  0.014735047275  0.015823168373  0.018225296022  0.017225953422  0.012979838994  0.012254326074  0.005787457264  0.017225953422  0.000803900369  0.008964345697  0.010805402657  0.010670048297  0.007965809789  0.013901718821  0.014735047275  0.012254326074  
piranga_leucoptera_lsu7783 0.017748627327  0.020712705347  0.014504635883  0.005649449097  0.000000000000  0.020944793855  0.014754326984  0.020803197225  0.016947697427  0.016143417473  0.014913252456  0.010417029785  0.016964957296  0.016113644247  0.016955855029  0.019073002189  0.019933154056  0.019417034751  0.015813833505  0.014504635883  0.003245370742  0.020243040374  0.006354037880  0.011256097099  0.009136752316  0.008718576595  0.011414998428  0.016127461318  0.016955855029  0.014504635883  
cardinalis_cardinalis_ku25393 0.023617770958  0.025380030376  0.021941939877  0.019213821336  0.020944793855  0.000000000000  0.019707785600  0.004454370140  0.022782767076  0.023671561540  0.022590231163  0.015711882485  0.021079511507  0.019971656091  0.022793843090  0.020832512261  0.024512679280  0.023646926808  0.020552057811  0.021941939877  0.022350759225  0.025380030376  0.020066500241  0.018521827088  0.021831379198  0.019552781032  0.017220533399  0.023646926808  0.022793843090  0.021941939877  
piranga_olivacea_ku2699 0.011423040721  0.012541213988  0.008143000948  0.014153528677  0.014754326984  0.019707785600  0.000000000000  0.018284697005  0.010604158510  0.009787129140  0.009060334981  0.006227636805  0.008964345697  0.006575790040  0.010607272910  0.009449505927  0.011735074778  0.011428517651  0.005527792195  0.009787129140  0.016535193073  0.012254326074  0.014740498223  0.009796878834  0.016281971626  0.012747389206  0.006822657870  0.009781243575  0.011432289956  0.009787129140  
cardinalis_cardinalis_ku21828 0.021788280863  0.022358953149  0.019162487900  0.016687682803  0.020803197225  0.004454370140  0.018284697005  0.000000000000  0.020032721503  0.020051453195  0.020051453195  0.013586773859  0.018275201819  0.019027613627  0.020041534350  0.020931418526  0.021522296232  0.020921840297  0.019624522762  0.020051453195  0.020790505428  0.023599339330  0.018142511917  0.015638901939  0.020832512261  0.017561579392  0.014889701971  0.020921840297  0.019153332858  0.020051453195  
piranga_rubra_ku7046 0.007198638102  0.009015778045  0.003990329484  0.014730574549  0.016947697427  0.022782767076  0.010604158510  0.020032721503  0.000000000000  0.005595259787  0.004925873549  0.008311202007  0.004792109180  0.005633501844  0.004790705130  0.007721476500  0.008216600728  0.007200059458  0.004603930301  0.005595259787  0.017360660407  0.008006092154  0.015297775812  0.010432522392  0.017690143110  0.014719381117  0.003403172921  0.005592131622  0.006397132801  0.005595259787  
piranga_bidentata_hgoslp104 0.008004042809  0.008196896656  0.001593790736  0.013910311215  0.016143417473  0.023671561540  0.009787129140  0.020051453195  0.005595259787  0.000000000000  0.002459411817  0.006223705329  0.003994662550  0.002812139390  0.005598212462  0.006001381324  0.007395161621  0.006399786002  0.001838455467  0.003193007680  0.016535193073  0.007205692545  0.014491273545  0.009631741709  0.015994119057  0.012738716803  0.000000000000  0.003189916028  0.006403365296  0.003193007680  
piranga_ludoviciana_sdsu2648 0.007399878834  0.007582067041  0.000818373978  0.012604446479  0.014913252456  0.022590231163  0.009060334981  0.020051453195  0.004925873549  0.002459411817  0.000000000000  0.007268532166  0.003282085693  0.003753272936  0.004928333797  0.006001381324  0.006756523303  0.005751571598  0.000918328291  0.000000000000  0.014905689801  0.006578723646  0.013222130397  0.007407334822  0.015584735859  0.013732593135  0.001132586053  0.002457452498  0.005754691892  0.000000000000  
piranga_roseogularis_ku2049 0.013553323621  0.014627818025  0.006223705329  0.007268532166  0.010417029785  0.015711882485  0.006227636805  0.013586773859  0.008311202007  0.006223705329  0.007268532166  0.000000000000  0.009365183951  0.009365183951  0.009359633320  0.011463542514  0.013568640423  0.011463542514  0.008315688237  0.007268532166  0.011463542514  0.012511845782  0.008315688237  0.002068531423  0.011471236290  0.010425218079  0.005681642071  0.008308283929  0.010410409983  0.007268532166  
piranga_hepatica_ku4970 0.007198638102  0.004081535203  0.002392718624  0.014740498223  0.016964957296  0.021079511507  0.008964345697  0.018275201819  0.004792109180  0.003994662550  0.003282085693  0.009365183951  0.000000000000  0.000000000000  0.004794437378  0.002562939431  0.003273452520  0.003990329484  0.002760388588  0.003994662550  0.017376806627  0.004792109180  0.015308655016  0.010443217255  0.017708958541  0.015726676881  0.003405983815  0.003990329484  0.005598212462  0.003994662550  
piranga_hepatica_ku9084 0.007518432613  0.004690306131  0.002812139390  0.012274614614  0.016113644247  0.019971656091  0.006575790040  0.019027613627  0.005633501844  0.002812139390  0.003753272936  0.009365183951  0.000000000000  0.000000000000  0.005636721519  0.001871824380  0.003749000540  0.004690306131  0.002825381708  0.003753272936  0.017068392065  0.004690306131  0.013231434513  0.008474506007  0.017078324298  0.015946127568  0.003405983815  0.004690306131  0.005636721519  0.003753272936  
piranga_rubra_sdsu2654 0.008809085922  0.009019558634  0.003992035336  0.014735047275  0.016955855029  0.022793843090  0.010607272910  0.020041534350  0.004790705130  0.005598212462  0.004928333797  0.009359633320  0.004794437378  0.005636721519  0.000000000000  0.007725249064  0.008219741262  0.007202411552  0.004606202377  0.005598212462  0.017368236420  0.008009073217  0.015302742265  0.010437403394  0.017699036120  0.015716518405  0.004542753623  0.005593232231  0.006399786002  0.005598212462  
piranga_flava_lsu15408 0.009444416472  0.002625749492  0.005139408300  0.015823168373  0.019073002189  0.020832512261  0.009449505927  0.020931418526  0.007721476500  0.006001381324  0.006001381324  0.011463542514  0.002562939431  0.001871824380  0.007725249064  0.000000000000  0.001755192190  0.006857773943  0.004606202377  0.006001381324  0.019062851903  0.004279014153  0.017291775835  0.010322154021  0.019047682684  0.017717165753  0.005685105746  0.006857773943  0.007725249064  0.006001381324  
piranga_lutea_lsu5400 0.010697988223  0.004094906061  0.005742135420  0.018225296022  0.019933154056  0.024512679280  0.011735074778  0.021522296232  0.008216600728  0.007395161621  0.006756523303  0.013568640423  0.003273452520  0.003749000540  0.008219741262  0.001755192190  0.000000000000  0.007389227552  0.006457223869  0.007395161621  0.021302254953  0.002453433031  0.019069293240  0.014049381378  0.021132975775  0.019713726310  0.007972174287  0.005742135420  0.009049239418  0.007395161621  
piranga_olivacea_ku4672 0.008004042809  0.008189683737  0.004792109180  0.017225953422  0.019417034751  0.023646926808  0.011428517651  0.020921840297  0.007200059458  0.006399786002  0.005751571598  0.011463542514  0.003990329484  0.004690306131  0.007202411552  0.006857773943  0.007389227552  0.000000000000  0.005529663066  0.006399786002  0.019890452656  0.008813510357  0.017754590370  0.012871551832  0.020269899017  0.017717165753  0.005685105746  0.004792109180  0.008009073217  0.006399786002  
piranga_ludoviciana_sdsu2208 0.006452825257  0.007386619945  0.001838455467  0.012979838994  0.015813833505  0.020552057811  0.005527792195  0.019624522762  0.004603930301  0.001838455467  0.000918328291  0.008315688237  0.002760388588  0.002825381708  0.004606202377  0.004606202377  0.006457223869  0.005529663066  0.000000000000  0.000918328291  0.016750690006  0.005529663066  0.013919717579  0.007386619945  0.016760253696  0.014728576842  0.002267909570  0.003680018385  0.004606202377  0.000918328291  
piranga_bidentata_itm160 0.008004042809  0.008196896656  0.001593790736  0.012254326074  0.014504635883  0.021941939877  0.009787129140  0.020051453195  0.005595259787  0.003193007680  0.000000000000  0.007268532166  0.003994662550  0.003753272936  0.005598212462  0.006001381324  0.007395161621  0.006399786002  0.000918328291  0.000000000000  0.014856476307  0.007205692545  0.012860765321  0.008012984160  0.015139041278  0.013732593135  0.001132586053  0.003189916028  0.006403365296  0.000000000000  
piranga_leucoptera_fmnh481795 0.018183617427  0.022098330646  0.014856476307  0.005787457264  0.003245370742  0.022350759225  0.016535193073  0.020790505428  0.017360660407  0.016535193073  0.014905689801  0.011463542514  0.017376806627  0.017068392065  0.017368236420  0.019062851903  0.021302254953  0.019890452656  0.016750690006  0.014856476307  0.000000000000  0.020736753537  0.006506392392  0.010695016114  0.008506421458  0.007736656065  0.012564907788  0.016520415003  0.017368236420  0.014856476307  
piranga_lutea_ku89864 0.010423494902  0.004901728096  0.005595259787  0.017225953422  0.020243040374  0.025380030376  0.012254326074  0.023599339330  0.008006092154  0.007205692545  0.006578723646  0.012511845782  0.004792109180  0.004690306131  0.008009073217  0.004279014153  0.002453433031  0.008813510357  0.005529663066  0.007205692545  0.020736753537  0.000000000000  0.018576392425  0.013687384142  0.020269899017  0.018709026970  0.006825512005  0.007200059458  0.008817122553  0.007205692545  
piranga_rubriceps_lsu34818 0.016104149317  0.019848921251  0.012860765321  0.000803900369  0.006354037880  0.020066500241  0.014740498223  0.018142511917  0.015297775812  0.014491273545  0.013222130397  0.008315688237  0.015308655016  0.013231434513  0.015302742265  0.017291775835  0.019069293240  0.017754590370  0.013919717579  0.012860765321  0.006506392392  0.018576392425  0.000000000000  0.009622318837  0.011646354447  0.011651930729  0.009112727477  0.014481684900  0.015302742265  0.012860765321  
piranga_roseogularis_ku2141 0.011233191257  0.014839478881  0.008012984160  0.008964345697  0.011256097099  0.018521827088  0.009796878834  0.015638901939  0.010432522392  0.009631741709  0.007407334822  0.002068531423  0.010443217255  0.008474506007  0.010437403394  0.010322154021  0.014049381378  0.012871551832  0.007386619945  0.008012984160  0.010695016114  0.013687384142  0.009622318837  0.000000000000  0.011747253385  0.008795260876  0.005681642071  0.009622318837  0.010437403394  0.008012984160  
piranga_erythrocephala_fmnh343371 0.018525874049  0.021132975775  0.015139041278  0.010805402657  0.009136752316  0.021831379198  0.016281971626  0.020832512261  0.017690143110  0.015994119057  0.015584735859  0.011471236290  0.017708958541  0.017078324298  0.017699036120  0.019047682684  0.021132975775  0.020269899017  0.016760253696  0.015139041278  0.008506421458  0.020269899017  0.011646354447  0.011747253385  0.000000000000  0.000961372166  0.013728609166  0.016833363385  0.017699036120  0.015139041278  
piranga_erythrocephala_fmnh343370 0.017682839488  0.020720579223  0.012738716803  0.010670048297  0.008718576595  0.019552781032  0.012747389206  0.017561579392  0.014719381117  0.012738716803  0.013732593135  0.010425218079  0.015726676881  0.015946127568  0.015716518405  0.017717165753  0.019713726310  0.017717165753  0.014728576842  0.013732593135  0.007736656065  0.018709026970  0.011651930729  0.008795260876  0.000961372166  0.000000000000  0.012577752433  0.014711582357  0.014719381117  0.013732593135  
piranga_ludoviciana_sdsu2650 0.007965460034  0.007978178407  0.000000000000  0.007965809789  0.011414998428  0.017220533399  0.006822657870  0.014889701971  0.003403172921  0.000000000000  0.001132586053  0.005681642071  0.003405983815  0.003405983815  0.004542753623  0.005685105746  0.007972174287  0.005685105746  0.002267909570  0.001132586053  0.012564907788  0.006825512005  0.009112727477  0.005681642071  0.013728609166  0.012577752433  0.000000000000  0.002266651186  0.004546822151  0.001132586053  
piranga_bidentata_tepe59 0.006394612005  0.008189683737  0.001593169264  0.013901718821  0.016127461318  0.023646926808  0.009781243575  0.020921840297  0.005592131622  0.003189916028  0.002457452498  0.008308283929  0.003990329484  0.004690306131  0.005593232231  0.006857773943  0.005742135420  0.004792109180  0.003680018385  0.003189916028  0.016520415003  0.007200059458  0.014481684900  0.009622318837  0.016833363385  0.014711582357  0.002266651186  0.000000000000  0.006397132801  0.003189916028  
piranga_rubra_sdsu2635 0.008002927033  0.009847771349  0.004794437378  0.014735047275  0.016955855029  0.022793843090  0.011432289956  0.019153332858  0.006397132801  0.006403365296  0.005754691892  0.010410409983  0.005598212462  0.005636721519  0.006399786002  0.007725249064  0.009049239418  0.008009073217  0.004606202377  0.006403365296  0.017368236420  0.008817122553  0.015302742265  0.010437403394  0.017699036120  0.014719381117  0.004546822151  0.006397132801  0.000000000000  0.006403365296  
piranga_bidentata_itm141 0.008004042809  0.008196896656  0.001593790736  0.012254326074  0.014504635883  0.021941939877  0.009787129140  0.020051453195  0.005595259787  0.003193007680  0.000000000000  0.007268532166  0.003994662550  0.003753272936  0.005598212462  0.006001381324  0.007395161621  0.006399786002  0.000918328291  0.000000000000  0.014856476307  0.007205692545  0.012860765321  0.008012984160  0.015139041278  0.013732593135  0.001132586053  0.003189916028  0.006403365296  0.000000000000  

