30
piranga_rubra_ku26592 0.000000000000  0.007633781559  0.002169753232  0.006541074329  0.005444234823  0.004659162073  0.000000000000  0.004350076843  0.001083561728  0.001083561728  0.001322957368  0.002318131879  0.003258587307  0.003904559798  0.001083561728  0.004736854542  0.001645055783  0.001083561728  0.003092322654  0.003258587307  0.004346551263  0.005436611418  0.006556779001  0.004346551263  0.002169753232  0.000000000000  0.001475182577  0.002169753232  0.001083561728  0.003258587307  
piranga_flava_ku90809 0.007633781559  0.000000000000  0.004959413503  0.010983355677  0.009973717822  0.008475781590  0.004605516969  0.008966352506  0.005957790056  0.005957790056  0.006647339691  0.006990730621  0.003963259132  0.002599637445  0.005957790056  0.004343778203  0.004953419391  0.006954075897  0.007761823249  0.006958398727  0.008960185510  0.003963259132  0.011008280134  0.006954075897  0.006958398727  0.003227040390  0.002955243631  0.005957790056  0.005957790056  0.006958398727  
piranga_ludoviciana_sdsu2385 0.002169753232  0.004959413503  0.000000000000  0.005962543571  0.004963253522  0.004221528060  0.001146943763  0.003966189718  0.000988257138  0.000988257138  0.001322957368  0.002318131879  0.000988257138  0.002599637445  0.002971342263  0.004339448792  0.003296180597  0.001977577521  0.001543490553  0.001978701325  0.003963259132  0.002968633502  0.005975590957  0.003963259132  0.001978701325  0.000000000000  0.000000000000  0.000988257138  0.002971342263  0.001978701325  
piranga_rubriceps_lsu265 0.006541074329  0.010983355677  0.005962543571  0.000000000000  0.008973871168  0.007414012913  0.005764339674  0.007967842329  0.004963253522  0.004963253522  0.005315456532  0.005817999504  0.006964069830  0.009162632959  0.006964069830  0.008719935393  0.004953419391  0.005957790056  0.006206160288  0.007967842329  0.005957790056  0.008960185510  0.001983461199  0.007961249520  0.003966189718  0.000000000000  0.002955243631  0.006964069830  0.006964069830  0.007967842329  
piranga_leucoptera_lsu7783 0.005444234823  0.009973717822  0.004963253522  0.008973871168  0.000000000000  0.003162407085  0.004605516969  0.006964069830  0.003966189718  0.003966189718  0.000000000000  0.003481716049  0.005962543571  0.003904559798  0.005962543571  0.004339448792  0.008286421212  0.004959413503  0.001543490553  0.006964069830  0.004959413503  0.007956006675  0.008993232203  0.006958398727  0.004963253522  0.000000000000  0.001475182577  0.005962543571  0.005962543571  0.006964069830  
cardinalis_cardinalis_ku25393 0.004659162073  0.008475781590  0.004221528060  0.007414012913  0.003162407085  0.000000000000  0.003709915344  0.000000000000  0.003162407085  0.003162407085  0.001322957368  0.004839549738  0.005283161378  0.005213298045  0.004221528060  0.005794852308  0.005448189702  0.004218207845  0.003092322654  0.006347318984  0.005278810187  0.007402684862  0.007407585019  0.005278810187  0.004221528060  0.000000000000  0.001475182577  0.005283161378  0.004221528060  0.006347318984  
piranga_olivacea_ku2699 0.000000000000  0.004605516969  0.001146943763  0.005764339674  0.004605516969  0.003709915344  0.000000000000  0.003449687007  0.000000000000  0.000000000000  0.000000000000  0.001183596796  0.002296834372  0.002604969033  0.001146943763  0.001712674546  0.001645055783  0.000000000000  0.001634301701  0.002296834372  0.002296834372  0.002296834372  0.004621480340  0.003446956984  0.001146943763  0.000000000000  0.001475182577  0.001146943763  0.001146943763  0.002296834372  
cardinalis_cardinalis_ku21828 0.004350076843  0.008966352506  0.003966189718  0.007967842329  0.006964069830  0.000000000000  0.003449687007  0.000000000000  0.002971342263  0.002971342263  0.001322957368  0.004648333306  0.004963253522  0.005213298045  0.004963253522  0.005794852308  0.004953419391  0.003963259132  0.003092322654  0.005962543571  0.005957790056  0.006954075897  0.007985089354  0.005957790056  0.003966189718  0.000000000000  0.001475182577  0.004963253522  0.004963253522  0.005962543571  
piranga_rubra_ku7046 0.001083561728  0.005957790056  0.000988257138  0.004963253522  0.003966189718  0.003162407085  0.000000000000  0.002971342263  0.000000000000  0.000000000000  0.000000000000  0.001157565066  0.001978701325  0.003904559798  0.001978701325  0.004339448792  0.001645055783  0.000988030736  0.001543490553  0.002971342263  0.002969317073  0.003961671812  0.004974215152  0.002969317073  0.000988257138  0.000000000000  0.001475182577  0.001978701325  0.001978701325  0.002971342263  
piranga_bidentata_hgoslp104 0.001083561728  0.005957790056  0.000988257138  0.004963253522  0.003966189718  0.003162407085  0.000000000000  0.002971342263  0.000000000000  0.000000000000  0.000000000000  0.001157565066  0.001978701325  0.003904559798  0.001978701325  0.004339448792  0.001645055783  0.000988030736  0.001543490553  0.002971342263  0.002969317073  0.003961671812  0.004974215152  0.002969317073  0.000988257138  0.000000000000  0.001475182577  0.001978701325  0.001978701325  0.002971342263  
piranga_ludoviciana_sdsu2648 0.001322957368  0.006647339691  0.001322957368  0.005315456532  0.000000000000  0.001322957368  0.000000000000  0.001322957368  0.000000000000  0.000000000000  0.000000000000  0.001346108357  0.002649836994  0.004147471803  0.001322957368  0.003250247646  0.002146466671  0.000000000000  0.001553079215  0.002649836994  0.001322957368  0.003977026663  0.003980662203  0.001322957368  0.001322957368  0.000000000000  0.001541111859  0.001322957368  0.001322957368  0.002649836994  
piranga_roseogularis_ku2049 0.002318131879  0.006990730621  0.002318131879  0.005817999504  0.003481716049  0.004839549738  0.001183596796  0.004648333306  0.001157565066  0.001157565066  0.001346108357  0.000000000000  0.003481716049  0.005213298045  0.003481716049  0.003323568427  0.003414351502  0.001157565066  0.003175798029  0.003481716049  0.003481716049  0.003481716049  0.004648333306  0.004644307492  0.002318131879  0.001610611647  0.002955243631  0.002318131879  0.003481716049  0.003481716049  
piranga_hepatica_ku4970 0.003258587307  0.003963259132  0.000988257138  0.006964069830  0.005962543571  0.005283161378  0.002296834372  0.004963253522  0.001978701325  0.001978701325  0.002649836994  0.003481716049  0.000000000000  0.001298508797  0.003966189718  0.002888762817  0.001645055783  0.002969317073  0.003092322654  0.002971342263  0.004959413503  0.001977793700  0.006979212326  0.004959413503  0.002971342263  0.001610611647  0.001475182577  0.001978701325  0.003966189718  0.002971342263  
piranga_hepatica_ku9084 0.003904559798  0.002599637445  0.002599637445  0.009162632959  0.003904559798  0.005213298045  0.002604969033  0.005213298045  0.003904559798  0.003904559798  0.004147471803  0.005213298045  0.001298508797  0.000000000000  0.003904559798  0.001709068649  0.001957399195  0.003904559798  0.004907321066  0.003904559798  0.005213298045  0.001298508797  0.007842311945  0.005213298045  0.005213298045  0.001610611647  0.001475182577  0.002599637445  0.003904559798  0.003904559798  
piranga_rubra_sdsu2654 0.001083561728  0.005957790056  0.002971342263  0.006964069830  0.005962543571  0.004221528060  0.001146943763  0.004963253522  0.001978701325  0.001978701325  0.001322957368  0.003481716049  0.003966189718  0.003904559798  0.000000000000  0.005794852308  0.003296180597  0.002969317073  0.003092322654  0.004963253522  0.004959413503  0.005954383133  0.006979212326  0.002969317073  0.002971342263  0.000000000000  0.001475182577  0.003966189718  0.000000000000  0.004963253522  
piranga_flava_lsu15408 0.004736854542  0.004343778203  0.004339448792  0.008719935393  0.004339448792  0.005794852308  0.001712674546  0.005794852308  0.004339448792  0.004339448792  0.003250247646  0.003323568427  0.002888762817  0.001709068649  0.005794852308  0.000000000000  0.000000000000  0.005791453184  0.004851765915  0.005794852308  0.007249655462  0.002888762817  0.010180391179  0.004339448792  0.005794852308  0.001938427780  0.001965092147  0.005794852308  0.005794852308  0.007255004147  
piranga_lutea_lsu5400 0.001645055783  0.004953419391  0.003296180597  0.004953419391  0.008286421212  0.005448189702  0.001645055783  0.004953419391  0.001645055783  0.001645055783  0.002146466671  0.003414351502  0.001645055783  0.001957399195  0.003296180597  0.000000000000  0.000000000000  0.001645055783  0.002825803639  0.003296180597  0.003296180597  0.001645055783  0.003296180597  0.006608657300  0.001645055783  0.002320821871  0.004050532479  0.003296180597  0.003296180597  0.003296180597  
piranga_olivacea_ku4672 0.001083561728  0.006954075897  0.001977577521  0.005957790056  0.004959413503  0.004218207845  0.000000000000  0.003963259132  0.000988030736  0.000988030736  0.000000000000  0.001157565066  0.002969317073  0.003904559798  0.002969317073  0.005791453184  0.001645055783  0.000000000000  0.001543490553  0.003963259132  0.003961671812  0.004955772231  0.005972163606  0.003961671812  0.001977577521  0.000000000000  0.001475182577  0.002969317073  0.002969317073  0.003963259132  
piranga_ludoviciana_sdsu2208 0.003092322654  0.007761823249  0.001543490553  0.006206160288  0.001543490553  0.003092322654  0.001634301701  0.003092322654  0.001543490553  0.001543490553  0.001553079215  0.003175798029  0.003092322654  0.004907321066  0.003092322654  0.004851765915  0.002825803639  0.001543490553  0.000000000000  0.003092322654  0.003092322654  0.004641579118  0.006206160288  0.003092322654  0.003092322654  0.001838633975  0.001862606571  0.001543490553  0.003092322654  0.003092322654  
piranga_bidentata_itm160 0.003258587307  0.006958398727  0.001978701325  0.007967842329  0.006964069830  0.006347318984  0.002296834372  0.005962543571  0.002971342263  0.002971342263  0.002649836994  0.003481716049  0.002971342263  0.003904559798  0.004963253522  0.005794852308  0.003296180597  0.003963259132  0.003092322654  0.000000000000  0.005957790056  0.004956918408  0.007985089354  0.005957790056  0.003966189718  0.001610611647  0.001475182577  0.002971342263  0.004963253522  0.001978701325  
piranga_leucoptera_fmnh481795 0.004346551263  0.008960185510  0.003963259132  0.005957790056  0.004959413503  0.005278810187  0.002296834372  0.005957790056  0.002969317073  0.002969317073  0.001322957368  0.003481716049  0.004959413503  0.005213298045  0.004959413503  0.007249655462  0.003296180597  0.003961671812  0.003092322654  0.005957790056  0.000000000000  0.006951105323  0.005972163606  0.005954383133  0.001977577521  0.000000000000  0.001475182577  0.004959413503  0.004959413503  0.005957790056  
piranga_lutea_ku89864 0.005436611418  0.003963259132  0.002968633502  0.008960185510  0.007956006675  0.007402684862  0.002296834372  0.006954075897  0.003961671812  0.003961671812  0.003977026663  0.003481716049  0.001977793700  0.001298508797  0.005954383133  0.002888762817  0.001645055783  0.004955772231  0.004641579118  0.004956918408  0.006951105323  0.000000000000  0.008982187782  0.006951105323  0.004956918408  0.001610611647  0.001475182577  0.003961671812  0.005954383133  0.004956918408  
piranga_rubriceps_lsu34818 0.006556779001  0.011008280134  0.005975590957  0.001983461199  0.008993232203  0.007407585019  0.004621480340  0.007985089354  0.004974215152  0.004974215152  0.003980662203  0.004648333306  0.006979212326  0.007842311945  0.006979212326  0.010180391179  0.003296180597  0.005972163606  0.006206160288  0.007985089354  0.005972163606  0.008982187782  0.000000000000  0.007979815001  0.003975074886  0.000000000000  0.001475182577  0.006979212326  0.006979212326  0.007985089354  
piranga_roseogularis_ku2141 0.004346551263  0.006954075897  0.003963259132  0.007961249520  0.006958398727  0.005278810187  0.003446956984  0.005957790056  0.002969317073  0.002969317073  0.001322957368  0.004644307492  0.004959413503  0.005213298045  0.002969317073  0.004339448792  0.006608657300  0.003961671812  0.003092322654  0.005957790056  0.005954383133  0.006951105323  0.007979815001  0.000000000000  0.003963259132  0.001610611647  0.002955243631  0.004959413503  0.002969317073  0.005957790056  
piranga_erythrocephala_fmnh343371 0.002169753232  0.006958398727  0.001978701325  0.003966189718  0.004963253522  0.004221528060  0.001146943763  0.003966189718  0.000988257138  0.000988257138  0.001322957368  0.002318131879  0.002971342263  0.005213298045  0.002971342263  0.005794852308  0.001645055783  0.001977577521  0.003092322654  0.003966189718  0.001977577521  0.004956918408  0.003975074886  0.003963259132  0.000000000000  0.000000000000  0.001475182577  0.002971342263  0.002971342263  0.003966189718  
piranga_erythrocephala_fmnh343370 0.000000000000  0.003227040390  0.000000000000  0.000000000000  0.000000000000  0.000000000000  0.000000000000  0.000000000000  0.000000000000  0.000000000000  0.000000000000  0.001610611647  0.001610611647  0.001610611647  0.000000000000  0.001938427780  0.002320821871  0.000000000000  0.001838633975  0.001610611647  0.000000000000  0.001610611647  0.000000000000  0.001610611647  0.000000000000  0.000000000000  0.000000000000  0.000000000000  0.000000000000  0.001610611647  
piranga_ludoviciana_sdsu2650 0.001475182577  0.002955243631  0.000000000000  0.002955243631  0.001475182577  0.001475182577  0.001475182577  0.001475182577  0.001475182577  0.001475182577  0.001541111859  0.002955243631  0.001475182577  0.001475182577  0.001475182577  0.001965092147  0.004050532479  0.001475182577  0.001862606571  0.001475182577  0.001475182577  0.001475182577  0.001475182577  0.002955243631  0.001475182577  0.000000000000  0.000000000000  0.000000000000  0.001475182577  0.001475182577  
piranga_bidentata_tepe59 0.002169753232  0.005957790056  0.000988257138  0.006964069830  0.005962543571  0.005283161378  0.001146943763  0.004963253522  0.001978701325  0.001978701325  0.001322957368  0.002318131879  0.001978701325  0.002599637445  0.003966189718  0.005794852308  0.003296180597  0.002969317073  0.001543490553  0.002971342263  0.004959413503  0.003961671812  0.006979212326  0.004959413503  0.002971342263  0.000000000000  0.000000000000  0.000000000000  0.003966189718  0.000988257138  
piranga_rubra_sdsu2635 0.001083561728  0.005957790056  0.002971342263  0.006964069830  0.005962543571  0.004221528060  0.001146943763  0.004963253522  0.001978701325  0.001978701325  0.001322957368  0.003481716049  0.003966189718  0.003904559798  0.000000000000  0.005794852308  0.003296180597  0.002969317073  0.003092322654  0.004963253522  0.004959413503  0.005954383133  0.006979212326  0.002969317073  0.002971342263  0.000000000000  0.001475182577  0.003966189718  0.000000000000  0.004963253522  
piranga_bidentata_itm141 0.003258587307  0.006958398727  0.001978701325  0.007967842329  0.006964069830  0.006347318984  0.002296834372  0.005962543571  0.002971342263  0.002971342263  0.002649836994  0.003481716049  0.002971342263  0.003904559798  0.004963253522  0.007255004147  0.003296180597  0.003963259132  0.003092322654  0.001978701325  0.005957790056  0.004956918408  0.007985089354  0.005957790056  0.003966189718  0.001610611647  0.001475182577  0.000988257138  0.004963253522  0.000000000000  

