30
piranga_rubra_ku26592 0.000000000000  0.007552133111  0.004704253992  0.002818509842  0.005651383684  0.011370705167  0.005173405298  0.008513439375  0.002816435615  0.003207212627  0.004789353117  0.012250967030  0.003759274550  0.003212364020  0.001876884395  0.005107348499  0.004607306537  0.003762270284  0.005911107279  0.002818509842  0.004704253992  0.003757619213  0.004708175424  0.008736982152  0.004706100110  0.001357223884  0.002904465973  0.004708175424  0.001876884395  0.002818509842  
piranga_flava_ku90809 0.007552133111  0.000000000000  0.006596233782  0.008505772666  0.011370705167  0.017159701736  0.007784421894  0.014273952881  0.008499455529  0.006430549812  0.008408487697  0.018514374771  0.005656235032  0.004827891004  0.007552133111  0.002035425401  0.003450690051  0.005651383684  0.010700326776  0.006600673432  0.010411419595  0.005651383684  0.010419631514  0.012668732921  0.010414415696  0.009594836443  0.008774915251  0.006600673432  0.007552133111  0.006600673432  
piranga_ludoviciana_sdsu2385 0.004704253992  0.006596233782  0.000000000000  0.005651383684  0.008499455529  0.014251208782  0.003870093823  0.011379871039  0.005647876365  0.000000000000  0.001192181869  0.014301079056  0.004701674768  0.004827891004  0.004704253992  0.004077328282  0.003447580568  0.002816435615  0.005907031127  0.001875727512  0.007546756865  0.004700441377  0.007552133111  0.009711432325  0.007549850390  0.005455652126  0.001449699617  0.003759274550  0.004704253992  0.001875727512  
piranga_rubriceps_lsu265 0.002818509842  0.008505772666  0.005651383684  0.000000000000  0.004699832110  0.012320518241  0.007784421894  0.009461255503  0.003759274550  0.003207212627  0.004789353117  0.012250967030  0.004704253992  0.003212364020  0.002818509842  0.006136381684  0.005767145904  0.004708175424  0.005911107279  0.003762270284  0.003755744811  0.004701674768  0.001873368293  0.009719096141  0.003754092587  0.001355384322  0.002904465973  0.005656235032  0.002818509842  0.003762270284  
piranga_leucoptera_lsu7783 0.005651383684  0.011370705167  0.008499455529  0.004699832110  0.000000000000  0.015203987286  0.010411920504  0.012330623244  0.006596233782  0.004820133890  0.008417882570  0.016416082605  0.007546756865  0.008077878296  0.005651383684  0.009229804395  0.008096565475  0.007552133111  0.009497845966  0.006600673432  0.002813059738  0.007542731942  0.006594455046  0.011690303450  0.006593143612  0.005455652126  0.007299522756  0.008505772666  0.005651383684  0.006600673432  
cardinalis_cardinalis_ku25393 0.011370705167  0.017159701736  0.014251208782  0.012320518241  0.015203987286  0.000000000000  0.013056110535  0.004697257741  0.012323443150  0.009682475662  0.012064307357  0.018514374771  0.013286209939  0.011336346101  0.011370705167  0.015483950105  0.011602361563  0.013295934344  0.014314207574  0.012332206663  0.014237680667  0.013277851789  0.014248350056  0.015647195000  0.014241887205  0.008200304449  0.010241608824  0.014261898542  0.011370705167  0.012332206663  
piranga_olivacea_ku2699 0.005173405298  0.007784421894  0.003870093823  0.007784421894  0.010411920504  0.013056110535  0.000000000000  0.014384531368  0.007775230766  0.000000000000  0.003227917969  0.016416082605  0.005173405298  0.003995256083  0.006476866278  0.005173405298  0.003874013389  0.002578665224  0.007153314887  0.003874013389  0.009096097952  0.005167739525  0.009096097952  0.010411920504  0.010402460453  0.006307328301  0.003227917969  0.006476866278  0.006476866278  0.003874013389  
cardinalis_cardinalis_ku21828 0.008513439375  0.014273952881  0.011379871039  0.009461255503  0.012330623244  0.004697257741  0.014384531368  0.000000000000  0.009461602107  0.008064848514  0.012078321768  0.020623298188  0.010419631514  0.011353441229  0.008513439375  0.012364583890  0.011615321671  0.010429196765  0.014328753966  0.009470215903  0.011369088820  0.010411419595  0.011379589968  0.015660946518  0.009454339756  0.005455652126  0.010255555995  0.011390392141  0.008513439375  0.009470215903  
piranga_rubra_ku7046 0.002816435615  0.008499455529  0.005647876365  0.003759274550  0.006596233782  0.012323443150  0.007775230766  0.009461602107  0.000000000000  0.003207212627  0.005995351750  0.014328315042  0.004701674768  0.003212364020  0.002816435615  0.006130671413  0.005761261200  0.004704253992  0.007103256031  0.003759274550  0.005647876365  0.004700441377  0.005651383684  0.009711432325  0.005651034099  0.002718887721  0.004364334606  0.005651383684  0.002816435615  0.003759274550  
piranga_bidentata_hgoslp104 0.003207212627  0.006430549812  0.000000000000  0.003207212627  0.004820133890  0.009682475662  0.000000000000  0.008064848514  0.003207212627  0.000000000000  0.000000000000  0.005995351750  0.003203833238  0.003995256083  0.004820133890  0.003699634256  0.004438592730  0.003207212627  0.001900868450  0.000000000000  0.006430549812  0.003203833238  0.004820133890  0.006482659515  0.003207212627  0.004187661608  0.000000000000  0.000000000000  0.004820133890  0.000000000000  
piranga_ludoviciana_sdsu2648 0.004789353117  0.008408487697  0.001192181869  0.004789353117  0.008417882570  0.012064307357  0.003227917969  0.012078321768  0.005995351750  0.000000000000  0.000000000000  0.012408056226  0.004784497640  0.004827891004  0.005995351750  0.005133567749  0.004345369786  0.003586838613  0.002610105520  0.002387788164  0.008408487697  0.004784497640  0.005995351750  0.009623530077  0.005995351750  0.006993231712  0.002904465973  0.003586838613  0.005995351750  0.002387788164  
piranga_roseogularis_ku2049 0.012250967030  0.018514374771  0.014301079056  0.012250967030  0.016416082605  0.018514374771  0.016416082605  0.020623298188  0.014328315042  0.005995351750  0.012408056226  0.000000000000  0.016416082605  0.017608641143  0.014328315042  0.016416082605  0.014328315042  0.012250967030  0.018706820766  0.014328315042  0.014328315042  0.014328315042  0.014328315042  0.006080413077  0.018486035866  0.014328315042  0.012408056226  0.018514374771  0.014328315042  0.014328315042  
piranga_hepatica_ku4970 0.003759274550  0.005656235032  0.004701674768  0.004704253992  0.007546756865  0.013286209939  0.005173405298  0.010419631514  0.004701674768  0.003203833238  0.004784497640  0.016416082605  0.000000000000  0.001603083056  0.003759274550  0.004080853032  0.003450690051  0.003759274550  0.005911107279  0.002816435615  0.006596233782  0.001875727512  0.006600673432  0.010694866476  0.006599359485  0.004085020658  0.001449699617  0.004704253992  0.003759274550  0.002816435615  
piranga_hepatica_ku9084 0.003212364020  0.004827891004  0.004827891004  0.003212364020  0.008077878296  0.011336346101  0.003995256083  0.011353441229  0.003212364020  0.003995256083  0.004827891004  0.017608641143  0.001603083056  0.000000000000  0.004827891004  0.003212364020  0.001742773801  0.004827891004  0.004821802371  0.003212364020  0.006449712681  0.001603083056  0.003212364020  0.009698126623  0.004827891004  0.005013460546  0.003511271960  0.004827891004  0.004827891004  0.003212364020  
piranga_rubra_sdsu2654 0.001876884395  0.007552133111  0.004704253992  0.002818509842  0.005651383684  0.011370705167  0.006476866278  0.008513439375  0.002816435615  0.004820133890  0.005995351750  0.014328315042  0.003759274550  0.004827891004  0.000000000000  0.005107348499  0.004607306537  0.003762270284  0.007103256031  0.002818509842  0.004704253992  0.003757619213  0.004708175424  0.008736982152  0.004706100110  0.002718887721  0.004364334606  0.004708175424  0.000000000000  0.002818509842  
piranga_flava_lsu15408 0.005107348499  0.002035425401  0.004077328282  0.006136381684  0.009229804395  0.015483950105  0.005173405298  0.012364583890  0.006130671413  0.003699634256  0.005133567749  0.016416082605  0.004080853032  0.003212364020  0.005107348499  0.000000000000  0.001147054422  0.003056882797  0.008298829017  0.004080853032  0.007167965165  0.004077328282  0.007167965165  0.010516368944  0.008196251748  0.006830811850  0.005829341435  0.004080853032  0.005107348499  0.004080853032  
piranga_lutea_lsu5400 0.004607306537  0.003450690051  0.003447580568  0.005767145904  0.008096565475  0.011602361563  0.003874013389  0.011615321671  0.005761261200  0.004438592730  0.004345369786  0.014328315042  0.003450690051  0.001742773801  0.004607306537  0.001147054422  0.000000000000  0.002297278584  0.007785319811  0.003450690051  0.006930226162  0.003447580568  0.006930226162  0.009276927815  0.008090543582  0.005664244731  0.004364334606  0.005767145904  0.004607306537  0.003450690051  
piranga_olivacea_ku4672 0.003762270284  0.005651383684  0.002816435615  0.004708175424  0.007552133111  0.013295934344  0.002578665224  0.010429196765  0.004704253992  0.003207212627  0.003586838613  0.012250967030  0.003759274550  0.004827891004  0.003762270284  0.003056882797  0.002297278584  0.000000000000  0.007103256031  0.002818509842  0.006600673432  0.003757619213  0.006606458946  0.008736982152  0.006602455505  0.005455652126  0.004364334606  0.004708175424  0.003762270284  0.002818509842  
piranga_ludoviciana_sdsu2208 0.005911107279  0.010700326776  0.005907031127  0.005911107279  0.009497845966  0.014314207574  0.007153314887  0.014328753966  0.007103256031  0.001900868450  0.002610105520  0.018706820766  0.005911107279  0.004821802371  0.007103256031  0.008298829017  0.007785319811  0.007103256031  0.000000000000  0.003537004414  0.008298829017  0.004722363204  0.007103256031  0.014314207574  0.009494214400  0.008200304449  0.002901694714  0.005911107279  0.007103256031  0.003537004414  
piranga_bidentata_itm160 0.002818509842  0.006600673432  0.001875727512  0.003762270284  0.006600673432  0.012332206663  0.003874013389  0.009470215903  0.003759274550  0.000000000000  0.002387788164  0.014328315042  0.002816435615  0.003212364020  0.002818509842  0.004080853032  0.003450690051  0.002818509842  0.003537004414  0.000000000000  0.005651383684  0.002815699987  0.005656235032  0.009719096141  0.005653197852  0.004085020658  0.000000000000  0.001876884395  0.002818509842  0.000000000000  
piranga_leucoptera_fmnh481795 0.004704253992  0.010411419595  0.007546756865  0.003755744811  0.002813059738  0.014237680667  0.009096097952  0.011369088820  0.005647876365  0.006430549812  0.008408487697  0.014328315042  0.006596233782  0.006449712681  0.004704253992  0.007167965165  0.006930226162  0.006600673432  0.008298829017  0.005651383684  0.000000000000  0.006593143612  0.005646065595  0.011680629655  0.005645716696  0.004085020658  0.005829341435  0.007552133111  0.004704253992  0.005651383684  
piranga_lutea_ku89864 0.003757619213  0.005651383684  0.004700441377  0.004701674768  0.007542731942  0.013277851789  0.005167739525  0.010411419595  0.004700441377  0.003203833238  0.004784497640  0.014328315042  0.001875727512  0.001603083056  0.003757619213  0.004077328282  0.003447580568  0.003757619213  0.004722363204  0.002815699987  0.006593143612  0.000000000000  0.006596233782  0.010687631817  0.006597619153  0.002718887721  0.001449699617  0.004701674768  0.003757619213  0.002815699987  
piranga_rubriceps_lsu34818 0.004708175424  0.010419631514  0.007552133111  0.001873368293  0.006594455046  0.014248350056  0.009096097952  0.011379589968  0.005651383684  0.004820133890  0.005995351750  0.014328315042  0.006600673432  0.003212364020  0.004708175424  0.007167965165  0.006930226162  0.006606458946  0.007103256031  0.005656235032  0.005646065595  0.006596233782  0.000000000000  0.010703532903  0.005642564886  0.002715196551  0.004364334606  0.007558857069  0.004708175424  0.005656235032  
piranga_roseogularis_ku2141 0.008736982152  0.012668732921  0.009711432325  0.009719096141  0.011690303450  0.015647195000  0.010411920504  0.015660946518  0.009711432325  0.006482659515  0.009623530077  0.006080413077  0.010694866476  0.009698126623  0.008736982152  0.010516368944  0.009276927815  0.008736982152  0.014314207574  0.009719096141  0.011680629655  0.010687631817  0.010703532903  0.000000000000  0.011683755085  0.009594836443  0.010255555995  0.011690303450  0.008736982152  0.009719096141  
piranga_erythrocephala_fmnh343371 0.004706100110  0.010414415696  0.007549850390  0.003754092587  0.006593143612  0.014241887205  0.010402460453  0.009454339756  0.005651034099  0.003207212627  0.005995351750  0.018486035866  0.006599359485  0.004827891004  0.004706100110  0.008196251748  0.008090543582  0.006602455505  0.009494214400  0.005653197852  0.005645716696  0.006597619153  0.005642564886  0.011683755085  0.000000000000  0.000000000000  0.004364334606  0.007553882943  0.004706100110  0.005653197852  
piranga_erythrocephala_fmnh343370 0.001357223884  0.009594836443  0.005455652126  0.001355384322  0.005455652126  0.008200304449  0.006307328301  0.005455652126  0.002718887721  0.004187661608  0.006993231712  0.014328315042  0.004085020658  0.005013460546  0.002718887721  0.006830811850  0.005664244731  0.005455652126  0.008200304449  0.004085020658  0.004085020658  0.002718887721  0.002715196551  0.009594836443  0.000000000000  0.000000000000  0.004364334606  0.005455652126  0.002718887721  0.004085020658  
piranga_ludoviciana_sdsu2650 0.002904465973  0.008774915251  0.001449699617  0.002904465973  0.007299522756  0.010241608824  0.003227917969  0.010255555995  0.004364334606  0.000000000000  0.002904465973  0.012408056226  0.001449699617  0.003511271960  0.004364334606  0.005829341435  0.004364334606  0.004364334606  0.002901694714  0.000000000000  0.005829341435  0.001449699617  0.004364334606  0.010255555995  0.004364334606  0.004364334606  0.000000000000  0.001449699617  0.004364334606  0.000000000000  
piranga_bidentata_tepe59 0.004708175424  0.006600673432  0.003759274550  0.005656235032  0.008505772666  0.014261898542  0.006476866278  0.011390392141  0.005651383684  0.000000000000  0.003586838613  0.018514374771  0.004704253992  0.004827891004  0.004708175424  0.004080853032  0.005767145904  0.004708175424  0.005911107279  0.001876884395  0.007552133111  0.004701674768  0.007558857069  0.011690303450  0.007553882943  0.005455652126  0.001449699617  0.000000000000  0.004708175424  0.001876884395  
piranga_rubra_sdsu2635 0.001876884395  0.007552133111  0.004704253992  0.002818509842  0.005651383684  0.011370705167  0.006476866278  0.008513439375  0.002816435615  0.004820133890  0.005995351750  0.014328315042  0.003759274550  0.004827891004  0.000000000000  0.005107348499  0.004607306537  0.003762270284  0.007103256031  0.002818509842  0.004704253992  0.003757619213  0.004708175424  0.008736982152  0.004706100110  0.002718887721  0.004364334606  0.004708175424  0.000000000000  0.002818509842  
piranga_bidentata_itm141 0.002818509842  0.006600673432  0.001875727512  0.003762270284  0.006600673432  0.012332206663  0.003874013389  0.009470215903  0.003759274550  0.000000000000  0.002387788164  0.014328315042  0.002816435615  0.003212364020  0.002818509842  0.004080853032  0.003450690051  0.002818509842  0.003537004414  0.000000000000  0.005651383684  0.002815699987  0.005656235032  0.009719096141  0.005653197852  0.004085020658  0.000000000000  0.001876884395  0.002818509842  0.000000000000  

