30
cardinalis_cardinalis_ku21828 0.000000000000  0.000000000000  0.002002728090  0.002002728090  0.002002728090  0.002002728090  0.002002728090  0.002002728090  0.002002728090  0.002002728090  0.004010932430  0.003006092780  0.004010932430  0.003006092780  0.003006092780  0.003006092780  0.003006092780  0.003006092780  0.002504250067  0.002002728090  0.002002728090  0.002002728090  0.004010932430  0.003006293499  0.004011186246  0.002002728090  0.002002728090  0.002002728090  0.002002728090  0.002002728090  
cardinalis_cardinalis_ku25393 0.000000000000  0.000000000000  0.002002728090  0.002002728090  0.002002728090  0.002002728090  0.002002728090  0.002002728090  0.002002728090  0.002002728090  0.004010932430  0.003006092780  0.004010932430  0.003006092780  0.003006092780  0.003006092780  0.003006092780  0.003006092780  0.002504250067  0.002002728090  0.002002728090  0.002002728090  0.004010932430  0.003006293499  0.004011186246  0.002002728090  0.002002728090  0.002002728090  0.002002728090  0.002002728090  
piranga_erythrocephala_fmnh343370 0.002002728090  0.002002728090  0.000000000000  0.000000000000  0.000000000000  0.000000000000  0.000000000000  0.000000000000  0.000000000000  0.000000000000  0.002002728090  0.001000697140  0.002002728090  0.001000697140  0.001000697140  0.001000697140  0.001000697140  0.001000697140  0.000500255457  0.000000000000  0.000000000000  0.000000000000  0.002002728090  0.001000763685  0.002003247216  0.000000000000  0.000000000000  0.000000000000  0.000000000000  0.000000000000  
piranga_olivacea_ku2699 0.002002728090  0.002002728090  0.000000000000  0.000000000000  0.000000000000  0.000000000000  0.000000000000  0.000000000000  0.000000000000  0.000000000000  0.002002728090  0.001000697140  0.002002728090  0.001000697140  0.001000697140  0.001000697140  0.001000697140  0.001000697140  0.000500255457  0.000000000000  0.000000000000  0.000000000000  0.002002728090  0.001000763685  0.002003247216  0.000000000000  0.000000000000  0.000000000000  0.000000000000  0.000000000000  
piranga_rubriceps_lsu265 0.002002728090  0.002002728090  0.000000000000  0.000000000000  0.000000000000  0.000000000000  0.000000000000  0.000000000000  0.000000000000  0.000000000000  0.002002728090  0.001000697140  0.002002728090  0.001000697140  0.001000697140  0.001000697140  0.001000697140  0.001000697140  0.000500255457  0.000000000000  0.000000000000  0.000000000000  0.002002728090  0.001000763685  0.002003247216  0.000000000000  0.000000000000  0.000000000000  0.000000000000  0.000000000000  
piranga_ludoviciana_sdsu2385 0.002002728090  0.002002728090  0.000000000000  0.000000000000  0.000000000000  0.000000000000  0.000000000000  0.000000000000  0.000000000000  0.000000000000  0.002002728090  0.001000697140  0.002002728090  0.001000697140  0.001000697140  0.001000697140  0.001000697140  0.001000697140  0.000500255457  0.000000000000  0.000000000000  0.000000000000  0.002002728090  0.001000763685  0.002003247216  0.000000000000  0.000000000000  0.000000000000  0.000000000000  0.000000000000  
piranga_rubra_ku7046 0.002002728090  0.002002728090  0.000000000000  0.000000000000  0.000000000000  0.000000000000  0.000000000000  0.000000000000  0.000000000000  0.000000000000  0.002002728090  0.001000697140  0.002002728090  0.001000697140  0.001000697140  0.001000697140  0.001000697140  0.001000697140  0.000500255457  0.000000000000  0.000000000000  0.000000000000  0.002002728090  0.001000763685  0.002003247216  0.000000000000  0.000000000000  0.000000000000  0.000000000000  0.000000000000  
piranga_rubra_sdsu2654 0.002002728090  0.002002728090  0.000000000000  0.000000000000  0.000000000000  0.000000000000  0.000000000000  0.000000000000  0.000000000000  0.000000000000  0.002002728090  0.001000697140  0.002002728090  0.001000697140  0.001000697140  0.001000697140  0.001000697140  0.001000697140  0.000500255457  0.000000000000  0.000000000000  0.000000000000  0.002002728090  0.001000763685  0.002003247216  0.000000000000  0.000000000000  0.000000000000  0.000000000000  0.000000000000  
piranga_bidentata_tepe59 0.002002728090  0.002002728090  0.000000000000  0.000000000000  0.000000000000  0.000000000000  0.000000000000  0.000000000000  0.000000000000  0.000000000000  0.002002728090  0.001000697140  0.002002728090  0.001000697140  0.001000697140  0.001000697140  0.001000697140  0.001000697140  0.000500255457  0.000000000000  0.000000000000  0.000000000000  0.002002728090  0.001000763685  0.002003247216  0.000000000000  0.000000000000  0.000000000000  0.000000000000  0.000000000000  
piranga_erythrocephala_fmnh343371 0.002002728090  0.002002728090  0.000000000000  0.000000000000  0.000000000000  0.000000000000  0.000000000000  0.000000000000  0.000000000000  0.000000000000  0.002002728090  0.001000697140  0.002002728090  0.001000697140  0.001000697140  0.001000697140  0.001000697140  0.001000697140  0.000500255457  0.000000000000  0.000000000000  0.000000000000  0.002002728090  0.001000763685  0.002003247216  0.000000000000  0.000000000000  0.000000000000  0.000000000000  0.000000000000  
piranga_lutea_ku89864 0.004010932430  0.004010932430  0.002002728090  0.002002728090  0.002002728090  0.002002728090  0.002002728090  0.002002728090  0.002002728090  0.002002728090  0.000000000000  0.001000763685  0.002003058209  0.001000763685  0.001000763685  0.001000763685  0.001000763685  0.001000763685  0.002504250067  0.002002728090  0.002002728090  0.002002728090  0.004010932430  0.003006293499  0.004011186246  0.002002728090  0.002002728090  0.002002728090  0.002002728090  0.002002728090  
piranga_roseogularis_ku2049 0.003006092780  0.003006092780  0.001000697140  0.001000697140  0.001000697140  0.001000697140  0.001000697140  0.001000697140  0.001000697140  0.001000697140  0.001000763685  0.000000000000  0.001000763685  0.000000000000  0.000000000000  0.000000000000  0.000000000000  0.000000000000  0.001501715592  0.001000697140  0.001000697140  0.001000697140  0.003006092780  0.002002728090  0.003006873519  0.001000697140  0.001000697140  0.001000697140  0.001000697140  0.001000697140  
piranga_lutea_lsu5400 0.004010932430  0.004010932430  0.002002728090  0.002002728090  0.002002728090  0.002002728090  0.002002728090  0.002002728090  0.002002728090  0.002002728090  0.002003058209  0.001000763685  0.000000000000  0.001000763685  0.001000763685  0.001000763685  0.001000763685  0.001000763685  0.002504250067  0.002002728090  0.002002728090  0.002002728090  0.004010932430  0.003006293499  0.004011186246  0.002002728090  0.002002728090  0.002002728090  0.002002728090  0.002002728090  
piranga_roseogularis_ku2141 0.003006092780  0.003006092780  0.001000697140  0.001000697140  0.001000697140  0.001000697140  0.001000697140  0.001000697140  0.001000697140  0.001000697140  0.001000763685  0.000000000000  0.001000763685  0.000000000000  0.000000000000  0.000000000000  0.000000000000  0.000000000000  0.001501715592  0.001000697140  0.001000697140  0.001000697140  0.003006092780  0.002002728090  0.003006873519  0.001000697140  0.001000697140  0.001000697140  0.001000697140  0.001000697140  
piranga_hepatica_ku9084 0.003006092780  0.003006092780  0.001000697140  0.001000697140  0.001000697140  0.001000697140  0.001000697140  0.001000697140  0.001000697140  0.001000697140  0.001000763685  0.000000000000  0.001000763685  0.000000000000  0.000000000000  0.000000000000  0.000000000000  0.000000000000  0.001501715592  0.001000697140  0.001000697140  0.001000697140  0.003006092780  0.002002728090  0.003006873519  0.001000697140  0.001000697140  0.001000697140  0.001000697140  0.001000697140  
piranga_flava_lsu15408 0.003006092780  0.003006092780  0.001000697140  0.001000697140  0.001000697140  0.001000697140  0.001000697140  0.001000697140  0.001000697140  0.001000697140  0.001000763685  0.000000000000  0.001000763685  0.000000000000  0.000000000000  0.000000000000  0.000000000000  0.000000000000  0.001501715592  0.001000697140  0.001000697140  0.001000697140  0.003006092780  0.002002728090  0.003006873519  0.001000697140  0.001000697140  0.001000697140  0.001000697140  0.001000697140  
piranga_flava_ku90809 0.003006092780  0.003006092780  0.001000697140  0.001000697140  0.001000697140  0.001000697140  0.001000697140  0.001000697140  0.001000697140  0.001000697140  0.001000763685  0.000000000000  0.001000763685  0.000000000000  0.000000000000  0.000000000000  0.000000000000  0.000000000000  0.001501715592  0.001000697140  0.001000697140  0.001000697140  0.003006092780  0.002002728090  0.003006873519  0.001000697140  0.001000697140  0.001000697140  0.001000697140  0.001000697140  
piranga_hepatica_ku4970 0.003006092780  0.003006092780  0.001000697140  0.001000697140  0.001000697140  0.001000697140  0.001000697140  0.001000697140  0.001000697140  0.001000697140  0.001000763685  0.000000000000  0.001000763685  0.000000000000  0.000000000000  0.000000000000  0.000000000000  0.000000000000  0.001501715592  0.001000697140  0.001000697140  0.001000697140  0.003006092780  0.002002728090  0.003006873519  0.001000697140  0.001000697140  0.001000697140  0.001000697140  0.001000697140  
piranga_olivacea_ku4672 0.002504250067  0.002504250067  0.000500255457  0.000500255457  0.000500255457  0.000500255457  0.000500255457  0.000500255457  0.000500255457  0.000500255457  0.002504250067  0.001501715592  0.002504250067  0.001501715592  0.001501715592  0.001501715592  0.001501715592  0.001501715592  0.000000000000  0.000500255457  0.000500255457  0.000500255457  0.002504250067  0.001501521134  0.002505293066  0.000500255457  0.000500255457  0.000500255457  0.000500255457  0.000500255457  
piranga_ludoviciana_sdsu2648 0.002002728090  0.002002728090  0.000000000000  0.000000000000  0.000000000000  0.000000000000  0.000000000000  0.000000000000  0.000000000000  0.000000000000  0.002002728090  0.001000697140  0.002002728090  0.001000697140  0.001000697140  0.001000697140  0.001000697140  0.001000697140  0.000500255457  0.000000000000  0.000000000000  0.000000000000  0.002002728090  0.001000763685  0.002003247216  0.000000000000  0.000000000000  0.000000000000  0.000000000000  0.000000000000  
piranga_bidentata_itm141 0.002002728090  0.002002728090  0.000000000000  0.000000000000  0.000000000000  0.000000000000  0.000000000000  0.000000000000  0.000000000000  0.000000000000  0.002002728090  0.001000697140  0.002002728090  0.001000697140  0.001000697140  0.001000697140  0.001000697140  0.001000697140  0.000500255457  0.000000000000  0.000000000000  0.000000000000  0.002002728090  0.001000763685  0.002003247216  0.000000000000  0.000000000000  0.000000000000  0.000000000000  0.000000000000  
piranga_rubriceps_lsu34818 0.002002728090  0.002002728090  0.000000000000  0.000000000000  0.000000000000  0.000000000000  0.000000000000  0.000000000000  0.000000000000  0.000000000000  0.002002728090  0.001000697140  0.002002728090  0.001000697140  0.001000697140  0.001000697140  0.001000697140  0.001000697140  0.000500255457  0.000000000000  0.000000000000  0.000000000000  0.002002728090  0.001000763685  0.002003247216  0.000000000000  0.000000000000  0.000000000000  0.000000000000  0.000000000000  
piranga_leucoptera_fmnh481795 0.004010932430  0.004010932430  0.002002728090  0.002002728090  0.002002728090  0.002002728090  0.002002728090  0.002002728090  0.002002728090  0.002002728090  0.004010932430  0.003006092780  0.004010932430  0.003006092780  0.003006092780  0.003006092780  0.003006092780  0.003006092780  0.002504250067  0.002002728090  0.002002728090  0.002002728090  0.000000000000  0.002002728090  0.004011186246  0.002002728090  0.002002728090  0.002002728090  0.002002728090  0.002002728090  
piranga_leucoptera_lsu7783 0.003006293499  0.003006293499  0.001000763685  0.001000763685  0.001000763685  0.001000763685  0.001000763685  0.001000763685  0.001000763685  0.001000763685  0.003006293499  0.002002728090  0.003006293499  0.002002728090  0.002002728090  0.002002728090  0.002002728090  0.002002728090  0.001501521134  0.001000763685  0.001000763685  0.001000763685  0.002002728090  0.000000000000  0.003006286250  0.001000763685  0.001000763685  0.001000763685  0.001000763685  0.001000763685  
piranga_ludoviciana_sdsu2208 0.004011186246  0.004011186246  0.002003247216  0.002003247216  0.002003247216  0.002003247216  0.002003247216  0.002003247216  0.002003247216  0.002003247216  0.004011186246  0.003006873519  0.004011186246  0.003006873519  0.003006873519  0.003006873519  0.003006873519  0.003006873519  0.002505293066  0.002003247216  0.002003247216  0.002003247216  0.004011186246  0.003006286250  0.000000000000  0.002003247216  0.002003247216  0.002003247216  0.002003247216  0.002003247216  
piranga_ludoviciana_sdsu2650 0.002002728090  0.002002728090  0.000000000000  0.000000000000  0.000000000000  0.000000000000  0.000000000000  0.000000000000  0.000000000000  0.000000000000  0.002002728090  0.001000697140  0.002002728090  0.001000697140  0.001000697140  0.001000697140  0.001000697140  0.001000697140  0.000500255457  0.000000000000  0.000000000000  0.000000000000  0.002002728090  0.001000763685  0.002003247216  0.000000000000  0.000000000000  0.000000000000  0.000000000000  0.000000000000  
piranga_rubra_sdsu2635 0.002002728090  0.002002728090  0.000000000000  0.000000000000  0.000000000000  0.000000000000  0.000000000000  0.000000000000  0.000000000000  0.000000000000  0.002002728090  0.001000697140  0.002002728090  0.001000697140  0.001000697140  0.001000697140  0.001000697140  0.001000697140  0.000500255457  0.000000000000  0.000000000000  0.000000000000  0.002002728090  0.001000763685  0.002003247216  0.000000000000  0.000000000000  0.000000000000  0.000000000000  0.000000000000  
piranga_bidentata_hgoslp104 0.002002728090  0.002002728090  0.000000000000  0.000000000000  0.000000000000  0.000000000000  0.000000000000  0.000000000000  0.000000000000  0.000000000000  0.002002728090  0.001000697140  0.002002728090  0.001000697140  0.001000697140  0.001000697140  0.001000697140  0.001000697140  0.000500255457  0.000000000000  0.000000000000  0.000000000000  0.002002728090  0.001000763685  0.002003247216  0.000000000000  0.000000000000  0.000000000000  0.000000000000  0.000000000000  
piranga_bidentata_itm160 0.002002728090  0.002002728090  0.000000000000  0.000000000000  0.000000000000  0.000000000000  0.000000000000  0.000000000000  0.000000000000  0.000000000000  0.002002728090  0.001000697140  0.002002728090  0.001000697140  0.001000697140  0.001000697140  0.001000697140  0.001000697140  0.000500255457  0.000000000000  0.000000000000  0.000000000000  0.002002728090  0.001000763685  0.002003247216  0.000000000000  0.000000000000  0.000000000000  0.000000000000  0.000000000000  
piranga_rubra_ku26592 0.002002728090  0.002002728090  0.000000000000  0.000000000000  0.000000000000  0.000000000000  0.000000000000  0.000000000000  0.000000000000  0.000000000000  0.002002728090  0.001000697140  0.002002728090  0.001000697140  0.001000697140  0.001000697140  0.001000697140  0.001000697140  0.000500255457  0.000000000000  0.000000000000  0.000000000000  0.002002728090  0.001000763685  0.002003247216  0.000000000000  0.000000000000  0.000000000000  0.000000000000  0.000000000000  

