30
cardinalis_cardinalis_ku21828 0.000000000000  0.000000000000  0.015688939866  0.015688939866  0.017232646101  0.017232646101  0.015184714818  0.015184714818  0.017754153277  0.017238200097  0.014158275969  0.015698754063  0.016207945602  0.015698754063  0.017238200097  0.016213341410  0.017238200097  0.017748314091  0.015688939866  0.015688939866  0.019830898422  0.019312441395  0.019312441395  0.020342225779  0.019312441395  0.019830898422  0.016722797931  0.016213341410  0.016213341410  0.016213341410  
cardinalis_cardinalis_ku25393 0.000000000000  0.000000000000  0.015688939866  0.015688939866  0.017232646101  0.017232646101  0.015184714818  0.015184714818  0.017754153277  0.017238200097  0.014158275969  0.015698754063  0.016207945602  0.015698754063  0.017238200097  0.016213341410  0.017238200097  0.017748314091  0.015688939866  0.015688939866  0.019830898422  0.019312441395  0.019312441395  0.020342225779  0.019312441395  0.019830898422  0.016722797931  0.016213341410  0.016213341410  0.016213341410  
piranga_erythrocephala_fmnh343371 0.015688939866  0.015688939866  0.000000000000  0.000000000000  0.007545774384  0.007545774384  0.006537910131  0.006537910131  0.008055780076  0.007548448725  0.004517042751  0.006031899406  0.006535383188  0.006031899406  0.007548448725  0.006537910131  0.007548448725  0.008052829995  0.006027796186  0.006027796186  0.010094918888  0.009585166868  0.009585166868  0.010600467610  0.009585166868  0.010094918888  0.007041650135  0.006537910131  0.006537910131  0.006537910131  
piranga_erythrocephala_fmnh343370 0.015688939866  0.015688939866  0.000000000000  0.000000000000  0.007545774384  0.007545774384  0.006537910131  0.006537910131  0.008055780076  0.007548448725  0.004517042751  0.006031899406  0.006535383188  0.006031899406  0.007548448725  0.006537910131  0.007548448725  0.008052829995  0.006027796186  0.006027796186  0.010094918888  0.009585166868  0.009585166868  0.010600467610  0.009585166868  0.010094918888  0.007041650135  0.006537910131  0.006537910131  0.006537910131  
piranga_leucoptera_fmnh481795 0.017232646101  0.017232646101  0.007545774384  0.007545774384  0.000000000000  0.002002800600  0.007044451961  0.007044451961  0.009580981923  0.009072045548  0.006031899406  0.007551526012  0.008055780076  0.007551526012  0.009072045548  0.008059133403  0.009072045548  0.009577201130  0.007545774384  0.007545774384  0.011627413464  0.011116041043  0.011116041043  0.012133745572  0.011116041043  0.011627413464  0.008563645308  0.008059133403  0.008059133403  0.008059133403  
piranga_leucoptera_lsu7783 0.017232646101  0.017232646101  0.007545774384  0.007545774384  0.002002800600  0.000000000000  0.007044451961  0.007044451961  0.009580981923  0.009072045548  0.006031899406  0.007551526012  0.008055780076  0.007551526012  0.009072045548  0.008059133403  0.009072045548  0.009577201130  0.007545774384  0.007545774384  0.011627413464  0.011116041043  0.011116041043  0.012133745572  0.011116041043  0.011627413464  0.008563645308  0.008059133403  0.008059133403  0.008059133403  
piranga_rubriceps_lsu265 0.015184714818  0.015184714818  0.006537910131  0.006537910131  0.007044451961  0.007044451961  0.000000000000  0.000000000000  0.008571308390  0.008062889611  0.005026081214  0.006544169596  0.007047656068  0.006544169596  0.008062889611  0.007051262089  0.008062889611  0.008567275258  0.006537910131  0.006537910131  0.010615907307  0.010105057447  0.010105057447  0.011121467593  0.010105057447  0.010615907307  0.007555005879  0.007051262089  0.007051262089  0.007051262089  
piranga_rubriceps_lsu34818 0.015184714818  0.015184714818  0.006537910131  0.006537910131  0.007044451961  0.007044451961  0.000000000000  0.000000000000  0.008571308390  0.008062889611  0.005026081214  0.006544169596  0.007047656068  0.006544169596  0.008062889611  0.007051262089  0.008062889611  0.008567275258  0.006537910131  0.006537910131  0.010615907307  0.010105057447  0.010105057447  0.011121467593  0.010105057447  0.010615907307  0.007555005879  0.007051262089  0.007051262089  0.007051262089  
piranga_olivacea_ku2699 0.017754153277  0.017754153277  0.008055780076  0.008055780076  0.009580981923  0.009580981923  0.008571308390  0.008571308390  0.000000000000  0.002506497678  0.003511063420  0.005023573657  0.005526418673  0.005023573657  0.006537910131  0.005528798963  0.006537910131  0.007041650135  0.005019761081  0.005019761081  0.009080263342  0.008571308390  0.008571308390  0.009585166868  0.008571308390  0.009080263342  0.006031899406  0.005528798963  0.005528798963  0.005528798963  
piranga_olivacea_ku4672 0.017238200097  0.017238200097  0.007548448725  0.007548448725  0.009072045548  0.009072045548  0.008062889611  0.008062889611  0.002506497678  0.000000000000  0.003007944901  0.004518876700  0.005021466824  0.004518876700  0.006031899406  0.005023573657  0.006031899406  0.006535383188  0.004515609599  0.004515609599  0.008571308390  0.008062889611  0.008062889611  0.009075952703  0.008062889611  0.008571308390  0.005526418673  0.005023573657  0.005023573657  0.005023573657  
piranga_roseogularis_ku2141 0.014158275969  0.014158275969  0.004517042751  0.004517042751  0.006031899406  0.006031899406  0.005026081214  0.005026081214  0.003511063420  0.003007944901  0.000000000000  0.001502335924  0.002003278633  0.001502335924  0.003007944901  0.002004155632  0.003007944901  0.003509773535  0.001501520169  0.001501520169  0.005531580273  0.005026081214  0.005026081214  0.006034553726  0.005026081214  0.005531580273  0.002505350335  0.002004155632  0.002004155632  0.002004155632  
piranga_roseogularis_ku2049 0.015698754063  0.015698754063  0.006031899406  0.006031899406  0.007551526012  0.007551526012  0.006544169596  0.006544169596  0.005023573657  0.004518876700  0.001502335924  0.000000000000  0.003511063420  0.003009363153  0.004518876700  0.003512753146  0.004518876700  0.005021466824  0.003006926196  0.003006926196  0.007051262089  0.006544169596  0.006544169596  0.007555005879  0.006544169596  0.007051262089  0.004014706988  0.003512753146  0.003512753146  0.003512753146  
piranga_bidentata_tepe59 0.016207945602  0.016207945602  0.006535383188  0.006535383188  0.008055780076  0.008055780076  0.007047656068  0.007047656068  0.005526418673  0.005021466824  0.002003278633  0.003511063420  0.000000000000  0.000500189862  0.002002800600  0.001000699478  0.002002800600  0.002504253786  0.003508883858  0.003508883858  0.007555005879  0.007047656068  0.007047656068  0.008059133403  0.007047656068  0.007555005879  0.004517042751  0.004014706988  0.004014706988  0.004014706988  
piranga_ludoviciana_sdsu2650 0.015698754063  0.015698754063  0.006031899406  0.006031899406  0.007551526012  0.007551526012  0.006544169596  0.006544169596  0.005023573657  0.004518876700  0.001502335924  0.003009363153  0.000500189862  0.000000000000  0.001501728709  0.000500259188  0.001501728709  0.002002800600  0.003006926196  0.003006926196  0.007051262089  0.006544169596  0.006544169596  0.007555005879  0.006544169596  0.007051262089  0.004014706988  0.003512753146  0.003512753146  0.003512753146  
piranga_bidentata_hgoslp104 0.017238200097  0.017238200097  0.007548448725  0.007548448725  0.009072045548  0.009072045548  0.008062889611  0.008062889611  0.006537910131  0.006031899406  0.003007944901  0.004518876700  0.002002800600  0.001501728709  0.000000000000  0.002003278633  0.003006926196  0.003508883858  0.004515609599  0.004515609599  0.008571308390  0.008062889611  0.008062889611  0.009075952703  0.008062889611  0.008571308390  0.005526418673  0.005023573657  0.005023573657  0.005023573657  
piranga_ludoviciana_sdsu2648 0.016213341410  0.016213341410  0.006537910131  0.006537910131  0.008059133403  0.008059133403  0.007051262089  0.007051262089  0.005528798963  0.005023573657  0.002004155632  0.003512753146  0.001000699478  0.000500259188  0.002003278633  0.000000000000  0.002003278633  0.002504602248  0.003509773535  0.003509773535  0.007558887961  0.007051262089  0.007051262089  0.008062889611  0.007051262089  0.007558887961  0.004518876700  0.004016668754  0.004016668754  0.004016668754  
piranga_ludoviciana_sdsu2208 0.017238200097  0.017238200097  0.007548448725  0.007548448725  0.009072045548  0.009072045548  0.008062889611  0.008062889611  0.006537910131  0.006031899406  0.003007944901  0.004518876700  0.002002800600  0.001501728709  0.003006926196  0.002003278633  0.000000000000  0.003508883858  0.004515609599  0.004515609599  0.008571308390  0.008062889611  0.008062889611  0.009075952703  0.008062889611  0.008571308390  0.005526418673  0.005023573657  0.005023573657  0.005023573657  
piranga_ludoviciana_sdsu2385 0.017748314091  0.017748314091  0.008052829995  0.008052829995  0.009577201130  0.009577201130  0.008567275258  0.008567275258  0.007041650135  0.006535383188  0.003509773535  0.005021466824  0.002504253786  0.002002800600  0.003508883858  0.002504602248  0.003508883858  0.000000000000  0.005018456799  0.005018456799  0.009075952703  0.008567275258  0.008567275258  0.009580981923  0.008567275258  0.009075952703  0.006029646770  0.005526418673  0.005526418673  0.005526418673  
piranga_bidentata_itm160 0.015688939866  0.015688939866  0.006027796186  0.006027796186  0.007545774384  0.007545774384  0.006537910131  0.006537910131  0.005019761081  0.004515609599  0.001501520169  0.003006926196  0.003508883858  0.003006926196  0.004515609599  0.003509773535  0.004515609599  0.005018456799  0.000000000000  0.000000000000  0.007044451961  0.006537910131  0.006537910131  0.007548448725  0.006537910131  0.007044451961  0.004011984224  0.003509773535  0.003509773535  0.003509773535  
piranga_bidentata_itm141 0.015688939866  0.015688939866  0.006027796186  0.006027796186  0.007545774384  0.007545774384  0.006537910131  0.006537910131  0.005019761081  0.004515609599  0.001501520169  0.003006926196  0.003508883858  0.003006926196  0.004515609599  0.003509773535  0.004515609599  0.005018456799  0.000000000000  0.000000000000  0.007044451961  0.006537910131  0.006537910131  0.007548448725  0.006537910131  0.007044451961  0.004011984224  0.003509773535  0.003509773535  0.003509773535  
piranga_hepatica_ku9084 0.019830898422  0.019830898422  0.010094918888  0.010094918888  0.011627413464  0.011627413464  0.010615907307  0.010615907307  0.009080263342  0.008571308390  0.005531580273  0.007051262089  0.007555005879  0.007051262089  0.008571308390  0.007558887961  0.008571308390  0.009075952703  0.007044451961  0.007044451961  0.000000000000  0.000500259188  0.000500259188  0.001501728709  0.000500259188  0.001001037470  0.007047656068  0.006544169596  0.006544169596  0.006544169596  
piranga_flava_ku90809 0.019312441395  0.019312441395  0.009585166868  0.009585166868  0.011116041043  0.011116041043  0.010105057447  0.010105057447  0.008571308390  0.008062889611  0.005026081214  0.006544169596  0.007047656068  0.006544169596  0.008062889611  0.007051262089  0.008062889611  0.008567275258  0.006537910131  0.006537910131  0.000500259188  0.000000000000  0.000000000000  0.001000699478  0.000000000000  0.000500259188  0.006540839056  0.006037609363  0.006037609363  0.006037609363  
piranga_flava_lsu15408 0.019312441395  0.019312441395  0.009585166868  0.009585166868  0.011116041043  0.011116041043  0.010105057447  0.010105057447  0.008571308390  0.008062889611  0.005026081214  0.006544169596  0.007047656068  0.006544169596  0.008062889611  0.007051262089  0.008062889611  0.008567275258  0.006537910131  0.006537910131  0.000500259188  0.000000000000  0.000000000000  0.001000699478  0.000000000000  0.000500259188  0.006540839056  0.006037609363  0.006037609363  0.006037609363  
piranga_lutea_ku89864 0.020342225779  0.020342225779  0.010600467610  0.010600467610  0.012133745572  0.012133745572  0.011121467593  0.011121467593  0.009585166868  0.009075952703  0.006034553726  0.007555005879  0.008059133403  0.007555005879  0.009075952703  0.008062889611  0.009075952703  0.009580981923  0.007548448725  0.007548448725  0.001501728709  0.001000699478  0.001000699478  0.000000000000  0.001000699478  0.001501728709  0.007551526012  0.007047656068  0.007047656068  0.007047656068  
piranga_hepatica_ku4970 0.019312441395  0.019312441395  0.009585166868  0.009585166868  0.011116041043  0.011116041043  0.010105057447  0.010105057447  0.008571308390  0.008062889611  0.005026081214  0.006544169596  0.007047656068  0.006544169596  0.008062889611  0.007051262089  0.008062889611  0.008567275258  0.006537910131  0.006537910131  0.000500259188  0.000000000000  0.000000000000  0.001000699478  0.000000000000  0.000500259188  0.006540839056  0.006037609363  0.006037609363  0.006037609363  
piranga_lutea_lsu5400 0.019830898422  0.019830898422  0.010094918888  0.010094918888  0.011627413464  0.011627413464  0.010615907307  0.010615907307  0.009080263342  0.008571308390  0.005531580273  0.007051262089  0.007555005879  0.007051262089  0.008571308390  0.007558887961  0.008571308390  0.009075952703  0.007044451961  0.007044451961  0.001001037470  0.000500259188  0.000500259188  0.001501728709  0.000500259188  0.000000000000  0.007047656068  0.006544169596  0.006544169596  0.006544169596  
piranga_rubra_sdsu2635 0.016722797931  0.016722797931  0.007041650135  0.007041650135  0.008563645308  0.008563645308  0.007555005879  0.007555005879  0.006031899406  0.005526418673  0.002505350335  0.004014706988  0.004517042751  0.004014706988  0.005526418673  0.004518876700  0.005526418673  0.006029646770  0.004011984224  0.004011984224  0.007047656068  0.006540839056  0.006540839056  0.007551526012  0.006540839056  0.007047656068  0.000000000000  0.000500189862  0.000500189862  0.000500189862  
piranga_rubra_ku7046 0.016213341410  0.016213341410  0.006537910131  0.006537910131  0.008059133403  0.008059133403  0.007051262089  0.007051262089  0.005528798963  0.005023573657  0.002004155632  0.003512753146  0.004014706988  0.003512753146  0.005023573657  0.004016668754  0.005023573657  0.005526418673  0.003509773535  0.003509773535  0.006544169596  0.006037609363  0.006037609363  0.007047656068  0.006037609363  0.006544169596  0.000500189862  0.000000000000  0.000000000000  0.000000000000  
piranga_rubra_sdsu2654 0.016213341410  0.016213341410  0.006537910131  0.006537910131  0.008059133403  0.008059133403  0.007051262089  0.007051262089  0.005528798963  0.005023573657  0.002004155632  0.003512753146  0.004014706988  0.003512753146  0.005023573657  0.004016668754  0.005023573657  0.005526418673  0.003509773535  0.003509773535  0.006544169596  0.006037609363  0.006037609363  0.007047656068  0.006037609363  0.006544169596  0.000500189862  0.000000000000  0.000000000000  0.000000000000  
piranga_rubra_ku26592 0.016213341410  0.016213341410  0.006537910131  0.006537910131  0.008059133403  0.008059133403  0.007051262089  0.007051262089  0.005528798963  0.005023573657  0.002004155632  0.003512753146  0.004014706988  0.003512753146  0.005023573657  0.004016668754  0.005023573657  0.005526418673  0.003509773535  0.003509773535  0.006544169596  0.006037609363  0.006037609363  0.007047656068  0.006037609363  0.006544169596  0.000500189862  0.000000000000  0.000000000000  0.000000000000  

