30
piranga_rubra_ku26592 0.000000000000  0.004787010195  0.005985393057  0.016652471047  0.016617736819  0.018195827685  0.003376054198  0.018223463187  0.009594070480  0.002987715705  0.000000000000  0.001942343570  0.003116804256  0.003102300299  0.004487507781  0.000000000000  0.002992185614  0.004556597702  0.001489978040  0.005994362828  0.015121398692  0.001661565383  0.016602200006  0.005980748125  0.013551518997  0.014473648528  0.003916330050  0.007585274708  0.005193045124  0.004584450549  
piranga_flava_ku90809 0.004787010195  0.000000000000  0.008010624259  0.014505735246  0.014526061303  0.019511573853  0.001779859667  0.019511573853  0.005133041266  0.003192809092  0.000000000000  0.000000000000  0.008377801066  0.008002357863  0.008002357863  0.000000000000  0.007998369632  0.004789380993  0.003187720188  0.008010624259  0.012930409547  0.001788426526  0.014505735246  0.003191407020  0.011256062294  0.013701847651  0.004101032853  0.009630296236  0.001865147223  0.006397000848  
piranga_ludoviciana_sdsu2385 0.005985393057  0.008010624259  0.000000000000  0.019765800889  0.019730654037  0.018214175928  0.006787031832  0.018241867661  0.012837092977  0.006002755400  0.005046072579  0.005853422245  0.009403882505  0.009359871372  0.010528069646  0.003908676165  0.009025767300  0.007631290474  0.004487507781  0.009035697485  0.018234635832  0.008358822121  0.019705868723  0.009008531488  0.016637084223  0.018168414419  0.007868481159  0.010672902905  0.008683346188  0.007678167159  
piranga_rubriceps_lsu265 0.016652471047  0.014505735246  0.019765800889  0.000000000000  0.005997770777  0.016718775132  0.008500578818  0.016744227000  0.016128831897  0.016693400531  0.006764077358  0.001949918406  0.019002713465  0.018853418876  0.018195827685  0.003924013970  0.019727497678  0.015336359643  0.015127542049  0.016668102844  0.007520872022  0.010083479552  0.000000000000  0.013606525971  0.005997770777  0.007203419225  0.005887887064  0.021519708784  0.008713612158  0.013864683588  
piranga_leucoptera_lsu7783 0.016617736819  0.014526061303  0.019730654037  0.005997770777  0.000000000000  0.018214175928  0.011927376111  0.018241867661  0.017712582491  0.016662288086  0.010134577567  0.003887969631  0.018962611477  0.018873128861  0.018159043951  0.005866424754  0.019744716672  0.015353587403  0.015098565519  0.016662288086  0.002990953796  0.013432609514  0.005979837800  0.013583271776  0.002986487555  0.005380960127  0.007854057377  0.021547928381  0.012190337202  0.013879327979  
cardinalis_cardinalis_ku25393 0.018195827685  0.019511573853  0.018214175928  0.016718775132  0.018214175928  0.000000000000  0.011947735190  0.006020826466  0.021036493579  0.018241867661  0.010151725523  0.003895542533  0.020644837405  0.022141448195  0.022859251350  0.001952550384  0.021344105537  0.020102055952  0.016668102844  0.018241867661  0.019820917686  0.013455203311  0.016668102844  0.019790738164  0.015127542049  0.012642862737  0.005889458383  0.023168718072  0.013981336872  0.017055807000  
piranga_olivacea_ku2699 0.003376054198  0.001779859667  0.006787031832  0.008500578818  0.011927376111  0.011947735190  0.000000000000  0.011968163895  0.006770344269  0.003385912825  0.001709863288  0.001988696430  0.006776301898  0.006928899524  0.006776301898  0.000000000000  0.006770344269  0.001686789818  0.001686789818  0.005080253407  0.011968625080  0.005098698443  0.008500578818  0.003380190281  0.010203519357  0.016680016711  0.003916330050  0.008500578818  0.005306116428  0.003397416239  
cardinalis_cardinalis_ku21828 0.018223463187  0.019511573853  0.018241867661  0.016744227000  0.018241867661  0.006020826466  0.011968163895  0.000000000000  0.021070594239  0.016718775132  0.010168931608  0.003903144994  0.019052946771  0.022176527028  0.019774754955  0.001956370300  0.021376700552  0.020133192868  0.016693400531  0.018269643734  0.019851189407  0.013477873247  0.016693400531  0.019820917686  0.015150462744  0.012665739886  0.007885022785  0.023204566927  0.014005815792  0.017082296292  
piranga_rubra_ku7046 0.009594070480  0.005133041266  0.012837092977  0.016128831897  0.017712582491  0.021036493579  0.006770344269  0.021070594239  0.000000000000  0.009612090602  0.005036127300  0.001941179616  0.012828481494  0.009996446296  0.009594070480  0.003903144994  0.012865445819  0.006495487146  0.007985595116  0.012857725961  0.017754565103  0.010026976497  0.016076968180  0.009594070480  0.016076968180  0.016271204060  0.003916330050  0.014654900750  0.000000000000  0.008185776690  
piranga_bidentata_hgoslp104 0.002987715705  0.003192809092  0.006002755400  0.016693400531  0.016662288086  0.018241867661  0.003385912825  0.016718775132  0.009612090602  0.000000000000  0.001678297005  0.003901052138  0.006256909713  0.006227684753  0.007505568425  0.001953728022  0.006007696242  0.004569531770  0.001492888976  0.006011777353  0.015164872222  0.005005125720  0.016642881723  0.005994362828  0.013585984751  0.016346722439  0.005899465706  0.007608066127  0.006946714916  0.004597543527  
piranga_ludoviciana_sdsu2648 0.000000000000  0.000000000000  0.005046072579  0.006764077358  0.010134577567  0.010151725523  0.001709863288  0.010168931608  0.005036127300  0.001678297005  0.000000000000  0.001942343570  0.003357492241  0.001748734602  0.003357492241  0.000000000000  0.003364694775  0.003420659166  0.000000000000  0.003363138124  0.010168977555  0.001675485040  0.006741277632  0.001675485040  0.008429282929  0.014473648528  0.003916330050  0.006833411373  0.005193045124  0.001718679420  
piranga_roseogularis_ku2049 0.001942343570  0.000000000000  0.005853422245  0.001949918406  0.003887969631  0.003895542533  0.001988696430  0.003903144994  0.001941179616  0.003901052138  0.001942343570  0.000000000000  0.003893457796  0.000000000000  0.000000000000  0.001949918406  0.003908676165  0.000000000000  0.001942343570  0.003901052138  0.003901052138  0.003893457796  0.001942343570  0.000000000000  0.003887969631  0.005843570594  0.004051190290  0.001973001598  0.001941179616  0.000000000000  
piranga_hepatica_ku4970 0.003116804256  0.008377801066  0.009403882505  0.019002713465  0.018962611477  0.020644837405  0.006776301898  0.019052946771  0.012828481494  0.006256909713  0.003357492241  0.003893457796  0.000000000000  0.006510843257  0.006256254309  0.001949918406  0.006266712416  0.007959613814  0.004677371623  0.009418645006  0.017400377179  0.005003987961  0.018942712760  0.009393159231  0.017351786541  0.016317082310  0.005887887064  0.011130767176  0.008683346188  0.008010624259  
piranga_hepatica_ku9084 0.003102300299  0.008002357863  0.009359871372  0.018853418876  0.018873128861  0.022141448195  0.006928899524  0.022176527028  0.009996446296  0.006227684753  0.001748734602  0.000000000000  0.006510843257  0.000000000000  0.003102300299  0.000000000000  0.006218003676  0.006218003676  0.004655595522  0.009359871372  0.017318182885  0.001733576753  0.018853418876  0.007778273628  0.015672898165  0.013235482546  0.003955053555  0.010939413976  0.001804563187  0.007786081858  
piranga_rubra_sdsu2654 0.004487507781  0.008002357863  0.010528069646  0.018195827685  0.018159043951  0.022859251350  0.006776301898  0.019774754955  0.009594070480  0.007505568425  0.003357492241  0.000000000000  0.006256254309  0.003102300299  0.000000000000  0.001949918406  0.007516852323  0.006085561698  0.005985393057  0.010543928549  0.016662288086  0.005003987961  0.018140807399  0.007487085837  0.015081908104  0.012638045967  0.003916330050  0.012200026082  0.003458410519  0.007666692101  
piranga_flava_lsu15408 0.000000000000  0.000000000000  0.003908676165  0.003924013970  0.005866424754  0.001952550384  0.000000000000  0.001956370300  0.003903144994  0.001953728022  0.000000000000  0.001949918406  0.001949918406  0.000000000000  0.001949918406  0.000000000000  0.001957552554  0.001992659232  0.000000000000  0.001953728022  0.005887887064  0.001949918406  0.003908676165  0.001949918406  0.005866424754  0.007838665700  0.004067669314  0.000000000000  0.003903144994  0.000000000000  
piranga_lutea_lsu5400 0.002992185614  0.007998369632  0.009025767300  0.019727497678  0.019744716672  0.021344105537  0.006770344269  0.021376700552  0.012865445819  0.006007696242  0.003364694775  0.003908676165  0.006266712416  0.006218003676  0.007516852323  0.001957552554  0.000000000000  0.007612477450  0.004493061744  0.009025767300  0.018241867661  0.005013490170  0.019727497678  0.009019644617  0.016652471047  0.016376470459  0.005887887064  0.010643524374  0.006958800254  0.007659122132  
piranga_olivacea_ku4672 0.004556597702  0.004789380993  0.007631290474  0.015336359643  0.015353587403  0.020102055952  0.001686789818  0.020133192868  0.006495487146  0.004569531770  0.003420659166  0.000000000000  0.007959613814  0.006218003676  0.006085561698  0.001992659232  0.007612477450  0.000000000000  0.003036362073  0.007631290474  0.013833836874  0.006799339472  0.015336359643  0.004556597702  0.012240481558  0.014767568331  0.003916330050  0.009173856246  0.003524803719  0.004590508440  
piranga_ludoviciana_sdsu2208 0.001489978040  0.003187720188  0.004487507781  0.015127542049  0.015098565519  0.016668102844  0.001686789818  0.016693400531  0.007985595116  0.001492888976  0.000000000000  0.001942343570  0.004677371623  0.004655595522  0.005985393057  0.000000000000  0.004493061744  0.003036362073  0.000000000000  0.004494230473  0.013603804970  0.003325531774  0.015081908104  0.004481718788  0.012037865455  0.014473648528  0.003916330050  0.006066483768  0.005193045124  0.003054913799  
piranga_bidentata_itm160 0.005994362828  0.008010624259  0.009035697485  0.016668102844  0.016662288086  0.018241867661  0.005080253407  0.018269643734  0.012857725961  0.006011777353  0.003363138124  0.003901052138  0.009418645006  0.009359871372  0.010543928549  0.001953728022  0.009025767300  0.007631290474  0.004494230473  0.000000000000  0.015164872222  0.006685691874  0.016642881723  0.009022077879  0.013585984751  0.016346722439  0.005887887064  0.007596506884  0.006946714916  0.001524757112  
piranga_leucoptera_fmnh481795 0.015121398692  0.012930409547  0.018234635832  0.007520872022  0.002990953796  0.019820917686  0.011968625080  0.019851189407  0.017754565103  0.015164872222  0.010168977555  0.003901052138  0.017400377179  0.017318182885  0.016662288086  0.005887887064  0.018241867661  0.013833836874  0.013603804970  0.015164872222  0.000000000000  0.013474092540  0.007498314119  0.012090078928  0.006002755400  0.007202554622  0.007883990346  0.020033350446  0.012223378774  0.012350714694  
piranga_lutea_ku89864 0.001661565383  0.001788426526  0.008358822121  0.010083479552  0.013432609514  0.013455203311  0.005098698443  0.013477873247  0.010026976497  0.005005125720  0.001675485040  0.003893457796  0.005003987961  0.001733576753  0.005003987961  0.001949918406  0.005013490170  0.006799339472  0.003325531774  0.006685691874  0.013474092540  0.000000000000  0.010049699520  0.004996789135  0.011731694131  0.016317082310  0.005887887064  0.010186196121  0.006934671483  0.005124828615  
piranga_rubriceps_lsu34818 0.016602200006  0.014505735246  0.019705868723  0.000000000000  0.005979837800  0.016668102844  0.008500578818  0.016693400531  0.016076968180  0.016642881723  0.006741277632  0.001942343570  0.018942712760  0.018853418876  0.018140807399  0.003908676165  0.019727497678  0.015336359643  0.015081908104  0.016642881723  0.007498314119  0.010049699520  0.000000000000  0.013565505462  0.005979837800  0.007177567226  0.005887887064  0.021519708784  0.008683346188  0.013864683588  
piranga_roseogularis_ku2141 0.005980748125  0.003191407020  0.009008531488  0.013606525971  0.013583271776  0.019790738164  0.003380190281  0.019820917686  0.009594070480  0.005994362828  0.001675485040  0.000000000000  0.009393159231  0.007778273628  0.007487085837  0.001949918406  0.009019644617  0.004556597702  0.004481718788  0.009022077879  0.012090078928  0.004996789135  0.013565505462  0.000000000000  0.010528069646  0.012638045967  0.003916330050  0.010656292976  0.003458410519  0.006122823020  
piranga_erythrocephala_fmnh343371 0.013551518997  0.011256062294  0.016637084223  0.005997770777  0.002986487555  0.015127542049  0.010203519357  0.015150462744  0.016076968180  0.013585984751  0.008429282929  0.003887969631  0.017351786541  0.015672898165  0.015081908104  0.005866424754  0.016652471047  0.012240481558  0.012037865455  0.013585984751  0.006002755400  0.011731694131  0.005979837800  0.010528069646  0.000000000000  0.005380960127  0.007854057377  0.018404203271  0.010430924371  0.010758032265  
piranga_erythrocephala_fmnh343370 0.014473648528  0.013701847651  0.018168414419  0.007203419225  0.005380960127  0.012642862737  0.016680016711  0.012665739886  0.016271204060  0.016346722439  0.014473648528  0.005843570594  0.016317082310  0.013235482546  0.012638045967  0.007838665700  0.016376470459  0.014767568331  0.014473648528  0.016346722439  0.007202554622  0.016317082310  0.007177567226  0.012638045967  0.005380960127  0.000000000000  0.011833655617  0.016557257659  0.016271204060  0.012989855031  
piranga_ludoviciana_sdsu2650 0.003916330050  0.004101032853  0.007868481159  0.005887887064  0.007854057377  0.005889458383  0.003916330050  0.007885022785  0.003916330050  0.005899465706  0.003916330050  0.004051190290  0.005887887064  0.003955053555  0.003916330050  0.004067669314  0.005887887064  0.003916330050  0.003916330050  0.005887887064  0.007883990346  0.005887887064  0.005887887064  0.003916330050  0.007854057377  0.011833655617  0.000000000000  0.005887887064  0.003916330050  0.003916330050  
piranga_bidentata_tepe59 0.007585274708  0.009630296236  0.010672902905  0.021519708784  0.021547928381  0.023168718072  0.008500578818  0.023204566927  0.014654900750  0.007608066127  0.006833411373  0.001973001598  0.011130767176  0.010939413976  0.012200026082  0.000000000000  0.010643524374  0.009173856246  0.006066483768  0.007596506884  0.020033350446  0.010186196121  0.021519708784  0.010656292976  0.018404203271  0.016557257659  0.005887887064  0.000000000000  0.010586483213  0.006131579825  
piranga_rubra_sdsu2635 0.005193045124  0.001865147223  0.008683346188  0.008713612158  0.012190337202  0.013981336872  0.005306116428  0.014005815792  0.000000000000  0.006946714916  0.005193045124  0.001941179616  0.008683346188  0.001804563187  0.003458410519  0.003903144994  0.006958800254  0.003524803719  0.005193045124  0.006946714916  0.012223378774  0.006934671483  0.008683346188  0.003458410519  0.010430924371  0.016271204060  0.003916330050  0.010586483213  0.000000000000  0.001772575900  
piranga_bidentata_itm141 0.004584450549  0.006397000848  0.007678167159  0.013864683588  0.013879327979  0.017055807000  0.003397416239  0.017082296292  0.008185776690  0.004597543527  0.001718679420  0.000000000000  0.008010624259  0.007786081858  0.007666692101  0.000000000000  0.007659122132  0.004590508440  0.003054913799  0.001524757112  0.012350714694  0.005124828615  0.013864683588  0.006122823020  0.010758032265  0.012989855031  0.003916330050  0.006131579825  0.001772575900  0.000000000000  

