30
cardinalis_cardinalis_ku21828 0.000000000000  0.000000000000  0.014652252638  0.012105287947  0.015167307968  0.015167307968  0.013129262123  0.012618251418  0.013634461714  0.013634461714  0.010576945987  0.010576945987  0.014145994562  0.015680223658  0.014145994562  0.015680223658  0.015680223658  0.017214387037  0.014145994562  0.014145994562  0.014145994562  0.012618251418  0.012615445390  0.009565311535  0.009565311535  0.009565311535  0.017218151687  0.017218151687  0.016193701876  0.016193701876  
cardinalis_cardinalis_ku25393 0.000000000000  0.000000000000  0.014652252638  0.012105287947  0.015167307968  0.015167307968  0.013129262123  0.012618251418  0.013634461714  0.013634461714  0.010576945987  0.010576945987  0.014145994562  0.015680223658  0.014145994562  0.015680223658  0.015680223658  0.017214387037  0.014145994562  0.014145994562  0.014145994562  0.012618251418  0.012615445390  0.009565311535  0.009565311535  0.009565311535  0.017218151687  0.017218151687  0.016193701876  0.016193701876  
piranga_erythrocephala_fmnh343371 0.014652252638  0.014652252638  0.000000000000  0.002504300911  0.013631923786  0.013631923786  0.011597900210  0.011088557285  0.017218151687  0.017218151687  0.013629817558  0.013629817558  0.017733023299  0.019276070400  0.017733023299  0.019276070400  0.019276070400  0.020817850116  0.017733023299  0.017733023299  0.017733023299  0.016197733214  0.016193701876  0.013126159326  0.013126159326  0.013126159326  0.020822862555  0.020822862555  0.019792912909  0.019792912909  
piranga_erythrocephala_fmnh343370 0.012105287947  0.012105287947  0.002504300911  0.000000000000  0.011088557285  0.011088557285  0.009061512192  0.008554047852  0.014661652261  0.014661652261  0.011086637696  0.011086637696  0.015174604361  0.016712075849  0.015174604361  0.016712075849  0.016712075849  0.018248461741  0.015174604361  0.015174604361  0.015174604361  0.013644661995  0.013640831185  0.010584303886  0.010584303886  0.010584303886  0.018253264812  0.018253264812  0.017226984149  0.017226984149  
piranga_leucoptera_fmnh481795 0.015167307968  0.015167307968  0.013631923786  0.011088557285  0.000000000000  0.000000000000  0.009061512192  0.008554047852  0.017737524082  0.017737524082  0.014654953578  0.014654953578  0.018253264812  0.019798190565  0.018253264812  0.019798190565  0.019798190565  0.021341116801  0.018253264812  0.018253264812  0.018253264812  0.016716841261  0.016712075849  0.013640831185  0.013640831185  0.013640831185  0.021346872580  0.021346872580  0.020315908865  0.020315908865  
piranga_leucoptera_lsu7783 0.015167307968  0.015167307968  0.013631923786  0.011088557285  0.000000000000  0.000000000000  0.009061512192  0.008554047852  0.017737524082  0.017737524082  0.014654953578  0.014654953578  0.018253264812  0.019798190565  0.018253264812  0.019798190565  0.019798190565  0.021341116801  0.018253264812  0.018253264812  0.018253264812  0.016716841261  0.016712075849  0.013640831185  0.013640831185  0.013640831185  0.021346872580  0.021346872580  0.020315908865  0.020315908865  
piranga_rubriceps_lsu265 0.013129262123  0.013129262123  0.011597900210  0.009061512192  0.009061512192  0.009061512192  0.000000000000  0.000500267175  0.015692715489  0.015692715489  0.012618251418  0.012618251418  0.016207094737  0.017747828769  0.016207094737  0.017747828769  0.017747828769  0.019286453767  0.016207094737  0.016207094737  0.016207094737  0.014674936788  0.014670077566  0.011607117311  0.011607117311  0.011607117311  0.019292298980  0.019292298980  0.018264175139  0.018264175139  
piranga_rubriceps_lsu34818 0.012618251418  0.012618251418  0.011088557285  0.008554047852  0.008554047852  0.008554047852  0.000500267175  0.000000000000  0.015178900746  0.015178900746  0.012107797851  0.012107797851  0.015692715489  0.017232051227  0.015692715489  0.017232051227  0.017232051227  0.018769574289  0.015692715489  0.015692715489  0.015692715489  0.014161648854  0.014157089051  0.011096887824  0.011096887824  0.011096887824  0.018775115520  0.018775115520  0.017747828769  0.017747828769  
piranga_roseogularis_ku2049 0.013634461714  0.013634461714  0.017218151687  0.014661652261  0.017737524082  0.017737524082  0.015692715489  0.015178900746  0.000000000000  0.000000000000  0.010071530763  0.010071530763  0.013640831185  0.015174604361  0.013640831185  0.015174604361  0.015174604361  0.016707743860  0.013640831185  0.013640831185  0.013640831185  0.012114105967  0.012110737313  0.009061512192  0.009061512192  0.009061512192  0.015692715489  0.015692715489  0.014670077566  0.014670077566  
piranga_roseogularis_ku2141 0.013634461714  0.013634461714  0.017218151687  0.014661652261  0.017737524082  0.017737524082  0.015692715489  0.015178900746  0.000000000000  0.000000000000  0.010071530763  0.010071530763  0.013640831185  0.015174604361  0.013640831185  0.015174604361  0.015174604361  0.016707743860  0.013640831185  0.013640831185  0.013640831185  0.012114105967  0.012110737313  0.009061512192  0.009061512192  0.009061512192  0.015692715489  0.015692715489  0.014670077566  0.014670077566  
piranga_olivacea_ku2699 0.010576945987  0.010576945987  0.013629817558  0.011086637696  0.014654953578  0.014654953578  0.012618251418  0.012107797851  0.010071530763  0.010071530763  0.000000000000  0.000000000000  0.006530668785  0.008047132950  0.006530668785  0.008047132950  0.008047132950  0.009565311535  0.006530668785  0.006530668785  0.006530668785  0.005018769465  0.005017794991  0.002002746027  0.002002746027  0.002002746027  0.009567205789  0.009567205789  0.008554047852  0.008554047852  
piranga_olivacea_ku4672 0.010576945987  0.010576945987  0.013629817558  0.011086637696  0.014654953578  0.014654953578  0.012618251418  0.012107797851  0.010071530763  0.010071530763  0.000000000000  0.000000000000  0.006530668785  0.008047132950  0.006530668785  0.008047132950  0.008047132950  0.009565311535  0.006530668785  0.006530668785  0.006530668785  0.005018769465  0.005017794991  0.002002746027  0.002002746027  0.002002746027  0.009567205789  0.009567205789  0.008554047852  0.008554047852  
piranga_flava_lsu15408 0.014145994562  0.014145994562  0.017733023299  0.015174604361  0.018253264812  0.018253264812  0.016207094737  0.015692715489  0.013640831185  0.013640831185  0.006530668785  0.006530668785  0.000000000000  0.001501761924  0.000000000000  0.001501761924  0.001501761924  0.003006393668  0.000000000000  0.000000000000  0.000000000000  0.007546773161  0.007544346078  0.004515910744  0.004515910744  0.004515910744  0.012114105967  0.012114105967  0.011096887824  0.011096887824  
piranga_bidentata_hgoslp104 0.015680223658  0.015680223658  0.019276070400  0.016712075849  0.019798190565  0.019798190565  0.017747828769  0.017232051227  0.015174604361  0.015174604361  0.008047132950  0.008047132950  0.001501761924  0.000000000000  0.001501761924  0.003007059546  0.003007059546  0.004514802608  0.001501761924  0.001501761924  0.001501761924  0.009066847209  0.009063966675  0.006028333535  0.006028333535  0.006028333535  0.013644661995  0.013644661995  0.012625152813  0.012625152813  
piranga_ludoviciana_sdsu2650 0.014145994562  0.014145994562  0.017733023299  0.015174604361  0.018253264812  0.018253264812  0.016207094737  0.015692715489  0.013640831185  0.013640831185  0.006530668785  0.006530668785  0.000000000000  0.001501761924  0.000000000000  0.001501761924  0.001501761924  0.003006393668  0.000000000000  0.000000000000  0.000000000000  0.007546773161  0.007544346078  0.004515910744  0.004515910744  0.004515910744  0.012114105967  0.012114105967  0.011096887824  0.011096887824  
piranga_ludoviciana_sdsu2648 0.015680223658  0.015680223658  0.019276070400  0.016712075849  0.019798190565  0.019798190565  0.017747828769  0.017232051227  0.015174604361  0.015174604361  0.008047132950  0.008047132950  0.001501761924  0.003007059546  0.001501761924  0.000000000000  0.000000000000  0.001501535088  0.001501761924  0.001501761924  0.001501761924  0.009066847209  0.009063966675  0.006028333535  0.006028333535  0.006028333535  0.013644661995  0.013644661995  0.012625152813  0.012625152813  
piranga_ludoviciana_sdsu2208 0.015680223658  0.015680223658  0.019276070400  0.016712075849  0.019798190565  0.019798190565  0.017747828769  0.017232051227  0.015174604361  0.015174604361  0.008047132950  0.008047132950  0.001501761924  0.003007059546  0.001501761924  0.000000000000  0.000000000000  0.001501535088  0.001501761924  0.001501761924  0.001501761924  0.009066847209  0.009063966675  0.006028333535  0.006028333535  0.006028333535  0.013644661995  0.013644661995  0.012625152813  0.012625152813  
piranga_ludoviciana_sdsu2385 0.017214387037  0.017214387037  0.020817850116  0.018248461741  0.021341116801  0.021341116801  0.019286453767  0.018769574289  0.016707743860  0.016707743860  0.009565311535  0.009565311535  0.003006393668  0.004514802608  0.003006393668  0.001501535088  0.001501535088  0.000000000000  0.003006393668  0.003006393668  0.003006393668  0.010587213774  0.010584303886  0.007542343668  0.007542343668  0.007542343668  0.015174604361  0.015174604361  0.014152959825  0.014152959825  
piranga_bidentata_itm160 0.014145994562  0.014145994562  0.017733023299  0.015174604361  0.018253264812  0.018253264812  0.016207094737  0.015692715489  0.013640831185  0.013640831185  0.006530668785  0.006530668785  0.000000000000  0.001501761924  0.000000000000  0.001501761924  0.001501761924  0.003006393668  0.000000000000  0.000000000000  0.000000000000  0.007546773161  0.007544346078  0.004515910744  0.004515910744  0.004515910744  0.012114105967  0.012114105967  0.011096887824  0.011096887824  
piranga_bidentata_tepe59 0.014145994562  0.014145994562  0.017733023299  0.015174604361  0.018253264812  0.018253264812  0.016207094737  0.015692715489  0.013640831185  0.013640831185  0.006530668785  0.006530668785  0.000000000000  0.001501761924  0.000000000000  0.001501761924  0.001501761924  0.003006393668  0.000000000000  0.000000000000  0.000000000000  0.007546773161  0.007544346078  0.004515910744  0.004515910744  0.004515910744  0.012114105967  0.012114105967  0.011096887824  0.011096887824  
piranga_bidentata_itm141 0.014145994562  0.014145994562  0.017733023299  0.015174604361  0.018253264812  0.018253264812  0.016207094737  0.015692715489  0.013640831185  0.013640831185  0.006530668785  0.006530668785  0.000000000000  0.001501761924  0.000000000000  0.001501761924  0.001501761924  0.003006393668  0.000000000000  0.000000000000  0.000000000000  0.007546773161  0.007544346078  0.004515910744  0.004515910744  0.004515910744  0.012114105967  0.012114105967  0.011096887824  0.011096887824  
piranga_hepatica_ku4970 0.012618251418  0.012618251418  0.016197733214  0.013644661995  0.016716841261  0.016716841261  0.014674936788  0.014161648854  0.012114105967  0.012114105967  0.005018769465  0.005018769465  0.007546773161  0.009066847209  0.007546773161  0.009066847209  0.009066847209  0.010587213774  0.007546773161  0.007546773161  0.007546773161  0.000000000000  0.004015101466  0.003008146019  0.003008146019  0.003008146019  0.009572275285  0.009572275285  0.008558796523  0.008558796523  
piranga_lutea_lsu5400 0.012615445390  0.012615445390  0.016193701876  0.013640831185  0.016712075849  0.016712075849  0.014670077566  0.014157089051  0.012110737313  0.012110737313  0.005017794991  0.005017794991  0.007544346078  0.009063966675  0.007544346078  0.009063966675  0.009063966675  0.010584303886  0.007544346078  0.007544346078  0.007544346078  0.004015101466  0.000000000000  0.003007059546  0.003007059546  0.003007059546  0.010587213774  0.010587213774  0.009572275285  0.009572275285  
piranga_lutea_ku89864 0.009565311535  0.009565311535  0.013126159326  0.010584303886  0.013640831185  0.013640831185  0.011607117311  0.011096887824  0.009061512192  0.009061512192  0.002002746027  0.002002746027  0.004515910744  0.006028333535  0.004515910744  0.006028333535  0.006028333535  0.007542343668  0.004515910744  0.004515910744  0.004515910744  0.003008146019  0.003007059546  0.000000000000  0.000000000000  0.000000000000  0.007544346078  0.007544346078  0.006533933095  0.006533933095  
piranga_flava_ku90809 0.009565311535  0.009565311535  0.013126159326  0.010584303886  0.013640831185  0.013640831185  0.011607117311  0.011096887824  0.009061512192  0.009061512192  0.002002746027  0.002002746027  0.004515910744  0.006028333535  0.004515910744  0.006028333535  0.006028333535  0.007542343668  0.004515910744  0.004515910744  0.004515910744  0.003008146019  0.003007059546  0.000000000000  0.000000000000  0.000000000000  0.007544346078  0.007544346078  0.006533933095  0.006533933095  
piranga_hepatica_ku9084 0.009565311535  0.009565311535  0.013126159326  0.010584303886  0.013640831185  0.013640831185  0.011607117311  0.011096887824  0.009061512192  0.009061512192  0.002002746027  0.002002746027  0.004515910744  0.006028333535  0.004515910744  0.006028333535  0.006028333535  0.007542343668  0.004515910744  0.004515910744  0.004515910744  0.003008146019  0.003007059546  0.000000000000  0.000000000000  0.000000000000  0.007544346078  0.007544346078  0.006533933095  0.006533933095  
piranga_rubra_sdsu2635 0.017218151687  0.017218151687  0.020822862555  0.018253264812  0.021346872580  0.021346872580  0.019292298980  0.018775115520  0.015692715489  0.015692715489  0.009567205789  0.009567205789  0.012114105967  0.013644661995  0.012114105967  0.013644661995  0.013644661995  0.015174604361  0.012114105967  0.012114105967  0.012114105967  0.009572275285  0.010587213774  0.007544346078  0.007544346078  0.007544346078  0.000000000000  0.000000000000  0.002003351623  0.002003351623  
piranga_rubra_sdsu2654 0.017218151687  0.017218151687  0.020822862555  0.018253264812  0.021346872580  0.021346872580  0.019292298980  0.018775115520  0.015692715489  0.015692715489  0.009567205789  0.009567205789  0.012114105967  0.013644661995  0.012114105967  0.013644661995  0.013644661995  0.015174604361  0.012114105967  0.012114105967  0.012114105967  0.009572275285  0.010587213774  0.007544346078  0.007544346078  0.007544346078  0.000000000000  0.000000000000  0.002003351623  0.002003351623  
piranga_rubra_ku7046 0.016193701876  0.016193701876  0.019792912909  0.017226984149  0.020315908865  0.020315908865  0.018264175139  0.017747828769  0.014670077566  0.014670077566  0.008554047852  0.008554047852  0.011096887824  0.012625152813  0.011096887824  0.012625152813  0.012625152813  0.014152959825  0.011096887824  0.011096887824  0.011096887824  0.008558796523  0.009572275285  0.006533933095  0.006533933095  0.006533933095  0.002003351623  0.002003351623  0.000000000000  0.000000000000  
piranga_rubra_ku26592 0.016193701876  0.016193701876  0.019792912909  0.017226984149  0.020315908865  0.020315908865  0.018264175139  0.017747828769  0.014670077566  0.014670077566  0.008554047852  0.008554047852  0.011096887824  0.012625152813  0.011096887824  0.012625152813  0.012625152813  0.014152959825  0.011096887824  0.011096887824  0.011096887824  0.008558796523  0.009572275285  0.006533933095  0.006533933095  0.006533933095  0.002003351623  0.002003351623  0.000000000000  0.000000000000  

