30
cardinalis_cardinalis_ku21828 0.000000000000  0.004014446618  0.027641174712  0.027641174712  0.039337301201  0.040398371987  0.034528799515  0.034528799515  0.026065307233  0.027620603595  0.027620603595  0.026065307233  0.032868016950  0.029716524639  0.026065307233  0.026065307233  0.028146445014  0.033410687771  0.031831164260  0.031831164260  0.031831164260  0.034487294279  0.034500721018  0.031843137226  0.031843137226  0.030784105504  0.035006933106  0.033954921223  0.033435966278  0.033435966278  
cardinalis_cardinalis_ku25393 0.004014446618  0.000000000000  0.023458642333  0.023458642333  0.035062627475  0.036116897067  0.030291200898  0.030291200898  0.022936965641  0.023441785685  0.023441785685  0.021895266826  0.028652755845  0.025522833536  0.021895266826  0.021895266826  0.023963454390  0.029189280162  0.027620603595  0.027620603595  0.027620603595  0.030255442259  0.030266956369  0.027630687152  0.027630687152  0.026580117428  0.030772709677  0.029727345799  0.029210754962  0.029210754962  
piranga_erythrocephala_fmnh343371 0.027641174712  0.023458642333  0.000000000000  0.000000000000  0.017792179558  0.018819934544  0.013161660530  0.013161660530  0.006537261425  0.007038700568  0.007038700568  0.005525984214  0.012113861450  0.009064510600  0.005525984214  0.005525984214  0.007545111285  0.012628776959  0.011100607452  0.011100607452  0.011100607452  0.013657621375  0.013663000610  0.011104639416  0.011104639416  0.010085003938  0.014165364550  0.013145155590  0.012638061057  0.012638061057  
piranga_erythrocephala_fmnh343370 0.027641174712  0.023458642333  0.000000000000  0.000000000000  0.017792179558  0.018819934544  0.013161660530  0.013161660530  0.006537261425  0.007038700568  0.007038700568  0.005525984214  0.012113861450  0.009064510600  0.005525984214  0.005525984214  0.007545111285  0.012628776959  0.011100607452  0.011100607452  0.011100607452  0.013657621375  0.013663000610  0.011104639416  0.011104639416  0.010085003938  0.014165364550  0.013145155590  0.012638061057  0.012638061057  
piranga_rubriceps_lsu265 0.039337301201  0.035062627475  0.017792179558  0.017792179558  0.000000000000  0.001000693090  0.004518536459  0.004518536459  0.016758087456  0.017259888409  0.017259888409  0.015726161731  0.022424310418  0.019322220440  0.015726161731  0.015726161731  0.017776655257  0.022954864508  0.021400174967  0.021400174967  0.021400174967  0.024010006224  0.024020518141  0.021409283363  0.021409283363  0.020368653096  0.024523241837  0.023486932581  0.022974362530  0.022974362530  
piranga_rubriceps_lsu34818 0.040398371987  0.036116897067  0.018819934544  0.018819934544  0.001000693090  0.000000000000  0.005525984214  0.005525984214  0.017784219550  0.018286521186  0.018286521186  0.016750677732  0.023458642333  0.020351948753  0.016750677732  0.016750677732  0.018804098604  0.023990182842  0.022433179830  0.022433179830  0.022433179830  0.025047145971  0.025057822842  0.022442448729  0.022442448729  0.021400174967  0.025561048964  0.024523241837  0.024010006224  0.024010006224  
piranga_leucoptera_fmnh481795 0.034528799515  0.030291200898  0.013161660530  0.013161660530  0.004518536459  0.005525984214  0.000000000000  0.000000000000  0.012136705562  0.012638061057  0.012638061057  0.011113878896  0.017762715284  0.014684155197  0.011113878896  0.011113878896  0.013150264250  0.018286521186  0.016743663137  0.016743663137  0.016743663137  0.019330216659  0.019338609842  0.016750677732  0.016750677732  0.015719299989  0.019840887843  0.018811818239  0.018301804829  0.018301804829  
piranga_leucoptera_lsu7783 0.034528799515  0.030291200898  0.013161660530  0.013161660530  0.004518536459  0.005525984214  0.000000000000  0.000000000000  0.012136705562  0.012638061057  0.012638061057  0.011113878896  0.017762715284  0.014684155197  0.011113878896  0.011113878896  0.013150264250  0.018286521186  0.016743663137  0.016743663137  0.016743663137  0.019330216659  0.019338609842  0.016750677732  0.016750677732  0.015719299989  0.019840887843  0.018811818239  0.018301804829  0.018301804829  
piranga_hepatica_ku9084 0.026065307233  0.022936965641  0.006537261425  0.006537261425  0.016758087456  0.017784219550  0.012136705562  0.012136705562  0.000000000000  0.002504550355  0.002504550355  0.001001016447  0.007542942227  0.004515409051  0.001001016447  0.001001016447  0.003006837385  0.008052043171  0.006534841138  0.006534841138  0.006534841138  0.009070829758  0.009074575246  0.006537261425  0.006537261425  0.005525984214  0.009575976602  0.008562586452  0.008058080783  0.008058080783  
piranga_flava_ku90809 0.027620603595  0.023441785685  0.007038700568  0.007038700568  0.017259888409  0.018286521186  0.012638061057  0.012638061057  0.002504550355  0.000000000000  0.000000000000  0.001501510257  0.008045914940  0.005017393284  0.001501510257  0.001501510257  0.003508328780  0.008554491104  0.007036795452  0.007036795452  0.007036795452  0.009572746325  0.009575976602  0.007038700568  0.007038700568  0.006027438363  0.009061937677  0.009064510600  0.008559497301  0.008559497301  
piranga_flava_lsu15408 0.027620603595  0.023441785685  0.007038700568  0.007038700568  0.017259888409  0.018286521186  0.012638061057  0.012638061057  0.002504550355  0.000000000000  0.000000000000  0.001501510257  0.008045914940  0.005017393284  0.001501510257  0.001501510257  0.003508328780  0.008554491104  0.007036795452  0.007036795452  0.007036795452  0.009572746325  0.009575976602  0.007038700568  0.007038700568  0.006027438363  0.009061937677  0.009064510600  0.008559497301  0.008559497301  
piranga_hepatica_ku4970 0.026065307233  0.021895266826  0.005525984214  0.005525984214  0.015726161731  0.016750677732  0.011113878896  0.011113878896  0.001001016447  0.001501510257  0.001501510257  0.000000000000  0.006531168234  0.003508789220  0.000000000000  0.000000000000  0.002002774994  0.007038700568  0.005524090203  0.005524090203  0.005524090203  0.008054867014  0.008058080783  0.005525984214  0.005525984214  0.004516778939  0.008559497301  0.007547670366  0.007043679668  0.007043679668  
piranga_roseogularis_ku2049 0.032868016950  0.028652755845  0.012113861450  0.012113861450  0.022424310418  0.023458642333  0.017762715284  0.017762715284  0.007542942227  0.008045914940  0.008045914940  0.006531168234  0.000000000000  0.003006837385  0.006531168234  0.006531168234  0.008552574808  0.013640045820  0.012110472114  0.012110472114  0.012110472114  0.014668756479  0.014673494426  0.012113861450  0.012113861450  0.011093720943  0.015177398041  0.014156035549  0.013648044574  0.013648044574  
piranga_roseogularis_ku2141 0.029716524639  0.025522833536  0.009064510600  0.009064510600  0.019322220440  0.020351948753  0.014684155197  0.014684155197  0.004515409051  0.005017393284  0.005017393284  0.003508789220  0.003006837385  0.000000000000  0.003508789220  0.003508789220  0.005521468210  0.010584441875  0.009061937677  0.009061937677  0.009061937677  0.011607041771  0.011610949442  0.009064510600  0.009064510600  0.008049609628  0.012113861450  0.011096967837  0.010590793664  0.010590793664  
piranga_lutea_lsu5400 0.026065307233  0.021895266826  0.005525984214  0.005525984214  0.015726161731  0.016750677732  0.011113878896  0.011113878896  0.001001016447  0.001501510257  0.001501510257  0.000000000000  0.006531168234  0.003508789220  0.000000000000  0.000000000000  0.002002774994  0.007038700568  0.005524090203  0.005524090203  0.005524090203  0.008054867014  0.008058080783  0.005525984214  0.005525984214  0.004516778939  0.008559497301  0.007547670366  0.007043679668  0.007043679668  
piranga_lutea_ku89864 0.026065307233  0.021895266826  0.005525984214  0.005525984214  0.015726161731  0.016750677732  0.011113878896  0.011113878896  0.001001016447  0.001501510257  0.001501510257  0.000000000000  0.006531168234  0.003508789220  0.000000000000  0.000000000000  0.002002774994  0.007038700568  0.005524090203  0.005524090203  0.005524090203  0.008054867014  0.008058080783  0.005525984214  0.005525984214  0.004516778939  0.008559497301  0.007547670366  0.007043679668  0.007043679668  
piranga_olivacea_ku2699 0.028146445014  0.023963454390  0.007545111285  0.007545111285  0.017776655257  0.018804098604  0.013150264250  0.013150264250  0.003006837385  0.003508328780  0.003508328780  0.002002774994  0.008552574808  0.005521468210  0.002002774994  0.002002774994  0.000000000000  0.005021123115  0.003510872123  0.003510872123  0.003510872123  0.006033908626  0.006036842036  0.003512493837  0.003512493837  0.002506365741  0.006537261425  0.005528266402  0.005025549818  0.005025549818  
piranga_olivacea_ku4672 0.033410687771  0.029189280162  0.012628776959  0.012628776959  0.022954864508  0.023990182842  0.018286521186  0.018286521186  0.008052043171  0.008554491104  0.008554491104  0.007038700568  0.013640045820  0.010584441875  0.007038700568  0.007038700568  0.005021123115  0.000000000000  0.008562586452  0.008562586452  0.008562586452  0.011109063354  0.011113878896  0.008566065806  0.008566065806  0.007550619096  0.011615249742  0.010598713721  0.010093171713  0.010093171713  
piranga_ludoviciana_sdsu2648 0.031831164260  0.027620603595  0.011100607452  0.011100607452  0.021400174967  0.022433179830  0.016743663137  0.016743663137  0.006534841138  0.007036795452  0.007036795452  0.005524090203  0.012110472114  0.009061937677  0.005524090203  0.005524090203  0.003510872123  0.008562586452  0.000000000000  0.000000000000  0.000000000000  0.002506365741  0.004518536459  0.002003230196  0.002003230196  0.001000693090  0.007040995431  0.006031363296  0.005528266402  0.005528266402  
piranga_ludoviciana_sdsu2385 0.031831164260  0.027620603595  0.011100607452  0.011100607452  0.021400174967  0.022433179830  0.016743663137  0.016743663137  0.006534841138  0.007036795452  0.007036795452  0.005524090203  0.012110472114  0.009061937677  0.005524090203  0.005524090203  0.003510872123  0.008562586452  0.000000000000  0.000000000000  0.000000000000  0.002506365741  0.004518536459  0.002003230196  0.002003230196  0.001000693090  0.007040995431  0.006031363296  0.005528266402  0.005528266402  
piranga_bidentata_tepe59 0.031831164260  0.027620603595  0.011100607452  0.011100607452  0.021400174967  0.022433179830  0.016743663137  0.016743663137  0.006534841138  0.007036795452  0.007036795452  0.005524090203  0.012110472114  0.009061937677  0.005524090203  0.005524090203  0.003510872123  0.008562586452  0.000000000000  0.000000000000  0.000000000000  0.002506365741  0.004518536459  0.002003230196  0.002003230196  0.001000693090  0.007040995431  0.006031363296  0.005528266402  0.005528266402  
piranga_bidentata_hgoslp104 0.034487294279  0.030255442259  0.013657621375  0.013657621375  0.024010006224  0.025047145971  0.019330216659  0.019330216659  0.009070829758  0.009572746325  0.009572746325  0.008054867014  0.014668756479  0.011607041771  0.008054867014  0.008054867014  0.006033908626  0.011109063354  0.002506365741  0.002506365741  0.002506365741  0.000000000000  0.007046752906  0.004518536459  0.004518536459  0.003510872123  0.009579598013  0.008566065806  0.008061684107  0.008061684107  
piranga_ludoviciana_sdsu2650 0.034500721018  0.030266956369  0.013663000610  0.013663000610  0.024020518141  0.025057822842  0.019338609842  0.019338609842  0.009074575246  0.009575976602  0.009575976602  0.008058080783  0.014673494426  0.011610949442  0.008058080783  0.008058080783  0.006036842036  0.011113878896  0.004518536459  0.004518536459  0.004518536459  0.007046752906  0.000000000000  0.002506365741  0.002506365741  0.003512493837  0.009583610186  0.008569934993  0.008065676616  0.008065676616  
piranga_bidentata_itm160 0.031843137226  0.027630687152  0.011104639416  0.011104639416  0.021409283363  0.022442448729  0.016750677732  0.016750677732  0.006537261425  0.007038700568  0.007038700568  0.005525984214  0.012113861450  0.009064510600  0.005525984214  0.005525984214  0.003512493837  0.008566065806  0.002003230196  0.002003230196  0.002003230196  0.004518536459  0.002506365741  0.000000000000  0.000000000000  0.001001016447  0.007043679668  0.006033908626  0.005530936396  0.005530936396  
piranga_bidentata_itm141 0.031843137226  0.027630687152  0.011104639416  0.011104639416  0.021409283363  0.022442448729  0.016750677732  0.016750677732  0.006537261425  0.007038700568  0.007038700568  0.005525984214  0.012113861450  0.009064510600  0.005525984214  0.005525984214  0.003512493837  0.008566065806  0.002003230196  0.002003230196  0.002003230196  0.004518536459  0.002506365741  0.000000000000  0.000000000000  0.001001016447  0.007043679668  0.006033908626  0.005530936396  0.005530936396  
piranga_ludoviciana_sdsu2208 0.030784105504  0.026580117428  0.010085003938  0.010085003938  0.020368653096  0.021400174967  0.015719299989  0.015719299989  0.005525984214  0.006027438363  0.006027438363  0.004516778939  0.011093720943  0.008049609628  0.004516778939  0.004516778939  0.002506365741  0.007550619096  0.001000693090  0.001000693090  0.001000693090  0.003510872123  0.003512493837  0.001001016447  0.001001016447  0.000000000000  0.006031363296  0.005023142701  0.004520681239  0.004520681239  
piranga_rubra_sdsu2635 0.035006933106  0.030772709677  0.014165364550  0.014165364550  0.024523241837  0.025561048964  0.019840887843  0.019840887843  0.009575976602  0.009061937677  0.009061937677  0.008559497301  0.015177398041  0.012113861450  0.008559497301  0.008559497301  0.006537261425  0.011615249742  0.007040995431  0.007040995431  0.007040995431  0.009579598013  0.009583610186  0.007043679668  0.007043679668  0.006031363296  0.000000000000  0.004011841997  0.003509637126  0.003509637126  
piranga_rubra_sdsu2654 0.033954921223  0.029727345799  0.013145155590  0.013145155590  0.023486932581  0.024523241837  0.018811818239  0.018811818239  0.008562586452  0.009064510600  0.009064510600  0.007547670366  0.014156035549  0.011096967837  0.007547670366  0.007547670366  0.005528266402  0.010598713721  0.006031363296  0.006031363296  0.006031363296  0.008566065806  0.008569934993  0.006033908626  0.006033908626  0.005023142701  0.004011841997  0.000000000000  0.002505264959  0.002505264959  
piranga_rubra_ku7046 0.033435966278  0.029210754962  0.012638061057  0.012638061057  0.022974362530  0.024010006224  0.018301804829  0.018301804829  0.008058080783  0.008559497301  0.008559497301  0.007043679668  0.013648044574  0.010590793664  0.007043679668  0.007043679668  0.005025549818  0.010093171713  0.005528266402  0.005528266402  0.005528266402  0.008061684107  0.008065676616  0.005530936396  0.005530936396  0.004520681239  0.003509637126  0.002505264959  0.000000000000  0.000000000000  
piranga_rubra_ku26592 0.033435966278  0.029210754962  0.012638061057  0.012638061057  0.022974362530  0.024010006224  0.018301804829  0.018301804829  0.008058080783  0.008559497301  0.008559497301  0.007043679668  0.013648044574  0.010590793664  0.007043679668  0.007043679668  0.005025549818  0.010093171713  0.005528266402  0.005528266402  0.005528266402  0.008061684107  0.008065676616  0.005530936396  0.005530936396  0.004520681239  0.003509637126  0.002505264959  0.000000000000  0.000000000000  

