30
cardinalis_cardinalis_ku21828 0.000000000000  0.000000000000  0.024989582495  0.018254327363  0.032302950566  0.024452887567  0.027043121590  0.027043121590  0.021843091589  0.021843091589  0.012617413594  0.014656413835  0.014147792974  0.012617413594  0.011597373043  0.012107130678  0.014663819789  0.011597373043  0.010579429299  0.010579429299  0.012107130678  0.012104562977  0.010579429299  0.010579429299  0.013633221701  0.015674820656  0.015685767055  0.014659920456  0.014659920456  0.015685767055  
cardinalis_cardinalis_ku25393 0.000000000000  0.000000000000  0.024989582495  0.018254327363  0.032302950566  0.024452887567  0.027043121590  0.027043121590  0.021843091589  0.021843091589  0.012617413594  0.014656413835  0.014147792974  0.012617413594  0.011597373043  0.012107130678  0.014663819789  0.011597373043  0.010579429299  0.010579429299  0.012107130678  0.012104562977  0.010579429299  0.010579429299  0.013633221701  0.015674820656  0.015685767055  0.014659920456  0.014659920456  0.015685767055  
piranga_erythrocephala_fmnh343371 0.024989582495  0.024989582495  0.000000000000  0.006537093568  0.019817141937  0.012628258193  0.015176745432  0.015176745432  0.029683822532  0.029683822532  0.020342709473  0.022406075802  0.021893580982  0.020342709473  0.019306115972  0.019824141489  0.022422428886  0.019306115972  0.018271687810  0.018271687810  0.019824141489  0.019817141937  0.018271687810  0.018271687810  0.022406075802  0.024475365523  0.023456644100  0.022414054028  0.022414054028  0.024501433851  
piranga_erythrocephala_fmnh343370 0.018254327363  0.018254327363  0.006537093568  0.000000000000  0.013647464614  0.006027344024  0.008552417170  0.008552417170  0.022897777744  0.022897777744  0.013652003837  0.015695031656  0.015186257526  0.013652003837  0.012628258193  0.013139866463  0.015705866333  0.012628258193  0.011606624600  0.011606624600  0.013139866463  0.013135594399  0.011606624600  0.011606624600  0.015695031656  0.017743857683  0.016729846992  0.015700252922  0.015700252922  0.017761586187  
piranga_leucoptera_fmnh481795 0.032302950566  0.032302950566  0.019817141937  0.013647464614  0.000000000000  0.010590427853  0.019281581937  0.019281581937  0.037049418821  0.037049418821  0.027608416983  0.029693312800  0.029176378314  0.027608416983  0.026559220668  0.027083540957  0.029713502116  0.026559220668  0.025512242607  0.025512242607  0.027083540957  0.027074653991  0.025512242607  0.025512242607  0.029693312800  0.031784262713  0.030758546135  0.029703206120  0.029703206120  0.031816140018  
piranga_leucoptera_lsu7783 0.024452887567  0.024452887567  0.012628258193  0.006027344024  0.010590427853  0.000000000000  0.012617413594  0.012617413594  0.029140353842  0.029140353842  0.019810537561  0.021871664585  0.021359196901  0.019810537561  0.018776119488  0.019293058428  0.021885878680  0.018776119488  0.017743857683  0.017743857683  0.019293058428  0.019287122362  0.017743857683  0.017743857683  0.021871664585  0.023938698582  0.022918962518  0.021878573090  0.021878573090  0.023961542340  
piranga_rubriceps_lsu265 0.027043121590  0.027043121590  0.015176745432  0.008552417170  0.019281581937  0.012617413594  0.000000000000  0.000000000000  0.031747431784  0.031747431784  0.022384524645  0.024452887567  0.023938698582  0.022384524645  0.021346326589  0.021865153543  0.024467473440  0.021346326589  0.020310300574  0.020310300574  0.021865153543  0.021859040341  0.020310300574  0.020310300574  0.024452887567  0.026527199603  0.025504193920  0.024459980662  0.024459980662  0.026550613720  
piranga_rubriceps_lsu34818 0.027043121590  0.027043121590  0.015176745432  0.008552417170  0.019281581937  0.012617413594  0.000000000000  0.000000000000  0.031747431784  0.031747431784  0.022384524645  0.024452887567  0.023938698582  0.022384524645  0.021346326589  0.021865153543  0.024467473440  0.021346326589  0.020310300574  0.020310300574  0.021865153543  0.021859040341  0.020310300574  0.020310300574  0.024452887567  0.026527199603  0.025504193920  0.024459980662  0.024459980662  0.026550613720  
piranga_roseogularis_ku2049 0.021843091589  0.021843091589  0.029683822532  0.022897777744  0.037049418821  0.029140353842  0.031747431784  0.031747431784  0.000000000000  0.000000000000  0.016199488373  0.017734010081  0.017738736491  0.016199488373  0.015172578116  0.015685767055  0.017743857683  0.015172578116  0.014147792974  0.014147792974  0.015685767055  0.015681724475  0.014147792974  0.014147792974  0.018249330180  0.020305008200  0.019287122362  0.018254327363  0.018254327363  0.020322075861  
piranga_roseogularis_ku2141 0.021843091589  0.021843091589  0.029683822532  0.022897777744  0.037049418821  0.029140353842  0.031747431784  0.031747431784  0.000000000000  0.000000000000  0.016199488373  0.017734010081  0.017738736491  0.016199488373  0.015172578116  0.015685767055  0.017743857683  0.015172578116  0.014147792974  0.014147792974  0.015685767055  0.015681724475  0.014147792974  0.014147792974  0.018249330180  0.020305008200  0.019287122362  0.018254327363  0.018254327363  0.020322075861  
piranga_ludoviciana_sdsu2650 0.012617413594  0.012617413594  0.020342709473  0.013652003837  0.027608416983  0.019810537561  0.022384524645  0.022384524645  0.016199488373  0.016199488373  0.000000000000  0.002002768002  0.001501700752  0.000000000000  0.001001011049  0.001502276394  0.004016242520  0.001001011049  0.005021033857  0.005021033857  0.006537093568  0.006534699988  0.005021033857  0.005021033857  0.009067197028  0.011096597102  0.010088487960  0.009070514904  0.009070514904  0.011108557943  
piranga_ludoviciana_sdsu2648 0.014656413835  0.014656413835  0.022406075802  0.015695031656  0.029693312800  0.021871664585  0.024452887567  0.024452887567  0.017734010081  0.017734010081  0.002002768002  0.000000000000  0.003508763834  0.002002768002  0.003006813967  0.003509601388  0.006031224444  0.003006813967  0.007038556392  0.007038556392  0.008559257228  0.008556589566  0.007038556392  0.007038556392  0.011096597102  0.013131713077  0.012121307146  0.011100195288  0.011100195288  0.013144528895  
piranga_ludoviciana_sdsu2208 0.014147792974  0.014147792974  0.021893580982  0.015186257526  0.029176378314  0.021359196901  0.023938698582  0.023938698582  0.017738736491  0.017738736491  0.001501700752  0.003508763834  0.000000000000  0.001501700752  0.002505242786  0.003007777474  0.005528129123  0.002505242786  0.006534699988  0.006534699988  0.008054630171  0.008051837899  0.006534699988  0.006534699988  0.010590427853  0.012624252737  0.011614740611  0.010594149956  0.010594149956  0.012637439001  
piranga_ludoviciana_sdsu2385 0.012617413594  0.012617413594  0.020342709473  0.013652003837  0.027608416983  0.019810537561  0.022384524645  0.022384524645  0.016199488373  0.016199488373  0.000000000000  0.002002768002  0.001501700752  0.000000000000  0.001001011049  0.001502276394  0.004016242520  0.001001011049  0.005021033857  0.005021033857  0.006537093568  0.006534699988  0.005021033857  0.005021033857  0.009067197028  0.011096597102  0.010088487960  0.009070514904  0.009070514904  0.011108557943  
piranga_bidentata_itm141 0.011597373043  0.011597373043  0.019306115972  0.012628258193  0.026559220668  0.018776119488  0.021346326589  0.021346326589  0.015172578116  0.015172578116  0.001001011049  0.003006813967  0.002505242786  0.001001011049  0.000000000000  0.000500252592  0.003009124053  0.000000000000  0.004012899817  0.004012899817  0.005525871558  0.005523998768  0.004012899817  0.004012899817  0.008051837899  0.010078115294  0.009070514904  0.008054630171  0.008054630171  0.010088487960  
piranga_bidentata_hgoslp104 0.012107130678  0.012107130678  0.019824141489  0.013139866463  0.027083540957  0.019293058428  0.021865153543  0.021865153543  0.015685767055  0.015685767055  0.001502276394  0.003509601388  0.003007777474  0.001502276394  0.000500252592  0.000000000000  0.003512427258  0.000500252592  0.004516710292  0.004516710292  0.006031224444  0.006029091525  0.004516710292  0.004516710292  0.008559257228  0.010587094360  0.009579239855  0.008562312033  0.008562312033  0.010598260296  
piranga_bidentata_tepe59 0.014663819789  0.014663819789  0.022422428886  0.015705866333  0.029713502116  0.021885878680  0.024467473440  0.024467473440  0.017743857683  0.017743857683  0.004016242520  0.006031224444  0.005528129123  0.004016242520  0.003009124053  0.003512427258  0.000000000000  0.003009124053  0.007043479985  0.007043479985  0.008565753606  0.008562312033  0.007043479985  0.007043479985  0.011104182360  0.013139866463  0.012130733509  0.011108557943  0.011108557943  0.013155023369  
piranga_bidentata_itm160 0.011597373043  0.011597373043  0.019306115972  0.012628258193  0.026559220668  0.018776119488  0.021346326589  0.021346326589  0.015172578116  0.015172578116  0.001001011049  0.003006813967  0.002505242786  0.001001011049  0.000000000000  0.000500252592  0.003009124053  0.000000000000  0.004012899817  0.004012899817  0.005525871558  0.005523998768  0.004012899817  0.004012899817  0.008051837899  0.010078115294  0.009070514904  0.008054630171  0.008054630171  0.010088487960  
piranga_hepatica_ku9084 0.010579429299  0.010579429299  0.018271687810  0.011606624600  0.025512242607  0.017743857683  0.020310300574  0.020310300574  0.014147792974  0.014147792974  0.005021033857  0.007038556392  0.006534699988  0.005021033857  0.004012899817  0.004516710292  0.007043479985  0.004012899817  0.000000000000  0.000000000000  0.001502276394  0.001501700752  0.000000000000  0.000000000000  0.007038556392  0.009061723895  0.008054630171  0.007040825211  0.007040825211  0.009070514904  
piranga_flava_lsu15408 0.010579429299  0.010579429299  0.018271687810  0.011606624600  0.025512242607  0.017743857683  0.020310300574  0.020310300574  0.014147792974  0.014147792974  0.005021033857  0.007038556392  0.006534699988  0.005021033857  0.004012899817  0.004516710292  0.007043479985  0.004012899817  0.000000000000  0.000000000000  0.001502276394  0.001501700752  0.000000000000  0.000000000000  0.007038556392  0.009061723895  0.008054630171  0.007040825211  0.007040825211  0.009070514904  
piranga_lutea_ku89864 0.012107130678  0.012107130678  0.019824141489  0.013139866463  0.027083540957  0.019293058428  0.021865153543  0.021865153543  0.015685767055  0.015685767055  0.006537093568  0.008559257228  0.008054630171  0.006537093568  0.005525871558  0.006031224444  0.008565753606  0.005525871558  0.001502276394  0.001502276394  0.000000000000  0.003007777474  0.001502276394  0.001502276394  0.008559257228  0.010587094360  0.009579239855  0.008562312033  0.008562312033  0.010598260296  
piranga_flava_ku90809 0.012104562977  0.012104562977  0.019817141937  0.013135594399  0.027074653991  0.019287122362  0.021859040341  0.021859040341  0.015681724475  0.015681724475  0.006534699988  0.008556589566  0.008051837899  0.006534699988  0.005523998768  0.006029091525  0.008562312033  0.005523998768  0.001501700752  0.001501700752  0.003007777474  0.000000000000  0.001501700752  0.001501700752  0.008556589566  0.010584149851  0.009575658368  0.008559257228  0.008559257228  0.010594149956  
piranga_lutea_lsu5400 0.010579429299  0.010579429299  0.018271687810  0.011606624600  0.025512242607  0.017743857683  0.020310300574  0.020310300574  0.014147792974  0.014147792974  0.005021033857  0.007038556392  0.006534699988  0.005021033857  0.004012899817  0.004516710292  0.007043479985  0.004012899817  0.000000000000  0.000000000000  0.001502276394  0.001501700752  0.000000000000  0.000000000000  0.007038556392  0.009061723895  0.008054630171  0.007040825211  0.007040825211  0.009070514904  
piranga_hepatica_ku4970 0.010579429299  0.010579429299  0.018271687810  0.011606624600  0.025512242607  0.017743857683  0.020310300574  0.020310300574  0.014147792974  0.014147792974  0.005021033857  0.007038556392  0.006534699988  0.005021033857  0.004012899817  0.004516710292  0.007043479985  0.004012899817  0.000000000000  0.000000000000  0.001502276394  0.001501700752  0.000000000000  0.000000000000  0.007038556392  0.009061723895  0.008054630171  0.007040825211  0.007040825211  0.009070514904  
piranga_olivacea_ku2699 0.013633221701  0.013633221701  0.022406075802  0.015695031656  0.029693312800  0.021871664585  0.024452887567  0.024452887567  0.018249330180  0.018249330180  0.009067197028  0.011096597102  0.010590427853  0.009067197028  0.008051837899  0.008559257228  0.011104182360  0.008051837899  0.007038556392  0.007038556392  0.008559257228  0.008556589566  0.007038556392  0.007038556392  0.000000000000  0.002002768002  0.012121307146  0.011100195288  0.011100195288  0.012121307146  
piranga_olivacea_ku4672 0.015674820656  0.015674820656  0.024475365523  0.017743857683  0.031784262713  0.023938698582  0.026527199603  0.026527199603  0.020305008200  0.020305008200  0.011096597102  0.013131713077  0.012624252737  0.011096597102  0.010078115294  0.010587094360  0.013139866463  0.010078115294  0.009061723895  0.009061723895  0.010587094360  0.010584149851  0.009061723895  0.009061723895  0.002002768002  0.000000000000  0.014159864474  0.013135594399  0.013135594399  0.014159864474  
piranga_rubra_ku7046 0.015685767055  0.015685767055  0.023456644100  0.016729846992  0.030758546135  0.022918962518  0.025504193920  0.025504193920  0.019287122362  0.019287122362  0.010088487960  0.012121307146  0.011614740611  0.010088487960  0.009070514904  0.009579239855  0.012130733509  0.009070514904  0.008054630171  0.008054630171  0.009579239855  0.009575658368  0.008054630171  0.008054630171  0.012121307146  0.014159864474  0.000000000000  0.001001011049  0.001001011049  0.003009124053  
piranga_rubra_sdsu2654 0.014659920456  0.014659920456  0.022414054028  0.015700252922  0.029703206120  0.021878573090  0.024459980662  0.024459980662  0.018254327363  0.018254327363  0.009070514904  0.011100195288  0.010594149956  0.009070514904  0.008054630171  0.008562312033  0.011108557943  0.008054630171  0.007040825211  0.007040825211  0.008562312033  0.008559257228  0.007040825211  0.007040825211  0.011100195288  0.013135594399  0.001001011049  0.000000000000  0.000000000000  0.002004049656  
piranga_rubra_sdsu2635 0.014659920456  0.014659920456  0.022414054028  0.015700252922  0.029703206120  0.021878573090  0.024459980662  0.024459980662  0.018254327363  0.018254327363  0.009070514904  0.011100195288  0.010594149956  0.009070514904  0.008054630171  0.008562312033  0.011108557943  0.008054630171  0.007040825211  0.007040825211  0.008562312033  0.008559257228  0.007040825211  0.007040825211  0.011100195288  0.013135594399  0.001001011049  0.000000000000  0.000000000000  0.002004049656  
piranga_rubra_ku26592 0.015685767055  0.015685767055  0.024501433851  0.017761586187  0.031816140018  0.023961542340  0.026550613720  0.026550613720  0.020322075861  0.020322075861  0.011108557943  0.013144528895  0.012637439001  0.011108557943  0.010088487960  0.010598260296  0.013155023369  0.010088487960  0.009070514904  0.009070514904  0.010598260296  0.010594149956  0.009070514904  0.009070514904  0.012121307146  0.014159864474  0.003009124053  0.002004049656  0.002004049656  0.000000000000  

