30
cardinalis_cardinalis_ku21828 0.000000000000  0.000000000000  0.011595700826  0.027040858824  0.024436716146  0.016193685541  0.013126156101  0.014665600288  0.012107792809  0.014654962612  0.020817831686  0.020310266142  0.019276035705  0.018759774792  0.018759774792  0.017218137291  0.021865902226  0.021859871203  0.012107792809  0.014145993471  0.013634467889  0.016190108108  0.020305148360  0.020305148360  0.020296221750  0.018244081744  0.012615449025  0.015676937615  0.015164328213  0.015164328213  
cardinalis_cardinalis_ku25393 0.000000000000  0.000000000000  0.011595700826  0.027040858824  0.024436716146  0.016193685541  0.013126156101  0.014665600288  0.012107792809  0.014654962612  0.020817831686  0.020310266142  0.019276035705  0.018759774792  0.018759774792  0.017218137291  0.021865902226  0.021859871203  0.012107792809  0.014145993471  0.013634467889  0.016190108108  0.020305148360  0.020305148360  0.020296221750  0.018244081744  0.012615449025  0.015676937615  0.015164328213  0.015164328213  
piranga_bidentata_hgoslp104 0.011595700826  0.011595700826  0.000000000000  0.018258415186  0.015688069841  0.008561767933  0.004517428547  0.006035492260  0.003511342156  0.007036232811  0.012114067913  0.011610981714  0.010590506140  0.010081100101  0.010081100101  0.008558769147  0.013145871976  0.013141072103  0.003511342156  0.005524952728  0.005020157665  0.007544331457  0.012629180472  0.012629180472  0.011600530482  0.009572246956  0.004013430611  0.007037934554  0.006532084035  0.006532084035  
piranga_erythrocephala_fmnh343370 0.027040858824  0.027040858824  0.018258415186  0.000000000000  0.002505475027  0.019798115914  0.015683927429  0.017231964911  0.014661623789  0.017218137291  0.022379259985  0.021872370144  0.020834095883  0.020315819746  0.020315819746  0.019792865737  0.024462588313  0.024455460736  0.014661623789  0.016707717494  0.016193685541  0.018759774792  0.023413254939  0.023413254939  0.022881924513  0.020822816659  0.015170722018  0.017737475273  0.017222313657  0.017222313657  
piranga_erythrocephala_fmnh343371 0.024436716146  0.024436716146  0.015688069841  0.002505475027  0.000000000000  0.017222313657  0.013126156101  0.014665600288  0.012107792809  0.014654962612  0.019792865737  0.019286365286  0.018253203583  0.017737475273  0.017737475273  0.017218137291  0.021865902226  0.021859871203  0.012107792809  0.014145993471  0.013634467889  0.016190108108  0.021341057184  0.021341057184  0.020296221750  0.018244081744  0.012615449025  0.015170722018  0.014658077774  0.014658077774  
piranga_ludoviciana_sdsu2648 0.016193685541  0.016193685541  0.008561767933  0.019798115914  0.017222313657  0.000000000000  0.004013430611  0.007549585794  0.005020157665  0.008552319415  0.013640802124  0.013136700214  0.012114067913  0.011603587027  0.011603587027  0.010078072541  0.013648854062  0.013644613564  0.005020157665  0.007037934554  0.006532084035  0.009061503597  0.014157029899  0.014157029899  0.013126156101  0.011093661370  0.005523274171  0.008554044522  0.008047134124  0.008047134124  
piranga_ludoviciana_sdsu2385 0.013126156101  0.013126156101  0.004517428547  0.015683927429  0.013126156101  0.004013430611  0.000000000000  0.003511342156  0.001000709183  0.004513862819  0.009567203721  0.009063945505  0.008048992913  0.007542339393  0.007542339393  0.006026778724  0.010590506140  0.010587184800  0.001000709183  0.003006395119  0.002504303104  0.005017799028  0.010078072541  0.010078072541  0.009057895935  0.007036232811  0.001501536103  0.004514122307  0.004010986120  0.004010986120  
piranga_olivacea_ku4672 0.014665600288  0.014665600288  0.006035492260  0.017231964911  0.014665600288  0.007549585794  0.003511342156  0.000000000000  0.002506689327  0.006026778724  0.011096850516  0.010594253389  0.009575406604  0.009066812309  0.009066812309  0.007546747046  0.012126687126  0.012122053667  0.002506689327  0.004517428547  0.004013430611  0.006533918943  0.011610981714  0.011610981714  0.010584289734  0.008558769147  0.003008138832  0.006028324229  0.005523274171  0.005523274171  
piranga_ludoviciana_sdsu2208 0.012107792809  0.012107792809  0.003511342156  0.014661623789  0.012107792809  0.005020157665  0.001000709183  0.002506689327  0.000000000000  0.003508389307  0.008554044522  0.008051275926  0.007037934554  0.006532084035  0.006532084035  0.005018767596  0.009575406604  0.009572246956  0.000000000000  0.002002839500  0.001501536103  0.004011380227  0.009063945505  0.009063945505  0.008045699927  0.006026778724  0.000500191931  0.003508497107  0.003006152820  0.003006152820  
piranga_bidentata_tepe59 0.014654962612  0.014654962612  0.007036232811  0.017218137291  0.014654962612  0.008552319415  0.004513862819  0.006026778724  0.003508389307  0.000000000000  0.009063945505  0.008561767933  0.007546747046  0.007040059489  0.007040059489  0.008551019604  0.012618239146  0.012615449025  0.003508389307  0.005520770953  0.005017127867  0.007538908018  0.012615449025  0.012615449025  0.011592584888  0.009563864353  0.004011013227  0.007033670405  0.006528976678  0.006528976678  
piranga_flava_lsu15408 0.020817831686  0.020817831686  0.012114067913  0.022379259985  0.019792865737  0.013640802124  0.009567203721  0.011096850516  0.008554044522  0.009063945505  0.000000000000  0.003509973897  0.002504679497  0.002002839500  0.002002839500  0.013637420109  0.017742385408  0.017737475273  0.008554044522  0.010581821310  0.010073295597  0.012615449025  0.017737475273  0.017737475273  0.016700397335  0.014658077774  0.009059486951  0.011086657290  0.011595700826  0.011595700826  
piranga_lutea_lsu5400 0.020310266142  0.020310266142  0.011610981714  0.021872370144  0.019286365286  0.013136700214  0.009063945505  0.010594253389  0.008051275926  0.008561767933  0.003509973897  0.000000000000  0.002004278114  0.001502404724  0.001502404724  0.013132756673  0.017237439061  0.017231964911  0.008051275926  0.010078072541  0.009569512539  0.012110716347  0.017231964911  0.017231964911  0.016193685541  0.014152921197  0.008556194555  0.010581821310  0.011090899205  0.011090899205  
piranga_hepatica_ku4970 0.019276035705  0.019276035705  0.010590506140  0.020834095883  0.018253203583  0.012114067913  0.008048992913  0.009575406604  0.007037934554  0.007546747046  0.002504679497  0.002004278114  0.000000000000  0.000500266811  0.000500266811  0.012110716347  0.016207009947  0.016202136829  0.007037934554  0.009061503597  0.008554044522  0.011090899205  0.016202136829  0.016202136829  0.015167309330  0.013129241846  0.007542339393  0.009565320869  0.010073295597  0.010073295597  
piranga_flava_ku90809 0.018759774792  0.018759774792  0.010081100101  0.020315819746  0.017737475273  0.011603587027  0.007542339393  0.009066812309  0.006532084035  0.007040059489  0.002002839500  0.001502404724  0.000500266811  0.000000000000  0.000000000000  0.011600530482  0.015692643431  0.015688069841  0.006532084035  0.008554044522  0.008047134124  0.010581821310  0.015688069841  0.015688069841  0.014654962612  0.012618239146  0.007036232811  0.009057895935  0.009565320869  0.009565320869  
piranga_lutea_ku89864 0.018759774792  0.018759774792  0.010081100101  0.020315819746  0.017737475273  0.011603587027  0.007542339393  0.009066812309  0.006532084035  0.007040059489  0.002002839500  0.001502404724  0.000500266811  0.000000000000  0.000000000000  0.011600530482  0.015692643431  0.015688069841  0.006532084035  0.008554044522  0.008047134124  0.010581821310  0.015688069841  0.015688069841  0.014654962612  0.012618239146  0.007036232811  0.009057895935  0.009565320869  0.009565320869  
piranga_hepatica_ku9084 0.017218137291  0.017218137291  0.008558769147  0.019792865737  0.017218137291  0.010078072541  0.006026778724  0.007546747046  0.005018767596  0.008551019604  0.013637420109  0.013132756673  0.012110716347  0.011600530482  0.011600530482  0.000000000000  0.014670006902  0.014665600288  0.005018767596  0.007036232811  0.006530671987  0.009059486951  0.014152921197  0.014152921197  0.013123499807  0.011090899205  0.005522017444  0.008045699927  0.007539627304  0.007539627304  
piranga_roseogularis_ku2049 0.021865902226  0.021865902226  0.013145871976  0.024462588313  0.021865902226  0.013648854062  0.010590506140  0.012126687126  0.009575406604  0.012618239146  0.017742385408  0.017237439061  0.016207009947  0.015692643431  0.015692643431  0.014670006902  0.000000000000  0.005024200850  0.009575406604  0.011607070893  0.011096850516  0.013644613564  0.018780960960  0.018780960960  0.017737475273  0.015692643431  0.010081100101  0.013132756673  0.012621458006  0.012621458006  
piranga_roseogularis_ku2141 0.021859871203  0.021859871203  0.013141072103  0.024455460736  0.021859871203  0.013644613564  0.010587184800  0.012122053667  0.009572246956  0.012615449025  0.017737475273  0.017231964911  0.016202136829  0.015688069841  0.015688069841  0.014665600288  0.005024200850  0.000000000000  0.009572246956  0.011603587027  0.011093661370  0.013640802124  0.017742385408  0.017742385408  0.017732998451  0.015688069841  0.010078072541  0.013129241846  0.012618239146  0.012618239146  
piranga_ludoviciana_sdsu2650 0.012107792809  0.012107792809  0.003511342156  0.014661623789  0.012107792809  0.005020157665  0.001000709183  0.002506689327  0.000000000000  0.003508389307  0.008554044522  0.008051275926  0.007037934554  0.006532084035  0.006532084035  0.005018767596  0.009575406604  0.009572246956  0.000000000000  0.002002839500  0.001501536103  0.004011380227  0.009063945505  0.009063945505  0.008045699927  0.006026778724  0.000500191931  0.003508497107  0.003006152820  0.003006152820  
piranga_bidentata_itm160 0.014145993471  0.014145993471  0.005524952728  0.016707717494  0.014145993471  0.007037934554  0.003006395119  0.004517428547  0.002002839500  0.005520770953  0.010581821310  0.010078072541  0.009061503597  0.008554044522  0.008554044522  0.007036232811  0.011607070893  0.011603587027  0.002002839500  0.000000000000  0.000500266811  0.006025655746  0.011093661370  0.011093661370  0.009059486951  0.007037934554  0.002504303104  0.005521182916  0.005017252328  0.005017252328  
piranga_bidentata_itm141 0.013634467889  0.013634467889  0.005020157665  0.016193685541  0.013634467889  0.006532084035  0.002504303104  0.004013430611  0.001501536103  0.005017127867  0.010073295597  0.009569512539  0.008554044522  0.008047134124  0.008047134124  0.006530671987  0.011096850516  0.011093661370  0.001501536103  0.000500266811  0.000000000000  0.005521182916  0.010584289734  0.010584289734  0.008552319415  0.006532084035  0.002002748227  0.005017252328  0.004513862819  0.004513862819  
piranga_leucoptera_lsu7783 0.016190108108  0.016190108108  0.007544331457  0.018759774792  0.016190108108  0.009061503597  0.005017799028  0.006533918943  0.004011380227  0.007538908018  0.012615449025  0.012110716347  0.011090899205  0.010581821310  0.010581821310  0.009059486951  0.013644613564  0.013640802124  0.004011380227  0.006025655746  0.005521182916  0.000000000000  0.005021968871  0.005021968871  0.009059486951  0.007037934554  0.004514122307  0.007539627304  0.007034100366  0.007034100366  
piranga_leucoptera_fmnh481795 0.020305148360  0.020305148360  0.012629180472  0.023413254939  0.021341057184  0.014157029899  0.010078072541  0.011610981714  0.009063945505  0.012615449025  0.017737475273  0.017231964911  0.016202136829  0.015688069841  0.015688069841  0.014152921197  0.018780960960  0.017742385408  0.009063945505  0.011093661370  0.010584289734  0.005021968871  0.000000000000  0.000000000000  0.014152921197  0.012117847141  0.009569512539  0.012618239146  0.012107792809  0.012107792809  
piranga_olivacea_ku2699 0.020305148360  0.020305148360  0.012629180472  0.023413254939  0.021341057184  0.014157029899  0.010078072541  0.011610981714  0.009063945505  0.012615449025  0.017737475273  0.017231964911  0.016202136829  0.015688069841  0.015688069841  0.014152921197  0.018780960960  0.017742385408  0.009063945505  0.011093661370  0.010584289734  0.005021968871  0.000000000000  0.000000000000  0.014152921197  0.012117847141  0.009569512539  0.012618239146  0.012107792809  0.012107792809  
piranga_rubriceps_lsu265 0.020296221750  0.020296221750  0.011600530482  0.022881924513  0.020296221750  0.013126156101  0.009057895935  0.010584289734  0.008045699927  0.011592584888  0.016700397335  0.016193685541  0.015167309330  0.014654962612  0.014654962612  0.013123499807  0.017737475273  0.017732998451  0.008045699927  0.009059486951  0.008552319415  0.009059486951  0.014152921197  0.014152921197  0.000000000000  0.005017799028  0.008551019604  0.011593928456  0.011085178282  0.011085178282  
piranga_rubriceps_lsu34818 0.018244081744  0.018244081744  0.009572246956  0.020822816659  0.018244081744  0.011093661370  0.007036232811  0.008558769147  0.006026778724  0.009563864353  0.014658077774  0.014152921197  0.013129241846  0.012618239146  0.012618239146  0.011090899205  0.015692643431  0.015688069841  0.006026778724  0.007037934554  0.006532084035  0.007037934554  0.012117847141  0.012117847141  0.005017799028  0.000000000000  0.006530671987  0.009565320869  0.009057895935  0.009057895935  
piranga_rubra_ku7046 0.012615449025  0.012615449025  0.004013430611  0.015170722018  0.012615449025  0.005523274171  0.001501536103  0.003008138832  0.000500191931  0.004011013227  0.009059486951  0.008556194555  0.007542339393  0.007036232811  0.007036232811  0.005522017444  0.010081100101  0.010078072541  0.000500191931  0.002504303104  0.002002748227  0.004514122307  0.009569512539  0.009569512539  0.008551019604  0.006530671987  0.000000000000  0.004010986120  0.003508389307  0.003508389307  
piranga_rubra_sdsu2635 0.015676937615  0.015676937615  0.007037934554  0.017737475273  0.015170722018  0.008554044522  0.004514122307  0.006028324229  0.003508497107  0.007033670405  0.011086657290  0.010581821310  0.009565320869  0.009057895935  0.009057895935  0.008045699927  0.013132756673  0.013129241846  0.003508497107  0.005521182916  0.005017252328  0.007539627304  0.012618239146  0.012618239146  0.011593928456  0.009565320869  0.004010986120  0.000000000000  0.003508497107  0.003508497107  
piranga_rubra_sdsu2654 0.015164328213  0.015164328213  0.006532084035  0.017222313657  0.014658077774  0.008047134124  0.004010986120  0.005523274171  0.003006152820  0.006528976678  0.011595700826  0.011090899205  0.010073295597  0.009565320869  0.009565320869  0.007539627304  0.012621458006  0.012618239146  0.003006152820  0.005017252328  0.004513862819  0.007034100366  0.012107792809  0.012107792809  0.011085178282  0.009057895935  0.003508389307  0.003508497107  0.000000000000  0.003006152820  
piranga_rubra_ku26592 0.015164328213  0.015164328213  0.006532084035  0.017222313657  0.014658077774  0.008047134124  0.004010986120  0.005523274171  0.003006152820  0.006528976678  0.011595700826  0.011090899205  0.010073295597  0.009565320869  0.009565320869  0.007539627304  0.012621458006  0.012618239146  0.003006152820  0.005017252328  0.004513862819  0.007034100366  0.012107792809  0.012107792809  0.011085178282  0.009057895935  0.003508389307  0.003508497107  0.003006152820  0.000000000000  

