30
piranga_rubra_ku26592 0.000000000000  0.004463070422  0.004468163654  0.012022552901  0.007473608899  0.016546539620  0.003561177225  0.015726063420  0.004474828473  0.005968193875  0.010502194366  0.008556095500  0.005960826554  0.003801188339  0.002977907244  0.003904312709  0.005403633520  0.002970644539  0.002016914853  0.005968193875  0.008756294658  0.004463070422  0.010486460617  0.011220195762  0.013515264054  0.007473608899  0.002289342583  0.005960826554  0.002977907244  0.004468163654  
piranga_flava_ku90809 0.004463070422  0.000000000000  0.005960826554  0.013530912880  0.008972482819  0.018068525951  0.005345858806  0.017317341811  0.005969722800  0.007463951145  0.012010631420  0.006404064515  0.001484104491  0.003801188339  0.007475110179  0.001949027700  0.001795954899  0.004461272418  0.002016914853  0.007463951145  0.008756294658  0.000000000000  0.011992625515  0.011220195762  0.015028794164  0.007473608899  0.002289342583  0.004468163654  0.007475110179  0.005960826554  
piranga_ludoviciana_sdsu2385 0.004468163654  0.005960826554  0.000000000000  0.010500748978  0.005968193875  0.015017510801  0.003561177225  0.014129625303  0.002977907244  0.004468163654  0.005969722800  0.008556095500  0.007463951145  0.007626252749  0.004474828473  0.005868757048  0.007219618707  0.004463070422  0.002016914853  0.004468163654  0.006990348010  0.005960826554  0.008972482819  0.009333120159  0.011992625515  0.011260960636  0.002289342583  0.004463070422  0.004474828473  0.002973479852  
piranga_rubriceps_lsu265 0.012022552901  0.013530912880  0.010500748978  0.000000000000  0.007473608899  0.022719022226  0.007152854932  0.020552169278  0.010516525717  0.012022552901  0.016622713660  0.015079254163  0.015061467575  0.011486527737  0.012040649060  0.011817914343  0.010875352411  0.012005924006  0.012249612485  0.012022552901  0.008756294658  0.013530912880  0.004463070422  0.016932913744  0.019661712784  0.018939848713  0.009233326316  0.012005924006  0.012040649060  0.010500748978  
piranga_leucoptera_lsu7783 0.007473608899  0.008972482819  0.005968193875  0.007473608899  0.000000000000  0.018081163841  0.001776808463  0.014129625303  0.005977112167  0.007473608899  0.012023970039  0.006404064515  0.010486460617  0.003801188339  0.007484796884  0.003904312709  0.005403633520  0.007463951145  0.006080081031  0.007473608899  0.001736693375  0.008972482819  0.005960826554  0.009333120159  0.015043451239  0.007473608899  0.000000000000  0.007463951145  0.007484796884  0.005968193875  
cardinalis_cardinalis_ku25393 0.016546539620  0.018068525951  0.015017510801  0.022719022226  0.018081163841  0.000000000000  0.010758345653  0.001553260598  0.015040098921  0.013494036730  0.021181917158  0.017241872880  0.019606389069  0.011474519812  0.016571469252  0.017788329594  0.016378197985  0.016536281836  0.016326905724  0.013494036730  0.021214128567  0.018068525951  0.021149912554  0.022664513211  0.021135894653  0.015035701896  0.013864957661  0.016536281836  0.016571469252  0.015017510801  
piranga_olivacea_ku2699 0.003561177225  0.005345858806  0.003561177225  0.007152854932  0.001776808463  0.010758345653  0.000000000000  0.008946410442  0.001779971135  0.005353170900  0.010777671614  0.006905248613  0.007142270422  0.003801188339  0.003567529566  0.004280328626  0.007603908302  0.005345858806  0.000000000000  0.003561177225  0.000000000000  0.005345858806  0.007142270422  0.008500008912  0.010745897106  0.007473608899  0.000000000000  0.005345858806  0.003567529566  0.001776808463  
cardinalis_cardinalis_ku21828 0.015726063420  0.017317341811  0.014129625303  0.020552169278  0.014129625303  0.001553260598  0.008946410442  0.000000000000  0.014151844440  0.012539241538  0.020568153717  0.017241872880  0.018923412797  0.011474519812  0.015750835251  0.015779405375  0.014528971804  0.015717398321  0.016667083710  0.010954866377  0.016668126032  0.017317341811  0.018923412797  0.020736428948  0.018913288862  0.015035701896  0.013864957661  0.015717398321  0.015750835251  0.012539241538  
piranga_rubra_ku7046 0.004474828473  0.005969722800  0.002977907244  0.010516525717  0.005977112167  0.015040098921  0.001779971135  0.014151844440  0.000000000000  0.004474828473  0.008985920961  0.006404064515  0.007475110179  0.003801188339  0.004474828473  0.003904312709  0.005413384269  0.004469720027  0.002016914853  0.004474828473  0.006990348010  0.005969722800  0.008985920961  0.009333120159  0.012010631420  0.007473608899  0.000000000000  0.004469720027  0.004474828473  0.002977907244  
piranga_bidentata_hgoslp104 0.005968193875  0.007463951145  0.004468163654  0.012022552901  0.007473608899  0.013494036730  0.005353170900  0.012539241538  0.004474828473  0.000000000000  0.010502194366  0.008556095500  0.008972482819  0.003801188339  0.005977112167  0.005868757048  0.007219618707  0.005960826554  0.002016914853  0.002973479852  0.006990348010  0.007463951145  0.010486460617  0.009333120159  0.013515264054  0.007473608899  0.002289342583  0.005960826554  0.005977112167  0.004468163654  
piranga_ludoviciana_sdsu2648 0.010502194366  0.012010631420  0.005969722800  0.016622713660  0.012023970039  0.021181917158  0.010777671614  0.020568153717  0.008985920961  0.010502194366  0.000000000000  0.008556095500  0.013535591925  0.007626252749  0.010502194366  0.007835397733  0.012722179392  0.010491196195  0.002016914853  0.010502194366  0.008743034926  0.012010631420  0.015066118043  0.011217090419  0.018124542029  0.011260960636  0.002289342583  0.007468742444  0.010502194366  0.008985920961  
piranga_roseogularis_ku2049 0.008556095500  0.006404064515  0.008556095500  0.015079254163  0.006404064515  0.017241872880  0.006905248613  0.017241872880  0.006404064515  0.008556095500  0.008556095500  0.000000000000  0.008556095500  0.007629269729  0.010719227062  0.008554545169  0.008667335606  0.008554545169  0.006719643318  0.008556095500  0.006404064515  0.006404064515  0.010719227062  0.006407779241  0.019440744232  0.011228561590  0.004770382726  0.006404064515  0.010719227062  0.006404064515  
piranga_hepatica_ku4970 0.005960826554  0.001484104491  0.007463951145  0.015061467575  0.010486460617  0.019606389069  0.007142270422  0.018923412797  0.007475110179  0.008972482819  0.013535591925  0.008556095500  0.000000000000  0.007626252749  0.008985920961  0.003904312709  0.003599634265  0.005956761346  0.004043576973  0.008972482819  0.010529709261  0.001484104491  0.013515264054  0.013115801406  0.016560193103  0.011260960636  0.004591251633  0.005968193875  0.008985920961  0.007463951145  
piranga_hepatica_ku9084 0.003801188339  0.003801188339  0.007626252749  0.011486527737  0.003801188339  0.011474519812  0.003801188339  0.011474519812  0.003801188339  0.003801188339  0.007626252749  0.007629269729  0.007626252749  0.000000000000  0.007626252749  0.003801188339  0.007626252749  0.003801188339  0.003801188339  0.003801188339  0.003801188339  0.003801188339  0.007626252749  0.015350312778  0.011474519812  0.014693484700  0.003801188339  0.003801188339  0.007626252749  0.003801188339  
piranga_rubra_sdsu2654 0.002977907244  0.007475110179  0.004474828473  0.012040649060  0.007484796884  0.016571469252  0.003567529566  0.015750835251  0.004474828473  0.005977112167  0.010502194366  0.010719227062  0.008985920961  0.007626252749  0.000000000000  0.007842446933  0.009059889193  0.005969722800  0.004043576973  0.005977112167  0.008756294658  0.007475110179  0.010502194366  0.011220195762  0.013535591925  0.011260960636  0.004591251633  0.005969722800  0.002977907244  0.004474828473  
piranga_flava_lsu15408 0.003904312709  0.001949027700  0.005868757048  0.011817914343  0.003904312709  0.017788329594  0.004280328626  0.015779405375  0.003904312709  0.005868757048  0.007835397733  0.008554545169  0.003904312709  0.003801188339  0.007842446933  0.000000000000  0.004038332036  0.003905096999  0.002178287366  0.005868757048  0.003904312709  0.001949027700  0.009814448219  0.011790199428  0.015790909432  0.007473608899  0.002319775496  0.003904312709  0.007842446933  0.003904312709  
piranga_lutea_lsu5400 0.005403633520  0.001795954899  0.007219618707  0.010875352411  0.005403633520  0.016378197985  0.007603908302  0.014528971804  0.005413384269  0.007219618707  0.012722179392  0.008667335606  0.003599634265  0.007626252749  0.009059889193  0.004038332036  0.000000000000  0.005400994922  0.002263433645  0.007219618707  0.003987148348  0.001795954899  0.010862630640  0.012078544242  0.016378197985  0.007473608899  0.002416588070  0.005411104833  0.009059889193  0.005403633520  
piranga_olivacea_ku4672 0.002970644539  0.004461272418  0.004463070422  0.012005924006  0.007463951145  0.016536281836  0.005345858806  0.015717398321  0.004469720027  0.005960826554  0.010491196195  0.008554545169  0.005956761346  0.003801188339  0.005969722800  0.003905096999  0.005400994922  0.000000000000  0.000000000000  0.005960826554  0.008743034926  0.004461272418  0.010475495474  0.011217090419  0.013502967176  0.007473608899  0.000000000000  0.005956761346  0.005969722800  0.004463070422  
piranga_ludoviciana_sdsu2208 0.002016914853  0.002016914853  0.002016914853  0.012249612485  0.006080081031  0.016326905724  0.000000000000  0.016667083710  0.002016914853  0.002016914853  0.002016914853  0.006719643318  0.004043576973  0.003801188339  0.004043576973  0.002178287366  0.002263433645  0.000000000000  0.000000000000  0.004043576973  0.004051768856  0.002016914853  0.008126523083  0.008375422198  0.012211266493  0.007473608899  0.000000000000  0.000000000000  0.004043576973  0.002016914853  
piranga_bidentata_itm160 0.005968193875  0.007463951145  0.004468163654  0.012022552901  0.007473608899  0.013494036730  0.003561177225  0.010954866377  0.004474828473  0.002973479852  0.010502194366  0.008556095500  0.008972482819  0.003801188339  0.005977112167  0.005868757048  0.007219618707  0.005960826554  0.004043576973  0.000000000000  0.008756294658  0.007463951145  0.010486460617  0.009333120159  0.013515264054  0.007473608899  0.002289342583  0.005960826554  0.005977112167  0.001484104491  
piranga_leucoptera_fmnh481795 0.008756294658  0.008756294658  0.006990348010  0.008756294658  0.001736693375  0.021214128567  0.000000000000  0.016668126032  0.006990348010  0.006990348010  0.008743034926  0.006404064515  0.010529709261  0.003801188339  0.008756294658  0.003904312709  0.003987148348  0.008743034926  0.004051768856  0.008756294658  0.000000000000  0.008756294658  0.006980239260  0.009333120159  0.017645082907  0.007473608899  0.000000000000  0.005231806683  0.008756294658  0.006990348010  
piranga_lutea_ku89864 0.004463070422  0.000000000000  0.005960826554  0.013530912880  0.008972482819  0.018068525951  0.005345858806  0.017317341811  0.005969722800  0.007463951145  0.012010631420  0.006404064515  0.001484104491  0.003801188339  0.007475110179  0.001949027700  0.001795954899  0.004461272418  0.002016914853  0.007463951145  0.008756294658  0.000000000000  0.011992625515  0.011220195762  0.015028794164  0.007473608899  0.002289342583  0.004468163654  0.007475110179  0.005960826554  
piranga_rubriceps_lsu34818 0.010486460617  0.011992625515  0.008972482819  0.004463070422  0.005960826554  0.021149912554  0.007142270422  0.018923412797  0.008985920961  0.010486460617  0.015066118043  0.010719227062  0.013515264054  0.007626252749  0.010502194366  0.009814448219  0.010862630640  0.010475495474  0.008126523083  0.010486460617  0.006980239260  0.011992625515  0.000000000000  0.015009615812  0.018097204836  0.015082828929  0.004591251633  0.010475495474  0.010502194366  0.008972482819  
piranga_roseogularis_ku2141 0.011220195762  0.011220195762  0.009333120159  0.016932913744  0.009333120159  0.022664513211  0.008500008912  0.020736428948  0.009333120159  0.009333120159  0.011217090419  0.006407779241  0.013115801406  0.015350312778  0.011220195762  0.011790199428  0.012078544242  0.011217090419  0.008375422198  0.009333120159  0.009333120159  0.011220195762  0.015009615812  0.000000000000  0.018824272864  0.015035701896  0.006889390781  0.007454498173  0.011220195762  0.007454498173  
piranga_erythrocephala_fmnh343371 0.013515264054  0.015028794164  0.011992625515  0.019661712784  0.015043451239  0.021135894653  0.010745897106  0.018913288862  0.012010631420  0.013515264054  0.018124542029  0.019440744232  0.016560193103  0.011474519812  0.013535591925  0.015790909432  0.016378197985  0.013502967176  0.012211266493  0.013515264054  0.017645082907  0.015028794164  0.018097204836  0.018824272864  0.000000000000  0.003720155834  0.013877774316  0.013502967176  0.013535591925  0.011992625515  
piranga_erythrocephala_fmnh343370 0.007473608899  0.007473608899  0.011260960636  0.018939848713  0.007473608899  0.015035701896  0.007473608899  0.015035701896  0.007473608899  0.007473608899  0.011260960636  0.011228561590  0.011260960636  0.014693484700  0.011260960636  0.007473608899  0.007473608899  0.007473608899  0.007473608899  0.007473608899  0.007473608899  0.007473608899  0.015082828929  0.015035701896  0.003720155834  0.000000000000  0.007855213681  0.007473608899  0.011260960636  0.007473608899  
piranga_ludoviciana_sdsu2650 0.002289342583  0.002289342583  0.002289342583  0.009233326316  0.000000000000  0.013864957661  0.000000000000  0.013864957661  0.000000000000  0.002289342583  0.002289342583  0.004770382726  0.004591251633  0.003801188339  0.004591251633  0.002319775496  0.002416588070  0.000000000000  0.000000000000  0.002289342583  0.000000000000  0.002289342583  0.004591251633  0.006889390781  0.013877774316  0.007855213681  0.000000000000  0.000000000000  0.004591251633  0.000000000000  
piranga_bidentata_tepe59 0.005960826554  0.004468163654  0.004463070422  0.012005924006  0.007463951145  0.016536281836  0.005345858806  0.015717398321  0.004469720027  0.005960826554  0.007468742444  0.006404064515  0.005968193875  0.003801188339  0.005969722800  0.003904312709  0.005411104833  0.005956761346  0.000000000000  0.005960826554  0.005231806683  0.004468163654  0.010475495474  0.007454498173  0.013502967176  0.007473608899  0.000000000000  0.000000000000  0.005969722800  0.004463070422  
piranga_rubra_sdsu2635 0.002977907244  0.007475110179  0.004474828473  0.012040649060  0.007484796884  0.016571469252  0.003567529566  0.015750835251  0.004474828473  0.005977112167  0.010502194366  0.010719227062  0.008985920961  0.007626252749  0.002977907244  0.007842446933  0.009059889193  0.005969722800  0.004043576973  0.005977112167  0.008756294658  0.007475110179  0.010502194366  0.011220195762  0.013535591925  0.011260960636  0.004591251633  0.005969722800  0.000000000000  0.004474828473  
piranga_bidentata_itm141 0.004468163654  0.005960826554  0.002973479852  0.010500748978  0.005968193875  0.015017510801  0.001776808463  0.012539241538  0.002977907244  0.004468163654  0.008985920961  0.006404064515  0.007463951145  0.003801188339  0.004474828473  0.003904312709  0.005403633520  0.004463070422  0.002016914853  0.001484104491  0.006990348010  0.005960826554  0.008972482819  0.007454498173  0.011992625515  0.007473608899  0.000000000000  0.004463070422  0.004474828473  0.000000000000  

