30
cardinalis_cardinalis_ku21828 0.000000000000  0.001501734394  0.020863052206  0.021895254445  0.022416034730  0.021382997850  0.021382997850  0.018278367473  0.018285409184  0.016220077464  0.016220077464  0.017245170337  0.015196459573  0.016226376712  0.017258509454  0.017258509454  0.019306587563  0.018795801597  0.017251631994  0.014682328886  0.016735577494  0.019313794361  0.019840263473  0.016735577494  0.016735577494  0.017761490787  0.018788886066  0.016729404930  0.019832346973  0.016729404930  
cardinalis_cardinalis_ku25393 0.001501734394  0.000000000000  0.019313794361  0.020343669422  0.020863052206  0.019832346973  0.019832346973  0.016735577494  0.016742165537  0.014682328886  0.014682328886  0.015705130714  0.013660995090  0.014688179285  0.015717567328  0.015717567328  0.017761490787  0.017251631994  0.015711141787  0.013148226490  0.015196459573  0.017768242158  0.018292867351  0.015196459573  0.015196459573  0.016220077464  0.017245170337  0.015190736057  0.018285409184  0.015190736057  
piranga_erythrocephala_fmnh343370 0.020863052206  0.019313794361  0.000000000000  0.001000701086  0.003511116307  0.002506536056  0.007551777707  0.004518971904  0.011617751857  0.009577530924  0.009577530924  0.011613200634  0.008563934328  0.009581362434  0.010600952677  0.010600952677  0.012631297845  0.012124330428  0.010596556920  0.008056028215  0.010086773380  0.012636005325  0.013153631286  0.010086773380  0.010086773380  0.011102614784  0.012119907156  0.010083070293  0.013148226490  0.011102614784  
piranga_erythrocephala_fmnh343371 0.021895254445  0.020343669422  0.001000701086  0.000000000000  0.004517113455  0.003511116307  0.008563934328  0.005526536993  0.012636005325  0.010592571721  0.010592571721  0.012631297845  0.009577530924  0.010596556920  0.011617751857  0.011617751857  0.013650852841  0.013143234196  0.011613200634  0.009068828404  0.011102614784  0.012631297845  0.014174312297  0.011102614784  0.011102614784  0.012119907156  0.013138654771  0.011098758115  0.014168748545  0.012119907156  
piranga_leucoptera_fmnh481795 0.022416034730  0.020863052206  0.003511116307  0.004517113455  0.000000000000  0.001000701086  0.009072378687  0.006032046282  0.013148226490  0.011102614784  0.011102614784  0.013143234196  0.010086773380  0.011106882694  0.012129165569  0.012129165569  0.014163598298  0.013655717372  0.012124330428  0.009577530924  0.011613200634  0.014168748545  0.014688179285  0.011613200634  0.011613200634  0.012631297845  0.013650852841  0.011609060965  0.014682328886  0.012631297845  
piranga_leucoptera_lsu7783 0.021382997850  0.019832346973  0.002506536056  0.003511116307  0.001000701086  0.000000000000  0.008059426466  0.005023694745  0.012129165569  0.010086773380  0.010086773380  0.012124330428  0.009072378687  0.010090886714  0.011111561476  0.011111561476  0.013143234196  0.012636005325  0.011106882694  0.008563934328  0.010596556920  0.013148226490  0.013666685628  0.010596556920  0.010596556920  0.011613200634  0.012631297845  0.010592571721  0.013660995090  0.011613200634  
piranga_rubriceps_lsu265 0.021382997850  0.019832346973  0.007551777707  0.008563934328  0.009072378687  0.008059426466  0.000000000000  0.003007981327  0.012129165569  0.010086773380  0.010086773380  0.012124330428  0.009072378687  0.010090886714  0.011111561476  0.011111561476  0.013143234196  0.012636005325  0.011106882694  0.008563934328  0.010596556920  0.013148226490  0.013666685628  0.010596556920  0.010596556920  0.011613200634  0.012631297845  0.010592571721  0.013660995090  0.011613200634  
piranga_rubriceps_lsu34818 0.018278367473  0.016735577494  0.004518971904  0.005526536993  0.006032046282  0.005023694745  0.003007981327  0.000000000000  0.009072378687  0.007041826176  0.007041826176  0.009068828404  0.006032046282  0.007044665511  0.008059426466  0.008059426466  0.010083070293  0.009577530924  0.008056028215  0.005526536993  0.007548659209  0.010086773380  0.010600952677  0.007548659209  0.007548659209  0.008560664676  0.009574109349  0.007545949041  0.010596556920  0.008560664676  
piranga_ludoviciana_sdsu2208 0.018285409184  0.016742165537  0.011617751857  0.012636005325  0.013148226490  0.012129165569  0.012129165569  0.009072378687  0.000000000000  0.005021559757  0.005021559757  0.007041826176  0.004014779462  0.005023694745  0.006034736098  0.006034736098  0.008053038600  0.007548659209  0.006032046282  0.003511116307  0.005526536993  0.008056028215  0.008567612926  0.005526536993  0.005526536993  0.006535527985  0.007545949041  0.005524531620  0.008563934328  0.006535527985  
piranga_ludoviciana_sdsu2650 0.016220077464  0.014682328886  0.009577530924  0.010592571721  0.011102614784  0.010086773380  0.010086773380  0.007041826176  0.005021559757  0.000000000000  0.000000000000  0.005019831202  0.002003291472  0.003007981327  0.004014779462  0.004014779462  0.006027888144  0.005524531620  0.004013196972  0.001501734394  0.003509809196  0.006029763508  0.006538088746  0.003509809196  0.003509809196  0.004515661136  0.005522933354  0.003508907612  0.006535527985  0.004515661136  
piranga_ludoviciana_sdsu2648 0.016220077464  0.014682328886  0.009577530924  0.010592571721  0.011102614784  0.010086773380  0.010086773380  0.007041826176  0.005021559757  0.000000000000  0.000000000000  0.005019831202  0.002003291472  0.003007981327  0.004014779462  0.004014779462  0.006027888144  0.005524531620  0.004013196972  0.001501734394  0.003509809196  0.006029763508  0.006538088746  0.003509809196  0.003509809196  0.004515661136  0.005522933354  0.003508907612  0.006535527985  0.004515661136  
piranga_olivacea_ku4672 0.017245170337  0.015705130714  0.011613200634  0.012631297845  0.013143234196  0.012124330428  0.012124330428  0.009068828404  0.007041826176  0.005019831202  0.005019831202  0.000000000000  0.003006949018  0.004013196972  0.005021559757  0.005021559757  0.007037371942  0.007545949041  0.006029763508  0.003509809196  0.005524531620  0.008053038600  0.008563934328  0.005524531620  0.005524531620  0.006533374940  0.007543647570  0.005522933354  0.008560664676  0.006533374940  
piranga_ludoviciana_sdsu2385 0.015196459573  0.013660995090  0.008563934328  0.009577530924  0.010086773380  0.009072378687  0.009072378687  0.006032046282  0.004014779462  0.002003291472  0.002003291472  0.003006949018  0.000000000000  0.001001043585  0.002004180159  0.002004180159  0.004012020310  0.004517113455  0.003007981327  0.000500260715  0.002505373416  0.005021559757  0.005528949103  0.002505373416  0.002505373416  0.003509809196  0.004515661136  0.002504615335  0.005526536993  0.003509809196  
piranga_bidentata_hgoslp104 0.016226376712  0.014688179285  0.009581362434  0.010596556920  0.011106882694  0.010090886714  0.010090886714  0.007044665511  0.005023694745  0.003007981327  0.003007981327  0.004013196972  0.001001043585  0.000000000000  0.001001043585  0.001001043585  0.003006321937  0.005526536993  0.004014779462  0.001502349702  0.003511116307  0.006032046282  0.006541056855  0.003511116307  0.003511116307  0.004517113455  0.005524531620  0.003509809196  0.006538088746  0.004517113455  
piranga_bidentata_itm160 0.017258509454  0.015717567328  0.010600952677  0.011617751857  0.012129165569  0.011111561476  0.011111561476  0.008059426466  0.006034736098  0.004014779462  0.004014779462  0.005021559757  0.002004180159  0.001001043585  0.000000000000  0.000000000000  0.004012020310  0.006538088746  0.005023694745  0.002506536056  0.004518971904  0.007044665511  0.007555304167  0.004518971904  0.004518971904  0.005526536993  0.006535527985  0.004517113455  0.007551777707  0.005526536993  
piranga_bidentata_itm141 0.017258509454  0.015717567328  0.010600952677  0.011617751857  0.012129165569  0.011111561476  0.011111561476  0.008059426466  0.006034736098  0.004014779462  0.004014779462  0.005021559757  0.002004180159  0.001001043585  0.000000000000  0.000000000000  0.004012020310  0.006538088746  0.005023694745  0.002506536056  0.004518971904  0.007044665511  0.007555304167  0.004518971904  0.004518971904  0.005526536993  0.006535527985  0.004517113455  0.007551777707  0.005526536993  
piranga_bidentata_tepe59 0.019306587563  0.017761490787  0.012631297845  0.013650852841  0.014163598298  0.013143234196  0.013143234196  0.010083070293  0.008053038600  0.006027888144  0.006027888144  0.007037371942  0.004012020310  0.003006321937  0.004012020310  0.004012020310  0.000000000000  0.008557804339  0.007039394863  0.004515661136  0.006533374940  0.009065687745  0.009577530924  0.006533374940  0.006533374940  0.007543647570  0.008555353686  0.006531629981  0.009574109349  0.007543647570  
piranga_olivacea_ku2699 0.018795801597  0.017251631994  0.012124330428  0.013143234196  0.013655717372  0.012636005325  0.012636005325  0.009577530924  0.007548659209  0.005524531620  0.005524531620  0.007545949041  0.004517113455  0.005526536993  0.006538088746  0.006538088746  0.008557804339  0.000000000000  0.006535527985  0.004013196972  0.006029763508  0.008560664676  0.009072378687  0.006029763508  0.006029763508  0.007039394863  0.008050457992  0.006027888144  0.009068828404  0.007039394863  
piranga_roseogularis_ku2049 0.017251631994  0.015711141787  0.010596556920  0.011613200634  0.012124330428  0.011106882694  0.011106882694  0.008056028215  0.006032046282  0.004013196972  0.004013196972  0.006029763508  0.003007981327  0.004014779462  0.005023694745  0.005023694745  0.007039394863  0.006535527985  0.000000000000  0.002505373416  0.004517113455  0.007041826176  0.006538088746  0.004517113455  0.004517113455  0.005524531620  0.006533374940  0.004515661136  0.007548659209  0.005524531620  
piranga_roseogularis_ku2141 0.014682328886  0.013148226490  0.008056028215  0.009068828404  0.009577530924  0.008563934328  0.008563934328  0.005526536993  0.003511116307  0.001501734394  0.001501734394  0.003509809196  0.000500260715  0.001502349702  0.002506536056  0.002506536056  0.004515661136  0.004013196972  0.002505373416  0.000000000000  0.002003291472  0.004517113455  0.005023694745  0.002003291472  0.002003291472  0.003006949018  0.004012020310  0.002002807044  0.005021559757  0.003006949018  
piranga_flava_ku90809 0.016735577494  0.015196459573  0.010086773380  0.011102614784  0.011613200634  0.010596556920  0.010596556920  0.007548659209  0.005526536993  0.003509809196  0.003509809196  0.005524531620  0.002505373416  0.003511116307  0.004518971904  0.004518971904  0.006533374940  0.006029763508  0.004517113455  0.002003291472  0.000000000000  0.002505373416  0.003009418493  0.000000000000  0.000000000000  0.001000701086  0.006027888144  0.004012020310  0.007041826176  0.005019831202  
piranga_hepatica_ku9084 0.019313794361  0.017768242158  0.012636005325  0.012631297845  0.014168748545  0.013148226490  0.013148226490  0.010086773380  0.008056028215  0.006029763508  0.006029763508  0.008053038600  0.005021559757  0.006032046282  0.007044665511  0.007044665511  0.009065687745  0.008560664676  0.007041826176  0.004517113455  0.002505373416  0.000000000000  0.005528949103  0.002505373416  0.002505373416  0.003509809196  0.008557804339  0.006533374940  0.009577530924  0.007545949041  
piranga_lutea_lsu5400 0.019840263473  0.018292867351  0.013153631286  0.014174312297  0.014688179285  0.013666685628  0.013666685628  0.010600952677  0.008567612926  0.006538088746  0.006538088746  0.008563934328  0.005528949103  0.006541056855  0.007555304167  0.007555304167  0.009577530924  0.009072378687  0.006538088746  0.005023694745  0.003009418493  0.005528949103  0.000000000000  0.003009418493  0.003009418493  0.004014779462  0.009068828404  0.007041826176  0.010090886714  0.008056028215  
piranga_flava_lsu15408 0.016735577494  0.015196459573  0.010086773380  0.011102614784  0.011613200634  0.010596556920  0.010596556920  0.007548659209  0.005526536993  0.003509809196  0.003509809196  0.005524531620  0.002505373416  0.003511116307  0.004518971904  0.004518971904  0.006533374940  0.006029763508  0.004517113455  0.002003291472  0.000000000000  0.002505373416  0.003009418493  0.000000000000  0.000000000000  0.001000701086  0.006027888144  0.004012020310  0.007041826176  0.005019831202  
piranga_lutea_ku89864 0.016735577494  0.015196459573  0.010086773380  0.011102614784  0.011613200634  0.010596556920  0.010596556920  0.007548659209  0.005526536993  0.003509809196  0.003509809196  0.005524531620  0.002505373416  0.003511116307  0.004518971904  0.004518971904  0.006533374940  0.006029763508  0.004517113455  0.002003291472  0.000000000000  0.002505373416  0.003009418493  0.000000000000  0.000000000000  0.001000701086  0.006027888144  0.004012020310  0.007041826176  0.005019831202  
piranga_hepatica_ku4970 0.017761490787  0.016220077464  0.011102614784  0.012119907156  0.012631297845  0.011613200634  0.011613200634  0.008560664676  0.006535527985  0.004515661136  0.004515661136  0.006533374940  0.003509809196  0.004517113455  0.005526536993  0.005526536993  0.007543647570  0.007039394863  0.005524531620  0.003006949018  0.001000701086  0.003509809196  0.004014779462  0.001000701086  0.001000701086  0.000000000000  0.007037371942  0.005018509450  0.007545949041  0.006027888144  
piranga_rubra_ku7046 0.018788886066  0.017245170337  0.012119907156  0.013138654771  0.013650852841  0.012631297845  0.012631297845  0.009574109349  0.007545949041  0.005522933354  0.005522933354  0.007543647570  0.004515661136  0.005524531620  0.006535527985  0.006535527985  0.008555353686  0.008050457992  0.006533374940  0.004012020310  0.006027888144  0.008557804339  0.009068828404  0.006027888144  0.006027888144  0.007037371942  0.000000000000  0.002003291472  0.005023694745  0.003007981327  
piranga_rubra_sdsu2635 0.016729404930  0.015190736057  0.010083070293  0.011098758115  0.011609060965  0.010592571721  0.010592571721  0.007545949041  0.005524531620  0.003508907612  0.003508907612  0.005522933354  0.002504615335  0.003509809196  0.004517113455  0.004517113455  0.006531629981  0.006027888144  0.004515661136  0.002002807044  0.004012020310  0.006533374940  0.007041826176  0.004012020310  0.004012020310  0.005018509450  0.002003291472  0.000000000000  0.003009418493  0.001001043585  
piranga_rubra_sdsu2654 0.019832346973  0.018285409184  0.013148226490  0.014168748545  0.014682328886  0.013660995090  0.013660995090  0.010596556920  0.008563934328  0.006535527985  0.006535527985  0.008560664676  0.005526536993  0.006538088746  0.007551777707  0.007551777707  0.009574109349  0.009068828404  0.007548659209  0.005021559757  0.007041826176  0.009577530924  0.010090886714  0.007041826176  0.007041826176  0.007545949041  0.005023694745  0.003009418493  0.000000000000  0.004016767413  
piranga_rubra_ku26592 0.016729404930  0.015190736057  0.011102614784  0.012119907156  0.012631297845  0.011613200634  0.011613200634  0.008560664676  0.006535527985  0.004515661136  0.004515661136  0.006533374940  0.003509809196  0.004517113455  0.005526536993  0.005526536993  0.007543647570  0.007039394863  0.005524531620  0.003006949018  0.005019831202  0.007545949041  0.008056028215  0.005019831202  0.005019831202  0.006027888144  0.003007981327  0.001001043585  0.004016767413  0.000000000000  

