30
cardinalis_cardinalis_ku21828 0.000000000000  0.007550936207  0.076098792435  0.077782178170  0.078881667505  0.074402233778  0.065578990420  0.066646301754  0.084071999072  0.084094852659  0.084671035386  0.083519348180  0.083519348180  0.083519348180  0.083519348180  0.086379419213  0.072332041502  0.072876956569  0.077377367209  0.073463898945  0.077333823565  0.071747077390  0.073948144413  0.079663479075  0.076785841730  0.076785841730  0.080739770810  0.079045354678  0.079045354678  0.079045354678  
cardinalis_cardinalis_ku25393 0.007550936207  0.000000000000  0.069936869021  0.071603520154  0.072695477188  0.068259662216  0.059513903720  0.060576585787  0.077820807280  0.077840822840  0.078410310843  0.077271997425  0.077271997425  0.077271997425  0.077271997425  0.080101386312  0.066188029241  0.066729226111  0.071183115502  0.067306966888  0.071145127283  0.065612221862  0.067795697365  0.073442876878  0.072856730689  0.072856730689  0.074514367751  0.072836965452  0.072836965452  0.072836965452  
piranga_erythrocephala_fmnh343371 0.076098792435  0.069936869021  0.000000000000  0.001501715166  0.026517943952  0.022369648094  0.018246787731  0.019781502585  0.051961063410  0.051974413244  0.052520211700  0.051429223426  0.051429223426  0.051429223426  0.051429223426  0.054146669983  0.041280788785  0.041805797824  0.046092452869  0.042893210392  0.046607567169  0.039662997497  0.041772761007  0.047175691243  0.045564872835  0.045564872835  0.049306109607  0.047690775416  0.047690775416  0.047690775416  
piranga_erythrocephala_fmnh343370 0.077782178170  0.071603520154  0.001501715166  0.000000000000  0.028081047892  0.023922998669  0.019790511973  0.021328018970  0.053066620156  0.053081036625  0.053628370332  0.052534314983  0.052534314983  0.052534314983  0.052534314983  0.055258381341  0.042880730187  0.043406731437  0.047704275761  0.044497573186  0.048219908228  0.041258074817  0.043372268157  0.048790507434  0.047175691243  0.047175691243  0.050925463737  0.049306109607  0.049306109607  0.049306109607  
piranga_leucoptera_fmnh481795 0.078881667505  0.072695477188  0.026517943952  0.028081047892  0.000000000000  0.004011900979  0.021343438236  0.022883353374  0.055777205306  0.055792310884  0.056342091099  0.055243148217  0.055243148217  0.055243148217  0.055243148217  0.057978774286  0.045037711276  0.045564872835  0.049879157855  0.046661715274  0.050394729599  0.043406731437  0.044987241469  0.050970237820  0.049349394962  0.049349394962  0.052017106884  0.050394729599  0.050394729599  0.050394729599  
piranga_leucoptera_lsu7783 0.074402233778  0.068259662216  0.022369648094  0.023922998669  0.004011900979  0.000000000000  0.017225630747  0.018757961412  0.051442702432  0.051456621635  0.052002435390  0.050911416553  0.050911416553  0.050911416553  0.050911416553  0.053628370332  0.040768324495  0.041292790878  0.045578446771  0.042380790607  0.046092452869  0.039149931603  0.040722382907  0.046661715274  0.045051411586  0.045051411586  0.048790507434  0.047175691243  0.047175691243  0.047175691243  
piranga_rubriceps_lsu265 0.065578990420  0.059513903720  0.018246787731  0.019790511973  0.021343438236  0.017225630747  0.000000000000  0.001501723499  0.042355145434  0.042367752910  0.042906121560  0.041829976450  0.041829976450  0.041829976450  0.041829976450  0.044510967460  0.031283855484  0.031802086011  0.036028164038  0.032872934369  0.036537440132  0.029690205722  0.031771941269  0.037095601399  0.035507433190  0.035507433190  0.039197406544  0.037604848238  0.037604848238  0.037604848238  
piranga_rubriceps_lsu34818 0.066646301754  0.060576585787  0.019781502585  0.021328018970  0.022883353374  0.018757961412  0.001501723499  0.000000000000  0.043933149912  0.043945374322  0.044484611308  0.043406731437  0.043406731437  0.043406731437  0.043406731437  0.046092452869  0.032839764611  0.033359214091  0.037592812290  0.034431365157  0.038103699507  0.031243993438  0.033330222982  0.038661956429  0.037070852878  0.037070852878  0.040768324495  0.039172814297  0.039172814297  0.039172814297  
piranga_bidentata_itm160 0.084071999072  0.077820807280  0.051961063410  0.053066620156  0.055777205306  0.051442702432  0.042355145434  0.043933149912  0.000000000000  0.003006282889  0.003508833377  0.002504248451  0.002504248451  0.002504248451  0.002504248451  0.005018339061  0.019785801094  0.020298036756  0.025480046427  0.021337885063  0.024947233887  0.019265513569  0.025473886155  0.030725658586  0.031243993438  0.031243993438  0.034930136350  0.033349127709  0.033349127709  0.033349127709  
piranga_bidentata_hgoslp104 0.084094852659  0.077840822840  0.051974413244  0.053081036625  0.055792310884  0.051456621635  0.042367752910  0.043945374322  0.003006282889  0.000000000000  0.000500255850  0.002504573005  0.002504573005  0.002504573005  0.002504573005  0.005019591786  0.019790511973  0.020302615131  0.025486623656  0.021343438236  0.024952692170  0.019269532801  0.025480046427  0.030735122197  0.031253328664  0.031253328664  0.034940684895  0.033359214091  0.033359214091  0.033359214091  
piranga_bidentata_itm141 0.084671035386  0.078410310843  0.052520211700  0.053628370332  0.056342091099  0.052002435390  0.042906121560  0.044484611308  0.003508833377  0.000500255850  0.000000000000  0.003006871814  0.003006871814  0.003006871814  0.003006871814  0.005524217132  0.020307606181  0.020819976068  0.026008945266  0.021862178408  0.025473886155  0.019785801094  0.026002082174  0.031263084343  0.031781568871  0.031781568871  0.035472357404  0.033889452272  0.033889452272  0.033889452272  
piranga_bidentata_tepe59 0.083519348180  0.077271997425  0.051429223426  0.052534314983  0.055243148217  0.050911416553  0.041829976450  0.043406731437  0.002504248451  0.002504573005  0.003006871814  0.000000000000  0.002002789732  0.002002789732  0.002002789732  0.004515486759  0.019273964101  0.019785801094  0.024964859479  0.020825247882  0.024432053215  0.018753809101  0.024958567502  0.030207729581  0.030725658586  0.030725658586  0.034409589944  0.032829550359  0.032829550359  0.032829550359  
piranga_ludoviciana_sdsu2648 0.083519348180  0.077271997425  0.051429223426  0.052534314983  0.055243148217  0.050911416553  0.041829976450  0.043406731437  0.002504248451  0.002504573005  0.003006871814  0.002002789732  0.000000000000  0.000000000000  0.000000000000  0.002505294908  0.019273964101  0.019785801094  0.024964859479  0.020825247882  0.024432053215  0.018753809101  0.024958567502  0.030207729581  0.030725658586  0.030725658586  0.034409589944  0.032829550359  0.032829550359  0.032829550359  
piranga_ludoviciana_sdsu2650 0.083519348180  0.077271997425  0.051429223426  0.052534314983  0.055243148217  0.050911416553  0.041829976450  0.043406731437  0.002504248451  0.002504573005  0.003006871814  0.002002789732  0.000000000000  0.000000000000  0.000000000000  0.002505294908  0.019273964101  0.019785801094  0.024964859479  0.020825247882  0.024432053215  0.018753809101  0.024958567502  0.030207729581  0.030725658586  0.030725658586  0.034409589944  0.032829550359  0.032829550359  0.032829550359  
piranga_ludoviciana_sdsu2385 0.083519348180  0.077271997425  0.051429223426  0.052534314983  0.055243148217  0.050911416553  0.041829976450  0.043406731437  0.002504248451  0.002504573005  0.003006871814  0.002002789732  0.000000000000  0.000000000000  0.000000000000  0.002505294908  0.019273964101  0.019785801094  0.024964859479  0.020825247882  0.024432053215  0.018753809101  0.024958567502  0.030207729581  0.030725658586  0.030725658586  0.034409589944  0.032829550359  0.032829550359  0.032829550359  
piranga_ludoviciana_sdsu2208 0.086379419213  0.080101386312  0.054146669983  0.055258381341  0.057978774286  0.053628370332  0.044510967460  0.046092452869  0.005018339061  0.005019591786  0.005524217132  0.004515486759  0.002505294908  0.002505294908  0.002505294908  0.000000000000  0.021856343279  0.022369648094  0.027571542273  0.023415024929  0.027034209691  0.021332745175  0.027564236131  0.032839764611  0.033359214091  0.033359214091  0.037059115709  0.035472357404  0.035472357404  0.035472357404  
piranga_flava_ku90809 0.072332041502  0.066188029241  0.041280788785  0.042880730187  0.045037711276  0.040768324495  0.031283855484  0.032839764611  0.019785801094  0.019790511973  0.020307606181  0.019273964101  0.019273964101  0.019273964101  0.019273964101  0.021856343279  0.000000000000  0.000500191282  0.005524217132  0.001502305799  0.005017485868  0.004518655845  0.014156856234  0.019316487740  0.020346196415  0.020346196415  0.023974676923  0.022418252620  0.022418252620  0.022418252620  
piranga_flava_lsu15408 0.072876956569  0.066729226111  0.041805797824  0.043406731437  0.045564872835  0.041292790878  0.031802086011  0.033359214091  0.020298036756  0.020302615131  0.020819976068  0.019785801094  0.019785801094  0.019785801094  0.019785801094  0.022369648094  0.000500191282  0.000000000000  0.006027576946  0.002003247528  0.005520858319  0.005021243652  0.014665263042  0.019827414784  0.020857787740  0.020857787740  0.024488416235  0.022931050401  0.022931050401  0.022931050401  
piranga_hepatica_ku4970 0.077377367209  0.071183115502  0.046092452869  0.047704275761  0.049879157855  0.045578446771  0.036028164038  0.037592812290  0.025480046427  0.025486623656  0.026008945266  0.024964859479  0.024964859479  0.024964859479  0.024964859479  0.027571542273  0.005524217132  0.006027576946  0.000000000000  0.007041225854  0.010582264985  0.010085492120  0.019807114847  0.025020535977  0.026058864238  0.026058864238  0.029193196517  0.027624147752  0.027624147752  0.027624147752  
piranga_hepatica_ku9084 0.073463898945  0.067306966888  0.042893210392  0.044497573186  0.046661715274  0.042380790607  0.032872934369  0.034431365157  0.021337885063  0.021343438236  0.021862178408  0.020825247882  0.020825247882  0.020825247882  0.020825247882  0.023415024929  0.001502305799  0.002003247528  0.007041225854  0.000000000000  0.006531323753  0.006034136457  0.015696860983  0.020873680727  0.021905852443  0.021905852443  0.025544305694  0.023983714119  0.023983714119  0.023983714119  
piranga_lutea_ku89864 0.077333823565  0.071145127283  0.046607567169  0.048219908228  0.050394729599  0.046092452869  0.036537440132  0.038103699507  0.024947233887  0.024952692170  0.025473886155  0.024432053215  0.024432053215  0.024432053215  0.024432053215  0.027034209691  0.005017485868  0.005520858319  0.010582264985  0.006531323753  0.000000000000  0.009570265361  0.018762525089  0.024479919252  0.025517094171  0.025517094171  0.029173086307  0.027604945008  0.027604945008  0.027604945008  
piranga_lutea_lsu5400 0.071747077390  0.065612221862  0.039662997497  0.041258074817  0.043406731437  0.039149931603  0.029690205722  0.031243993438  0.019265513569  0.019269532801  0.019785801094  0.018753809101  0.018753809101  0.018753809101  0.018753809101  0.021332745175  0.004518655845  0.005021243652  0.010085492120  0.006034136457  0.009570265361  0.000000000000  0.012625383216  0.017771109941  0.019820238007  0.019820238007  0.023444246472  0.021889646903  0.021889646903  0.021889646903  
piranga_roseogularis_ku2049 0.073948144413  0.067795697365  0.041772761007  0.043372268157  0.044987241469  0.040722382907  0.031771941269  0.033330222982  0.025473886155  0.025480046427  0.026002082174  0.024958567502  0.024958567502  0.024958567502  0.024958567502  0.027564236131  0.014156856234  0.014665263042  0.019807114847  0.015696860983  0.018762525089  0.012625383216  0.000000000000  0.011101167071  0.019801169247  0.019801169247  0.023942660691  0.022388000751  0.022388000751  0.022388000751  
piranga_roseogularis_ku2141 0.079663479075  0.073442876878  0.047175691243  0.048790507434  0.050970237820  0.046661715274  0.037095601399  0.038661956429  0.030725658586  0.030735122197  0.031263084343  0.030207729581  0.030207729581  0.030207729581  0.030207729581  0.032839764611  0.019316487740  0.019827414784  0.025020535977  0.020873680727  0.024479919252  0.017771109941  0.011101167071  0.000000000000  0.026058864238  0.026058864238  0.028140058017  0.026573823178  0.026573823178  0.026573823178  
piranga_olivacea_ku2699 0.076785841730  0.072856730689  0.045564872835  0.047175691243  0.049349394962  0.045051411586  0.035507433190  0.037070852878  0.031243993438  0.031253328664  0.031781568871  0.030725658586  0.030725658586  0.030725658586  0.030725658586  0.033359214091  0.020346196415  0.020857787740  0.026058864238  0.021905852443  0.025517094171  0.019820238007  0.019801169247  0.026058864238  0.000000000000  0.000000000000  0.027098703408  0.025534820859  0.025534820859  0.025534820859  
piranga_olivacea_ku4672 0.076785841730  0.072856730689  0.045564872835  0.047175691243  0.049349394962  0.045051411586  0.035507433190  0.037070852878  0.031243993438  0.031253328664  0.031781568871  0.030725658586  0.030725658586  0.030725658586  0.030725658586  0.033359214091  0.020346196415  0.020857787740  0.026058864238  0.021905852443  0.025517094171  0.019820238007  0.019801169247  0.026058864238  0.000000000000  0.000000000000  0.027098703408  0.025534820859  0.025534820859  0.025534820859  
piranga_rubra_sdsu2635 0.080739770810  0.074514367751  0.049306109607  0.050925463737  0.052017106884  0.048790507434  0.039197406544  0.040768324495  0.034930136350  0.034940684895  0.035472357404  0.034409589944  0.034409589944  0.034409589944  0.034409589944  0.037059115709  0.023974676923  0.024488416235  0.029193196517  0.025544305694  0.029173086307  0.023444246472  0.023942660691  0.028140058017  0.027098703408  0.027098703408  0.000000000000  0.001501715166  0.001501715166  0.001501715166  
piranga_rubra_sdsu2654 0.079045354678  0.072836965452  0.047690775416  0.049306109607  0.050394729599  0.047175691243  0.037604848238  0.039172814297  0.033349127709  0.033359214091  0.033889452272  0.032829550359  0.032829550359  0.032829550359  0.032829550359  0.035472357404  0.022418252620  0.022931050401  0.027624147752  0.023983714119  0.027604945008  0.021889646903  0.022388000751  0.026573823178  0.025534820859  0.025534820859  0.001501715166  0.000000000000  0.000000000000  0.000000000000  
piranga_rubra_ku7046 0.079045354678  0.072836965452  0.047690775416  0.049306109607  0.050394729599  0.047175691243  0.037604848238  0.039172814297  0.033349127709  0.033359214091  0.033889452272  0.032829550359  0.032829550359  0.032829550359  0.032829550359  0.035472357404  0.022418252620  0.022931050401  0.027624147752  0.023983714119  0.027604945008  0.021889646903  0.022388000751  0.026573823178  0.025534820859  0.025534820859  0.001501715166  0.000000000000  0.000000000000  0.000000000000  
piranga_rubra_ku26592 0.079045354678  0.072836965452  0.047690775416  0.049306109607  0.050394729599  0.047175691243  0.037604848238  0.039172814297  0.033349127709  0.033359214091  0.033889452272  0.032829550359  0.032829550359  0.032829550359  0.032829550359  0.035472357404  0.022418252620  0.022931050401  0.027624147752  0.023983714119  0.027604945008  0.021889646903  0.022388000751  0.026573823178  0.025534820859  0.025534820859  0.001501715166  0.000000000000  0.000000000000  0.000000000000  

