30
piranga_rubra_ku26592 0.000000000000  0.002112653700  0.004235719685  0.006376511365  0.008513798087  0.016033729723  0.002360592971  0.018331321479  0.001055031702  0.002112653700  0.003426561480  0.003503371953  0.001055031702  0.001875741342  0.001055031702  0.000000000000  0.001055031702  0.002248830857  0.001338977230  0.003172878746  0.010011853572  0.002120101465  0.006376511365  0.005296086517  0.012469326285  0.004796075572  0.000000000000  0.001055031702  0.003172878746  0.000000000000  
piranga_flava_ku90809 0.002112653700  0.000000000000  0.004191336020  0.006309456393  0.008424143529  0.015864141342  0.003543573726  0.018331321479  0.001044016986  0.002090570400  0.003387865514  0.003503371953  0.001044016986  0.003756924989  0.003139672596  0.001190704754  0.001044016986  0.002248830857  0.002682129419  0.003139672596  0.009901700689  0.002097863028  0.006309456393  0.005240576812  0.012469326285  0.006406707513  0.001437114777  0.001044016986  0.003139672596  0.001602978794  
piranga_ludoviciana_sdsu2385 0.004235719685  0.004191336020  0.000000000000  0.006309456393  0.008424143529  0.015864141342  0.004729812122  0.018331321479  0.003139672596  0.002090570400  0.001126330610  0.005854168652  0.003139672596  0.001875741342  0.005245573208  0.002384709889  0.003139672596  0.004508470453  0.004029482682  0.005245573208  0.008791153484  0.003150207522  0.006309456393  0.007354445026  0.012469326285  0.006406707513  0.001437114777  0.003139672596  0.005245573208  0.003211944853  
piranga_rubriceps_lsu265 0.006376511365  0.006309456393  0.006309456393  0.000000000000  0.002094950049  0.012681833329  0.007125503583  0.015085128815  0.005251585467  0.004196306056  0.005668339105  0.007050928684  0.005251585467  0.001879266364  0.007369931594  0.003587153176  0.005251585467  0.005655515990  0.004034902244  0.007369931594  0.003283701555  0.006331583864  0.000000000000  0.009490659130  0.006764737025  0.004803755376  0.001441257285  0.005251585467  0.007369931594  0.004828456466  
piranga_leucoptera_lsu7783 0.008513798087  0.008424143529  0.008424143529  0.002094950049  0.000000000000  0.014814200496  0.008313080858  0.016163320432  0.007362180165  0.006302828381  0.007947288185  0.008227523729  0.007362180165  0.001879266364  0.009488731381  0.004783439069  0.007362180165  0.006787695945  0.004034902244  0.009488731381  0.005478303031  0.008452852941  0.002094950049  0.011615337406  0.007893516443  0.004796075572  0.001439183050  0.007362180165  0.009488731381  0.006449366223  
cardinalis_cardinalis_ku25393 0.016033729723  0.015864141342  0.015864141342  0.012681833329  0.014814200496  0.000000000000  0.017933672727  0.002127105363  0.014789629154  0.013717790554  0.015970722472  0.017740574412  0.014789629154  0.003756924989  0.016941340487  0.014445395739  0.014789629154  0.015934364793  0.013534831238  0.016941340487  0.016592456968  0.015923090257  0.012681833329  0.019091756133  0.020519621373  0.014494592281  0.013063822887  0.014789629154  0.016941340487  0.016224514955  
piranga_olivacea_ku2699 0.002360592971  0.003543573726  0.004729812122  0.007125503583  0.008313080858  0.017933672727  0.000000000000  0.020358283874  0.002360592971  0.002360592971  0.003543573726  0.003738943660  0.002360592971  0.001875741342  0.002360592971  0.002462312227  0.002360592971  0.001238968885  0.002679705047  0.004729812122  0.010705585347  0.003561397940  0.007125503583  0.004729310592  0.011217820833  0.004796075572  0.000000000000  0.002360592971  0.003543573726  0.001674697912  
cardinalis_cardinalis_ku21828 0.018331321479  0.018331321479  0.018331321479  0.015085128815  0.016163320432  0.002127105363  0.020358283874  0.000000000000  0.017233793364  0.016139054449  0.018639279524  0.018935768293  0.017233793364  0.005643323668  0.019431653045  0.017232788737  0.017233793364  0.017083833369  0.016266592580  0.019431653045  0.019192676049  0.018403087194  0.015085128815  0.021629321490  0.021671920227  0.016119891944  0.014527361776  0.017233793364  0.019431653045  0.020065119507  
piranga_rubra_ku7046 0.001055031702  0.001044016986  0.003139672596  0.005251585467  0.007362180165  0.014789629154  0.002360592971  0.017233793364  0.000000000000  0.001044016986  0.002255613940  0.002332766939  0.000000000000  0.001875741342  0.002090570400  0.000000000000  0.000000000000  0.001123440481  0.001338977230  0.002090570400  0.008791153484  0.001048083076  0.005251585467  0.004187519941  0.011320808956  0.004796075572  0.000000000000  0.000000000000  0.002090570400  0.000000000000  
piranga_bidentata_hgoslp104 0.002112653700  0.002090570400  0.002090570400  0.004196306056  0.006302828381  0.013717790554  0.002360592971  0.016139054449  0.001044016986  0.000000000000  0.001126330610  0.003503371953  0.001044016986  0.001875741342  0.003139672596  0.000000000000  0.001044016986  0.002248830857  0.001338977230  0.003139672596  0.007683461960  0.002097863028  0.004196306056  0.005240576812  0.010175345650  0.004796075572  0.000000000000  0.001044016986  0.003139672596  0.000000000000  
piranga_ludoviciana_sdsu2648 0.003426561480  0.003387865514  0.001126330610  0.005668339105  0.007947288185  0.015970722472  0.003543573726  0.018639279524  0.002255613940  0.001126330610  0.000000000000  0.004912687676  0.002255613940  0.001875741342  0.003387865514  0.001190704754  0.002255613940  0.003666057780  0.002682129419  0.004523100976  0.009080538527  0.003400134766  0.005668339105  0.006795383590  0.009819818018  0.006406707513  0.001437114777  0.002255613940  0.003387865514  0.001602978794  
piranga_roseogularis_ku2049 0.003503371953  0.003503371953  0.005854168652  0.007050928684  0.008227523729  0.017740574412  0.003738943660  0.018935768293  0.002332766939  0.003503371953  0.004912687676  0.000000000000  0.002332766939  0.001875741342  0.004677166714  0.002602977580  0.002332766939  0.002333055940  0.004223465465  0.004677166714  0.010740724599  0.003518636563  0.007050928684  0.002333055940  0.014186604144  0.004796075572  0.001436528356  0.002332766939  0.004677166714  0.003620890392  
piranga_hepatica_ku4970 0.001055031702  0.001044016986  0.003139672596  0.005251585467  0.007362180165  0.014789629154  0.002360592971  0.017233793364  0.000000000000  0.001044016986  0.002255613940  0.002332766939  0.000000000000  0.001875741342  0.002090570400  0.000000000000  0.000000000000  0.001123440481  0.001338977230  0.002090570400  0.008791153484  0.001048083076  0.005251585467  0.004187519941  0.011320808956  0.004796075572  0.000000000000  0.000000000000  0.002090570400  0.000000000000  
piranga_hepatica_ku9084 0.001875741342  0.003756924989  0.001875741342  0.001879266364  0.001879266364  0.003756924989  0.001875741342  0.005643323668  0.001875741342  0.001875741342  0.001875741342  0.001875741342  0.001875741342  0.000000000000  0.001875741342  0.001875741342  0.001875741342  0.001875741342  0.000000000000  0.003756924989  0.001879266364  0.003757676742  0.001879266364  0.001875741342  0.007558374206  0.007558374206  0.001875741342  0.001875741342  0.001875741342  0.000000000000  
piranga_rubra_sdsu2654 0.001055031702  0.003139672596  0.005245573208  0.007369931594  0.009488731381  0.016941340487  0.002360592971  0.019431653045  0.002090570400  0.003139672596  0.003387865514  0.004677166714  0.002090570400  0.001875741342  0.000000000000  0.000000000000  0.002090570400  0.003377169020  0.001338977230  0.004191336020  0.011015118335  0.003150207522  0.007369931594  0.006296214281  0.013620913966  0.004796075572  0.000000000000  0.002090570400  0.002090570400  0.000000000000  
piranga_flava_lsu15408 0.000000000000  0.001190704754  0.002384709889  0.003587153176  0.004783439069  0.014445395739  0.002462312227  0.017232788737  0.000000000000  0.000000000000  0.001190704754  0.002602977580  0.000000000000  0.001875741342  0.000000000000  0.000000000000  0.000000000000  0.001295130856  0.001338977230  0.002384709889  0.007185235840  0.001195996588  0.003587153176  0.004777725531  0.007802191326  0.004796075572  0.000000000000  0.000000000000  0.001190704754  0.000000000000  
piranga_lutea_lsu5400 0.001055031702  0.001044016986  0.003139672596  0.005251585467  0.007362180165  0.014789629154  0.002360592971  0.017233793364  0.000000000000  0.001044016986  0.002255613940  0.002332766939  0.000000000000  0.001875741342  0.002090570400  0.000000000000  0.000000000000  0.001123440481  0.001338977230  0.002090570400  0.008791153484  0.001048083076  0.005251585467  0.004187519941  0.011320808956  0.004796075572  0.000000000000  0.000000000000  0.002090570400  0.000000000000  
piranga_olivacea_ku4672 0.002248830857  0.002248830857  0.004508470453  0.005655515990  0.006787695945  0.015934364793  0.001238968885  0.017083833369  0.001123440481  0.002248830857  0.003666057780  0.002333055940  0.001123440481  0.001875741342  0.003377169020  0.001295130856  0.001123440481  0.000000000000  0.002799745129  0.003377169020  0.009501142646  0.002259262017  0.005655515990  0.002249099389  0.012513939816  0.004796075572  0.000000000000  0.001123440481  0.003377169020  0.001798164735  
piranga_ludoviciana_sdsu2208 0.001338977230  0.002682129419  0.004029482682  0.004034902244  0.004034902244  0.013534831238  0.002679705047  0.016266592580  0.001338977230  0.001338977230  0.002682129419  0.004223465465  0.001338977230  0.000000000000  0.001338977230  0.001338977230  0.001338977230  0.002799745129  0.000000000000  0.004029482682  0.006732288065  0.002694144096  0.004034902244  0.005374772303  0.008426811961  0.005106287429  0.001529429425  0.001338977230  0.002682129419  0.001701147431  
piranga_bidentata_itm160 0.003172878746  0.003139672596  0.005245573208  0.007369931594  0.009488731381  0.016941340487  0.004729812122  0.019431653045  0.002090570400  0.003139672596  0.004523100976  0.004677166714  0.002090570400  0.003756924989  0.004191336020  0.002384709889  0.002090570400  0.003377169020  0.004029482682  0.000000000000  0.011015118335  0.003150207522  0.007369931594  0.006296214281  0.013620913966  0.006406707513  0.002879040029  0.002090570400  0.004191336020  0.003211944853  
piranga_leucoptera_fmnh481795 0.010011853572  0.009901700689  0.008791153484  0.003283701555  0.005478303031  0.016592456968  0.010705585347  0.019192676049  0.008791153484  0.007683461960  0.009080538527  0.010740724599  0.008791153484  0.001879266364  0.011015118335  0.007185235840  0.008791153484  0.009501142646  0.006732288065  0.011015118335  0.000000000000  0.008829967204  0.003283701555  0.013241624374  0.010651737746  0.004796075572  0.001439183050  0.008791153484  0.011015118335  0.008064848598  
piranga_lutea_ku89864 0.002120101465  0.002097863028  0.003150207522  0.006331583864  0.008452852941  0.015923090257  0.003561397940  0.018403087194  0.001048083076  0.002097863028  0.003400134766  0.003518636563  0.001048083076  0.003757676742  0.003150207522  0.001195996588  0.001048083076  0.002259262017  0.002694144096  0.003150207522  0.008829967204  0.000000000000  0.006331583864  0.005259328499  0.012513939816  0.006397788334  0.001436528356  0.001048083076  0.003150207522  0.000000000000  
piranga_rubriceps_lsu34818 0.006376511365  0.006309456393  0.006309456393  0.000000000000  0.002094950049  0.012681833329  0.007125503583  0.015085128815  0.005251585467  0.004196306056  0.005668339105  0.007050928684  0.005251585467  0.001879266364  0.007369931594  0.003587153176  0.005251585467  0.005655515990  0.004034902244  0.007369931594  0.003283701555  0.006331583864  0.000000000000  0.009490659130  0.006764737025  0.004803755376  0.001441257285  0.005251585467  0.007369931594  0.004828456466  
piranga_roseogularis_ku2141 0.005296086517  0.005240576812  0.007354445026  0.009490659130  0.011615337406  0.019091756133  0.004729310592  0.021629321490  0.004187519941  0.005240576812  0.006795383590  0.002333055940  0.004187519941  0.001875741342  0.006296214281  0.004777725531  0.004187519941  0.002249099389  0.005374772303  0.006296214281  0.013241624374  0.005259328499  0.009490659130  0.000000000000  0.013607428705  0.006397788334  0.001436528356  0.004187519941  0.005240576812  0.006438984221  
piranga_erythrocephala_fmnh343371 0.012469326285  0.012469326285  0.012469326285  0.006764737025  0.007893516443  0.020519621373  0.011217820833  0.021671920227  0.011320808956  0.010175345650  0.009819818018  0.014186604144  0.011320808956  0.007558374206  0.013620913966  0.007802191326  0.011320808956  0.012513939816  0.008426811961  0.013620913966  0.010651737746  0.012513939816  0.006764737025  0.013607428705  0.000000000000  0.001592766101  0.007244484973  0.011320808956  0.013620913966  0.009022401246  
piranga_erythrocephala_fmnh343370 0.004796075572  0.006406707513  0.006406707513  0.004803755376  0.004796075572  0.014494592281  0.004796075572  0.016119891944  0.004796075572  0.004796075572  0.006406707513  0.004796075572  0.004796075572  0.007558374206  0.004796075572  0.004796075572  0.004796075572  0.004796075572  0.005106287429  0.006406707513  0.004796075572  0.006397788334  0.004803755376  0.006397788334  0.001592766101  0.000000000000  0.004796075572  0.004796075572  0.006406707513  0.004654687350  
piranga_ludoviciana_sdsu2650 0.000000000000  0.001437114777  0.001437114777  0.001441257285  0.001439183050  0.013063822887  0.000000000000  0.014527361776  0.000000000000  0.000000000000  0.001437114777  0.001436528356  0.000000000000  0.001875741342  0.000000000000  0.000000000000  0.000000000000  0.000000000000  0.001529429425  0.002879040029  0.001439183050  0.001436528356  0.001441257285  0.001436528356  0.007244484973  0.004796075572  0.000000000000  0.000000000000  0.001437114777  0.000000000000  
piranga_bidentata_tepe59 0.001055031702  0.001044016986  0.003139672596  0.005251585467  0.007362180165  0.014789629154  0.002360592971  0.017233793364  0.000000000000  0.001044016986  0.002255613940  0.002332766939  0.000000000000  0.001875741342  0.002090570400  0.000000000000  0.000000000000  0.001123440481  0.001338977230  0.002090570400  0.008791153484  0.001048083076  0.005251585467  0.004187519941  0.011320808956  0.004796075572  0.000000000000  0.000000000000  0.002090570400  0.000000000000  
piranga_rubra_sdsu2635 0.003172878746  0.003139672596  0.005245573208  0.007369931594  0.009488731381  0.016941340487  0.003543573726  0.019431653045  0.002090570400  0.003139672596  0.003387865514  0.004677166714  0.002090570400  0.001875741342  0.002090570400  0.001190704754  0.002090570400  0.003377169020  0.002682129419  0.004191336020  0.011015118335  0.003150207522  0.007369931594  0.005240576812  0.013620913966  0.006406707513  0.001437114777  0.002090570400  0.000000000000  0.001602978794  
piranga_bidentata_itm141 0.000000000000  0.001602978794  0.003211944853  0.004828456466  0.006449366223  0.016224514955  0.001674697912  0.020065119507  0.000000000000  0.000000000000  0.001602978794  0.003620890392  0.000000000000  0.000000000000  0.000000000000  0.000000000000  0.000000000000  0.001798164735  0.001701147431  0.003211944853  0.008064848598  0.000000000000  0.004828456466  0.006438984221  0.009022401246  0.004654687350  0.000000000000  0.000000000000  0.001602978794  0.000000000000  

