30
piranga_rubra_ku26592 0.000000000000  0.008066605278  0.001266027478  0.021950101028  0.024697946431  0.027202774765  0.001264426678  0.027202774765  0.002393078483  0.002535678685  0.003082884880  0.008543989816  0.007624723490  0.005326262273  0.001470864704  0.004899981711  0.008907994732  0.001357087369  0.002912296982  0.003808974426  0.023304870397  0.006348907933  0.023274730159  0.011989779634  0.024545572017  0.005430790689  0.004736296429  0.003808974426  0.001266027478  0.003808974426  
piranga_flava_ku90809 0.008066605278  0.000000000000  0.006572470939  0.029550535856  0.032468853284  0.035051285222  0.006563842715  0.033656213807  0.006924485232  0.007896736138  0.007685981373  0.015027953974  0.005245260172  0.003440732634  0.007889580035  0.003261197559  0.006653036284  0.007238528933  0.007127219513  0.009224966643  0.031403889969  0.003930569726  0.030939054922  0.016704659955  0.032265516177  0.019241865973  0.011912067774  0.006572470939  0.006572470939  0.009224966643  
piranga_ludoviciana_sdsu2385 0.001266027478  0.006572470939  0.000000000000  0.021505738598  0.024194639071  0.025347445330  0.000000000000  0.024048406787  0.000000000000  0.001239353515  0.001529350936  0.006393238898  0.006221186069  0.003446662174  0.000000000000  0.003266523964  0.007568035645  0.000000000000  0.001418696879  0.002482179461  0.023125191099  0.004971775943  0.022802876090  0.008304731267  0.024048406787  0.008168956167  0.002363606441  0.002482179461  0.000000000000  0.002482179461  
piranga_rubriceps_lsu265 0.021950101028  0.029550535856  0.021505738598  0.000000000000  0.010046132281  0.035928965193  0.022774019773  0.034595764694  0.023440482885  0.022802876090  0.023449557271  0.010728190266  0.029230337885  0.024595819980  0.017967626621  0.026730990936  0.028295944830  0.020771937087  0.024692550142  0.024103817859  0.006318311531  0.027953639363  0.001239353515  0.016732613881  0.009986613547  0.002710969990  0.019195872144  0.024103817859  0.021505738598  0.024103817859  
piranga_leucoptera_lsu7783 0.024697946431  0.032468853284  0.024194639071  0.010046132281  0.000000000000  0.038750748932  0.025470864664  0.037405317911  0.023583661305  0.025503351492  0.025194327310  0.017417618015  0.031990058739  0.026571241697  0.019582443295  0.026888294500  0.031080824759  0.022281662923  0.026320067201  0.026815936488  0.006332825130  0.030699371899  0.011317543672  0.022002225307  0.012570975527  0.002709423925  0.019321218091  0.026815936488  0.024194639071  0.026815936488  
cardinalis_cardinalis_ku25393 0.027202774765  0.035051285222  0.025347445330  0.035928965193  0.038750748932  0.000000000000  0.026616513940  0.003728497353  0.025823481187  0.026650299325  0.029842063402  0.021596950420  0.033117627766  0.033567703811  0.020971484124  0.026674887203  0.032224172726  0.022135038715  0.027628391748  0.027956991251  0.037800801764  0.031827104696  0.037266184769  0.028696395257  0.038503899885  0.022053806043  0.024069980197  0.027956991251  0.025347445330  0.027956991251  
piranga_olivacea_ku2699 0.001264426678  0.006563842715  0.000000000000  0.022774019773  0.025470864664  0.026616513940  0.000000000000  0.025315355167  0.000000000000  0.001239353515  0.001529350936  0.006393238898  0.006213454979  0.003440732634  0.000000000000  0.003261197559  0.007558501666  0.000000000000  0.001418696879  0.002482179461  0.024413602981  0.004965603935  0.024073271290  0.009967559693  0.025315355167  0.008168956167  0.002363606441  0.002482179461  0.000000000000  0.002482179461  
cardinalis_cardinalis_ku21828 0.027202774765  0.033656213807  0.024048406787  0.034595764694  0.037405317911  0.003728497353  0.025315355167  0.000000000000  0.021025392724  0.025347445330  0.028224488009  0.023810767030  0.031802970210  0.031743066963  0.022504329233  0.028390983351  0.030894497938  0.023552035186  0.026134090845  0.026650299325  0.036443618805  0.030513421365  0.035928965193  0.026959900615  0.037168691079  0.024883685325  0.026536687192  0.026650299325  0.024048406787  0.026650299325  
piranga_rubra_ku7046 0.002393078483  0.006924485232  0.000000000000  0.023440482885  0.023583661305  0.025823481187  0.000000000000  0.021025392724  0.000000000000  0.000000000000  0.000000000000  0.009701125075  0.004605419872  0.004605419872  0.000000000000  0.005475394623  0.004713969540  0.000000000000  0.002304828124  0.002304828124  0.024003238488  0.004605419872  0.025850915003  0.013955326330  0.023402493607  0.003414468365  0.003085638783  0.002304828124  0.000000000000  0.002304828124  
piranga_bidentata_hgoslp104 0.002535678685  0.007896736138  0.001239353515  0.022802876090  0.025503351492  0.026650299325  0.001239353515  0.025347445330  0.000000000000  0.000000000000  0.003063992930  0.006393238898  0.007472780401  0.003446662174  0.001470864704  0.004907998141  0.008840492291  0.001358931559  0.002841945720  0.001239353515  0.024445020109  0.006222487243  0.024103817859  0.008304731267  0.025347445330  0.008168956167  0.002363606441  0.001239353515  0.001239353515  0.001239353515  
piranga_ludoviciana_sdsu2648 0.003082884880  0.007685981373  0.001529350936  0.023449557271  0.025194327310  0.029842063402  0.001529350936  0.028224488009  0.000000000000  0.003063992930  0.000000000000  0.008543989816  0.006139298385  0.005298043246  0.001852290833  0.005031471397  0.009238076238  0.001678212497  0.003063992930  0.004603962721  0.025095454393  0.006142800275  0.025056145735  0.010204911308  0.028210026587  0.008168956167  0.002363606441  0.004603962721  0.001529350936  0.004603962721  
piranga_roseogularis_ku2049 0.008543989816  0.015027953974  0.006393238898  0.010728190266  0.017417618015  0.021596950420  0.006393238898  0.023810767030  0.009701125075  0.006393238898  0.008543989816  0.000000000000  0.010694489213  0.011000372746  0.006448206201  0.010694489213  0.012853478450  0.006393238898  0.006393238898  0.008543989816  0.012932545827  0.010694489213  0.012904728840  0.002123719810  0.012889955658  0.010924129043  0.007348532303  0.008543989816  0.006393238898  0.008543989816  
piranga_hepatica_ku4970 0.007624723490  0.005245260172  0.006221186069  0.029230337885  0.031990058739  0.033117627766  0.006213454979  0.031802970210  0.004605419872  0.007472780401  0.006139298385  0.010694489213  0.000000000000  0.000000000000  0.007388757649  0.003261770771  0.006291292616  0.006814732686  0.007125062573  0.008727916194  0.030976824394  0.003719962765  0.030543048435  0.013326295145  0.031802970210  0.013678916001  0.007118159611  0.006221186069  0.006221186069  0.008727916194  
piranga_hepatica_ku9084 0.005326262273  0.003440732634  0.003446662174  0.024595819980  0.026571241697  0.033567703811  0.003440732634  0.031743066963  0.004605419872  0.003446662174  0.005298043246  0.011000372746  0.000000000000  0.000000000000  0.004412371032  0.000000000000  0.001747999591  0.003919483621  0.005179138548  0.005179138548  0.026923799286  0.000000000000  0.026402385980  0.013905420609  0.028165661412  0.013678916001  0.007118159611  0.001720925959  0.003446662174  0.005179138548  
piranga_rubra_sdsu2654 0.001470864704  0.007889580035  0.000000000000  0.017967626621  0.019582443295  0.020971484124  0.000000000000  0.022504329233  0.000000000000  0.001470864704  0.001852290833  0.006448206201  0.007388757649  0.004412371032  0.000000000000  0.003608340191  0.008878287237  0.000000000000  0.000000000000  0.002946622870  0.019527117307  0.005903706137  0.019497825473  0.008400439557  0.019465143549  0.008168956167  0.000000000000  0.002946622870  0.000000000000  0.002946622870  
piranga_flava_lsu15408 0.004899981711  0.003261197559  0.003266523964  0.026730990936  0.026888294500  0.026674887203  0.003261197559  0.028390983351  0.005475394623  0.004907998141  0.005031471397  0.010694489213  0.003261770771  0.000000000000  0.003608340191  0.000000000000  0.004899981711  0.003271867796  0.003266523964  0.006555569184  0.026775736407  0.001629003779  0.028454586523  0.013147876925  0.026690005368  0.013678916001  0.007118159611  0.003266523964  0.003266523964  0.006555569184  
piranga_lutea_lsu5400 0.008907994732  0.006653036284  0.007568035645  0.028295944830  0.031080824759  0.032224172726  0.007558501666  0.030894497938  0.004713969540  0.008840492291  0.009238076238  0.012853478450  0.006291292616  0.001747999591  0.008878287237  0.004899981711  0.000000000000  0.008187693360  0.008689519811  0.010116609617  0.029661843302  0.002508554026  0.029623627911  0.015261710437  0.030894497938  0.013678916001  0.007118159611  0.007568035645  0.007568035645  0.010116609617  
piranga_olivacea_ku4672 0.001357087369  0.007238528933  0.000000000000  0.020771937087  0.022281662923  0.022135038715  0.000000000000  0.023552035186  0.000000000000  0.001358931559  0.001678212497  0.006393238898  0.006814732686  0.003919483621  0.000000000000  0.003271867796  0.008187693360  0.000000000000  0.000000000000  0.002722039074  0.020800746617  0.005445577701  0.022191198420  0.009397359319  0.020742347254  0.008168956167  0.002363606441  0.002722039074  0.000000000000  0.002722039074  
piranga_ludoviciana_sdsu2208 0.002912296982  0.007127219513  0.001418696879  0.024692550142  0.026320067201  0.027628391748  0.001418696879  0.026134090845  0.002304828124  0.002841945720  0.003063992930  0.006393238898  0.007125062573  0.005179138548  0.000000000000  0.003266523964  0.008689519811  0.000000000000  0.000000000000  0.004269775830  0.026613497641  0.005696630530  0.026187478862  0.009984146603  0.027614138524  0.008168956167  0.002363606441  0.004269775830  0.001418696879  0.004269775830  
piranga_bidentata_itm160 0.003808974426  0.009224966643  0.002482179461  0.024103817859  0.026815936488  0.027956991251  0.002482179461  0.026650299325  0.002304828124  0.001239353515  0.004603962721  0.008543989816  0.008727916194  0.005179138548  0.002946622870  0.006555569184  0.010116609617  0.002722039074  0.004269775830  0.000000000000  0.025768787863  0.007476735002  0.025408586285  0.009984146603  0.026650299325  0.010924129043  0.004736296429  0.002482179461  0.002482179461  0.000000000000  
piranga_leucoptera_fmnh481795 0.023304870397  0.031403889969  0.023125191099  0.006318311531  0.006332825130  0.037800801764  0.024413602981  0.036443618805  0.024003238488  0.024445020109  0.025095454393  0.012932545827  0.030976824394  0.026923799286  0.019527117307  0.026775736407  0.029661843302  0.020800746617  0.026613497641  0.025768787863  0.000000000000  0.029680936567  0.005047428917  0.018785941189  0.008849289142  0.002710969990  0.019195872144  0.025768787863  0.023125191099  0.025768787863  
piranga_lutea_ku89864 0.006348907933  0.003930569726  0.004971775943  0.027953639363  0.030699371899  0.031827104696  0.004965603935  0.030513421365  0.004605419872  0.006222487243  0.006142800275  0.010694489213  0.003719962765  0.000000000000  0.005903706137  0.001629003779  0.002508554026  0.005445577701  0.005696630530  0.007476735002  0.029680936567  0.000000000000  0.029265378571  0.013326295145  0.030513421365  0.013678916001  0.007118159611  0.004971775943  0.004971775943  0.007476735002  
piranga_rubriceps_lsu34818 0.023274730159  0.030939054922  0.022802876090  0.001239353515  0.011317543672  0.037266184769  0.024073271290  0.035928965193  0.025850915003  0.024103817859  0.025056145735  0.012904728840  0.030543048435  0.026402385980  0.019497825473  0.028454586523  0.029623627911  0.022191198420  0.026187478862  0.025408586285  0.005047428917  0.029265378571  0.000000000000  0.018439495617  0.011248892729  0.005438610191  0.021650630198  0.025408586285  0.022802876090  0.025408586285  
piranga_roseogularis_ku2141 0.011989779634  0.016704659955  0.008304731267  0.016732613881  0.022002225307  0.028696395257  0.009967559693  0.026959900615  0.013955326330  0.008304731267  0.010204911308  0.002123719810  0.013326295145  0.013905420609  0.008400439557  0.013147876925  0.015261710437  0.009397359319  0.009984146603  0.009984146603  0.018785941189  0.013326295145  0.018439495617  0.000000000000  0.020114777253  0.013696521912  0.011918136384  0.009984146603  0.008304731267  0.009984146603  
piranga_erythrocephala_fmnh343371 0.024545572017  0.032265516177  0.024048406787  0.009986613547  0.012570975527  0.038503899885  0.025315355167  0.037168691079  0.023402493607  0.025347445330  0.028210026587  0.012889955658  0.031802970210  0.028165661412  0.019465143549  0.026690005368  0.030894497938  0.020742347254  0.027614138524  0.026650299325  0.008849289142  0.030513421365  0.011248892729  0.020114777253  0.000000000000  0.000000000000  0.016754623912  0.026650299325  0.024048406787  0.026650299325  
piranga_erythrocephala_fmnh343370 0.005430790689  0.019241865973  0.008168956167  0.002710969990  0.002709423925  0.022053806043  0.008168956167  0.024883685325  0.003414468365  0.008168956167  0.008168956167  0.010924129043  0.013678916001  0.013678916001  0.008168956167  0.013678916001  0.013678916001  0.008168956167  0.008168956167  0.010924129043  0.002710969990  0.013678916001  0.005438610191  0.013696521912  0.000000000000  0.000000000000  0.008168956167  0.010924129043  0.008168956167  0.010924129043  
piranga_ludoviciana_sdsu2650 0.004736296429  0.011912067774  0.002363606441  0.019195872144  0.019321218091  0.024069980197  0.002363606441  0.026536687192  0.003085638783  0.002363606441  0.002363606441  0.007348532303  0.007118159611  0.007118159611  0.000000000000  0.007118159611  0.007118159611  0.002363606441  0.002363606441  0.004736296429  0.019195872144  0.007118159611  0.021650630198  0.011918136384  0.016754623912  0.008168956167  0.000000000000  0.004736296429  0.002363606441  0.004736296429  
piranga_bidentata_tepe59 0.003808974426  0.006572470939  0.002482179461  0.024103817859  0.026815936488  0.027956991251  0.002482179461  0.026650299325  0.002304828124  0.001239353515  0.004603962721  0.008543989816  0.006221186069  0.001720925959  0.002946622870  0.003266523964  0.007568035645  0.002722039074  0.004269775830  0.002482179461  0.025768787863  0.004971775943  0.025408586285  0.009984146603  0.026650299325  0.010924129043  0.004736296429  0.000000000000  0.002482179461  0.002482179461  
piranga_rubra_sdsu2635 0.001266027478  0.006572470939  0.000000000000  0.021505738598  0.024194639071  0.025347445330  0.000000000000  0.024048406787  0.000000000000  0.001239353515  0.001529350936  0.006393238898  0.006221186069  0.003446662174  0.000000000000  0.003266523964  0.007568035645  0.000000000000  0.001418696879  0.002482179461  0.023125191099  0.004971775943  0.022802876090  0.008304731267  0.024048406787  0.008168956167  0.002363606441  0.002482179461  0.000000000000  0.002482179461  
piranga_bidentata_itm141 0.003808974426  0.009224966643  0.002482179461  0.024103817859  0.026815936488  0.027956991251  0.002482179461  0.026650299325  0.002304828124  0.001239353515  0.004603962721  0.008543989816  0.008727916194  0.005179138548  0.002946622870  0.006555569184  0.010116609617  0.002722039074  0.004269775830  0.000000000000  0.025768787863  0.007476735002  0.025408586285  0.009984146603  0.026650299325  0.010924129043  0.004736296429  0.002482179461  0.002482179461  0.000000000000  

