30
cardinalis_cardinalis_ku21828 0.000000000000  0.001001044433  0.002505379633  0.002505379633  0.002505379633  0.002505379633  0.002505379633  0.002505379633  0.002505379633  0.003508921258  0.003508921258  0.005023718089  0.003511128067  0.004013213419  0.005521776699  0.009566409374  0.009058818925  0.005521776699  0.006530341357  0.006530341357  0.002505379633  0.002505379633  0.002505379633  0.002505379633  0.002505379633  0.002505379633  0.002505379633  0.002505379633  0.002505379633  0.002505379633  
cardinalis_cardinalis_ku25393 0.001001044433  0.000000000000  0.001501736794  0.001501736794  0.001501736794  0.001501736794  0.001501736794  0.001501736794  0.001501736794  0.002504269476  0.002504269476  0.004014794646  0.002505379633  0.003006958649  0.004513999857  0.008551765351  0.008045247518  0.004513999857  0.005520994683  0.005520994683  0.001501736794  0.001501736794  0.001501736794  0.001501736794  0.001501736794  0.001501736794  0.001501736794  0.001501736794  0.001501736794  0.001501736794  
piranga_ludoviciana_sdsu2650 0.002505379633  0.001501736794  0.000000000000  0.000000000000  0.000000000000  0.000000000000  0.000000000000  0.000000000000  0.000000000000  0.001000763437  0.001000763437  0.002506541378  0.001001044433  0.001501736794  0.003006111096  0.007034609008  0.006529414777  0.003006111096  0.004010904774  0.004010904774  0.000000000000  0.000000000000  0.000000000000  0.000000000000  0.000000000000  0.000000000000  0.000000000000  0.000000000000  0.000000000000  0.000000000000  
piranga_roseogularis_ku2141 0.002505379633  0.001501736794  0.000000000000  0.000000000000  0.000000000000  0.000000000000  0.000000000000  0.000000000000  0.000000000000  0.001000763437  0.001000763437  0.002506541378  0.001001044433  0.001501736794  0.003006111096  0.007034609008  0.006529414777  0.003006111096  0.004010904774  0.004010904774  0.000000000000  0.000000000000  0.000000000000  0.000000000000  0.000000000000  0.000000000000  0.000000000000  0.000000000000  0.000000000000  0.000000000000  
piranga_olivacea_ku2699 0.002505379633  0.001501736794  0.000000000000  0.000000000000  0.000000000000  0.000000000000  0.000000000000  0.000000000000  0.000000000000  0.001000763437  0.001000763437  0.002506541378  0.001001044433  0.001501736794  0.003006111096  0.007034609008  0.006529414777  0.003006111096  0.004010904774  0.004010904774  0.000000000000  0.000000000000  0.000000000000  0.000000000000  0.000000000000  0.000000000000  0.000000000000  0.000000000000  0.000000000000  0.000000000000  
piranga_roseogularis_ku2049 0.002505379633  0.001501736794  0.000000000000  0.000000000000  0.000000000000  0.000000000000  0.000000000000  0.000000000000  0.000000000000  0.001000763437  0.001000763437  0.002506541378  0.001001044433  0.001501736794  0.003006111096  0.007034609008  0.006529414777  0.003006111096  0.004010904774  0.004010904774  0.000000000000  0.000000000000  0.000000000000  0.000000000000  0.000000000000  0.000000000000  0.000000000000  0.000000000000  0.000000000000  0.000000000000  
piranga_hepatica_ku4970 0.002505379633  0.001501736794  0.000000000000  0.000000000000  0.000000000000  0.000000000000  0.000000000000  0.000000000000  0.000000000000  0.001000763437  0.001000763437  0.002506541378  0.001001044433  0.001501736794  0.003006111096  0.007034609008  0.006529414777  0.003006111096  0.004010904774  0.004010904774  0.000000000000  0.000000000000  0.000000000000  0.000000000000  0.000000000000  0.000000000000  0.000000000000  0.000000000000  0.000000000000  0.000000000000  
piranga_hepatica_ku9084 0.002505379633  0.001501736794  0.000000000000  0.000000000000  0.000000000000  0.000000000000  0.000000000000  0.000000000000  0.000000000000  0.001000763437  0.001000763437  0.002506541378  0.001001044433  0.001501736794  0.003006111096  0.007034609008  0.006529414777  0.003006111096  0.004010904774  0.004010904774  0.000000000000  0.000000000000  0.000000000000  0.000000000000  0.000000000000  0.000000000000  0.000000000000  0.000000000000  0.000000000000  0.000000000000  
piranga_erythrocephala_fmnh343370 0.002505379633  0.001501736794  0.000000000000  0.000000000000  0.000000000000  0.000000000000  0.000000000000  0.000000000000  0.000000000000  0.001000763437  0.001000763437  0.002506541378  0.001001044433  0.001501736794  0.003006111096  0.007034609008  0.006529414777  0.003006111096  0.004010904774  0.004010904774  0.000000000000  0.000000000000  0.000000000000  0.000000000000  0.000000000000  0.000000000000  0.000000000000  0.000000000000  0.000000000000  0.000000000000  
piranga_bidentata_hgoslp104 0.003508921258  0.002504269476  0.001000763437  0.001000763437  0.001000763437  0.001000763437  0.001000763437  0.001000763437  0.001000763437  0.000000000000  0.000000000000  0.003509822017  0.002002811593  0.002504269476  0.004010948151  0.008044307880  0.007538602371  0.004010948151  0.005017018540  0.005017018540  0.001000763437  0.001000763437  0.001000763437  0.001000763437  0.001000763437  0.001000763437  0.001000763437  0.001000763437  0.001000763437  0.001000763437  
piranga_bidentata_itm141 0.003508921258  0.002504269476  0.001000763437  0.001000763437  0.001000763437  0.001000763437  0.001000763437  0.001000763437  0.001000763437  0.000000000000  0.000000000000  0.003509822017  0.002002811593  0.002504269476  0.004010948151  0.008044307880  0.007538602371  0.004010948151  0.005017018540  0.005017018540  0.001000763437  0.001000763437  0.001000763437  0.001000763437  0.001000763437  0.001000763437  0.001000763437  0.001000763437  0.001000763437  0.001000763437  
piranga_ludoviciana_sdsu2208 0.005023718089  0.004014794646  0.002506541378  0.002506541378  0.002506541378  0.002506541378  0.002506541378  0.002506541378  0.002506541378  0.003509822017  0.003509822017  0.000000000000  0.002506541378  0.004014794646  0.005522966331  0.009568596872  0.009060726634  0.005522966331  0.006531676535  0.006531676535  0.002506541378  0.002506541378  0.002506541378  0.002506541378  0.002506541378  0.002506541378  0.002506541378  0.002506541378  0.002506541378  0.002506541378  
piranga_flava_ku90809 0.003511128067  0.002505379633  0.001001044433  0.001001044433  0.001001044433  0.001001044433  0.001001044433  0.001001044433  0.001001044433  0.002002811593  0.002002811593  0.002506541378  0.000000000000  0.002505379633  0.004011268110  0.008046597423  0.007540336181  0.004011268110  0.005017623462  0.005017623462  0.001001044433  0.001001044433  0.001001044433  0.001001044433  0.001001044433  0.001001044433  0.001001044433  0.001001044433  0.001001044433  0.001001044433  
piranga_olivacea_ku4672 0.004013213419  0.003006958649  0.001501736794  0.001501736794  0.001501736794  0.001501736794  0.001501736794  0.001501736794  0.001501736794  0.002504269476  0.002504269476  0.004014794646  0.002505379633  0.000000000000  0.004513999857  0.008551765351  0.008045247518  0.004513999857  0.005520994683  0.005520994683  0.001501736794  0.001501736794  0.001501736794  0.001501736794  0.001501736794  0.001501736794  0.001501736794  0.001501736794  0.001501736794  0.001501736794  
piranga_lutea_ku89864 0.005521776699  0.004513999857  0.003006111096  0.003006111096  0.003006111096  0.003006111096  0.003006111096  0.003006111096  0.003006111096  0.004010948151  0.004010948151  0.005522966331  0.004011268110  0.004513999857  0.000000000000  0.004012037783  0.003508921258  0.000000000000  0.001000702221  0.001000702221  0.003006111096  0.003006111096  0.003006111096  0.003006111096  0.003006111096  0.003006111096  0.003006111096  0.003006111096  0.003006111096  0.003006111096  
piranga_rubriceps_lsu265 0.009566409374  0.008551765351  0.007034609008  0.007034609008  0.007034609008  0.007034609008  0.007034609008  0.007034609008  0.007034609008  0.008044307880  0.008044307880  0.009568596872  0.008046597423  0.008551765351  0.004012037783  0.000000000000  0.000500260926  0.004012037783  0.005018537083  0.005018537083  0.007034609008  0.007034609008  0.007034609008  0.007034609008  0.007034609008  0.007034609008  0.007034609008  0.007034609008  0.007034609008  0.007034609008  
piranga_rubriceps_lsu34818 0.009058818925  0.008045247518  0.006529414777  0.006529414777  0.006529414777  0.006529414777  0.006529414777  0.006529414777  0.006529414777  0.007538602371  0.007538602371  0.009060726634  0.007540336181  0.008045247518  0.003508921258  0.000500260926  0.000000000000  0.003508921258  0.004514638047  0.004514638047  0.006529414777  0.006529414777  0.006529414777  0.006529414777  0.006529414777  0.006529414777  0.006529414777  0.006529414777  0.006529414777  0.006529414777  
piranga_erythrocephala_fmnh343371 0.005521776699  0.004513999857  0.003006111096  0.003006111096  0.003006111096  0.003006111096  0.003006111096  0.003006111096  0.003006111096  0.004010948151  0.004010948151  0.005522966331  0.004011268110  0.004513999857  0.000000000000  0.004012037783  0.003508921258  0.000000000000  0.001000702221  0.001000702221  0.003006111096  0.003006111096  0.003006111096  0.003006111096  0.003006111096  0.003006111096  0.003006111096  0.003006111096  0.003006111096  0.003006111096  
piranga_leucoptera_fmnh481795 0.006530341357  0.005520994683  0.004010904774  0.004010904774  0.004010904774  0.004010904774  0.004010904774  0.004010904774  0.004010904774  0.005017018540  0.005017018540  0.006531676535  0.005017623462  0.005520994683  0.001000702221  0.005018537083  0.004514638047  0.001000702221  0.000000000000  0.000000000000  0.004010904774  0.004010904774  0.004010904774  0.004010904774  0.004010904774  0.004010904774  0.004010904774  0.004010904774  0.004010904774  0.004010904774  
piranga_leucoptera_lsu7783 0.006530341357  0.005520994683  0.004010904774  0.004010904774  0.004010904774  0.004010904774  0.004010904774  0.004010904774  0.004010904774  0.005017018540  0.005017018540  0.006531676535  0.005017623462  0.005520994683  0.001000702221  0.005018537083  0.004514638047  0.001000702221  0.000000000000  0.000000000000  0.004010904774  0.004010904774  0.004010904774  0.004010904774  0.004010904774  0.004010904774  0.004010904774  0.004010904774  0.004010904774  0.004010904774  
piranga_ludoviciana_sdsu2385 0.002505379633  0.001501736794  0.000000000000  0.000000000000  0.000000000000  0.000000000000  0.000000000000  0.000000000000  0.000000000000  0.001000763437  0.001000763437  0.002506541378  0.001001044433  0.001501736794  0.003006111096  0.007034609008  0.006529414777  0.003006111096  0.004010904774  0.004010904774  0.000000000000  0.000000000000  0.000000000000  0.000000000000  0.000000000000  0.000000000000  0.000000000000  0.000000000000  0.000000000000  0.000000000000  
piranga_rubra_sdsu2635 0.002505379633  0.001501736794  0.000000000000  0.000000000000  0.000000000000  0.000000000000  0.000000000000  0.000000000000  0.000000000000  0.001000763437  0.001000763437  0.002506541378  0.001001044433  0.001501736794  0.003006111096  0.007034609008  0.006529414777  0.003006111096  0.004010904774  0.004010904774  0.000000000000  0.000000000000  0.000000000000  0.000000000000  0.000000000000  0.000000000000  0.000000000000  0.000000000000  0.000000000000  0.000000000000  
piranga_bidentata_itm160 0.002505379633  0.001501736794  0.000000000000  0.000000000000  0.000000000000  0.000000000000  0.000000000000  0.000000000000  0.000000000000  0.001000763437  0.001000763437  0.002506541378  0.001001044433  0.001501736794  0.003006111096  0.007034609008  0.006529414777  0.003006111096  0.004010904774  0.004010904774  0.000000000000  0.000000000000  0.000000000000  0.000000000000  0.000000000000  0.000000000000  0.000000000000  0.000000000000  0.000000000000  0.000000000000  
piranga_rubra_ku7046 0.002505379633  0.001501736794  0.000000000000  0.000000000000  0.000000000000  0.000000000000  0.000000000000  0.000000000000  0.000000000000  0.001000763437  0.001000763437  0.002506541378  0.001001044433  0.001501736794  0.003006111096  0.007034609008  0.006529414777  0.003006111096  0.004010904774  0.004010904774  0.000000000000  0.000000000000  0.000000000000  0.000000000000  0.000000000000  0.000000000000  0.000000000000  0.000000000000  0.000000000000  0.000000000000  
piranga_rubra_sdsu2654 0.002505379633  0.001501736794  0.000000000000  0.000000000000  0.000000000000  0.000000000000  0.000000000000  0.000000000000  0.000000000000  0.001000763437  0.001000763437  0.002506541378  0.001001044433  0.001501736794  0.003006111096  0.007034609008  0.006529414777  0.003006111096  0.004010904774  0.004010904774  0.000000000000  0.000000000000  0.000000000000  0.000000000000  0.000000000000  0.000000000000  0.000000000000  0.000000000000  0.000000000000  0.000000000000  
piranga_ludoviciana_sdsu2648 0.002505379633  0.001501736794  0.000000000000  0.000000000000  0.000000000000  0.000000000000  0.000000000000  0.000000000000  0.000000000000  0.001000763437  0.001000763437  0.002506541378  0.001001044433  0.001501736794  0.003006111096  0.007034609008  0.006529414777  0.003006111096  0.004010904774  0.004010904774  0.000000000000  0.000000000000  0.000000000000  0.000000000000  0.000000000000  0.000000000000  0.000000000000  0.000000000000  0.000000000000  0.000000000000  
piranga_bidentata_tepe59 0.002505379633  0.001501736794  0.000000000000  0.000000000000  0.000000000000  0.000000000000  0.000000000000  0.000000000000  0.000000000000  0.001000763437  0.001000763437  0.002506541378  0.001001044433  0.001501736794  0.003006111096  0.007034609008  0.006529414777  0.003006111096  0.004010904774  0.004010904774  0.000000000000  0.000000000000  0.000000000000  0.000000000000  0.000000000000  0.000000000000  0.000000000000  0.000000000000  0.000000000000  0.000000000000  
piranga_lutea_lsu5400 0.002505379633  0.001501736794  0.000000000000  0.000000000000  0.000000000000  0.000000000000  0.000000000000  0.000000000000  0.000000000000  0.001000763437  0.001000763437  0.002506541378  0.001001044433  0.001501736794  0.003006111096  0.007034609008  0.006529414777  0.003006111096  0.004010904774  0.004010904774  0.000000000000  0.000000000000  0.000000000000  0.000000000000  0.000000000000  0.000000000000  0.000000000000  0.000000000000  0.000000000000  0.000000000000  
piranga_flava_lsu15408 0.002505379633  0.001501736794  0.000000000000  0.000000000000  0.000000000000  0.000000000000  0.000000000000  0.000000000000  0.000000000000  0.001000763437  0.001000763437  0.002506541378  0.001001044433  0.001501736794  0.003006111096  0.007034609008  0.006529414777  0.003006111096  0.004010904774  0.004010904774  0.000000000000  0.000000000000  0.000000000000  0.000000000000  0.000000000000  0.000000000000  0.000000000000  0.000000000000  0.000000000000  0.000000000000  
piranga_rubra_ku26592 0.002505379633  0.001501736794  0.000000000000  0.000000000000  0.000000000000  0.000000000000  0.000000000000  0.000000000000  0.000000000000  0.001000763437  0.001000763437  0.002506541378  0.001001044433  0.001501736794  0.003006111096  0.007034609008  0.006529414777  0.003006111096  0.004010904774  0.004010904774  0.000000000000  0.000000000000  0.000000000000  0.000000000000  0.000000000000  0.000000000000  0.000000000000  0.000000000000  0.000000000000  0.000000000000  

