30
piranga_rubra_ku26592 0.000000000000  0.006651323931  0.009526735424  0.017266058804  0.016298328108  0.017251085412  0.006557885970  0.018227692504  0.002842300343  0.007605552917  0.002616733427  0.009076120446  0.007601538710  0.002952850933  0.001966168799  0.007288474595  0.016541984957  0.008577732154  0.010070315758  0.009518908379  0.014350342570  0.004967218232  0.017275663689  0.011872244572  0.012417312367  0.007531888752  0.008019175241  0.007605552917  0.004741134235  0.008559147308  
piranga_flava_ku90809 0.006651323931  0.000000000000  0.010480582376  0.018227139802  0.017259097304  0.018210220783  0.005459255004  0.019188109499  0.007609632942  0.008556920053  0.002616733427  0.010083277018  0.008551015009  0.001475299806  0.008900073896  0.002071130684  0.014839413997  0.009531203827  0.010057654996  0.010470854656  0.015308562227  0.001980872315  0.018237716424  0.012952051514  0.013373963809  0.006017701186  0.008019175241  0.009517667903  0.009522127843  0.009509855822  
piranga_ludoviciana_sdsu2385 0.009526735424  0.010480582376  0.000000000000  0.017282480338  0.016316919378  0.017259097304  0.004370113584  0.018237716424  0.010490577996  0.001890973511  0.001307482822  0.009074604710  0.006645009814  0.002955714668  0.011898884608  0.009377170231  0.016556583819  0.006662164381  0.007532746028  0.005689760150  0.012421826268  0.008966116452  0.017296269994  0.011880858610  0.012432086288  0.007531555469  0.006403898817  0.002839609992  0.008576510620  0.004736642792  
piranga_rubriceps_lsu265 0.017266058804  0.018227139802  0.017282480338  0.000000000000  0.009517667903  0.017249510969  0.009870841979  0.018227139802  0.018244644331  0.015327999243  0.006562759734  0.011109825092  0.013382423816  0.004436135629  0.018955153117  0.016777120936  0.021648836640  0.014372157706  0.011347113708  0.015327999243  0.007598329099  0.016037150632  0.001889801717  0.012967026659  0.006645009814  0.006018477736  0.006403898817  0.016304121489  0.016308350640  0.014354103396  
piranga_leucoptera_lsu7783 0.016298328108  0.017259097304  0.016316919378  0.009517667903  0.000000000000  0.017259097304  0.008776340732  0.018237716424  0.017275663689  0.014364931315  0.006570174179  0.011116080549  0.012421826268  0.004441280178  0.017946181404  0.015718915826  0.019944662296  0.014381630414  0.011358375357  0.014364931315  0.003786770426  0.015026028172  0.009523648592  0.012977185513  0.004739253271  0.009056341378  0.008025528946  0.015339809897  0.015342698964  0.013392273471  
cardinalis_cardinalis_ku25393 0.017251085412  0.018210220783  0.017259097304  0.017249510969  0.017259097304  0.000000000000  0.009877535640  0.000943548823  0.018227692504  0.015308562227  0.003930484017  0.011109825092  0.013366896976  0.002955714668  0.017933042363  0.015718915826  0.019900679551  0.014357417359  0.012626179509  0.015308562227  0.015308562227  0.015012965699  0.017259097304  0.011880858610  0.012405462304  0.006018477736  0.004797974107  0.016282715975  0.016289710915  0.014336625918  
piranga_olivacea_ku2699 0.006557885970  0.005459255004  0.004370113584  0.009870841979  0.008776340732  0.009877535640  0.000000000000  0.010988868175  0.007659350996  0.002179465917  0.001307482822  0.005459255004  0.005460906666  0.001475299806  0.008007386805  0.006764918315  0.006312302821  0.003270590894  0.005307710352  0.004363850876  0.006565514294  0.005754564097  0.009877535640  0.007172546341  0.004366076018  0.006017701186  0.003193838398  0.003273384865  0.004366076018  0.003269606531  
cardinalis_cardinalis_ku21828 0.018227692504  0.019188109499  0.018237716424  0.018227139802  0.018237716424  0.000943548823  0.010988868175  0.000000000000  0.019206538422  0.016282715975  0.003930484017  0.012133149850  0.014336625918  0.002955714668  0.018948282843  0.016786295265  0.021598862854  0.015330266048  0.013909088354  0.016282715975  0.016282715975  0.016030317512  0.018237716424  0.012977185513  0.013373963809  0.006018477736  0.006408701930  0.017259097304  0.017266058804  0.015308562227  
piranga_rubra_ku7046 0.002842300343  0.007609632942  0.010490577996  0.018244644331  0.017275663689  0.018227692504  0.007659350996  0.019206538422  0.000000000000  0.008565063650  0.002616733427  0.010093454767  0.008559147308  0.002952850933  0.004928052006  0.008339441550  0.018226667455  0.009540297130  0.011342146996  0.010480831621  0.015323224458  0.005967029549  0.018255241443  0.012966046951  0.013386752776  0.007531888752  0.008019175241  0.008565063650  0.003789234433  0.009518908379  
piranga_bidentata_hgoslp104 0.007605552917  0.008556920053  0.001890973511  0.015327999243  0.014364931315  0.015308562227  0.002179465917  0.016282715975  0.008565063650  0.000000000000  0.001307482822  0.007042843003  0.005689760150  0.001475299806  0.009895702752  0.007277140223  0.013195177792  0.004748254625  0.005008634028  0.003785648243  0.010487523753  0.006958824821  0.015339809897  0.009696613602  0.010495845443  0.006017701186  0.003193838398  0.000944439948  0.006655829656  0.002836767067  
piranga_ludoviciana_sdsu2648 0.002616733427  0.002616733427  0.001307482822  0.006562759734  0.006570174179  0.003930484017  0.001307482822  0.003930484017  0.002616733427  0.001307482822  0.000000000000  0.003929061294  0.002617094762  0.001475299806  0.003929061294  0.002616733427  0.005415500818  0.002618981613  0.006224521533  0.003929061294  0.002616733427  0.002630500086  0.006565150171  0.004119381971  0.002616733427  0.006017701186  0.004937942583  0.002618981613  0.002616733427  0.003929061294  
piranga_roseogularis_ku2049 0.009076120446  0.010083277018  0.009074604710  0.011109825092  0.011116080549  0.011109825092  0.005459255004  0.012133149850  0.010093454767  0.007042843003  0.003929061294  0.000000000000  0.005020703420  0.001475299806  0.011579570691  0.010419485369  0.007212162829  0.006041812508  0.006266646168  0.007042843003  0.009074604710  0.008461965631  0.011116080549  0.003263475207  0.006033028996  0.006017701186  0.003193838398  0.008057515371  0.007047965577  0.006030576146  
piranga_hepatica_ku4970 0.007601538710  0.008551015009  0.006645009814  0.013382423816  0.012421826268  0.013366896976  0.005460906666  0.014336625918  0.008559147308  0.005689760150  0.002617094762  0.005020703420  0.000000000000  0.001475299806  0.009893258809  0.009370072417  0.009860027539  0.006654513687  0.006268824882  0.005689760150  0.010487523753  0.006956500499  0.013392273471  0.007523485243  0.008568345189  0.004507612678  0.003193838398  0.006645009814  0.006648193535  0.004736642792  
piranga_hepatica_ku9084 0.002952850933  0.001475299806  0.002955714668  0.004436135629  0.004441280178  0.002955714668  0.001475299806  0.002955714668  0.002952850933  0.001475299806  0.001475299806  0.001475299806  0.001475299806  0.000000000000  0.002952850933  0.001475299806  0.003013612872  0.001475299806  0.001647912737  0.001475299806  0.001475299806  0.001475299806  0.005924590998  0.001475299806  0.001475299806  0.004685567109  0.001751840568  0.002955714668  0.002952850933  0.001475299806  
piranga_rubra_sdsu2654 0.001966168799  0.008900073896  0.011898884608  0.018955153117  0.017946181404  0.017933042363  0.008007386805  0.018948282843  0.004928052006  0.009895702752  0.003929061294  0.011579570691  0.009893258809  0.002952850933  0.000000000000  0.009501428084  0.019899372763  0.010914725682  0.010070444479  0.011892295756  0.015918667543  0.006963826071  0.018963560117  0.014052340393  0.014914189604  0.009050199780  0.009636959096  0.009895702752  0.006908840343  0.010891607413  
piranga_flava_lsu15408 0.007288474595  0.002071130684  0.009377170231  0.016777120936  0.015718915826  0.015718915826  0.006764918315  0.016786295265  0.008339441550  0.007277140223  0.002616733427  0.010419485369  0.009370072417  0.001475299806  0.009501428084  0.000000000000  0.010927510299  0.010447327054  0.011327870733  0.011475881974  0.011475881974  0.002114933815  0.016786295265  0.012107469537  0.012538866522  0.006017701186  0.008019175241  0.008325864166  0.009382561446  0.010421679018  
piranga_lutea_lsu5400 0.016541984957  0.014839413997  0.016556583819  0.021648836640  0.019944662296  0.019900679551  0.006312302821  0.021598862854  0.018226667455  0.013195177792  0.005415500818  0.007212162829  0.009860027539  0.003013612872  0.019899372763  0.010927510299  0.000000000000  0.013226445144  0.005766315213  0.013195177792  0.019944662296  0.011527455733  0.019972942541  0.010584701141  0.018272555333  0.005613087290  0.002576634876  0.014872573022  0.014881909217  0.011524346354  
piranga_olivacea_ku4672 0.008577732154  0.009531203827  0.006662164381  0.014372157706  0.014381630414  0.014357417359  0.003270590894  0.015330266048  0.009540297130  0.004748254625  0.002618981613  0.006041812508  0.006654513687  0.001475299806  0.010914725682  0.010447327054  0.013226445144  0.000000000000  0.005020669033  0.006654513687  0.012436702046  0.007966257086  0.014381630414  0.007535666820  0.009541823855  0.006017701186  0.003193838398  0.005704137147  0.007624137483  0.005698382717  
piranga_ludoviciana_sdsu2208 0.010070315758  0.010057654996  0.007532746028  0.011347113708  0.011358375357  0.012626179509  0.005307710352  0.013909088354  0.011342146996  0.005008634028  0.006224521533  0.006266646168  0.006268824882  0.001647912737  0.010070444479  0.011327870733  0.005766315213  0.005020669033  0.000000000000  0.002501076347  0.008808320248  0.008802261579  0.011358375357  0.007532746028  0.007538981107  0.007950730867  0.001595333273  0.006268824882  0.007538375379  0.001248706916  
piranga_bidentata_itm160 0.009518908379  0.010470854656  0.005689760150  0.015327999243  0.014364931315  0.015308562227  0.004363850876  0.016282715975  0.010480831621  0.003785648243  0.003929061294  0.007042843003  0.005689760150  0.001475299806  0.011892295756  0.011475881974  0.013195177792  0.006654513687  0.002501076347  0.000000000000  0.012421826268  0.008959630213  0.015339809897  0.009696613602  0.010495845443  0.006017701186  0.000000000000  0.004736642792  0.008565063650  0.000944439948  
piranga_leucoptera_fmnh481795 0.014350342570  0.015308562227  0.012421826268  0.007598329099  0.003786770426  0.015308562227  0.006565514294  0.016282715975  0.015323224458  0.010487523753  0.002616733427  0.009074604710  0.010487523753  0.001475299806  0.015918667543  0.011475881974  0.019944662296  0.012436702046  0.008808320248  0.012421826268  0.000000000000  0.012994303985  0.007602401348  0.010787339421  0.002837507633  0.004507612678  0.003193299636  0.011453579681  0.013395229060  0.011453579681  
piranga_lutea_ku89864 0.004967218232  0.001980872315  0.008966116452  0.016037150632  0.015026028172  0.015012965699  0.005754564097  0.016030317512  0.005967029549  0.006958824821  0.002630500086  0.008461965631  0.006956500499  0.001475299806  0.006963826071  0.002114933815  0.011527455733  0.007966257086  0.008802261579  0.008959630213  0.012994303985  0.000000000000  0.016045527129  0.010781237008  0.011987694226  0.006017701186  0.008019175241  0.007961291085  0.007966257086  0.007956890691  
piranga_rubriceps_lsu34818 0.017275663689  0.018237716424  0.017296269994  0.001889801717  0.009523648592  0.017259097304  0.009877535640  0.018237716424  0.018255241443  0.015339809897  0.006565150171  0.011116080549  0.013392273471  0.005924590998  0.018963560117  0.016786295265  0.019972942541  0.014381630414  0.011358375357  0.015339809897  0.007602401348  0.016045527129  0.000000000000  0.012977185513  0.006649506967  0.007534707889  0.006408701930  0.016316919378  0.016319774956  0.014364931315  
piranga_roseogularis_ku2141 0.011872244572  0.012952051514  0.011880858610  0.012967026659  0.012977185513  0.011880858610  0.007172546341  0.012977185513  0.012966046951  0.009696613602  0.004119381971  0.003263475207  0.007523485243  0.001475299806  0.014052340393  0.012107469537  0.010584701141  0.007535666820  0.007532746028  0.009696613602  0.010787339421  0.010781237008  0.012977185513  0.000000000000  0.008615655856  0.004507612678  0.003193299636  0.010787339421  0.009700608620  0.008608666918  
piranga_erythrocephala_fmnh343371 0.012417312367  0.013373963809  0.012432086288  0.006645009814  0.004739253271  0.012405462304  0.004366076018  0.013373963809  0.013386752776  0.010495845443  0.002616733427  0.006033028996  0.008568345189  0.001475299806  0.014914189604  0.012538866522  0.018272555333  0.009541823855  0.007538981107  0.010495845443  0.002837507633  0.011987694226  0.006649506967  0.008615655856  0.000000000000  0.004507612678  0.003193299636  0.011462868340  0.011464522768  0.009531007677  
piranga_erythrocephala_fmnh343370 0.007531888752  0.006017701186  0.007531555469  0.006018477736  0.009056341378  0.006018477736  0.006017701186  0.006018477736  0.007531888752  0.006017701186  0.006017701186  0.006017701186  0.004507612678  0.004685567109  0.009050199780  0.006017701186  0.005613087290  0.006017701186  0.007950730867  0.006017701186  0.004507612678  0.006017701186  0.007534707889  0.004507612678  0.004507612678  0.000000000000  0.006737352808  0.007531555469  0.007531888752  0.006017701186  
piranga_ludoviciana_sdsu2650 0.008019175241  0.008019175241  0.006403898817  0.006403898817  0.008025528946  0.004797974107  0.003193838398  0.006408701930  0.008019175241  0.003193838398  0.004937942583  0.003193838398  0.003193838398  0.001751840568  0.009636959096  0.008019175241  0.002576634876  0.003193838398  0.001595333273  0.000000000000  0.003193299636  0.008019175241  0.006408701930  0.003193299636  0.003193299636  0.006737352808  0.000000000000  0.004795851980  0.004797644393  0.000000000000  
piranga_bidentata_tepe59 0.007605552917  0.009517667903  0.002839609992  0.016304121489  0.015339809897  0.016282715975  0.003273384865  0.017259097304  0.008565063650  0.000944439948  0.002618981613  0.008057515371  0.006645009814  0.002955714668  0.009895702752  0.008325864166  0.014872573022  0.005704137147  0.006268824882  0.004736642792  0.011453579681  0.007961291085  0.016316919378  0.010787339421  0.011462868340  0.007531555469  0.004795851980  0.000000000000  0.006655829656  0.003785648243  
piranga_rubra_sdsu2635 0.004741134235  0.009522127843  0.008576510620  0.016308350640  0.015342698964  0.016289710915  0.004366076018  0.017266058804  0.003789234433  0.006655829656  0.002616733427  0.007047965577  0.006648193535  0.002952850933  0.006908840343  0.009382561446  0.014881909217  0.007624137483  0.007538375379  0.008565063650  0.013395229060  0.007966257086  0.016319774956  0.009700608620  0.011464522768  0.007531888752  0.004797644393  0.006655829656  0.000000000000  0.007605552917  
piranga_bidentata_itm141 0.008559147308  0.009509855822  0.004736642792  0.014354103396  0.013392273471  0.014336625918  0.003269606531  0.015308562227  0.009518908379  0.002836767067  0.003929061294  0.006030576146  0.004736642792  0.001475299806  0.010891607413  0.010421679018  0.011524346354  0.005698382717  0.001248706916  0.000944439948  0.011453579681  0.007956890691  0.014364931315  0.008608666918  0.009531007677  0.006017701186  0.000000000000  0.003785648243  0.007605552917  0.000000000000  

