30
cardinalis_cardinalis_ku21828 0.000000000000  0.000000000000  0.009565742344  0.009565742344  0.008046141760  0.011598216689  0.010071784333  0.010071784333  0.009056810616  0.009056810616  0.010071784333  0.009564033424  0.009562723979  0.009562723979  0.009562723979  0.009562723979  0.010070204181  0.010070204181  0.009056810616  0.009056810616  0.009056810616  0.009056810616  0.011086751598  0.011593826369  0.012105422400  0.010580064444  0.011086751598  0.012615556846  0.012615556846  0.011086751598  
cardinalis_cardinalis_ku25393 0.000000000000  0.000000000000  0.009565742344  0.009565742344  0.008046141760  0.011598216689  0.010071784333  0.010071784333  0.009056810616  0.009056810616  0.010071784333  0.009564033424  0.009562723979  0.009562723979  0.009562723979  0.009562723979  0.010070204181  0.010070204181  0.009056810616  0.009056810616  0.009056810616  0.009056810616  0.011086751598  0.011593826369  0.012105422400  0.010580064444  0.011086751598  0.012615556846  0.012615556846  0.011086751598  
piranga_rubriceps_lsu265 0.009565742344  0.009565742344  0.000000000000  0.000000000000  0.002003253395  0.005524257221  0.004011908959  0.004011908959  0.003006276057  0.003006276057  0.004011908959  0.003508833296  0.003508358195  0.003508358195  0.003508358195  0.003508358195  0.004011168112  0.004011168112  0.003006276057  0.003006276057  0.003006276057  0.003006276057  0.005018345859  0.005521569757  0.006027607987  0.004515504118  0.005018345859  0.006533023393  0.006533023393  0.005018345859  
piranga_rubriceps_lsu34818 0.009565742344  0.009565742344  0.000000000000  0.000000000000  0.002003253395  0.005524257221  0.004011908959  0.004011908959  0.003006276057  0.003006276057  0.004011908959  0.003508833296  0.003508358195  0.003508358195  0.003508358195  0.003508358195  0.004011168112  0.004011168112  0.003006276057  0.003006276057  0.003006276057  0.003006276057  0.005018345859  0.005521569757  0.006027607987  0.004515504118  0.005018345859  0.006533023393  0.006533023393  0.005018345859  
piranga_leucoptera_fmnh481795 0.008046141760  0.008046141760  0.002003253395  0.002003253395  0.000000000000  0.003509702201  0.002002786696  0.002002786696  0.001000757013  0.001000757013  0.002002786696  0.001501514496  0.001501704235  0.001501704235  0.001501704235  0.001501704235  0.002002712589  0.002002712589  0.001000757013  0.001000757013  0.001000757013  0.001000757013  0.003006276057  0.003508358195  0.004011908959  0.002504574671  0.003006276057  0.004515504118  0.004515504118  0.003006276057  
piranga_leucoptera_lsu7783 0.011598216689  0.011598216689  0.005524257221  0.005524257221  0.003509702201  0.000000000000  0.005522715836  0.005522715836  0.004514496976  0.004514496976  0.005522715836  0.005018345859  0.005017466894  0.005017466894  0.005017466894  0.005017466894  0.005521569757  0.005521569757  0.004514496976  0.004514496976  0.004514496976  0.004514496976  0.006531341423  0.007035458176  0.007543208232  0.006027607987  0.006531341423  0.008049930036  0.008049930036  0.006531341423  
piranga_erythrocephala_fmnh343371 0.010071784333  0.010071784333  0.004011908959  0.004011908959  0.002002786696  0.005522715836  0.000000000000  0.000000000000  0.003006066156  0.003006066156  0.004011168112  0.003508358195  0.003508277273  0.003508277273  0.003508277273  0.003508277273  0.004010821725  0.004010821725  0.003006066156  0.003006066156  0.003006066156  0.003006066156  0.005017466894  0.005520819358  0.006026194239  0.004514496976  0.005017466894  0.006531341423  0.006531341423  0.005017466894  
piranga_erythrocephala_fmnh343370 0.010071784333  0.010071784333  0.004011908959  0.004011908959  0.002002786696  0.005522715836  0.000000000000  0.000000000000  0.003006066156  0.003006066156  0.004011168112  0.003508358195  0.003508277273  0.003508277273  0.003508277273  0.003508277273  0.004010821725  0.004010821725  0.003006066156  0.003006066156  0.003006066156  0.003006066156  0.005017466894  0.005520819358  0.006026194239  0.004514496976  0.005017466894  0.006531341423  0.006531341423  0.005017466894  
piranga_ludoviciana_sdsu2650 0.009056810616  0.009056810616  0.003006276057  0.003006276057  0.001000757013  0.004514496976  0.003006066156  0.003006066156  0.000000000000  0.000000000000  0.001001026671  0.000500256492  0.000500189147  0.000500189147  0.000500189147  0.000500189147  0.001000696010  0.001000696010  0.000000000000  0.000000000000  0.000000000000  0.000000000000  0.002003253395  0.002504574671  0.004011908959  0.002504574671  0.003006276057  0.004515504118  0.004515504118  0.003006276057  
piranga_olivacea_ku4672 0.009056810616  0.009056810616  0.003006276057  0.003006276057  0.001000757013  0.004514496976  0.003006066156  0.003006066156  0.000000000000  0.000000000000  0.001001026671  0.000500256492  0.000500189147  0.000500189147  0.000500189147  0.000500189147  0.001000696010  0.001000696010  0.000000000000  0.000000000000  0.000000000000  0.000000000000  0.002003253395  0.002504574671  0.004011908959  0.002504574671  0.003006276057  0.004515504118  0.004515504118  0.003006276057  
piranga_bidentata_itm141 0.010071784333  0.010071784333  0.004011908959  0.004011908959  0.002002786696  0.005522715836  0.004011168112  0.004011168112  0.001001026671  0.001001026671  0.000000000000  0.000500256492  0.001501717073  0.001501717073  0.001501717073  0.001501717073  0.002003253395  0.002003253395  0.001001026671  0.001001026671  0.001001026671  0.001001026671  0.003007876062  0.003509702201  0.005019619846  0.003509702201  0.004011908959  0.005524257221  0.005524257221  0.004011908959  
piranga_bidentata_itm160 0.009564033424  0.009564033424  0.003508833296  0.003508833296  0.001501514496  0.005018345859  0.003508358195  0.003508358195  0.000500256492  0.000500256492  0.000500256492  0.000000000000  0.001000696010  0.001000696010  0.001000696010  0.001000696010  0.001501717073  0.001501717073  0.000500256492  0.000500256492  0.000500256492  0.000500256492  0.002505306036  0.003006879484  0.004515504118  0.003006879484  0.003508833296  0.005019619846  0.005019619846  0.003508833296  
piranga_lutea_ku89864 0.009562723979  0.009562723979  0.003508358195  0.003508358195  0.001501704235  0.005017466894  0.003508277273  0.003508277273  0.000500189147  0.000500189147  0.001501717073  0.001000696010  0.000000000000  0.000000000000  0.000000000000  0.000000000000  0.000500256492  0.000500256492  0.000500189147  0.000500189147  0.000500189147  0.000500189147  0.002504574671  0.003006276057  0.004514496976  0.003006276057  0.003508358195  0.005018345859  0.005018345859  0.003508358195  
piranga_lutea_lsu5400 0.009562723979  0.009562723979  0.003508358195  0.003508358195  0.001501704235  0.005017466894  0.003508277273  0.003508277273  0.000500189147  0.000500189147  0.001501717073  0.001000696010  0.000000000000  0.000000000000  0.000000000000  0.000000000000  0.000500256492  0.000500256492  0.000500189147  0.000500189147  0.000500189147  0.000500189147  0.002504574671  0.003006276057  0.004514496976  0.003006276057  0.003508358195  0.005018345859  0.005018345859  0.003508358195  
piranga_hepatica_ku4970 0.009562723979  0.009562723979  0.003508358195  0.003508358195  0.001501704235  0.005017466894  0.003508277273  0.003508277273  0.000500189147  0.000500189147  0.001501717073  0.001000696010  0.000000000000  0.000000000000  0.000000000000  0.000000000000  0.000500256492  0.000500256492  0.000500189147  0.000500189147  0.000500189147  0.000500189147  0.002504574671  0.003006276057  0.004514496976  0.003006276057  0.003508358195  0.005018345859  0.005018345859  0.003508358195  
piranga_hepatica_ku9084 0.009562723979  0.009562723979  0.003508358195  0.003508358195  0.001501704235  0.005017466894  0.003508277273  0.003508277273  0.000500189147  0.000500189147  0.001501717073  0.001000696010  0.000000000000  0.000000000000  0.000000000000  0.000000000000  0.000500256492  0.000500256492  0.000500189147  0.000500189147  0.000500189147  0.000500189147  0.002504574671  0.003006276057  0.004514496976  0.003006276057  0.003508358195  0.005018345859  0.005018345859  0.003508358195  
piranga_flava_ku90809 0.010070204181  0.010070204181  0.004011168112  0.004011168112  0.002002712589  0.005521569757  0.004010821725  0.004010821725  0.001000696010  0.001000696010  0.002003253395  0.001501717073  0.000500256492  0.000500256492  0.000500256492  0.000500256492  0.000000000000  0.000000000000  0.001000696010  0.001000696010  0.001000696010  0.001000696010  0.003006879484  0.003508833296  0.005018345859  0.003508833296  0.004011168112  0.005522715836  0.005522715836  0.004011168112  
piranga_flava_lsu15408 0.010070204181  0.010070204181  0.004011168112  0.004011168112  0.002002712589  0.005521569757  0.004010821725  0.004010821725  0.001000696010  0.001000696010  0.002003253395  0.001501717073  0.000500256492  0.000500256492  0.000500256492  0.000500256492  0.000000000000  0.000000000000  0.001000696010  0.001000696010  0.001000696010  0.001000696010  0.003006879484  0.003508833296  0.005018345859  0.003508833296  0.004011168112  0.005522715836  0.005522715836  0.004011168112  
piranga_bidentata_hgoslp104 0.009056810616  0.009056810616  0.003006276057  0.003006276057  0.001000757013  0.004514496976  0.003006066156  0.003006066156  0.000000000000  0.000000000000  0.001001026671  0.000500256492  0.000500189147  0.000500189147  0.000500189147  0.000500189147  0.001000696010  0.001000696010  0.000000000000  0.000000000000  0.000000000000  0.000000000000  0.002003253395  0.002504574671  0.004011908959  0.002504574671  0.003006276057  0.004515504118  0.004515504118  0.003006276057  
piranga_bidentata_tepe59 0.009056810616  0.009056810616  0.003006276057  0.003006276057  0.001000757013  0.004514496976  0.003006066156  0.003006066156  0.000000000000  0.000000000000  0.001001026671  0.000500256492  0.000500189147  0.000500189147  0.000500189147  0.000500189147  0.001000696010  0.001000696010  0.000000000000  0.000000000000  0.000000000000  0.000000000000  0.002003253395  0.002504574671  0.004011908959  0.002504574671  0.003006276057  0.004515504118  0.004515504118  0.003006276057  
piranga_ludoviciana_sdsu2385 0.009056810616  0.009056810616  0.003006276057  0.003006276057  0.001000757013  0.004514496976  0.003006066156  0.003006066156  0.000000000000  0.000000000000  0.001001026671  0.000500256492  0.000500189147  0.000500189147  0.000500189147  0.000500189147  0.001000696010  0.001000696010  0.000000000000  0.000000000000  0.000000000000  0.000000000000  0.002003253395  0.002504574671  0.004011908959  0.002504574671  0.003006276057  0.004515504118  0.004515504118  0.003006276057  
piranga_ludoviciana_sdsu2648 0.009056810616  0.009056810616  0.003006276057  0.003006276057  0.001000757013  0.004514496976  0.003006066156  0.003006066156  0.000000000000  0.000000000000  0.001001026671  0.000500256492  0.000500189147  0.000500189147  0.000500189147  0.000500189147  0.001000696010  0.001000696010  0.000000000000  0.000000000000  0.000000000000  0.000000000000  0.002003253395  0.002504574671  0.004011908959  0.002504574671  0.003006276057  0.004515504118  0.004515504118  0.003006276057  
piranga_olivacea_ku2699 0.011086751598  0.011086751598  0.005018345859  0.005018345859  0.003006276057  0.006531341423  0.005017466894  0.005017466894  0.002003253395  0.002003253395  0.003007876062  0.002505306036  0.002504574671  0.002504574671  0.002504574671  0.002504574671  0.003006879484  0.003006879484  0.002003253395  0.002003253395  0.002003253395  0.002003253395  0.000000000000  0.004515504118  0.006027607987  0.004515504118  0.005018345859  0.006533023393  0.006533023393  0.005018345859  
piranga_ludoviciana_sdsu2208 0.011593826369  0.011593826369  0.005521569757  0.005521569757  0.003508358195  0.007035458176  0.005520819358  0.005520819358  0.002504574671  0.002504574671  0.003509702201  0.003006879484  0.003006276057  0.003006276057  0.003006276057  0.003006276057  0.003508833296  0.003508833296  0.002504574671  0.002504574671  0.002504574671  0.002504574671  0.004515504118  0.000000000000  0.006531341423  0.005018345859  0.005521569757  0.007037012392  0.007037012392  0.005521569757  
piranga_roseogularis_ku2049 0.012105422400  0.012105422400  0.006027607987  0.006027607987  0.004011908959  0.007543208232  0.006026194239  0.006026194239  0.004011908959  0.004011908959  0.005019619846  0.004515504118  0.004514496976  0.004514496976  0.004514496976  0.004514496976  0.005018345859  0.005018345859  0.004011908959  0.004011908959  0.004011908959  0.004011908959  0.006027607987  0.006531341423  0.000000000000  0.001501717073  0.006027607987  0.007545428320  0.007545428320  0.006027607987  
piranga_roseogularis_ku2141 0.010580064444  0.010580064444  0.004515504118  0.004515504118  0.002504574671  0.006027607987  0.004514496976  0.004514496976  0.002504574671  0.002504574671  0.003509702201  0.003006879484  0.003006276057  0.003006276057  0.003006276057  0.003006276057  0.003508833296  0.003508833296  0.002504574671  0.002504574671  0.002504574671  0.002504574671  0.004515504118  0.005018345859  0.001501717073  0.000000000000  0.004515504118  0.006029417324  0.006029417324  0.004515504118  
piranga_rubra_ku7046 0.011086751598  0.011086751598  0.005018345859  0.005018345859  0.003006276057  0.006531341423  0.005017466894  0.005017466894  0.003006276057  0.003006276057  0.004011908959  0.003508833296  0.003508358195  0.003508358195  0.003508358195  0.003508358195  0.004011168112  0.004011168112  0.003006276057  0.003006276057  0.003006276057  0.003006276057  0.005018345859  0.005521569757  0.006027607987  0.004515504118  0.000000000000  0.001502311592  0.001502311592  0.000000000000  
piranga_rubra_sdsu2635 0.012615556846  0.012615556846  0.006533023393  0.006533023393  0.004515504118  0.008049930036  0.006531341423  0.006531341423  0.004515504118  0.004515504118  0.005524257221  0.005019619846  0.005018345859  0.005018345859  0.005018345859  0.005018345859  0.005522715836  0.005522715836  0.004515504118  0.004515504118  0.004515504118  0.004515504118  0.006533023393  0.007037012392  0.007545428320  0.006029417324  0.001502311592  0.000000000000  0.000000000000  0.001502311592  
piranga_rubra_sdsu2654 0.012615556846  0.012615556846  0.006533023393  0.006533023393  0.004515504118  0.008049930036  0.006531341423  0.006531341423  0.004515504118  0.004515504118  0.005524257221  0.005019619846  0.005018345859  0.005018345859  0.005018345859  0.005018345859  0.005522715836  0.005522715836  0.004515504118  0.004515504118  0.004515504118  0.004515504118  0.006533023393  0.007037012392  0.007545428320  0.006029417324  0.001502311592  0.000000000000  0.000000000000  0.001502311592  
piranga_rubra_ku26592 0.011086751598  0.011086751598  0.005018345859  0.005018345859  0.003006276057  0.006531341423  0.005017466894  0.005017466894  0.003006276057  0.003006276057  0.004011908959  0.003508833296  0.003508358195  0.003508358195  0.003508358195  0.003508358195  0.004011168112  0.004011168112  0.003006276057  0.003006276057  0.003006276057  0.003006276057  0.005018345859  0.005521569757  0.006027607987  0.004515504118  0.000000000000  0.001502311592  0.001502311592  0.000000000000  

