30
cardinalis_cardinalis_ku21828 0.000000000000  0.001502310156  0.015183227757  0.017752069385  0.021349760028  0.021349760028  0.020319172744  0.021356210638  0.019795873380  0.020820132692  0.016711134074  0.014661391246  0.013644756712  0.015183227757  0.015183227757  0.019820731241  0.024480613508  0.025517812201  0.016726564532  0.019820731241  0.018274797914  0.016726564532  0.016726564532  0.016721017767  0.020858360066  0.019813908384  0.018779043386  0.017746368393  0.017746368393  0.017746368393  
cardinalis_cardinalis_ku25393 0.001502310156  0.000000000000  0.015697131193  0.018268413286  0.021868823765  0.021868823765  0.020837416207  0.021875557211  0.020313286004  0.021338081339  0.017225831078  0.015174201630  0.014157041651  0.015697131193  0.015697131193  0.020339269855  0.025003297768  0.026041330865  0.017242096726  0.020339269855  0.018791969222  0.017242096726  0.017242096726  0.017236271263  0.021378003049  0.020332165042  0.019296201554  0.018262432718  0.018262432718  0.018262432718  
piranga_roseogularis_ku2049 0.015183227757  0.015697131193  0.000000000000  0.003510958914  0.010076117429  0.010076117429  0.009062299907  0.010078891463  0.008552835127  0.010580042052  0.005521564189  0.003508356690  0.002504573303  0.004013038358  0.004013038358  0.008563065970  0.013141435203  0.014161604996  0.005526180906  0.008563065970  0.008058558739  0.005526180906  0.005526180906  0.005524247376  0.009580225378  0.008559913008  0.007545409597  0.006533010949  0.006533010949  0.006533010949  
piranga_roseogularis_ku2141 0.017752069385  0.018268413286  0.003510958914  0.000000000000  0.012621797418  0.012621797418  0.011604169712  0.012625536011  0.011091368102  0.013126185610  0.008047821778  0.006026186715  0.005019612341  0.006535085725  0.006535085725  0.011105437553  0.015702524507  0.016726564532  0.008055280236  0.011105437553  0.010599509411  0.008055280236  0.008055280236  0.008052397660  0.012127377053  0.010082063694  0.009064929699  0.008049911384  0.008049911384  0.008049911384  
piranga_erythrocephala_fmnh343371 0.021349760028  0.021868823765  0.010076117429  0.012621797418  0.000000000000  0.000000000000  0.007036999965  0.008049911384  0.006530048090  0.008551270746  0.011595794649  0.009564017715  0.008552835127  0.010076117429  0.010076117429  0.014669864955  0.019290065096  0.020319172744  0.011604169712  0.014669864955  0.014161604996  0.011604169712  0.011604169712  0.011600978081  0.015697131193  0.014665427121  0.013640869854  0.012618459229  0.012618459229  0.012618459229  
piranga_erythrocephala_fmnh343370 0.021349760028  0.021868823765  0.010076117429  0.012621797418  0.000000000000  0.000000000000  0.007036999965  0.008049911384  0.006530048090  0.008551270746  0.011595794649  0.009564017715  0.008552835127  0.010076117429  0.010076117429  0.014669864955  0.019290065096  0.020319172744  0.011604169712  0.014669864955  0.014161604996  0.011604169712  0.011604169712  0.011600978081  0.015697131193  0.014665427121  0.013640869854  0.012618459229  0.012618459229  0.012618459229  
piranga_leucoptera_fmnh481795 0.020319172744  0.020837416207  0.009062299907  0.011604169712  0.007036999965  0.007036999965  0.000000000000  0.004013038358  0.003508830848  0.005521564189  0.010580042052  0.008551270746  0.007541372505  0.009062299907  0.009062299907  0.013649044563  0.018262432718  0.019290065096  0.010587982530  0.013649044563  0.013141435203  0.010587982530  0.010587982530  0.010584936718  0.014674704374  0.013644756712  0.012621797418  0.011600978081  0.011600978081  0.011600978081  
piranga_leucoptera_lsu7783 0.021356210638  0.021875557211  0.010078891463  0.012625536011  0.008049911384  0.008049911384  0.004013038358  0.000000000000  0.004515498624  0.006531331612  0.011598186268  0.009565723596  0.008554797214  0.010078891463  0.010078891463  0.014674704374  0.019296201554  0.020325465881  0.011607760787  0.014674704374  0.014166569259  0.011607760787  0.011607760787  0.011604169712  0.015702524507  0.014669864955  0.013644756712  0.012621797418  0.012621797418  0.012621797418  
piranga_rubriceps_lsu265 0.019795873380  0.020313286004  0.008552835127  0.011091368102  0.006530048090  0.006530048090  0.003508830848  0.004515498624  0.000000000000  0.004011165598  0.010070188259  0.008043936731  0.007034293119  0.008552835127  0.008552835127  0.013133009010  0.017741071531  0.018767736495  0.010076117429  0.013133009010  0.012625536011  0.010076117429  0.010076117429  0.010073741966  0.014157041651  0.013129396773  0.012108056099  0.011088848622  0.011088848622  0.011088848622  
piranga_rubriceps_lsu34818 0.020820132692  0.021338081339  0.010580042052  0.013126185610  0.008551270746  0.008551270746  0.005521564189  0.006531331612  0.004011165598  0.000000000000  0.012101266381  0.010069010771  0.009056797747  0.010580042052  0.010580042052  0.015174201630  0.019795873380  0.020825486534  0.012108056099  0.015174201630  0.014665427121  0.012108056099  0.012108056099  0.012105391870  0.016201441948  0.015170292327  0.014145760844  0.013123375895  0.013123375895  0.013123375895  
piranga_flava_ku90809 0.016711134074  0.017225831078  0.005521564189  0.008047821778  0.011595794649  0.011595794649  0.010580042052  0.011598186268  0.010070188259  0.012101266381  0.000000000000  0.004010820073  0.003006274646  0.004515498624  0.004515498624  0.009067956737  0.013649044563  0.014669864955  0.006029404810  0.009067956737  0.008563065970  0.006029404810  0.006029404810  0.007035448305  0.011097605268  0.010076117429  0.009060067734  0.008046129216  0.008046129216  0.008046129216  
piranga_flava_lsu15408 0.014661391246  0.015174201630  0.003508356690  0.006026186715  0.009564017715  0.009564017715  0.008551270746  0.009565723596  0.008043936731  0.010069010771  0.004010820073  0.000000000000  0.001000756911  0.002504573303  0.002504573303  0.007041291208  0.011607760787  0.012625536011  0.004013038358  0.007041291208  0.006537555571  0.004013038358  0.004013038358  0.005017462958  0.009064929699  0.008047821778  0.007035448305  0.006025170775  0.006025170775  0.006025170775  
piranga_lutea_ku89864 0.013644756712  0.014157041651  0.002504573303  0.005019612341  0.008552835127  0.008552835127  0.007541372505  0.008554797214  0.007034293119  0.009056797747  0.003006274646  0.001000756911  0.000000000000  0.001502310156  0.001502310156  0.006034202044  0.010595269248  0.011611750934  0.003009259654  0.006034202044  0.005531229986  0.003009259654  0.003009259654  0.004011905151  0.008055280236  0.007038947724  0.006027598184  0.005018340354  0.005018340354  0.005018340354  
piranga_hepatica_ku4970 0.015183227757  0.015697131193  0.004013038358  0.006535085725  0.010076117429  0.010076117429  0.009062299907  0.010078891463  0.008552835127  0.010580042052  0.004515498624  0.002504573303  0.001502310156  0.000000000000  0.001001026034  0.007554434400  0.012127377053  0.013146248416  0.004520877236  0.007554434400  0.007050692311  0.004520877236  0.004520877236  0.005524247376  0.009580225378  0.008559913008  0.007545409597  0.006533010949  0.006533010949  0.006533010949  
piranga_lutea_lsu5400 0.015183227757  0.015697131193  0.004013038358  0.006535085725  0.010076117429  0.010076117429  0.009062299907  0.010078891463  0.008552835127  0.010580042052  0.004515498624  0.002504573303  0.001502310156  0.001001026034  0.000000000000  0.007554434400  0.012127377053  0.013146248416  0.004520877236  0.007554434400  0.007050692311  0.004520877236  0.004520877236  0.005524247376  0.009580225378  0.008559913008  0.007545409597  0.006533010949  0.006533010949  0.006533010949  
piranga_bidentata_hgoslp104 0.019820731241  0.020339269855  0.008563065970  0.011105437553  0.014669864955  0.014669864955  0.013649044563  0.014674704374  0.013133009010  0.015174201630  0.009067956737  0.007041291208  0.006034202044  0.007554434400  0.007554434400  0.000000000000  0.005524247376  0.006533010949  0.003007872178  0.006031606220  0.005528508566  0.003007872178  0.003007872178  0.010085633750  0.014177699057  0.013146248416  0.012122714131  0.011101322206  0.011101322206  0.011101322206  
piranga_bidentata_itm160 0.024480613508  0.025003297768  0.013141435203  0.015702524507  0.019290065096  0.019290065096  0.018262432718  0.019296201554  0.017741071531  0.019795873380  0.013649044563  0.011607760787  0.010595269248  0.012127377053  0.012127377053  0.005524247376  0.000000000000  0.005023338595  0.007545409597  0.010591426831  0.010085633750  0.007545409597  0.007545409597  0.014674704374  0.018799038318  0.017758174135  0.016726564532  0.015697131193  0.015697131193  0.015697131193  
piranga_bidentata_itm141 0.025517812201  0.026041330865  0.014161604996  0.016726564532  0.020319172744  0.020319172744  0.019290065096  0.020325465881  0.018767736495  0.020825486534  0.014669864955  0.012625536011  0.011611750934  0.013146248416  0.013146248416  0.006533010949  0.005023338595  0.000000000000  0.008557156632  0.011607760787  0.011101322206  0.008557156632  0.008557156632  0.015697131193  0.019827959073  0.018785304122  0.017752069385  0.016721017767  0.016721017767  0.016721017767  
piranga_ludoviciana_sdsu2650 0.016726564532  0.017242096726  0.005526180906  0.008055280236  0.011604169712  0.011604169712  0.010587982530  0.011607760787  0.010076117429  0.012108056099  0.006029404810  0.004013038358  0.003009259654  0.004520877236  0.004520877236  0.003007872178  0.007545409597  0.008557156632  0.000000000000  0.003007872178  0.002506425904  0.000000000000  0.000000000000  0.007041291208  0.011109950938  0.010085633750  0.009067956737  0.008052397660  0.008052397660  0.008052397660  
piranga_ludoviciana_sdsu2208 0.019820731241  0.020339269855  0.008563065970  0.011105437553  0.014669864955  0.014669864955  0.013649044563  0.014674704374  0.013133009010  0.015174201630  0.009067956737  0.007041291208  0.006034202044  0.007554434400  0.007554434400  0.006031606220  0.010591426831  0.011607760787  0.003007872178  0.000000000000  0.005528508566  0.003007872178  0.003007872178  0.010085633750  0.014177699057  0.013146248416  0.012122714131  0.011101322206  0.011101322206  0.011101322206  
piranga_bidentata_tepe59 0.018274797914  0.018791969222  0.008058558739  0.010599509411  0.014161604996  0.014161604996  0.013141435203  0.014166569259  0.012625536011  0.014665427121  0.008563065970  0.006537555571  0.005531229986  0.007050692311  0.007050692311  0.005528508566  0.010085633750  0.011101322206  0.002506425904  0.005528508566  0.000000000000  0.002506425904  0.002506425904  0.009580225378  0.013670198477  0.012639150488  0.011616139782  0.010595269248  0.010595269248  0.010595269248  
piranga_ludoviciana_sdsu2385 0.016726564532  0.017242096726  0.005526180906  0.008055280236  0.011604169712  0.011604169712  0.010587982530  0.011607760787  0.010076117429  0.012108056099  0.006029404810  0.004013038358  0.003009259654  0.004520877236  0.004520877236  0.003007872178  0.007545409597  0.008557156632  0.000000000000  0.003007872178  0.002506425904  0.000000000000  0.000000000000  0.007041291208  0.011109950938  0.010085633750  0.009067956737  0.008052397660  0.008052397660  0.008052397660  
piranga_ludoviciana_sdsu2648 0.016726564532  0.017242096726  0.005526180906  0.008055280236  0.011604169712  0.011604169712  0.010587982530  0.011607760787  0.010076117429  0.012108056099  0.006029404810  0.004013038358  0.003009259654  0.004520877236  0.004520877236  0.003007872178  0.007545409597  0.008557156632  0.000000000000  0.003007872178  0.002506425904  0.000000000000  0.000000000000  0.007041291208  0.011109950938  0.010085633750  0.009067956737  0.008052397660  0.008052397660  0.008052397660  
piranga_olivacea_ku2699 0.016721017767  0.017236271263  0.005524247376  0.008052397660  0.011600978081  0.011600978081  0.010584936718  0.011604169712  0.010073741966  0.012105391870  0.007035448305  0.005017462958  0.004011905151  0.005524247376  0.005524247376  0.010085633750  0.014674704374  0.015697131193  0.007041291208  0.010085633750  0.009580225378  0.007041291208  0.007041291208  0.000000000000  0.006031606220  0.010082063694  0.009064929699  0.008049911384  0.008049911384  0.008049911384  
piranga_olivacea_ku4672 0.020858360066  0.021378003049  0.009580225378  0.012127377053  0.015697131193  0.015697131193  0.014674704374  0.015702524507  0.014157041651  0.016201441948  0.011097605268  0.009064929699  0.008055280236  0.009580225378  0.009580225378  0.014177699057  0.018799038318  0.019827959073  0.011109950938  0.014177699057  0.013670198477  0.011109950938  0.011109950938  0.006031606220  0.000000000000  0.013658821756  0.012634212917  0.011611750934  0.011611750934  0.011611750934  
piranga_hepatica_ku9084 0.019813908384  0.020332165042  0.008559913008  0.010082063694  0.014665427121  0.014665427121  0.013644756712  0.014669864955  0.013129396773  0.015170292327  0.010076117429  0.008047821778  0.007038947724  0.008559913008  0.008559913008  0.013146248416  0.017758174135  0.018785304122  0.010085633750  0.013146248416  0.012639150488  0.010085633750  0.010085633750  0.010082063694  0.013658821756  0.000000000000  0.006031606220  0.005021278545  0.005021278545  0.006027598184  
piranga_rubra_ku7046 0.018779043386  0.019296201554  0.007545409597  0.009064929699  0.013640869854  0.013640869854  0.012621797418  0.013644756712  0.012108056099  0.014145760844  0.009060067734  0.007035448305  0.006027598184  0.007545409597  0.007545409597  0.012122714131  0.016726564532  0.017752069385  0.009067956737  0.012122714131  0.011616139782  0.009067956737  0.009067956737  0.009064929699  0.012634212917  0.006031606220  0.000000000000  0.001001026034  0.001001026034  0.005018340354  
piranga_rubra_sdsu2654 0.017746368393  0.018262432718  0.006533010949  0.008049911384  0.012618459229  0.012618459229  0.011600978081  0.012621797418  0.011088848622  0.013123375895  0.008046129216  0.006025170775  0.005018340354  0.006533010949  0.006533010949  0.011101322206  0.015697131193  0.016721017767  0.008052397660  0.011101322206  0.010595269248  0.008052397660  0.008052397660  0.008049911384  0.011611750934  0.005021278545  0.001001026034  0.000000000000  0.000000000000  0.004011165598  
piranga_rubra_sdsu2635 0.017746368393  0.018262432718  0.006533010949  0.008049911384  0.012618459229  0.012618459229  0.011600978081  0.012621797418  0.011088848622  0.013123375895  0.008046129216  0.006025170775  0.005018340354  0.006533010949  0.006533010949  0.011101322206  0.015697131193  0.016721017767  0.008052397660  0.011101322206  0.010595269248  0.008052397660  0.008052397660  0.008049911384  0.011611750934  0.005021278545  0.001001026034  0.000000000000  0.000000000000  0.004011165598  
piranga_rubra_ku26592 0.017746368393  0.018262432718  0.006533010949  0.008049911384  0.012618459229  0.012618459229  0.011600978081  0.012621797418  0.011088848622  0.013123375895  0.008046129216  0.006025170775  0.005018340354  0.006533010949  0.006533010949  0.011101322206  0.015697131193  0.016721017767  0.008052397660  0.011101322206  0.010595269248  0.008052397660  0.008052397660  0.008049911384  0.011611750934  0.006027598184  0.005018340354  0.004011165598  0.004011165598  0.000000000000  

