30
cardinalis_cardinalis_ku21828 0.000000000000  0.005529196050  0.026034294367  0.025519199223  0.018256018844  0.018778198608  0.020820085992  0.018762143793  0.032296269033  0.030185291376  0.028083644780  0.027050129302  0.028090951415  0.029651222326  0.027050129302  0.028098690164  0.029141221317  0.031248746863  0.030193816360  0.028076770633  0.029643870404  0.027042996406  0.031750058869  0.027566685187  0.024966278381  0.027050129302  0.022889614945  0.031750058869  0.026018225888  0.027581987555  
cardinalis_cardinalis_ku25393 0.005529196050  0.000000000000  0.025502876977  0.024987929013  0.017735409474  0.018256018844  0.020298073823  0.018242114737  0.031758634413  0.029651222326  0.027553109874  0.026519883801  0.027559681461  0.029118777877  0.026519883801  0.027566685187  0.028608186152  0.030712157771  0.029659008167  0.027546970802  0.029112164115  0.026513483896  0.031214803158  0.027036294923  0.024438799757  0.026519883801  0.022364880679  0.031214803158  0.025488270268  0.027050129302  
piranga_leucoptera_fmnh481795 0.026034294367  0.025502876977  0.000000000000  0.007037601178  0.010586384362  0.011099450716  0.012104513418  0.011090163603  0.028650558164  0.026549790346  0.024458263744  0.023429858727  0.024465608616  0.026018225888  0.023429858727  0.024473381310  0.025510823842  0.027608172834  0.026558341858  0.024451347063  0.026010835865  0.023422686078  0.028106860654  0.023943861390  0.021356065214  0.023429858727  0.019289390462  0.027057693239  0.022403049744  0.023959233184  
piranga_leucoptera_lsu7783 0.025519199223  0.024987929013  0.007037601178  0.000000000000  0.010080315242  0.010593250986  0.012617265504  0.010583574687  0.028133958879  0.026034294367  0.023943861390  0.022916255072  0.023951333732  0.025502876977  0.022916255072  0.023959233184  0.024996002720  0.027092251992  0.026042972088  0.023936816525  0.025495358996  0.022908955040  0.027590285453  0.023429858727  0.020843671287  0.022916255072  0.018778198608  0.026541668415  0.021890242064  0.023445483953  
piranga_erythrocephala_fmnh343371 0.018256018844  0.017735409474  0.010586384362  0.010080315242  0.000000000000  0.003508955427  0.005520671382  0.003508654988  0.020837137561  0.018767072181  0.016705980450  0.015686392169  0.016710160408  0.018246326186  0.015686392169  0.016714762005  0.017740174047  0.019806919724  0.018772423909  0.016702222500  0.018242114737  0.015682373323  0.020307574561  0.016195989148  0.013639581485  0.015686392169  0.011599691398  0.020307574561  0.014668378493  0.016205029899  
piranga_erythrocephala_fmnh343370 0.018778198608  0.018256018844  0.011099450716  0.010593250986  0.003508955427  0.000000000000  0.006024804166  0.004010922971  0.021362896053  0.019289390462  0.017224888306  0.016205029899  0.017229782225  0.018767072181  0.016205029899  0.017235097745  0.018261499312  0.020331674165  0.019295460032  0.017220416356  0.018762143793  0.016200299055  0.020831028524  0.016714762005  0.014155553268  0.016205029899  0.012113018577  0.020831028524  0.015186745588  0.016725228637  
piranga_rubriceps_lsu265 0.020820085992  0.020298073823  0.012104513418  0.012617265504  0.005520671382  0.006024804166  0.000000000000  0.002002820006  0.022889614945  0.021332995832  0.019265399617  0.018242114737  0.019269348947  0.020810846664  0.018242114737  0.019273723069  0.020302611460  0.022375897412  0.021338124341  0.019261875456  0.020806866640  0.018238327040  0.022878858590  0.018753558525  0.016188633630  0.018242114737  0.014142117061  0.022878858590  0.017220416356  0.018762143793  
piranga_rubriceps_lsu34818 0.018762143793  0.018242114737  0.011090163603  0.010583574687  0.003508654988  0.004010922971  0.002002820006  0.000000000000  0.020825344544  0.019273723069  0.017212739852  0.016192100549  0.017216366748  0.018753558525  0.016192100549  0.017220416356  0.018246326186  0.020312962752  0.019278521611  0.017209536045  0.018749902392  0.016188633630  0.020815253241  0.016702222500  0.014144846491  0.016192100549  0.012104513418  0.020815253241  0.015173040149  0.016710160408  
piranga_hepatica_ku9084 0.032296269033  0.031758634413  0.028650558164  0.028133958879  0.020837137561  0.021362896053  0.022889614945  0.020825344544  0.000000000000  0.005021724206  0.011099450716  0.009069342493  0.010083670129  0.011606039692  0.009069342493  0.010087439843  0.011103378581  0.015204223632  0.014175691678  0.012116688553  0.013647398224  0.011103378581  0.015700970882  0.011614054088  0.011103378581  0.013144298652  0.009069342493  0.017750969733  0.012130198115  0.013662258860  
piranga_bidentata_hgoslp104 0.030185291376  0.029651222326  0.026549790346  0.026034294367  0.018767072181  0.019289390462  0.021332995832  0.019273723069  0.005021724206  0.000000000000  0.009063359590  0.007039664681  0.008050790718  0.009568911076  0.007039664681  0.008053420531  0.009066143948  0.013149379884  0.012125278686  0.010077375547  0.011602657099  0.009066143948  0.013647398224  0.009574634838  0.009066143948  0.011099450716  0.007039664681  0.015690831623  0.010087439843  0.011614054088  
piranga_ludoviciana_sdsu2650 0.028083644780  0.027553109874  0.024458263744  0.023943861390  0.016705980450  0.017224888306  0.019265399617  0.017212739852  0.011099450716  0.009063359590  0.000000000000  0.002002820006  0.003006351166  0.004514033228  0.002002820006  0.003006993090  0.004012091549  0.012125278686  0.011103378581  0.009060989785  0.010583574687  0.008050790718  0.012623928470  0.008558196294  0.008050790718  0.010080315242  0.006028065726  0.014664100354  0.009069342493  0.010593250986  
piranga_ludoviciana_sdsu2208 0.027050129302  0.026519883801  0.023429858727  0.022916255072  0.015686392169  0.016205029899  0.018242114737  0.016192100549  0.009069342493  0.007039664681  0.002002820006  0.000000000000  0.001000704319  0.002504277643  0.000000000000  0.001001053092  0.002003314980  0.010091624023  0.009072954861  0.007037601178  0.008555696287  0.006029977248  0.010589609917  0.006535789654  0.006029977248  0.008053420531  0.004013291485  0.012623928470  0.007045028979  0.008564437549  
piranga_ludoviciana_sdsu2648 0.028090951415  0.027559681461  0.024465608616  0.023951333732  0.016710160408  0.017229782225  0.019269348947  0.017216366748  0.010083670129  0.008050790718  0.003006351166  0.001000704319  0.000000000000  0.001501527654  0.001000704319  0.002003314980  0.003006993090  0.011107721919  0.010087439843  0.008048574456  0.009568911076  0.007039664681  0.011606039692  0.007546272420  0.007039664681  0.009066143948  0.005019963891  0.013643280575  0.008056463530  0.009578118663  
piranga_bidentata_tepe59 0.029651222326  0.029118777877  0.026018225888  0.025502876977  0.018246326186  0.018767072181  0.020810846664  0.018753558525  0.011606039692  0.009568911076  0.004514033228  0.002504277643  0.001501527654  0.000000000000  0.002504277643  0.003508955427  0.004514691451  0.012632261596  0.011609838811  0.009566671871  0.011090163603  0.008555696287  0.013131559226  0.009063359590  0.008555696287  0.010586384362  0.006531814914  0.015173040149  0.009574634838  0.011099450716  
piranga_bidentata_itm160 0.027050129302  0.026519883801  0.023429858727  0.022916255072  0.015686392169  0.016205029899  0.018242114737  0.016192100549  0.009069342493  0.007039664681  0.002002820006  0.000000000000  0.001000704319  0.002504277643  0.000000000000  0.001001053092  0.002003314980  0.010091624023  0.009072954861  0.007037601178  0.008555696287  0.006029977248  0.010589609917  0.006535789654  0.006029977248  0.008053420531  0.004013291485  0.012623928470  0.007045028979  0.008564437549  
piranga_bidentata_itm141 0.028098690164  0.027566685187  0.024473381310  0.023959233184  0.016714762005  0.017235097745  0.019273723069  0.017220416356  0.010087439843  0.008053420531  0.003006993090  0.001001053092  0.002003314980  0.003508955427  0.001001053092  0.000000000000  0.003008044337  0.011112480366  0.010091624023  0.008050790718  0.009571565521  0.007042140736  0.011609838811  0.007549031644  0.007042140736  0.009069342493  0.005021724206  0.013647398224  0.008059919350  0.009582016630  
piranga_ludoviciana_sdsu2385 0.029141221317  0.028608186152  0.025510823842  0.024996002720  0.017740174047  0.018261499312  0.020302611460  0.018246326186  0.011103378581  0.009066143948  0.004012091549  0.002003314980  0.003006993090  0.004514691451  0.002003314980  0.003008044337  0.000000000000  0.012130198115  0.011107721919  0.009063359590  0.010586384362  0.008053420531  0.012627886447  0.008561110170  0.008053420531  0.010083670129  0.006029977248  0.014668378493  0.009072954861  0.010597307205  
piranga_roseogularis_ku2049 0.031248746863  0.030712157771  0.027608172834  0.027092251992  0.019806919724  0.020331674165  0.022375897412  0.020312962752  0.015204223632  0.013149379884  0.012125278686  0.010091624023  0.011107721919  0.012632261596  0.010091624023  0.011112480366  0.012130198115  0.000000000000  0.001001053092  0.006032300327  0.007549031644  0.005026476172  0.009582016630  0.005532058844  0.010087439843  0.012125278686  0.008056463530  0.016725228637  0.011112480366  0.012642261962  
piranga_roseogularis_ku2141 0.030193816360  0.029659008167  0.026558341858  0.026042972088  0.018772423909  0.019295460032  0.021338124341  0.019278521611  0.014175691678  0.012125278686  0.011103378581  0.009072954861  0.010087439843  0.011609838811  0.009072954861  0.010091624023  0.011107721919  0.001001053092  0.000000000000  0.005021724206  0.006535789654  0.004016920819  0.008564437549  0.004521430543  0.009069342493  0.011103378581  0.007042140736  0.015695691316  0.010091624023  0.011618685162  
piranga_flava_ku90809 0.028076770633  0.027546970802  0.024451347063  0.023936816525  0.016702222500  0.017220416356  0.019261875456  0.017209536045  0.012116688553  0.010077375547  0.009060989785  0.007037601178  0.008048574456  0.009566671871  0.007037601178  0.008050790718  0.009063359590  0.006032300327  0.005021724206  0.000000000000  0.001501745372  0.001000763275  0.005521853674  0.002504641445  0.007035950593  0.009060989785  0.005017676419  0.013636301322  0.008050790718  0.009571565521  
piranga_flava_lsu15408 0.029643870404  0.029112164115  0.026010835865  0.025495358996  0.018242114737  0.018762143793  0.020806866640  0.018749902392  0.013647398224  0.011602657099  0.010583574687  0.008555696287  0.009568911076  0.011090163603  0.008555696287  0.009571565521  0.010586384362  0.007549031644  0.006535789654  0.001501745372  0.000000000000  0.002504277643  0.007035950593  0.004012091549  0.008553610515  0.010583574687  0.006530446266  0.015169311735  0.009571565521  0.011095938687  
piranga_hepatica_ku4970 0.027042996406  0.026513483896  0.023422686078  0.022908955040  0.015682373323  0.016200299055  0.018238327040  0.016188633630  0.011103378581  0.009066143948  0.008050790718  0.006029977248  0.007039664681  0.008555696287  0.006029977248  0.007042140736  0.008053420531  0.005026476172  0.004016920819  0.001000763275  0.002504277643  0.000000000000  0.004515760661  0.001502371123  0.006028065726  0.008050790718  0.004012091549  0.012620388033  0.007042140736  0.008561110170  
piranga_lutea_lsu5400 0.031750058869  0.031214803158  0.028106860654  0.027590285453  0.020307574561  0.020831028524  0.022878858590  0.020815253241  0.015700970882  0.013647398224  0.012623928470  0.010589609917  0.011606039692  0.013131559226  0.010589609917  0.011609838811  0.012627886447  0.009582016630  0.008564437549  0.005521853674  0.007035950593  0.004515760661  0.000000000000  0.006029977248  0.010077375547  0.012113018577  0.008555696287  0.017224888306  0.011609838811  0.013139634555  
piranga_lutea_ku89864 0.027566685187  0.027036294923  0.023943861390  0.023429858727  0.016195989148  0.016714762005  0.018753558525  0.016702222500  0.011614054088  0.009574634838  0.008558196294  0.006535789654  0.007546272420  0.009063359590  0.006535789654  0.007549031644  0.008561110170  0.005532058844  0.004521430543  0.002504641445  0.004012091549  0.001502371123  0.006029977248  0.000000000000  0.006533596165  0.008558196294  0.004515760661  0.013131559226  0.007549031644  0.009069342493  
piranga_olivacea_ku2699 0.024966278381  0.024438799757  0.021356065214  0.020843671287  0.013639581485  0.014155553268  0.016188633630  0.014144846491  0.011103378581  0.009066143948  0.008050790718  0.006029977248  0.007039664681  0.008555696287  0.006029977248  0.007042140736  0.008053420531  0.010087439843  0.009069342493  0.007035950593  0.008553610515  0.006028065726  0.010077375547  0.006533596165  0.000000000000  0.003008044337  0.002003314980  0.010586384362  0.005023895087  0.006538395014  
piranga_olivacea_ku4672 0.027050129302  0.026519883801  0.023429858727  0.022916255072  0.015686392169  0.016205029899  0.018242114737  0.016192100549  0.013144298652  0.011099450716  0.010080315242  0.008053420531  0.009066143948  0.010586384362  0.008053420531  0.009069342493  0.010083670129  0.012125278686  0.011103378581  0.009060989785  0.010583574687  0.008050790718  0.012113018577  0.008558196294  0.003008044337  0.000000000000  0.004013291485  0.012623928470  0.007045028979  0.008564437549  
piranga_rubra_ku7046 0.022889614945  0.022364880679  0.019289390462  0.018778198608  0.011599691398  0.012113018577  0.014142117061  0.012104513418  0.009069342493  0.007039664681  0.006028065726  0.004013291485  0.005019963891  0.006531814914  0.004013291485  0.005021724206  0.006029977248  0.008056463530  0.007042140736  0.005017676419  0.006530446266  0.004012091549  0.008555696287  0.004515760661  0.002003314980  0.004013291485  0.000000000000  0.008555696287  0.003009504542  0.004519130571  
piranga_rubra_sdsu2635 0.031750058869  0.031214803158  0.027057693239  0.026541668415  0.020307574561  0.020831028524  0.022878858590  0.020815253241  0.017750969733  0.015690831623  0.014664100354  0.012623928470  0.013643280575  0.015173040149  0.012623928470  0.013647398224  0.014668378493  0.016725228637  0.015695691316  0.013636301322  0.015169311735  0.012620388033  0.017224888306  0.013131559226  0.010586384362  0.012623928470  0.008555696287  0.000000000000  0.009571565521  0.011095938687  
piranga_rubra_sdsu2654 0.026018225888  0.025488270268  0.022403049744  0.021890242064  0.014668378493  0.015186745588  0.017220416356  0.015173040149  0.012130198115  0.010087439843  0.009069342493  0.007045028979  0.008056463530  0.009574634838  0.007045028979  0.008059919350  0.009072954861  0.011112480366  0.010091624023  0.008050790718  0.009571565521  0.007042140736  0.011609838811  0.007549031644  0.005023895087  0.007045028979  0.003009504542  0.009571565521  0.000000000000  0.004519130571  
piranga_rubra_ku26592 0.027581987555  0.027050129302  0.023959233184  0.023445483953  0.016205029899  0.016725228637  0.018762143793  0.016710160408  0.013662258860  0.011614054088  0.010593250986  0.008564437549  0.009578118663  0.011099450716  0.008564437549  0.009582016630  0.010597307205  0.012642261962  0.011618685162  0.009571565521  0.011095938687  0.008561110170  0.013139634555  0.009069342493  0.006538395014  0.008564437549  0.004519130571  0.011095938687  0.004519130571  0.000000000000  

