30
cardinalis_cardinalis_ku21828 0.000000000000  0.003006315012  0.015693545089  0.017748182327  0.014179210920  0.012640310240  0.011106294169  0.009580892822  0.012640310240  0.011617092039  0.011110889128  0.011621966152  0.011621966152  0.010090353601  0.011621966152  0.015704104191  0.011621966152  0.012133584207  0.012645744437  0.010090353601  0.012645744437  0.012133584207  0.012133584207  0.014699830187  0.014185489710  0.015716308902  0.013671696033  0.010600351991  0.010090353601  0.010090353601  
cardinalis_cardinalis_ku25393 0.003006315012  0.000000000000  0.018769642035  0.020833626007  0.017250307297  0.015704104191  0.014162832087  0.012630667460  0.015704104191  0.014676043507  0.014167881732  0.014681374952  0.014681374952  0.013142529140  0.014681374952  0.018781131547  0.014681374952  0.015195414331  0.015710001034  0.013142529140  0.015710001034  0.015195414331  0.015195414331  0.017773844472  0.017257056770  0.018794278762  0.016740821081  0.013654933514  0.013142529140  0.013142529140  
piranga_rubriceps_lsu265 0.015693545089  0.018769642035  0.000000000000  0.002003276341  0.010585531081  0.009060470895  0.008553185053  0.006025333146  0.009060470895  0.008046431122  0.007541647950  0.008048145260  0.008048145260  0.006530243001  0.008048145260  0.012106090703  0.008048145260  0.008555173941  0.009062735110  0.006530243001  0.009062735110  0.008555173941  0.008555173941  0.011098327115  0.010588624762  0.012111899757  0.010079459396  0.007035680900  0.006530243001  0.006530243001  
piranga_rubriceps_lsu34818 0.017748182327  0.020833626007  0.002003276341  0.000000000000  0.012622661358  0.011091993082  0.010582845735  0.008046431122  0.011091993082  0.010074234209  0.009568289765  0.010076642786  0.010076642786  0.008553185053  0.010076642786  0.014146742044  0.010076642786  0.010585531081  0.011094955780  0.008553185053  0.011094955780  0.010585531081  0.010585531081  0.013138041302  0.012626459634  0.014153964592  0.012115418919  0.009060470895  0.008553185053  0.008553185053  
piranga_leucoptera_fmnh481795 0.014179210920  0.017250307297  0.010585531081  0.012622661358  0.000000000000  0.002506488435  0.007044401094  0.004518853482  0.007551465517  0.006537868119  0.006034508857  0.006540785435  0.006540785435  0.005023543987  0.006540785435  0.010592126394  0.006540785435  0.007047592921  0.007554932431  0.005023543987  0.007554932431  0.007047592921  0.007047592921  0.009589633120  0.009080154300  0.010600351991  0.008571211997  0.005528762077  0.005023543987  0.005023543987  
piranga_leucoptera_lsu7783 0.012640310240  0.015704104191  0.009060470895  0.011091993082  0.002506488435  0.000000000000  0.005526392060  0.003007936493  0.006031865477  0.005021446762  0.004518853482  0.005023543987  0.005023543987  0.003511050831  0.005023543987  0.009065406375  0.005023543987  0.005528762077  0.006034508857  0.003511050831  0.006034508857  0.005528762077  0.005528762077  0.008062805082  0.007554932431  0.009071968523  0.007047592921  0.004014689463  0.003511050831  0.003511050831  
piranga_erythrocephala_fmnh343370 0.011106294169  0.014162832087  0.008553185053  0.010582845735  0.007044401094  0.005526392060  0.000000000000  0.002505345359  0.005526392060  0.004517028481  0.004014689463  0.004518853482  0.004518853482  0.003007936493  0.004518853482  0.008557569579  0.004518853482  0.005023543987  0.005528762077  0.003007936493  0.005528762077  0.005023543987  0.005023543987  0.007554932431  0.007047592921  0.008563579574  0.006540785435  0.003511050831  0.003007936493  0.003007936493  
piranga_erythrocephala_fmnh343371 0.009580892822  0.012630667460  0.006025333146  0.008046431122  0.004518853482  0.003007936493  0.002505345359  0.000000000000  0.003007936493  0.002003276341  0.001502332605  0.002004149724  0.002004149724  0.000500258820  0.002004149724  0.006027790311  0.002004149724  0.002506488435  0.003009349823  0.000500258820  0.003009349823  0.002506488435  0.002506488435  0.005026043980  0.004521080959  0.006031865477  0.004016644991  0.001001035997  0.000500258820  0.000500258820  
piranga_ludoviciana_sdsu2385 0.012640310240  0.015704104191  0.009060470895  0.011091993082  0.007551465517  0.006031865477  0.005526392060  0.003007936493  0.000000000000  0.004013136117  0.003511050831  0.004014689463  0.004014689463  0.002505345359  0.004014689463  0.008050265849  0.004014689463  0.004518853482  0.005023543987  0.002505345359  0.005023543987  0.004518853482  0.004518853482  0.007047592921  0.006540785435  0.008055724851  0.006034508857  0.003007936493  0.002505345359  0.002505345359  
piranga_olivacea_ku2699 0.011617092039  0.014676043507  0.008046431122  0.010074234209  0.006537868119  0.005021446762  0.004517028481  0.002003276341  0.004013136117  0.000000000000  0.002505345359  0.003007936493  0.003007936493  0.001501728355  0.003007936493  0.007037253120  0.003007936493  0.003007936493  0.004014689463  0.001501728355  0.004014689463  0.003511050831  0.003511050831  0.006034508857  0.005528762077  0.007041613599  0.005023543987  0.002003276341  0.001501728355  0.001501728355  
piranga_bidentata_tepe59 0.011110889128  0.014167881732  0.007541647950  0.009568289765  0.006034508857  0.004518853482  0.004014689463  0.001502332605  0.003511050831  0.002505345359  0.000000000000  0.002506488435  0.002506488435  0.001001035997  0.002506488435  0.006533245969  0.002506488435  0.003009349823  0.003512734978  0.001001035997  0.003512734978  0.003009349823  0.003009349823  0.005531535158  0.005026043980  0.006537868119  0.004521080959  0.001502332605  0.001001035997  0.001001035997  
piranga_rubra_sdsu2635 0.011621966152  0.014681374952  0.008048145260  0.010076642786  0.006540785435  0.005023543987  0.004518853482  0.002004149724  0.004014689463  0.003007936493  0.002506488435  0.000000000000  0.000000000000  0.001502332605  0.003009349823  0.007039230814  0.003009349823  0.003512734978  0.004016644991  0.001502332605  0.004016644991  0.003512734978  0.003512734978  0.006037555597  0.005531535158  0.007044401094  0.005026043980  0.002004149724  0.001502332605  0.001502332605  
piranga_rubra_sdsu2654 0.011621966152  0.014681374952  0.008048145260  0.010076642786  0.006540785435  0.005023543987  0.004518853482  0.002004149724  0.004014689463  0.003007936493  0.002506488435  0.000000000000  0.000000000000  0.001502332605  0.003009349823  0.007039230814  0.003009349823  0.003512734978  0.004016644991  0.001502332605  0.004016644991  0.003512734978  0.003512734978  0.006037555597  0.005531535158  0.007044401094  0.005026043980  0.002004149724  0.001502332605  0.001502332605  
piranga_ludoviciana_sdsu2648 0.010090353601  0.013142529140  0.006530243001  0.008553185053  0.005023543987  0.003511050831  0.003007936493  0.000500258820  0.002505345359  0.001501728355  0.001001035997  0.001502332605  0.001502332605  0.000000000000  0.001502332605  0.005522862735  0.001502332605  0.002004149724  0.002506488435  0.000000000000  0.002506488435  0.002004149724  0.002004149724  0.004521080959  0.004016644991  0.005526392060  0.003512734978  0.000500258820  0.000000000000  0.000000000000  
piranga_roseogularis_ku2049 0.011621966152  0.014681374952  0.008048145260  0.010076642786  0.006540785435  0.005023543987  0.004518853482  0.002004149724  0.004014689463  0.003007936493  0.002506488435  0.003009349823  0.003009349823  0.001502332605  0.000000000000  0.004011237493  0.002004149724  0.003512734978  0.004016644991  0.001502332605  0.004016644991  0.003512734978  0.003512734978  0.006037555597  0.005531535158  0.007044401094  0.005026043980  0.002004149724  0.001502332605  0.001502332605  
piranga_roseogularis_ku2141 0.015704104191  0.018781131547  0.012106090703  0.014146742044  0.010592126394  0.009065406375  0.008557569579  0.006027790311  0.008050265849  0.007037253120  0.006533245969  0.007039230814  0.007039230814  0.005522862735  0.004011237493  0.000000000000  0.006027790311  0.007545745956  0.008052792507  0.005522862735  0.008052792507  0.007545745956  0.007545745956  0.010086315184  0.009068484306  0.011098327115  0.009068484306  0.006027790311  0.005522862735  0.005522862735  
piranga_olivacea_ku4672 0.011621966152  0.014681374952  0.008048145260  0.010076642786  0.006540785435  0.005023543987  0.004518853482  0.002004149724  0.004014689463  0.003007936493  0.002506488435  0.003009349823  0.003009349823  0.001502332605  0.002004149724  0.006027790311  0.000000000000  0.003512734978  0.004016644991  0.001502332605  0.004016644991  0.003512734978  0.003512734978  0.006037555597  0.005531535158  0.007044401094  0.005026043980  0.002004149724  0.001502332605  0.001502332605  
piranga_rubra_ku7046 0.012133584207  0.015195414331  0.008555173941  0.010585531081  0.007047592921  0.005528762077  0.005023543987  0.002506488435  0.004518853482  0.003007936493  0.003009349823  0.003512734978  0.003512734978  0.002004149724  0.003512734978  0.007545745956  0.003512734978  0.000000000000  0.004521080959  0.002004149724  0.004521080959  0.004016644991  0.004016644991  0.006544106408  0.006037555597  0.007551465517  0.005531535158  0.002506488435  0.002004149724  0.002004149724  
piranga_bidentata_hgoslp104 0.012645744437  0.015710001034  0.009062735110  0.011094955780  0.007554932431  0.006034508857  0.005528762077  0.003009349823  0.005023543987  0.004014689463  0.003512734978  0.004016644991  0.004016644991  0.002506488435  0.004016644991  0.008052792507  0.004016644991  0.004521080959  0.000000000000  0.002506488435  0.005026043980  0.004521080959  0.004521080959  0.007051188702  0.006544106408  0.008059062502  0.006037555597  0.003009349823  0.002506488435  0.002506488435  
piranga_ludoviciana_sdsu2208 0.010090353601  0.013142529140  0.006530243001  0.008553185053  0.005023543987  0.003511050831  0.003007936493  0.000500258820  0.002505345359  0.001501728355  0.001001035997  0.001502332605  0.001502332605  0.000000000000  0.001502332605  0.005522862735  0.001502332605  0.002004149724  0.002506488435  0.000000000000  0.002506488435  0.002004149724  0.002004149724  0.004521080959  0.004016644991  0.005526392060  0.003512734978  0.000500258820  0.000000000000  0.000000000000  
piranga_bidentata_itm160 0.012645744437  0.015710001034  0.009062735110  0.011094955780  0.007554932431  0.006034508857  0.005528762077  0.003009349823  0.005023543987  0.004014689463  0.003512734978  0.004016644991  0.004016644991  0.002506488435  0.004016644991  0.008052792507  0.004016644991  0.004521080959  0.005026043980  0.002506488435  0.000000000000  0.003512734978  0.003512734978  0.006037555597  0.005531535158  0.007044401094  0.005026043980  0.002004149724  0.002506488435  0.002506488435  
piranga_flava_ku90809 0.012133584207  0.015195414331  0.008555173941  0.010585531081  0.007047592921  0.005528762077  0.005023543987  0.002506488435  0.004518853482  0.003511050831  0.003009349823  0.003512734978  0.003512734978  0.002004149724  0.003512734978  0.007545745956  0.003512734978  0.004016644991  0.004521080959  0.002004149724  0.003512734978  0.000000000000  0.000000000000  0.002506488435  0.002004149724  0.003509768575  0.001502332605  0.001502332605  0.002004149724  0.002004149724  
piranga_flava_lsu15408 0.012133584207  0.015195414331  0.008555173941  0.010585531081  0.007047592921  0.005528762077  0.005023543987  0.002506488435  0.004518853482  0.003511050831  0.003009349823  0.003512734978  0.003512734978  0.002004149724  0.003512734978  0.007545745956  0.003512734978  0.004016644991  0.004521080959  0.002004149724  0.003512734978  0.000000000000  0.000000000000  0.002506488435  0.002004149724  0.003509768575  0.001502332605  0.001502332605  0.002004149724  0.002004149724  
piranga_lutea_ku89864 0.014699830187  0.017773844472  0.011098327115  0.013138041302  0.009589633120  0.008062805082  0.007554932431  0.005026043980  0.007047592921  0.006034508857  0.005531535158  0.006037555597  0.006037555597  0.004521080959  0.006037555597  0.010086315184  0.006037555597  0.006544106408  0.007051188702  0.004521080959  0.006037555597  0.002506488435  0.002506488435  0.000000000000  0.002506488435  0.006031865477  0.004016644991  0.004016644991  0.004521080959  0.004521080959  
piranga_lutea_lsu5400 0.014185489710  0.017257056770  0.010588624762  0.012626459634  0.009080154300  0.007554932431  0.007047592921  0.004521080959  0.006540785435  0.005528762077  0.005026043980  0.005531535158  0.005531535158  0.004016644991  0.005531535158  0.009068484306  0.005531535158  0.006037555597  0.006544106408  0.004016644991  0.005531535158  0.002004149724  0.002004149724  0.002506488435  0.000000000000  0.005526392060  0.003512734978  0.003512734978  0.004016644991  0.004016644991  
piranga_hepatica_ku9084 0.015716308902  0.018794278762  0.012111899757  0.014153964592  0.010600351991  0.009071968523  0.008563579574  0.006031865477  0.008055724851  0.007041613599  0.006537868119  0.007044401094  0.007044401094  0.005526392060  0.007044401094  0.011098327115  0.007044401094  0.007551465517  0.008059062502  0.005526392060  0.007044401094  0.003509768575  0.003509768575  0.006031865477  0.005526392060  0.000000000000  0.005021446762  0.005021446762  0.005526392060  0.005526392060  
piranga_hepatica_ku4970 0.013671696033  0.016740821081  0.010079459396  0.012115418919  0.008571211997  0.007047592921  0.006540785435  0.004016644991  0.006034508857  0.005023543987  0.004521080959  0.005026043980  0.005026043980  0.003512734978  0.005026043980  0.009068484306  0.005026043980  0.005531535158  0.006037555597  0.003512734978  0.005026043980  0.001502332605  0.001502332605  0.004016644991  0.003512734978  0.005021446762  0.000000000000  0.003009349823  0.003512734978  0.003512734978  
piranga_bidentata_itm141 0.010600351991  0.013654933514  0.007035680900  0.009060470895  0.005528762077  0.004014689463  0.003511050831  0.001001035997  0.003007936493  0.002003276341  0.001502332605  0.002004149724  0.002004149724  0.000500258820  0.002004149724  0.006027790311  0.002004149724  0.002506488435  0.003009349823  0.000500258820  0.002004149724  0.001502332605  0.001502332605  0.004016644991  0.003512734978  0.005021446762  0.003009349823  0.000000000000  0.000500258820  0.000500258820  
piranga_ludoviciana_sdsu2650 0.010090353601  0.013142529140  0.006530243001  0.008553185053  0.005023543987  0.003511050831  0.003007936493  0.000500258820  0.002505345359  0.001501728355  0.001001035997  0.001502332605  0.001502332605  0.000000000000  0.001502332605  0.005522862735  0.001502332605  0.002004149724  0.002506488435  0.000000000000  0.002506488435  0.002004149724  0.002004149724  0.004521080959  0.004016644991  0.005526392060  0.003512734978  0.000500258820  0.000000000000  0.000000000000  
piranga_rubra_ku26592 0.010090353601  0.013142529140  0.006530243001  0.008553185053  0.005023543987  0.003511050831  0.003007936493  0.000500258820  0.002505345359  0.001501728355  0.001001035997  0.001502332605  0.001502332605  0.000000000000  0.001502332605  0.005522862735  0.001502332605  0.002004149724  0.002506488435  0.000000000000  0.002506488435  0.002004149724  0.002004149724  0.004521080959  0.004016644991  0.005526392060  0.003512734978  0.000500258820  0.000000000000  0.000000000000  

