30
cardinalis_cardinalis_ku21828 0.000000000000  0.004015167433  0.023414704058  0.023414704058  0.031208379356  0.028083589132  0.028577494809  0.029631215930  0.019788982268  0.019780558018  0.022883137325  0.024948214701  0.019780558018  0.024419070336  0.023392771634  0.024948214701  0.021323462095  0.023907762106  0.024450331855  0.028106488302  0.028106488302  0.029684983470  0.027566425652  0.022387024948  0.023402844637  0.023912437937  0.021867235602  0.022380603526  0.025494447563  0.023421302737  
cardinalis_cardinalis_ku25393 0.004015167433  0.000000000000  0.023421302737  0.023421302737  0.031215655622  0.028090771570  0.028582732452  0.029637538692  0.019793858931  0.019784548505  0.022888533319  0.024953512979  0.019784548505  0.024423159690  0.023397584644  0.024953512979  0.021327485297  0.023912437937  0.023414704058  0.027065022377  0.027065022377  0.028640910463  0.026526187950  0.021354270696  0.023408551233  0.023917561501  0.021873790691  0.022387024948  0.025501851263  0.023428346901  
piranga_erythrocephala_fmnh343371 0.023414704058  0.023421302737  0.000000000000  0.000000000000  0.016708407013  0.013645151032  0.014141180238  0.015167825720  0.012629712716  0.012621885964  0.015693376668  0.017223068424  0.012621885964  0.018237386086  0.016198375043  0.017738299082  0.014149737126  0.016708407013  0.017244384418  0.020863497731  0.020863497731  0.022425790246  0.020329547157  0.015201203365  0.015179506638  0.016712772389  0.013659351417  0.014680910497  0.017760838342  0.015709906430  
piranga_erythrocephala_fmnh343370 0.023414704058  0.023421302737  0.000000000000  0.000000000000  0.016708407013  0.013645151032  0.014141180238  0.015167825720  0.012629712716  0.012621885964  0.015693376668  0.017223068424  0.012621885964  0.018237386086  0.016198375043  0.017738299082  0.014149737126  0.016708407013  0.017244384418  0.020863497731  0.020863497731  0.022425790246  0.020329547157  0.015201203365  0.015179506638  0.016712772389  0.013659351417  0.014680910497  0.017760838342  0.015709906430  
piranga_leucoptera_fmnh481795 0.031208379356  0.031215655622  0.016708407013  0.016708407013  0.000000000000  0.005017296643  0.014645721646  0.015668586812  0.020306154322  0.020297116010  0.023402844637  0.025469313770  0.020297116010  0.025971802244  0.023912437937  0.025469313770  0.021841127575  0.024427697913  0.024972097169  0.028632059261  0.028632059261  0.030212339412  0.028090771570  0.022907394948  0.023923132418  0.024432684620  0.022387024948  0.022900662504  0.026017384349  0.023942525528  
piranga_leucoptera_lsu7783 0.028083589132  0.028090771570  0.013645151032  0.013645151032  0.005017296643  0.000000000000  0.011591423720  0.012609942887  0.017227738399  0.017218838416  0.020311338563  0.022369095274  0.017218838416  0.022869628258  0.020818852321  0.022369095274  0.018756357518  0.021331953627  0.021873790691  0.025518000364  0.025518000364  0.027091415254  0.024979187099  0.019817787135  0.020829393697  0.021336866707  0.019299650487  0.019811142591  0.022914572133  0.020848529286  
piranga_rubriceps_lsu265 0.028577494809  0.028582732452  0.014141180238  0.014141180238  0.014645721646  0.011591423720  0.000000000000  0.002003363991  0.017722805099  0.017717707574  0.020806371252  0.022866019476  0.017717707574  0.023373301610  0.021316752599  0.022866019476  0.019256180524  0.021830810251  0.022364009190  0.026003292683  0.026003292683  0.027573742660  0.025469313770  0.020306154322  0.020297116010  0.020806371252  0.019788982268  0.020301413345  0.023402844637  0.021336866707  
piranga_rubriceps_lsu34818 0.029631215930  0.029637538692  0.015167825720  0.015167825720  0.015668586812  0.012609942887  0.002003363991  0.000000000000  0.018756357518  0.018749157314  0.021845458943  0.023907762106  0.018749157314  0.024412239773  0.022355174993  0.023907762106  0.020289853772  0.022869628258  0.023408551233  0.027057121989  0.027057121989  0.028632059261  0.026519501159  0.021348025615  0.021336866707  0.021845458943  0.020829393697  0.021342224161  0.024450331855  0.022380603526  
piranga_olivacea_ku2699 0.019788982268  0.019793858931  0.012629712716  0.012629712716  0.020306154322  0.017227738399  0.017722805099  0.018756357518  0.000000000000  0.005018828328  0.008051472976  0.010075716645  0.005018828328  0.010577180128  0.008554216442  0.010075716645  0.006530761515  0.009059665895  0.010584574305  0.014157627721  0.014157627721  0.015698449300  0.013637863406  0.008559003416  0.009565508706  0.010070410668  0.008051472976  0.008556394241  0.011603960264  0.009572523373  
piranga_bidentata_tepe59 0.019780558018  0.019784548505  0.012621885964  0.012621885964  0.020297116010  0.017218838416  0.017717707574  0.018749157314  0.005018828328  0.000000000000  0.006026862913  0.008045826519  0.003006168903  0.008549811070  0.006529761965  0.008045826519  0.004513899105  0.007034188913  0.011598201805  0.015175175087  0.015175175087  0.016717576999  0.014655428775  0.009569752591  0.010578377117  0.011084345409  0.009061707773  0.009567414246  0.012618625314  0.010584574305  
piranga_ludoviciana_sdsu2208 0.022883137325  0.022888533319  0.015693376668  0.015693376668  0.023402844637  0.020311338563  0.020806371252  0.021845458943  0.008051472976  0.006026862913  0.000000000000  0.011091190644  0.006026862913  0.011592827122  0.009567414246  0.011091190644  0.007540889430  0.010073514337  0.014662173940  0.018259381445  0.018259381445  0.019811142591  0.017733764163  0.012625581887  0.013634874490  0.014141180238  0.012114491005  0.012621885964  0.015688741814  0.013645151032  
piranga_lutea_lsu5400 0.024948214701  0.024953512979  0.017223068424  0.017223068424  0.025469313770  0.022369095274  0.022866019476  0.023907762106  0.010075716645  0.008045826519  0.011091190644  0.000000000000  0.006025726666  0.011591907197  0.009565508706  0.011088827071  0.007539733093  0.010071745554  0.016190691391  0.019793858931  0.019793858931  0.021348025615  0.019268256526  0.014662173940  0.015674587568  0.016182464017  0.014149737126  0.014658582456  0.017733764163  0.015684545104  
piranga_bidentata_hgoslp104 0.019780558018  0.019784548505  0.012621885964  0.012621885964  0.020297116010  0.017218838416  0.017717707574  0.018749157314  0.005018828328  0.003006168903  0.006026862913  0.006025726666  0.000000000000  0.005520839965  0.003509053135  0.005018828328  0.001501540113  0.004011411620  0.011598201805  0.015175175087  0.015175175087  0.016717576999  0.014655428775  0.009569752591  0.010578377117  0.011084345409  0.009061707773  0.009567414246  0.012618625314  0.010584574305  
piranga_ludoviciana_sdsu2650 0.024419070336  0.024423159690  0.018237386086  0.018237386086  0.025971802244  0.022869628258  0.023373301610  0.024412239773  0.010577180128  0.008549811070  0.011592827122  0.011591907197  0.005520839965  0.000000000000  0.005017174093  0.006529192789  0.004011044982  0.006529192789  0.017206325531  0.020810086972  0.020810086972  0.022364009190  0.020286889632  0.015162230485  0.016179182251  0.016689341457  0.014650436321  0.015160091607  0.018234312075  0.016184766225  
piranga_ludoviciana_sdsu2385 0.023392771634  0.023397584644  0.016198375043  0.016198375043  0.023912437937  0.020818852321  0.021316752599  0.022355174993  0.008554216442  0.006529761965  0.009567414246  0.009565508706  0.003509053135  0.005017174093  0.000000000000  0.004515963949  0.002003363991  0.004515963949  0.015167825720  0.018765326415  0.018765326415  0.020316965696  0.018240902285  0.013129676537  0.014141180238  0.014648598302  0.012618625314  0.013126551544  0.016194313593  0.014149737126  
piranga_ludoviciana_sdsu2648 0.024948214701  0.024953512979  0.017738299082  0.017738299082  0.025469313770  0.022369095274  0.022866019476  0.023907762106  0.010075716645  0.008045826519  0.011091190644  0.011088827071  0.005018828328  0.006529192789  0.004515963949  0.000000000000  0.003510014035  0.006028428452  0.016704481244  0.020311338563  0.020311338563  0.021867235602  0.019276953524  0.014662173940  0.015674587568  0.016182464017  0.014149737126  0.014658582456  0.017733764163  0.015684545104  
piranga_bidentata_itm141 0.021323462095  0.021327485297  0.014149737126  0.014149737126  0.021841127575  0.018756357518  0.019256180524  0.020289853772  0.006530761515  0.004513899105  0.007540889430  0.007539733093  0.001501540113  0.004011044982  0.002003363991  0.003510014035  0.000000000000  0.002504694595  0.013123862920  0.016708407013  0.016708407013  0.018254100248  0.016187508810  0.011091190644  0.012101864487  0.012608864201  0.010582074579  0.011088827071  0.014146447257  0.012108134145  
piranga_bidentata_itm160 0.023907762106  0.023912437937  0.016708407013  0.016708407013  0.024427697913  0.021331953627  0.021830810251  0.022869628258  0.009059665895  0.007034188913  0.010073514337  0.010071745554  0.004011411620  0.006529192789  0.004515963949  0.006028428452  0.002504694595  0.000000000000  0.015677467608  0.019276953524  0.019276953524  0.020829393697  0.018752536141  0.013637863406  0.014650436321  0.015158392394  0.013126551544  0.013634874490  0.016704481244  0.014658582456  
piranga_flava_ku90809 0.024450331855  0.023414704058  0.017244384418  0.017244384418  0.024972097169  0.021873790691  0.022364009190  0.023408551233  0.010584574305  0.011598201805  0.014662173940  0.016190691391  0.011598201805  0.017206325531  0.015167825720  0.016704481244  0.013123862920  0.015677467608  0.000000000000  0.004515963949  0.007544494905  0.009067087429  0.007540889430  0.003006412742  0.013133237526  0.013637863406  0.011615853545  0.012122586076  0.015189481628  0.013146532783  
piranga_flava_lsu15408 0.028106488302  0.027065022377  0.020863497731  0.020863497731  0.028632059261  0.025518000364  0.026003292683  0.027057121989  0.014157627721  0.015175175087  0.018259381445  0.019793858931  0.015175175087  0.020810086972  0.018765326415  0.020311338563  0.016708407013  0.019276953524  0.004515963949  0.000000000000  0.011100885209  0.012634278083  0.011093988438  0.006534050256  0.016722820474  0.017227738399  0.015201203365  0.014680910497  0.017760838342  0.015709906430  
piranga_hepatica_ku4970 0.028106488302  0.027065022377  0.020863497731  0.020863497731  0.028632059261  0.025518000364  0.026003292683  0.027057121989  0.014157627721  0.015175175087  0.018259381445  0.019793858931  0.015175175087  0.020810086972  0.018765326415  0.020311338563  0.016708407013  0.019276953524  0.007544494905  0.011100885209  0.000000000000  0.004514847638  0.008045826519  0.006534050256  0.016722820474  0.017227738399  0.015201203365  0.015709906430  0.018795467129  0.016741180423  
piranga_hepatica_ku9084 0.029684983470  0.028640910463  0.022425790246  0.022425790246  0.030212339412  0.027091415254  0.027573742660  0.028632059261  0.015698449300  0.016717576999  0.019811142591  0.021348025615  0.016717576999  0.022364009190  0.020316965696  0.021867235602  0.018254100248  0.020829393697  0.009067087429  0.012634278083  0.004514847638  0.000000000000  0.009567414246  0.008054216946  0.018271264431  0.018776061012  0.016748175704  0.017257674850  0.020351731829  0.018292384912  
piranga_olivacea_ku4672 0.027566425652  0.026526187950  0.020329547157  0.020329547157  0.028090771570  0.024979187099  0.025469313770  0.026519501159  0.013637863406  0.014655428775  0.017733764163  0.019268256526  0.014655428775  0.020286889632  0.018240902285  0.019276953524  0.016187508810  0.018752536141  0.007540889430  0.011093988438  0.008045826519  0.009567414246  0.000000000000  0.006530761515  0.016198375043  0.016704481244  0.014675571500  0.015184275608  0.018265102962  0.016213191160  
piranga_lutea_ku89864 0.022387024948  0.021354270696  0.015201203365  0.015201203365  0.022907394948  0.019817787135  0.020306154322  0.021348025615  0.008559003416  0.009569752591  0.012625581887  0.014662173940  0.009569752591  0.015162230485  0.013129676537  0.014662173940  0.011091190644  0.013637863406  0.003006412742  0.006534050256  0.006534050256  0.008054216946  0.006530761515  0.000000000000  0.011100885209  0.011603960264  0.009587923535  0.010093218128  0.013151834081  0.011114477832  
piranga_roseogularis_ku2049 0.023402844637  0.023408551233  0.015179506638  0.015179506638  0.023923132418  0.020829393697  0.020297116010  0.021336866707  0.009565508706  0.010578377117  0.013634874490  0.015674587568  0.010578377117  0.016179182251  0.014141180238  0.015674587568  0.012101864487  0.014650436321  0.013133237526  0.016722820474  0.016722820474  0.018271264431  0.016198375043  0.011100885209  0.000000000000  0.002504694595  0.009572523373  0.010078352107  0.013133237526  0.011097220082  
piranga_roseogularis_ku2141 0.023912437937  0.023917561501  0.016712772389  0.016712772389  0.024432684620  0.021336866707  0.020806371252  0.021845458943  0.010070410668  0.011084345409  0.014141180238  0.016182464017  0.011084345409  0.016689341457  0.014648598302  0.016182464017  0.012608864201  0.015158392394  0.013637863406  0.017227738399  0.017227738399  0.018776061012  0.016704481244  0.011603960264  0.002504694595  0.000000000000  0.010075716645  0.010582074579  0.013637863406  0.011600863749  
piranga_rubra_ku7046 0.021867235602  0.021873790691  0.013659351417  0.013659351417  0.022387024948  0.019299650487  0.019788982268  0.020829393697  0.008051472976  0.009061707773  0.012114491005  0.014149737126  0.009061707773  0.014650436321  0.012618625314  0.014149737126  0.010582074579  0.013126551544  0.011615853545  0.015201203365  0.015201203365  0.016748175704  0.014675571500  0.009587923535  0.009572523373  0.010075716645  0.000000000000  0.003511401432  0.006536338709  0.004519478821  
piranga_rubra_sdsu2654 0.022380603526  0.022387024948  0.014680910497  0.014680910497  0.022900662504  0.019811142591  0.020301413345  0.021342224161  0.008556394241  0.009567414246  0.012621885964  0.014658582456  0.009567414246  0.015160091607  0.013126551544  0.014658582456  0.011088827071  0.013634874490  0.012122586076  0.014680910497  0.015709906430  0.017257674850  0.015184275608  0.010093218128  0.010078352107  0.010582074579  0.003511401432  0.000000000000  0.003007083111  0.001001074904  
piranga_rubra_sdsu2635 0.025494447563  0.025501851263  0.017760838342  0.017760838342  0.026017384349  0.022914572133  0.023402844637  0.024450331855  0.011603960264  0.012618625314  0.015688741814  0.017733764163  0.012618625314  0.018234312075  0.016194313593  0.017733764163  0.014146447257  0.016704481244  0.015189481628  0.017760838342  0.018795467129  0.020351731829  0.018265102962  0.013151834081  0.013133237526  0.013637863406  0.006536338709  0.003007083111  0.000000000000  0.002002847317  
piranga_rubra_ku26592 0.023421302737  0.023428346901  0.015709906430  0.015709906430  0.023942525528  0.020848529286  0.021336866707  0.022380603526  0.009572523373  0.010584574305  0.013645151032  0.015684545104  0.010584574305  0.016184766225  0.014149737126  0.015684545104  0.012108134145  0.014658582456  0.013146532783  0.015709906430  0.016741180423  0.018292384912  0.016213191160  0.011114477832  0.011097220082  0.011600863749  0.004519478821  0.001001074904  0.002002847317  0.000000000000  

