30
cardinalis_cardinalis_ku21828 0.000000000000  0.002003239147  0.004516828120  0.007041117770  0.007041117770  0.010599047187  0.010089189082  0.009071059721  0.011104971693  0.007547816383  0.010075859291  0.010075859291  0.010075859291  0.007547816383  0.009067673776  0.010591054185  0.010591054185  0.011607335968  0.010591054185  0.010591054185  0.010591054185  0.012633633347  0.010594853530  0.010594853530  0.008559668451  0.008052188602  0.009067673776  0.010089189082  0.008055038855  0.008055038855  
cardinalis_cardinalis_ku25393 0.002003239147  0.000000000000  0.006534941937  0.009067673776  0.009067673776  0.012638516362  0.012126802001  0.011104971693  0.013145609664  0.009576205669  0.012110731750  0.012110731750  0.012110731750  0.009576205669  0.011100902276  0.012629146165  0.012629146165  0.013648453926  0.012629146165  0.012629146165  0.012629146165  0.014679173334  0.012633633347  0.012633633347  0.010591054185  0.010081735388  0.011100902276  0.012126802001  0.010085265222  0.010085265222  
piranga_erythrocephala_fmnh343370 0.004516828120  0.006534941937  0.000000000000  0.006540218327  0.006540218327  0.010098217408  0.009588349289  0.008570199962  0.010603634788  0.007046926830  0.009572944788  0.009572944788  0.009572944788  0.007046926830  0.008566296899  0.010089189082  0.010089189082  0.011104971693  0.010089189082  0.010089189082  0.010089189082  0.012131808425  0.010093506600  0.010093506600  0.008058281632  0.007550791862  0.008566296899  0.009588349289  0.007554159213  0.007554159213  
piranga_rubriceps_lsu265 0.007041117770  0.009067673776  0.006540218327  0.000000000000  0.000000000000  0.003512544252  0.003009209890  0.002004087702  0.004014496300  0.000500254960  0.003006054116  0.003006054116  0.003006054116  0.000500254960  0.002003239147  0.003509662013  0.003509662013  0.004515444890  0.003509662013  0.003509662013  0.003509662013  0.005526066094  0.003510908494  0.003510908494  0.001501710539  0.001000694101  0.002003239147  0.003009209890  0.001001020534  0.001001020534  
piranga_rubriceps_lsu34818 0.007041117770  0.009067673776  0.006540218327  0.000000000000  0.000000000000  0.003512544252  0.003009209890  0.002004087702  0.004014496300  0.000500254960  0.003006054116  0.003006054116  0.003006054116  0.000500254960  0.002003239147  0.003509662013  0.003509662013  0.004515444890  0.003509662013  0.003509662013  0.003509662013  0.005526066094  0.003510908494  0.003510908494  0.001501710539  0.001000694101  0.002003239147  0.003009209890  0.001001020534  0.001001020534  
piranga_leucoptera_lsu7783 0.010599047187  0.012638516362  0.010098217408  0.003512544252  0.003512544252  0.000000000000  0.005531061572  0.004520764806  0.006540218327  0.003009209890  0.005522633629  0.005522633629  0.005522633629  0.003009209890  0.004518601549  0.006031464699  0.006031464699  0.007041117770  0.006031464699  0.006031464699  0.006031464699  0.008058281632  0.006034032624  0.006034032624  0.004014496300  0.003510908494  0.004518601549  0.005531061572  0.003512544252  0.003512544252  
piranga_lutea_ku89864 0.010089189082  0.012126802001  0.009588349289  0.003009209890  0.003009209890  0.005531061572  0.000000000000  0.001001020534  0.003007837072  0.002506391393  0.005018283957  0.005018283957  0.005018283957  0.002506391393  0.004014496300  0.005526066094  0.005526066094  0.006534941937  0.005526066094  0.005526066094  0.005526066094  0.007550791862  0.005528368642  0.005528368642  0.003510908494  0.003007837072  0.004014496300  0.005025653128  0.003009209890  0.003009209890  
piranga_flava_ku90809 0.009071059721  0.011104971693  0.008570199962  0.002004087702  0.002004087702  0.004520764806  0.001001020534  0.000000000000  0.002003239147  0.001502297766  0.004011137388  0.004011137388  0.004011137388  0.001502297766  0.003007837072  0.004516828120  0.004516828120  0.005524154300  0.004516828120  0.004516828120  0.004516828120  0.006537384477  0.004518601549  0.004518601549  0.002505280974  0.002003239147  0.003007837072  0.004016395536  0.002004087702  0.002004087702  
piranga_flava_lsu15408 0.011104971693  0.013145609664  0.010603634788  0.004014496300  0.004014496300  0.006540218327  0.003007837072  0.002003239147  0.000000000000  0.003510908494  0.006026108598  0.006026108598  0.006026108598  0.003510908494  0.005021187591  0.006534941937  0.006534941937  0.007545233145  0.006534941937  0.006534941937  0.006534941937  0.008562786272  0.006537384477  0.006537384477  0.004516828120  0.004012986615  0.005021187591  0.006034032624  0.004014496300  0.004014496300  
piranga_ludoviciana_sdsu2648 0.007547816383  0.009576205669  0.007046926830  0.000500254960  0.000500254960  0.003009209890  0.002506391393  0.001502297766  0.003510908494  0.000000000000  0.002504283578  0.002504283578  0.002504283578  0.000000000000  0.001501710539  0.003006853255  0.003006853255  0.004011866854  0.003006853255  0.003006853255  0.003006853255  0.005021187591  0.003007837072  0.003007837072  0.001000694101  0.000500188789  0.001501710539  0.002506391393  0.000500254960  0.000500254960  
piranga_ludoviciana_sdsu2208 0.010075859291  0.012110731750  0.009572944788  0.003006054116  0.003006054116  0.005522633629  0.005018283957  0.004011137388  0.006026108598  0.002504283578  0.000000000000  0.000000000000  0.000000000000  0.002504283578  0.004010798593  0.005520767160  0.005520767160  0.006529092328  0.005520767160  0.005520767160  0.005520767160  0.007541244884  0.005521504458  0.005521504458  0.003508261953  0.003006239543  0.004010798593  0.005018283957  0.003006054116  0.003006054116  
piranga_hepatica_ku4970 0.010075859291  0.012110731750  0.009572944788  0.003006054116  0.003006054116  0.005522633629  0.005018283957  0.004011137388  0.006026108598  0.002504283578  0.000000000000  0.000000000000  0.000000000000  0.002504283578  0.004010798593  0.005520767160  0.005520767160  0.006529092328  0.005520767160  0.005520767160  0.005520767160  0.007541244884  0.005521504458  0.005521504458  0.003508261953  0.003006239543  0.004010798593  0.005018283957  0.003006054116  0.003006054116  
piranga_lutea_lsu5400 0.010075859291  0.012110731750  0.009572944788  0.003006054116  0.003006054116  0.005522633629  0.005018283957  0.004011137388  0.006026108598  0.002504283578  0.000000000000  0.000000000000  0.000000000000  0.002504283578  0.004010798593  0.005520767160  0.005520767160  0.006529092328  0.005520767160  0.005520767160  0.005520767160  0.007541244884  0.005521504458  0.005521504458  0.003508261953  0.003006239543  0.004010798593  0.005018283957  0.003006054116  0.003006054116  
piranga_olivacea_ku4672 0.007547816383  0.009576205669  0.007046926830  0.000500254960  0.000500254960  0.003009209890  0.002506391393  0.001502297766  0.003510908494  0.000000000000  0.002504283578  0.002504283578  0.002504283578  0.000000000000  0.001501710539  0.003006853255  0.003006853255  0.004011866854  0.003006853255  0.003006853255  0.003006853255  0.005021187591  0.003007837072  0.003007837072  0.001000694101  0.000500188789  0.001501710539  0.002506391393  0.000500254960  0.000500254960  
piranga_olivacea_ku2699 0.009067673776  0.011100902276  0.008566296899  0.002003239147  0.002003239147  0.004518601549  0.004014496300  0.003007837072  0.005021187591  0.001501710539  0.004010798593  0.004010798593  0.004010798593  0.001501710539  0.000000000000  0.002505280974  0.002505280974  0.003509662013  0.002505280974  0.002505280974  0.002505280974  0.004518601549  0.004516828120  0.004516828120  0.002504559284  0.002002779047  0.003006853255  0.004014496300  0.002003239147  0.002003239147  
piranga_hepatica_ku9084 0.010591054185  0.012629146165  0.010089189082  0.003509662013  0.003509662013  0.006031464699  0.005526066094  0.004516828120  0.006534941937  0.003006853255  0.005520767160  0.005520767160  0.005520767160  0.003006853255  0.002505280974  0.000000000000  0.000000000000  0.001000694101  0.000000000000  0.000000000000  0.000000000000  0.002004087702  0.006029287805  0.006029287805  0.004011866854  0.003508805180  0.004515444890  0.005526066094  0.003509662013  0.003509662013  
piranga_ludoviciana_sdsu2650 0.010591054185  0.012629146165  0.010089189082  0.003509662013  0.003509662013  0.006031464699  0.005526066094  0.004516828120  0.006534941937  0.003006853255  0.005520767160  0.005520767160  0.005520767160  0.003006853255  0.002505280974  0.000000000000  0.000000000000  0.001000694101  0.000000000000  0.000000000000  0.000000000000  0.002004087702  0.006029287805  0.006029287805  0.004011866854  0.003508805180  0.004515444890  0.005526066094  0.003509662013  0.003509662013  
piranga_bidentata_itm141 0.011607335968  0.013648453926  0.011104971693  0.004515444890  0.004515444890  0.007041117770  0.006534941937  0.005524154300  0.007545233145  0.004011866854  0.006529092328  0.006529092328  0.006529092328  0.004011866854  0.003509662013  0.001000694101  0.001000694101  0.000000000000  0.001000694101  0.001000694101  0.001000694101  0.003007837072  0.007038800997  0.007038800997  0.005018283957  0.004514452231  0.005522633629  0.006534941937  0.004515444890  0.004515444890  
piranga_bidentata_tepe59 0.010591054185  0.012629146165  0.010089189082  0.003509662013  0.003509662013  0.006031464699  0.005526066094  0.004516828120  0.006534941937  0.003006853255  0.005520767160  0.005520767160  0.005520767160  0.003006853255  0.002505280974  0.000000000000  0.000000000000  0.001000694101  0.000000000000  0.000000000000  0.000000000000  0.002004087702  0.006029287805  0.006029287805  0.004011866854  0.003508805180  0.004515444890  0.005526066094  0.003509662013  0.003509662013  
piranga_bidentata_itm160 0.010591054185  0.012629146165  0.010089189082  0.003509662013  0.003509662013  0.006031464699  0.005526066094  0.004516828120  0.006534941937  0.003006853255  0.005520767160  0.005520767160  0.005520767160  0.003006853255  0.002505280974  0.000000000000  0.000000000000  0.001000694101  0.000000000000  0.000000000000  0.000000000000  0.002004087702  0.006029287805  0.006029287805  0.004011866854  0.003508805180  0.004515444890  0.005526066094  0.003509662013  0.003509662013  
piranga_bidentata_hgoslp104 0.010591054185  0.012629146165  0.010089189082  0.003509662013  0.003509662013  0.006031464699  0.005526066094  0.004516828120  0.006534941937  0.003006853255  0.005520767160  0.005520767160  0.005520767160  0.003006853255  0.002505280974  0.000000000000  0.000000000000  0.001000694101  0.000000000000  0.000000000000  0.000000000000  0.002004087702  0.006029287805  0.006029287805  0.004011866854  0.003508805180  0.004515444890  0.005526066094  0.003509662013  0.003509662013  
piranga_ludoviciana_sdsu2385 0.012633633347  0.014679173334  0.012131808425  0.005526066094  0.005526066094  0.008058281632  0.007550791862  0.006537384477  0.008562786272  0.005021187591  0.007541244884  0.007541244884  0.007541244884  0.005021187591  0.004518601549  0.002004087702  0.002004087702  0.003007837072  0.002004087702  0.002004087702  0.002004087702  0.000000000000  0.007041117770  0.007041117770  0.006029287805  0.005524154300  0.006534941937  0.007550791862  0.005526066094  0.005526066094  
piranga_roseogularis_ku2049 0.010594853530  0.012633633347  0.010093506600  0.003510908494  0.003510908494  0.006034032624  0.005528368642  0.004518601549  0.006537384477  0.003007837072  0.005521504458  0.005521504458  0.005521504458  0.003007837072  0.004516828120  0.006029287805  0.006029287805  0.007038800997  0.006029287805  0.006029287805  0.006029287805  0.007041117770  0.000000000000  0.000000000000  0.004012986615  0.003509662013  0.004516828120  0.005528368642  0.003510908494  0.003510908494  
piranga_roseogularis_ku2141 0.010594853530  0.012633633347  0.010093506600  0.003510908494  0.003510908494  0.006034032624  0.005528368642  0.004518601549  0.006537384477  0.003007837072  0.005521504458  0.005521504458  0.005521504458  0.003007837072  0.004516828120  0.006029287805  0.006029287805  0.007038800997  0.006029287805  0.006029287805  0.006029287805  0.007041117770  0.000000000000  0.000000000000  0.004012986615  0.003509662013  0.004516828120  0.005528368642  0.003510908494  0.003510908494  
piranga_leucoptera_fmnh481795 0.008559668451  0.010591054185  0.008058281632  0.001501710539  0.001501710539  0.004014496300  0.003510908494  0.002505280974  0.004516828120  0.001000694101  0.003508261953  0.003508261953  0.003508261953  0.001000694101  0.002504559284  0.004011866854  0.004011866854  0.005018283957  0.004011866854  0.004011866854  0.004011866854  0.006029287805  0.004012986615  0.004012986615  0.000000000000  0.000500254960  0.002504559284  0.003510908494  0.001501710539  0.001501710539  
piranga_erythrocephala_fmnh343371 0.008052188602  0.010081735388  0.007550791862  0.001000694101  0.001000694101  0.003510908494  0.003007837072  0.002003239147  0.004012986615  0.000500188789  0.003006239543  0.003006239543  0.003006239543  0.000500188789  0.002002779047  0.003508805180  0.003508805180  0.004514452231  0.003508805180  0.003508805180  0.003508805180  0.005524154300  0.003509662013  0.003509662013  0.000500254960  0.000000000000  0.002002779047  0.003007837072  0.001000694101  0.001000694101  
piranga_rubra_sdsu2654 0.009067673776  0.011100902276  0.008566296899  0.002003239147  0.002003239147  0.004518601549  0.004014496300  0.003007837072  0.005021187591  0.001501710539  0.004010798593  0.004010798593  0.004010798593  0.001501710539  0.003006853255  0.004515444890  0.004515444890  0.005522633629  0.004515444890  0.004515444890  0.004515444890  0.006534941937  0.004516828120  0.004516828120  0.002504559284  0.002002779047  0.000000000000  0.003007837072  0.001000694101  0.001000694101  
piranga_rubra_sdsu2635 0.010089189082  0.012126802001  0.009588349289  0.003009209890  0.003009209890  0.005531061572  0.005025653128  0.004016395536  0.006034032624  0.002506391393  0.005018283957  0.005018283957  0.005018283957  0.002506391393  0.004014496300  0.005526066094  0.005526066094  0.006534941937  0.005526066094  0.005526066094  0.005526066094  0.007550791862  0.005528368642  0.005528368642  0.003510908494  0.003007837072  0.003007837072  0.000000000000  0.002004087702  0.002004087702  
piranga_rubra_ku7046 0.008055038855  0.010085265222  0.007554159213  0.001001020534  0.001001020534  0.003512544252  0.003009209890  0.002004087702  0.004014496300  0.000500254960  0.003006054116  0.003006054116  0.003006054116  0.000500254960  0.002003239147  0.003509662013  0.003509662013  0.004515444890  0.003509662013  0.003509662013  0.003509662013  0.005526066094  0.003510908494  0.003510908494  0.001501710539  0.001000694101  0.001000694101  0.002004087702  0.000000000000  0.000000000000  
piranga_rubra_ku26592 0.008055038855  0.010085265222  0.007554159213  0.001001020534  0.001001020534  0.003512544252  0.003009209890  0.002004087702  0.004014496300  0.000500254960  0.003006054116  0.003006054116  0.003006054116  0.000500254960  0.002003239147  0.003509662013  0.003509662013  0.004515444890  0.003509662013  0.003509662013  0.003509662013  0.005526066094  0.003510908494  0.003510908494  0.001501710539  0.001000694101  0.001000694101  0.002004087702  0.000000000000  0.000000000000  

