30
cardinalis_cardinalis_ku21828 0.000000000000  0.000000000000  0.001502277256  0.001502277256  0.000000000000  0.001502277256  0.001502277256  0.000000000000  0.001502277256  0.001502277256  0.001502277256  0.001502277256  0.002506334265  0.002506334265  0.001502277256  0.001502277256  0.001502277256  0.001502277256  0.001502277256  0.001502277256  0.001502277256  0.002003218986  0.001502277256  0.001502277256  0.001502277256  0.001502277256  0.001502277256  0.001502277256  0.001502277256  0.001502277256  
cardinalis_cardinalis_ku25393 0.000000000000  0.000000000000  0.001502277256  0.001502277256  0.000000000000  0.001502277256  0.001502277256  0.000000000000  0.001502277256  0.001502277256  0.001502277256  0.001502277256  0.002506334265  0.002506334265  0.001502277256  0.001502277256  0.001502277256  0.001502277256  0.001502277256  0.001502277256  0.001502277256  0.002003218986  0.001502277256  0.001502277256  0.001502277256  0.001502277256  0.001502277256  0.001502277256  0.001502277256  0.001502277256  
piranga_erythrocephala_fmnh343371 0.001502277256  0.001502277256  0.000000000000  0.000000000000  0.001502277256  0.003009127515  0.003009127515  0.001502277256  0.003009127515  0.003009127515  0.003009127515  0.003009127515  0.004016248691  0.004016248691  0.003009127515  0.003009127515  0.003009127515  0.003009127515  0.003009127515  0.003009127515  0.003009127515  0.003510826232  0.003009127515  0.003009127515  0.003009127515  0.003009127515  0.003009127515  0.003009127515  0.003009127515  0.003009127515  
piranga_erythrocephala_fmnh343370 0.001502277256  0.001502277256  0.000000000000  0.000000000000  0.001502277256  0.003009127515  0.003009127515  0.001502277256  0.003009127515  0.003009127515  0.003009127515  0.003009127515  0.004016248691  0.004016248691  0.003009127515  0.003009127515  0.003009127515  0.003009127515  0.003009127515  0.003009127515  0.003009127515  0.003510826232  0.003009127515  0.003009127515  0.003009127515  0.003009127515  0.003009127515  0.003009127515  0.003009127515  0.003009127515  
piranga_leucoptera_lsu7783 0.000000000000  0.000000000000  0.001502277256  0.001502277256  0.000000000000  0.001502277256  0.001502277256  0.000000000000  0.001502277256  0.001502277256  0.001502277256  0.001502277256  0.002506334265  0.002506334265  0.001502277256  0.001502277256  0.001502277256  0.001502277256  0.001502277256  0.001502277256  0.001502277256  0.002003218986  0.001502277256  0.001502277256  0.001502277256  0.001502277256  0.001502277256  0.001502277256  0.001502277256  0.001502277256  
piranga_rubriceps_lsu265 0.001502277256  0.001502277256  0.003009127515  0.003009127515  0.001502277256  0.000000000000  0.000000000000  0.001502277256  0.003009127515  0.003009127515  0.003009127515  0.003009127515  0.004016248691  0.004016248691  0.003009127515  0.003009127515  0.003009127515  0.003009127515  0.003009127515  0.003009127515  0.003009127515  0.003510826232  0.003009127515  0.003009127515  0.003009127515  0.003009127515  0.003009127515  0.003009127515  0.003009127515  0.003009127515  
piranga_rubriceps_lsu34818 0.001502277256  0.001502277256  0.003009127515  0.003009127515  0.001502277256  0.000000000000  0.000000000000  0.001502277256  0.003009127515  0.003009127515  0.003009127515  0.003009127515  0.004016248691  0.004016248691  0.003009127515  0.003009127515  0.003009127515  0.003009127515  0.003009127515  0.003009127515  0.003009127515  0.003510826232  0.003009127515  0.003009127515  0.003009127515  0.003009127515  0.003009127515  0.003009127515  0.003009127515  0.003009127515  
piranga_leucoptera_fmnh481795 0.000000000000  0.000000000000  0.001502277256  0.001502277256  0.000000000000  0.001502277256  0.001502277256  0.000000000000  0.001502277256  0.001502277256  0.001502277256  0.001502277256  0.002506334265  0.002506334265  0.001502277256  0.001502277256  0.001502277256  0.001502277256  0.001502277256  0.001502277256  0.001502277256  0.002003218986  0.001502277256  0.001502277256  0.001502277256  0.001502277256  0.001502277256  0.001502277256  0.001502277256  0.001502277256  
piranga_olivacea_ku4672 0.001502277256  0.001502277256  0.003009127515  0.003009127515  0.001502277256  0.003009127515  0.003009127515  0.001502277256  0.000000000000  0.000000000000  0.000000000000  0.000000000000  0.001001011431  0.001001011431  0.000000000000  0.000000000000  0.000000000000  0.000000000000  0.000000000000  0.000000000000  0.000000000000  0.000500189332  0.000000000000  0.000000000000  0.000000000000  0.000000000000  0.000000000000  0.000000000000  0.000000000000  0.000000000000  
piranga_flava_lsu15408 0.001502277256  0.001502277256  0.003009127515  0.003009127515  0.001502277256  0.003009127515  0.003009127515  0.001502277256  0.000000000000  0.000000000000  0.000000000000  0.000000000000  0.001001011431  0.001001011431  0.000000000000  0.000000000000  0.000000000000  0.000000000000  0.000000000000  0.000000000000  0.000000000000  0.000500189332  0.000000000000  0.000000000000  0.000000000000  0.000000000000  0.000000000000  0.000000000000  0.000000000000  0.000000000000  
piranga_hepatica_ku4970 0.001502277256  0.001502277256  0.003009127515  0.003009127515  0.001502277256  0.003009127515  0.003009127515  0.001502277256  0.000000000000  0.000000000000  0.000000000000  0.000000000000  0.001001011431  0.001001011431  0.000000000000  0.000000000000  0.000000000000  0.000000000000  0.000000000000  0.000000000000  0.000000000000  0.000500189332  0.000000000000  0.000000000000  0.000000000000  0.000000000000  0.000000000000  0.000000000000  0.000000000000  0.000000000000  
piranga_hepatica_ku9084 0.001502277256  0.001502277256  0.003009127515  0.003009127515  0.001502277256  0.003009127515  0.003009127515  0.001502277256  0.000000000000  0.000000000000  0.000000000000  0.000000000000  0.001001011431  0.001001011431  0.000000000000  0.000000000000  0.000000000000  0.000000000000  0.000000000000  0.000000000000  0.000000000000  0.000500189332  0.000000000000  0.000000000000  0.000000000000  0.000000000000  0.000000000000  0.000000000000  0.000000000000  0.000000000000  
piranga_bidentata_itm160 0.002506334265  0.002506334265  0.004016248691  0.004016248691  0.002506334265  0.004016248691  0.004016248691  0.002506334265  0.001001011431  0.001001011431  0.001001011431  0.001001011431  0.000000000000  0.000000000000  0.001001011431  0.001001011431  0.001001011431  0.001001011431  0.001001011431  0.001001011431  0.001001011431  0.001501701854  0.001001011431  0.001001011431  0.001001011431  0.001001011431  0.001001011431  0.001001011431  0.001001011431  0.001001011431  
piranga_bidentata_itm141 0.002506334265  0.002506334265  0.004016248691  0.004016248691  0.002506334265  0.004016248691  0.004016248691  0.002506334265  0.001001011431  0.001001011431  0.001001011431  0.001001011431  0.000000000000  0.000000000000  0.001001011431  0.001001011431  0.001001011431  0.001001011431  0.001001011431  0.001001011431  0.001001011431  0.001501701854  0.001001011431  0.001001011431  0.001001011431  0.001001011431  0.001001011431  0.001001011431  0.001001011431  0.001001011431  
piranga_lutea_ku89864 0.001502277256  0.001502277256  0.003009127515  0.003009127515  0.001502277256  0.003009127515  0.003009127515  0.001502277256  0.000000000000  0.000000000000  0.000000000000  0.000000000000  0.001001011431  0.001001011431  0.000000000000  0.000000000000  0.000000000000  0.000000000000  0.000000000000  0.000000000000  0.000000000000  0.000500189332  0.000000000000  0.000000000000  0.000000000000  0.000000000000  0.000000000000  0.000000000000  0.000000000000  0.000000000000  
piranga_ludoviciana_sdsu2208 0.001502277256  0.001502277256  0.003009127515  0.003009127515  0.001502277256  0.003009127515  0.003009127515  0.001502277256  0.000000000000  0.000000000000  0.000000000000  0.000000000000  0.001001011431  0.001001011431  0.000000000000  0.000000000000  0.000000000000  0.000000000000  0.000000000000  0.000000000000  0.000000000000  0.000500189332  0.000000000000  0.000000000000  0.000000000000  0.000000000000  0.000000000000  0.000000000000  0.000000000000  0.000000000000  
piranga_ludoviciana_sdsu2650 0.001502277256  0.001502277256  0.003009127515  0.003009127515  0.001502277256  0.003009127515  0.003009127515  0.001502277256  0.000000000000  0.000000000000  0.000000000000  0.000000000000  0.001001011431  0.001001011431  0.000000000000  0.000000000000  0.000000000000  0.000000000000  0.000000000000  0.000000000000  0.000000000000  0.000500189332  0.000000000000  0.000000000000  0.000000000000  0.000000000000  0.000000000000  0.000000000000  0.000000000000  0.000000000000  
piranga_roseogularis_ku2049 0.001502277256  0.001502277256  0.003009127515  0.003009127515  0.001502277256  0.003009127515  0.003009127515  0.001502277256  0.000000000000  0.000000000000  0.000000000000  0.000000000000  0.001001011431  0.001001011431  0.000000000000  0.000000000000  0.000000000000  0.000000000000  0.000000000000  0.000000000000  0.000000000000  0.000500189332  0.000000000000  0.000000000000  0.000000000000  0.000000000000  0.000000000000  0.000000000000  0.000000000000  0.000000000000  
piranga_roseogularis_ku2141 0.001502277256  0.001502277256  0.003009127515  0.003009127515  0.001502277256  0.003009127515  0.003009127515  0.001502277256  0.000000000000  0.000000000000  0.000000000000  0.000000000000  0.001001011431  0.001001011431  0.000000000000  0.000000000000  0.000000000000  0.000000000000  0.000000000000  0.000000000000  0.000000000000  0.000500189332  0.000000000000  0.000000000000  0.000000000000  0.000000000000  0.000000000000  0.000000000000  0.000000000000  0.000000000000  
piranga_rubra_ku7046 0.001502277256  0.001502277256  0.003009127515  0.003009127515  0.001502277256  0.003009127515  0.003009127515  0.001502277256  0.000000000000  0.000000000000  0.000000000000  0.000000000000  0.001001011431  0.001001011431  0.000000000000  0.000000000000  0.000000000000  0.000000000000  0.000000000000  0.000000000000  0.000000000000  0.000500189332  0.000000000000  0.000000000000  0.000000000000  0.000000000000  0.000000000000  0.000000000000  0.000000000000  0.000000000000  
piranga_flava_ku90809 0.001502277256  0.001502277256  0.003009127515  0.003009127515  0.001502277256  0.003009127515  0.003009127515  0.001502277256  0.000000000000  0.000000000000  0.000000000000  0.000000000000  0.001001011431  0.001001011431  0.000000000000  0.000000000000  0.000000000000  0.000000000000  0.000000000000  0.000000000000  0.000000000000  0.000500189332  0.000000000000  0.000000000000  0.000000000000  0.000000000000  0.000000000000  0.000000000000  0.000000000000  0.000000000000  
piranga_rubra_sdsu2635 0.002003218986  0.002003218986  0.003510826232  0.003510826232  0.002003218986  0.003510826232  0.003510826232  0.002003218986  0.000500189332  0.000500189332  0.000500189332  0.000500189332  0.001501701854  0.001501701854  0.000500189332  0.000500189332  0.000500189332  0.000500189332  0.000500189332  0.000500189332  0.000500189332  0.000000000000  0.000500189332  0.000500189332  0.000500189332  0.000500189332  0.000500189332  0.000500189332  0.000500189332  0.000500189332  
piranga_ludoviciana_sdsu2648 0.001502277256  0.001502277256  0.003009127515  0.003009127515  0.001502277256  0.003009127515  0.003009127515  0.001502277256  0.000000000000  0.000000000000  0.000000000000  0.000000000000  0.001001011431  0.001001011431  0.000000000000  0.000000000000  0.000000000000  0.000000000000  0.000000000000  0.000000000000  0.000000000000  0.000500189332  0.000000000000  0.000000000000  0.000000000000  0.000000000000  0.000000000000  0.000000000000  0.000000000000  0.000000000000  
piranga_ludoviciana_sdsu2385 0.001502277256  0.001502277256  0.003009127515  0.003009127515  0.001502277256  0.003009127515  0.003009127515  0.001502277256  0.000000000000  0.000000000000  0.000000000000  0.000000000000  0.001001011431  0.001001011431  0.000000000000  0.000000000000  0.000000000000  0.000000000000  0.000000000000  0.000000000000  0.000000000000  0.000500189332  0.000000000000  0.000000000000  0.000000000000  0.000000000000  0.000000000000  0.000000000000  0.000000000000  0.000000000000  
piranga_lutea_lsu5400 0.001502277256  0.001502277256  0.003009127515  0.003009127515  0.001502277256  0.003009127515  0.003009127515  0.001502277256  0.000000000000  0.000000000000  0.000000000000  0.000000000000  0.001001011431  0.001001011431  0.000000000000  0.000000000000  0.000000000000  0.000000000000  0.000000000000  0.000000000000  0.000000000000  0.000500189332  0.000000000000  0.000000000000  0.000000000000  0.000000000000  0.000000000000  0.000000000000  0.000000000000  0.000000000000  
piranga_bidentata_hgoslp104 0.001502277256  0.001502277256  0.003009127515  0.003009127515  0.001502277256  0.003009127515  0.003009127515  0.001502277256  0.000000000000  0.000000000000  0.000000000000  0.000000000000  0.001001011431  0.001001011431  0.000000000000  0.000000000000  0.000000000000  0.000000000000  0.000000000000  0.000000000000  0.000000000000  0.000500189332  0.000000000000  0.000000000000  0.000000000000  0.000000000000  0.000000000000  0.000000000000  0.000000000000  0.000000000000  
piranga_olivacea_ku2699 0.001502277256  0.001502277256  0.003009127515  0.003009127515  0.001502277256  0.003009127515  0.003009127515  0.001502277256  0.000000000000  0.000000000000  0.000000000000  0.000000000000  0.001001011431  0.001001011431  0.000000000000  0.000000000000  0.000000000000  0.000000000000  0.000000000000  0.000000000000  0.000000000000  0.000500189332  0.000000000000  0.000000000000  0.000000000000  0.000000000000  0.000000000000  0.000000000000  0.000000000000  0.000000000000  
piranga_bidentata_tepe59 0.001502277256  0.001502277256  0.003009127515  0.003009127515  0.001502277256  0.003009127515  0.003009127515  0.001502277256  0.000000000000  0.000000000000  0.000000000000  0.000000000000  0.001001011431  0.001001011431  0.000000000000  0.000000000000  0.000000000000  0.000000000000  0.000000000000  0.000000000000  0.000000000000  0.000500189332  0.000000000000  0.000000000000  0.000000000000  0.000000000000  0.000000000000  0.000000000000  0.000000000000  0.000000000000  
piranga_rubra_sdsu2654 0.001502277256  0.001502277256  0.003009127515  0.003009127515  0.001502277256  0.003009127515  0.003009127515  0.001502277256  0.000000000000  0.000000000000  0.000000000000  0.000000000000  0.001001011431  0.001001011431  0.000000000000  0.000000000000  0.000000000000  0.000000000000  0.000000000000  0.000000000000  0.000000000000  0.000500189332  0.000000000000  0.000000000000  0.000000000000  0.000000000000  0.000000000000  0.000000000000  0.000000000000  0.000000000000  
piranga_rubra_ku26592 0.001502277256  0.001502277256  0.003009127515  0.003009127515  0.001502277256  0.003009127515  0.003009127515  0.001502277256  0.000000000000  0.000000000000  0.000000000000  0.000000000000  0.001001011431  0.001001011431  0.000000000000  0.000000000000  0.000000000000  0.000000000000  0.000000000000  0.000000000000  0.000000000000  0.000500189332  0.000000000000  0.000000000000  0.000000000000  0.000000000000  0.000000000000  0.000000000000  0.000000000000  0.000000000000  

