30
piranga_rubra_ku26592 0.000000000000  0.005501274574  0.007330053761  0.011048078747  0.011255338429  0.011296107943  0.009785657899  0.013199292150  0.000000000000  0.003880850357  0.000000000000  0.006556212417  0.007357017783  0.008373498647  0.000000000000  0.004422630208  0.005890117097  0.003653961906  0.010322749008  0.001827783465  0.009287305662  0.007342805202  0.011048078747  0.007330053761  0.003698550378  0.012788964980  0.002369047588  0.001827783465  0.001824448763  0.001827783465  
piranga_flava_ku90809 0.005501274574  0.000000000000  0.012907224833  0.014786000883  0.016967983707  0.017057369886  0.013770566071  0.018983796177  0.005625055913  0.009767654410  0.006517105862  0.010991616397  0.009208908970  0.008373498647  0.005501274574  0.002206966597  0.003919878002  0.009192962432  0.013780228655  0.007360588862  0.014923925512  0.001828564788  0.014786000883  0.012907224833  0.009294502813  0.021562932743  0.007154332734  0.007360588862  0.007347068900  0.007360588862  
piranga_ludoviciana_sdsu2385 0.007330053761  0.012907224833  0.000000000000  0.018520386438  0.018869904305  0.018943572297  0.007817109099  0.020869192536  0.007494869348  0.005840826900  0.004331330587  0.013185673069  0.012937379747  0.012613517649  0.007330053761  0.008875140557  0.011830686204  0.003653961906  0.003414410559  0.005501087571  0.016808485376  0.014772998887  0.018520386438  0.012884093397  0.011158994211  0.017116761241  0.004753399391  0.005501087571  0.009175111236  0.005501087571  
piranga_rubriceps_lsu265 0.011048078747  0.014786000883  0.018520386438  0.000000000000  0.007452974476  0.017024510983  0.019747142434  0.018943572297  0.011297727081  0.015700542987  0.010888878267  0.015416357540  0.016714825546  0.016894275619  0.011027771847  0.013372597192  0.013832183938  0.014772709471  0.017339895556  0.012924176632  0.005531517219  0.016666392707  0.000000000000  0.018520386438  0.011150745537  0.021464847525  0.011941377262  0.012924176632  0.012900357238  0.012924176632  
piranga_leucoptera_lsu7783 0.011255338429  0.016967983707  0.018869904305  0.007452974476  0.000000000000  0.015402936750  0.019747142434  0.017352780449  0.011297727081  0.016014873397  0.011131304003  0.015416357540  0.018941397133  0.016919107647  0.011234263165  0.015622811082  0.016149218072  0.015050654774  0.017339895556  0.013167299717  0.000000000000  0.018889137414  0.007452974476  0.018869904305  0.011361912139  0.021487009151  0.009540235225  0.013167299717  0.013142576542  0.013167299717  
cardinalis_cardinalis_ku25393 0.011296107943  0.017057369886  0.018943572297  0.017024510983  0.015402936750  0.000000000000  0.018194788231  0.001865286245  0.011557218480  0.016079554150  0.011186925974  0.011287950757  0.017089167435  0.010690295261  0.011296107943  0.016079864767  0.018306504246  0.015107796317  0.013817507474  0.013199292150  0.015111959574  0.018978955387  0.017024510983  0.018943572297  0.011425171511  0.012788964980  0.007132991609  0.013199292150  0.013199292150  0.013199292150  
piranga_olivacea_ku2699 0.009785657899  0.013770566071  0.007817109099  0.019747142434  0.019747142434  0.018194788231  0.000000000000  0.020247806077  0.009785657899  0.010045913150  0.008974707220  0.017639658486  0.011818430230  0.016864166080  0.009785657899  0.011161951702  0.014247047804  0.005852725240  0.006855190075  0.007832416039  0.015919260516  0.015762714908  0.019747142434  0.015731716417  0.013914675506  0.017112877426  0.004746641480  0.007832416039  0.011761113095  0.007832416039  
cardinalis_cardinalis_ku21828 0.013199292150  0.018983796177  0.020869192536  0.018943572297  0.017352780449  0.001865286245  0.020247806077  0.000000000000  0.013504883947  0.018118810968  0.013448283012  0.011287950757  0.019015622776  0.010690295261  0.013199292150  0.018412736476  0.020376489391  0.017022130750  0.013817507474  0.015108940159  0.017024510983  0.020910132644  0.018943572297  0.020869192536  0.013350339446  0.012788964980  0.007132991609  0.015108940159  0.015108940159  0.015108940159  
piranga_rubra_ku7046 0.000000000000  0.005625055913  0.007494869348  0.011297727081  0.011297727081  0.011557218480  0.009785657899  0.013504883947  0.000000000000  0.003973371054  0.000000000000  0.006556212417  0.007523061917  0.008373498647  0.000000000000  0.004422630208  0.006032241417  0.003735866460  0.010322749008  0.001868772044  0.009499042735  0.007508201034  0.011297727081  0.007494869348  0.003782489233  0.012788964980  0.002369047588  0.001868772044  0.001865286245  0.001868772044  
piranga_bidentata_hgoslp104 0.003880850357  0.009767654410  0.005840826900  0.015700542987  0.016014873397  0.016079554150  0.010045913150  0.018118810968  0.003973371054  0.000000000000  0.002160401859  0.010966101473  0.009790192386  0.010577218084  0.003880850357  0.006643323314  0.009844582979  0.003885364309  0.010322749008  0.001942211674  0.013862394231  0.011738103548  0.015700542987  0.009747502807  0.007885204256  0.017116761241  0.002370360490  0.001942211674  0.005829977568  0.001942211674  
piranga_ludoviciana_sdsu2648 0.000000000000  0.006517105862  0.004331330587  0.010888878267  0.011131304003  0.011186925974  0.008974707220  0.013448283012  0.000000000000  0.002160401859  0.000000000000  0.004669072614  0.006513508081  0.007099232065  0.000000000000  0.004472076423  0.006517105862  0.002160401859  0.010322749008  0.000000000000  0.008800952987  0.008700386156  0.010888878267  0.004325720200  0.004388353268  0.013418206533  0.000000000000  0.000000000000  0.000000000000  0.000000000000  
piranga_roseogularis_ku2049 0.006556212417  0.010991616397  0.013185673069  0.015416357540  0.015416357540  0.011287950757  0.017639658486  0.011287950757  0.006556212417  0.010966101473  0.004669072614  0.000000000000  0.013240535477  0.013358455383  0.006556212417  0.006951186235  0.010991616397  0.010966101473  0.013780228655  0.008776748575  0.013342857431  0.013211380085  0.015416357540  0.000000000000  0.011118193946  0.025846745253  0.009809963688  0.008776748575  0.008757532576  0.008776748575  
piranga_hepatica_ku4970 0.007357017783  0.009208908970  0.012937379747  0.016714825546  0.018941397133  0.017089167435  0.011818430230  0.019015622776  0.007523061917  0.009790192386  0.006513508081  0.013240535477  0.000000000000  0.008373498647  0.007357017783  0.006643323314  0.009862871287  0.009212921600  0.017290733418  0.007370574323  0.014985641562  0.011069244144  0.016714825546  0.014804324592  0.011200658525  0.017186409544  0.004769279665  0.007370574323  0.009208908970  0.007370574323  
piranga_hepatica_ku9084 0.008373498647  0.008373498647  0.012613517649  0.016894275619  0.016919107647  0.010690295261  0.016864166080  0.010690295261  0.008373498647  0.010577218084  0.007099232065  0.013358455383  0.008373498647  0.000000000000  0.008373498647  0.004669072614  0.008516120567  0.010488464298  0.013780228655  0.008391064589  0.014831746264  0.010488464298  0.016894275619  0.014727457105  0.012774659115  0.021557402224  0.004769279665  0.008391064589  0.010483255397  0.008391064589  
piranga_rubra_sdsu2654 0.000000000000  0.005501274574  0.007330053761  0.011027771847  0.011234263165  0.011296107943  0.009785657899  0.013199292150  0.000000000000  0.003880850357  0.000000000000  0.006556212417  0.007357017783  0.008373498647  0.000000000000  0.004422630208  0.005890117097  0.003653961906  0.010322749008  0.001827783465  0.009270086214  0.007342805202  0.011027771847  0.007330053761  0.003691723327  0.012788964980  0.002369047588  0.001827783465  0.001824448763  0.001827783465  
piranga_flava_lsu15408 0.004422630208  0.002206966597  0.008875140557  0.013372597192  0.015622811082  0.016079864767  0.011161951702  0.018412736476  0.004422630208  0.006643323314  0.004472076423  0.006951186235  0.006643323314  0.004669072614  0.004422630208  0.000000000000  0.002206966597  0.006643323314  0.013780228655  0.004432431783  0.013523307121  0.004421348221  0.013372597192  0.008874107552  0.008994889240  0.017641224680  0.002603417703  0.004432431783  0.004422630208  0.004432431783  
piranga_lutea_lsu5400 0.005890117097  0.003919878002  0.011830686204  0.013832183938  0.016149218072  0.018306504246  0.014247047804  0.020376489391  0.006032241417  0.009844582979  0.006517105862  0.010991616397  0.009862871287  0.008516120567  0.005890117097  0.002206966597  0.000000000000  0.009844582979  0.013780228655  0.007882798550  0.013970218716  0.005887181553  0.013832183938  0.011833782931  0.009961118643  0.021562932743  0.007154332734  0.007882798550  0.007867294116  0.007882798550  
piranga_olivacea_ku4672 0.003653961906  0.009192962432  0.003653961906  0.014772709471  0.015050654774  0.015107796317  0.005852725240  0.017022130750  0.003735866460  0.003885364309  0.002160401859  0.010966101473  0.009212921600  0.010488464298  0.003653961906  0.006643323314  0.009844582979  0.000000000000  0.006855190075  0.001828564788  0.013036218101  0.011046535504  0.014772709471  0.011028550364  0.007417299335  0.012788964980  0.002370360490  0.001828564788  0.005488655342  0.001828564788  
piranga_ludoviciana_sdsu2208 0.010322749008  0.013780228655  0.003414410559  0.017339895556  0.017339895556  0.013817507474  0.006855190075  0.013817507474  0.010322749008  0.010322749008  0.010322749008  0.013780228655  0.017290733418  0.013780228655  0.010322749008  0.013780228655  0.013780228655  0.006855190075  0.000000000000  0.010322749008  0.017339895556  0.017290733418  0.017339895556  0.013780228655  0.014109978512  0.027085708181  0.010322749008  0.010322749008  0.010322749008  0.010322749008  
piranga_bidentata_itm160 0.001827783465  0.007360588862  0.005501087571  0.012924176632  0.013167299717  0.013199292150  0.007832416039  0.015108940159  0.001868772044  0.001942211674  0.000000000000  0.008776748575  0.007370574323  0.008391064589  0.001827783465  0.004432431783  0.007882798550  0.001828564788  0.010322749008  0.000000000000  0.011171508306  0.009209896023  0.012924176632  0.009191979035  0.005562285391  0.012788964980  0.000000000000  0.000000000000  0.003661527294  0.000000000000  
piranga_leucoptera_fmnh481795 0.009287305662  0.014923925512  0.016808485376  0.005531517219  0.000000000000  0.015111959574  0.015919260516  0.017024510983  0.009499042735  0.013862394231  0.008800952987  0.013342857431  0.014985641562  0.014831746264  0.009270086214  0.013523307121  0.013970218716  0.013036218101  0.017339895556  0.011171508306  0.000000000000  0.016822164528  0.005531517219  0.016808485376  0.009374371497  0.021487009151  0.009540235225  0.011171508306  0.011150745537  0.011171508306  
piranga_lutea_ku89864 0.007342805202  0.001828564788  0.014772998887  0.016666392707  0.018889137414  0.018978955387  0.015762714908  0.020910132644  0.007508201034  0.011738103548  0.008700386156  0.013211380085  0.011069244144  0.010488464298  0.007342805202  0.004421348221  0.005887181553  0.011046535504  0.017290733418  0.009209896023  0.016822164528  0.000000000000  0.016666392707  0.014772998887  0.011172304718  0.021562932743  0.009552263011  0.009209896023  0.009192962432  0.009209896023  
piranga_rubriceps_lsu34818 0.011048078747  0.014786000883  0.018520386438  0.000000000000  0.007452974476  0.017024510983  0.019747142434  0.018943572297  0.011297727081  0.015700542987  0.010888878267  0.015416357540  0.016714825546  0.016894275619  0.011027771847  0.013372597192  0.013832183938  0.014772709471  0.017339895556  0.012924176632  0.005531517219  0.016666392707  0.000000000000  0.018520386438  0.011150745537  0.021464847525  0.011941377262  0.012924176632  0.012900357238  0.012924176632  
piranga_roseogularis_ku2141 0.007330053761  0.012907224833  0.012884093397  0.018520386438  0.018869904305  0.018943572297  0.015731716417  0.020869192536  0.007494869348  0.009747502807  0.004325720200  0.000000000000  0.014804324592  0.014727457105  0.007330053761  0.008874107552  0.011833782931  0.011028550364  0.013780228655  0.009191979035  0.016808485376  0.014772998887  0.018520386438  0.000000000000  0.011158994211  0.025846745253  0.009529505458  0.009191979035  0.009175111236  0.009191979035  
piranga_erythrocephala_fmnh343371 0.003698550378  0.009294502813  0.011158994211  0.011150745537  0.011361912139  0.011425171511  0.013914675506  0.013350339446  0.003782489233  0.007885204256  0.004388353268  0.011118193946  0.011200658525  0.012774659115  0.003691723327  0.008994889240  0.009961118643  0.007417299335  0.014109978512  0.005562285391  0.009374371497  0.011172304718  0.011150745537  0.011158994211  0.000000000000  0.008502803563  0.007240341660  0.005562285391  0.005551991372  0.005562285391  
piranga_erythrocephala_fmnh343370 0.012788964980  0.021562932743  0.017116761241  0.021464847525  0.021487009151  0.012788964980  0.017112877426  0.012788964980  0.012788964980  0.017116761241  0.013418206533  0.025846745253  0.017186409544  0.021557402224  0.012788964980  0.017641224680  0.021562932743  0.012788964980  0.027085708181  0.012788964980  0.021487009151  0.021562932743  0.021464847525  0.025846745253  0.008502803563  0.000000000000  0.012788964980  0.012788964980  0.012788964980  0.012788964980  
piranga_ludoviciana_sdsu2650 0.002369047588  0.007154332734  0.004753399391  0.011941377262  0.009540235225  0.007132991609  0.004746641480  0.007132991609  0.002369047588  0.002370360490  0.000000000000  0.009809963688  0.004769279665  0.004769279665  0.002369047588  0.002603417703  0.007154332734  0.002370360490  0.010322749008  0.000000000000  0.009540235225  0.009552263011  0.011941377262  0.009529505458  0.007240341660  0.012788964980  0.000000000000  0.000000000000  0.004748120034  0.000000000000  
piranga_bidentata_tepe59 0.001827783465  0.007360588862  0.005501087571  0.012924176632  0.013167299717  0.013199292150  0.007832416039  0.015108940159  0.001868772044  0.001942211674  0.000000000000  0.008776748575  0.007370574323  0.008391064589  0.001827783465  0.004432431783  0.007882798550  0.001828564788  0.010322749008  0.000000000000  0.011171508306  0.009209896023  0.012924176632  0.009191979035  0.005562285391  0.012788964980  0.000000000000  0.000000000000  0.003661527294  0.000000000000  
piranga_rubra_sdsu2635 0.001824448763  0.007347068900  0.009175111236  0.012900357238  0.013142576542  0.013199292150  0.011761113095  0.015108940159  0.001865286245  0.005829977568  0.000000000000  0.008757532576  0.009208908970  0.010483255397  0.001824448763  0.004422630208  0.007867294116  0.005488655342  0.010322749008  0.003661527294  0.011150745537  0.009192962432  0.012900357238  0.009175111236  0.005551991372  0.012788964980  0.004748120034  0.003661527294  0.000000000000  0.003661527294  
piranga_bidentata_itm141 0.001827783465  0.007360588862  0.005501087571  0.012924176632  0.013167299717  0.013199292150  0.007832416039  0.015108940159  0.001868772044  0.001942211674  0.000000000000  0.008776748575  0.007370574323  0.008391064589  0.001827783465  0.004432431783  0.007882798550  0.001828564788  0.010322749008  0.000000000000  0.011171508306  0.009209896023  0.012924176632  0.009191979035  0.005562285391  0.012788964980  0.000000000000  0.000000000000  0.003661527294  0.000000000000  

