30
piranga_rubra_ku26592 0.000000000000  0.006338277274  0.007239530090  0.012766681659  0.011812577047  0.009074604345  0.007777849849  0.009994778067  0.003680737837  0.007239530090  0.004875693390  0.012258136668  0.007244113703  0.005103756279  0.005417960296  0.007989272269  0.006328762984  0.006332543277  0.005101880491  0.006332543277  0.009976647636  0.006328762984  0.013660235327  0.009288623687  0.010179773884  0.009554083528  0.003552263973  0.006332543277  0.004518051701  0.005422737635  
piranga_flava_ku90809 0.006338277274  0.000000000000  0.004342177296  0.011387736353  0.009599164185  0.009599164185  0.005744774516  0.007946425936  0.004547539349  0.004342177296  0.002919616101  0.009149330298  0.002602347747  0.001016326613  0.006086629273  0.002985654645  0.001732385444  0.003473009242  0.003958334072  0.004345286794  0.007839614999  0.001753651459  0.011368368889  0.006409897399  0.008093417295  0.009554083528  0.003552263973  0.003473009242  0.005215338592  0.003473009242  
piranga_ludoviciana_sdsu2385 0.007239530090  0.004342177296  0.000000000000  0.010490951530  0.008706346255  0.010475280277  0.005744086398  0.008825716943  0.005454245304  0.003469996395  0.000971878048  0.010058756850  0.005210809194  0.003053334914  0.006953114169  0.005979364885  0.004336394078  0.004338409644  0.000986255859  0.005210809194  0.006953114169  0.004389693563  0.010470249037  0.007322233341  0.007177700204  0.007142366068  0.001182123083  0.004338409644  0.006081341377  0.004338409644  
piranga_rubriceps_lsu265 0.012766681659  0.011387736353  0.010490951530  0.000000000000  0.005210920300  0.014004572017  0.012512802045  0.013278367804  0.011865889496  0.012259077053  0.009784256497  0.015631637429  0.012263421951  0.009206393232  0.013130151602  0.011998806058  0.011364239460  0.011377769331  0.010972959725  0.012263421951  0.003469157408  0.011505047066  0.003469350605  0.011916354288  0.007174523899  0.007122290015  0.008318360796  0.011377769331  0.013145640739  0.011377769331  
piranga_leucoptera_lsu7783 0.011812577047  0.009599164185  0.008706346255  0.005210920300  0.000000000000  0.013088087871  0.011543664609  0.012360874398  0.010963387060  0.010466143650  0.008801245580  0.013735290529  0.010472268110  0.009211763929  0.009581148677  0.012025528242  0.009585421217  0.009590794505  0.009940619228  0.010472268110  0.001727308450  0.009703807364  0.005201773959  0.010998047069  0.005361639520  0.007125401755  0.008322858358  0.009590794505  0.011348519740  0.009590794505  
cardinalis_cardinalis_ku25393 0.009074604345  0.009599164185  0.010475280277  0.014004572017  0.013088087871  0.000000000000  0.009605681898  0.004391759080  0.009132618367  0.010475280277  0.005853316607  0.011899078640  0.010481415471  0.005103756279  0.010470249037  0.008004288603  0.009593781488  0.008718566089  0.007944055213  0.010481415471  0.011322984836  0.009712375518  0.014865156917  0.009160981185  0.009878094443  0.008329405281  0.004742004412  0.009599164185  0.011358435642  0.009599164185  
piranga_olivacea_ku2699 0.007777849849  0.005744774516  0.005744086398  0.012512802045  0.011543664609  0.009605681898  0.000000000000  0.007790438896  0.005744774516  0.006706514552  0.004881705132  0.012176196607  0.006708099751  0.004119663978  0.006708099751  0.006282333269  0.005744086398  0.003824027945  0.002208779856  0.005744774516  0.010572193463  0.005744086398  0.013487386420  0.008635255168  0.010951110752  0.008349275624  0.002365527942  0.005744774516  0.006708099751  0.004783419929  
cardinalis_cardinalis_ku21828 0.009994778067  0.007946425936  0.008825716943  0.013278367804  0.012360874398  0.004391759080  0.007790438896  0.000000000000  0.007383052169  0.008825716943  0.004873146739  0.010957874001  0.008829343098  0.004078561118  0.010595708686  0.006976284353  0.007929562602  0.007051170590  0.007932088780  0.008829343098  0.010577029664  0.008028595771  0.014145551607  0.007414956844  0.009855862318  0.008329405281  0.004742004412  0.007939415817  0.009716564112  0.007939415817  
piranga_rubra_ku7046 0.003680737837  0.004547539349  0.005454245304  0.011865889496  0.010963387060  0.009132618367  0.005744774516  0.007383052169  0.000000000000  0.005454245304  0.002919616101  0.010560951297  0.005457263512  0.003055597572  0.005447474681  0.005973411944  0.004537075429  0.004543407056  0.004166870946  0.004543407056  0.009119209722  0.004537075429  0.012807659961  0.007322233341  0.009419873499  0.008349275624  0.002365527942  0.004543407056  0.000905849857  0.003631324238  
piranga_bidentata_hgoslp104 0.007239530090  0.004342177296  0.003469996395  0.012259077053  0.010466143650  0.010475280277  0.006706514552  0.008825716943  0.005454245304  0.000000000000  0.001945770169  0.010058756850  0.005210809194  0.004075286924  0.006953114169  0.005979364885  0.004336394078  0.004338409644  0.002964998830  0.003467626603  0.008706346255  0.004389693563  0.012236711662  0.007322233341  0.008988064146  0.010752596922  0.002367227234  0.002598454091  0.006081341377  0.002598454091  
piranga_ludoviciana_sdsu2648 0.004875693390  0.002919616101  0.000971878048  0.009784256497  0.008801245580  0.005853316607  0.004881705132  0.004873146739  0.002919616101  0.001945770169  0.000000000000  0.009094750862  0.003896637012  0.002052382220  0.005851219399  0.004173074681  0.002918918814  0.002919616101  0.000000000000  0.002919616101  0.007815844483  0.002918918814  0.010772860891  0.005851219399  0.007932088780  0.008342697362  0.000000000000  0.002919616101  0.003896637012  0.001944622212  
piranga_roseogularis_ku2049 0.012258136668  0.009149330298  0.010058756850  0.015631637429  0.013735290529  0.011899078640  0.012176196607  0.010957874001  0.010560951297  0.010058756850  0.009094750862  0.000000000000  0.010064675881  0.009211763929  0.011903617278  0.008990899251  0.009135872511  0.008219069559  0.009934591717  0.010064675881  0.011881856847  0.009254239174  0.015601909246  0.002874100359  0.011881856847  0.011933645002  0.009517483497  0.009140966694  0.010983457127  0.009140966694  
piranga_hepatica_ku4970 0.007244113703  0.002602347747  0.005210809194  0.012263421951  0.010472268110  0.010481415471  0.006708099751  0.008829343098  0.005457263512  0.005210809194  0.003896637012  0.010064675881  0.000000000000  0.002034855947  0.006956250732  0.003981136665  0.002598454091  0.004341513742  0.004948069782  0.005214650328  0.008710971180  0.002630350089  0.012243253822  0.007325712930  0.008992994273  0.010761988162  0.004742004412  0.004341513742  0.006084831265  0.004341513742  
piranga_hepatica_ku9084 0.005103756279  0.001016326613  0.003053334914  0.009206393232  0.009211763929  0.005103756279  0.004119663978  0.004078561118  0.003055597572  0.004075286924  0.002052382220  0.009211763929  0.002034855947  0.000000000000  0.005099466133  0.002064259286  0.001016073895  0.002034855947  0.002182268995  0.003055597572  0.008179609833  0.001016073895  0.010239784946  0.006122077692  0.008179609833  0.008349275624  0.002365527942  0.003055597572  0.004078561118  0.002034855947  
piranga_rubra_sdsu2654 0.005417960296  0.006086629273  0.006953114169  0.013130151602  0.009581148677  0.010470249037  0.006708099751  0.010595708686  0.005447474681  0.006953114169  0.005851219399  0.011903617278  0.006956250732  0.005099466133  0.000000000000  0.006969338508  0.006073670297  0.006081341377  0.003952752292  0.006956250732  0.009581148677  0.006148357140  0.013104787901  0.009165469434  0.009882426586  0.009546102386  0.003551231079  0.006081341377  0.006078944843  0.006081341377  
piranga_flava_lsu15408 0.007989272269  0.002985654645  0.005979364885  0.011998806058  0.012025528242  0.008004288603  0.006282333269  0.006976284353  0.005973411944  0.005979364885  0.004173074681  0.008990899251  0.003981136665  0.002064259286  0.006969338508  0.000000000000  0.002977572021  0.003981136665  0.005254890914  0.004981712954  0.010000266498  0.002977572021  0.013032361172  0.007983695317  0.009990275625  0.009554083528  0.003552263973  0.004981712954  0.006983244058  0.003981136665  
piranga_lutea_lsu5400 0.006328762984  0.001732385444  0.004336394078  0.011364239460  0.009585421217  0.009593781488  0.005744086398  0.007929562602  0.004537075429  0.004336394078  0.002918918814  0.009135872511  0.002598454091  0.001016073895  0.006073670297  0.002977572021  0.000000000000  0.003467626603  0.003952752292  0.004338409644  0.007828912611  0.001750761104  0.011342744597  0.006401374797  0.008074759148  0.009546102386  0.003551231079  0.003467626603  0.005208057836  0.003467626603  
piranga_olivacea_ku4672 0.006332543277  0.003473009242  0.004338409644  0.011377769331  0.009590794505  0.008718566089  0.003824027945  0.007051170590  0.004543407056  0.004338409644  0.002919616101  0.008219069559  0.004341513742  0.002034855947  0.006081341377  0.003981136665  0.003467626603  0.000000000000  0.002962868395  0.004341513742  0.007832791967  0.003510229340  0.011358435642  0.006404033157  0.007181043343  0.008349275624  0.002365527942  0.003469996395  0.005210809194  0.003469996395  
piranga_ludoviciana_sdsu2208 0.005101880491  0.003958334072  0.000986255859  0.010972959725  0.009940619228  0.007944055213  0.002208779856  0.007932088780  0.004166870946  0.002964998830  0.000000000000  0.009934591717  0.004948069782  0.002182268995  0.003952752292  0.005254890914  0.003952752292  0.002962868395  0.000000000000  0.004948069782  0.007936174383  0.003004409624  0.010949941820  0.007356700439  0.007936174383  0.008342697362  0.000000000000  0.003954420823  0.004945446832  0.003954420823  
piranga_bidentata_itm160 0.006332543277  0.004345286794  0.005210809194  0.012263421951  0.010472268110  0.010481415471  0.005744774516  0.008829343098  0.004543407056  0.003467626603  0.002919616101  0.010064675881  0.005214650328  0.003055597572  0.006956250732  0.004981712954  0.004338409644  0.004341513742  0.004948069782  0.000000000000  0.008710971180  0.004391759080  0.012243253822  0.006404033157  0.008992994273  0.009554083528  0.003552263973  0.002600092293  0.006084831265  0.000865100007  
piranga_leucoptera_fmnh481795 0.009976647636  0.007839614999  0.006953114169  0.003469157408  0.001727308450  0.011322984836  0.010572193463  0.010577029664  0.009119209722  0.008706346255  0.007815844483  0.011881856847  0.008710971180  0.008179609833  0.009581148677  0.010000266498  0.007828912611  0.007832791967  0.007936174383  0.008710971180  0.000000000000  0.007925432619  0.003461624769  0.009148698664  0.003568390854  0.005930988609  0.007125401755  0.007832791967  0.009585421217  0.007832791967  
piranga_lutea_ku89864 0.006328762984  0.001753651459  0.004389693563  0.011505047066  0.009703807364  0.009712375518  0.005744086398  0.008028595771  0.004537075429  0.004389693563  0.002918918814  0.009254239174  0.002630350089  0.001016073895  0.006148357140  0.002977572021  0.001750761104  0.003510229340  0.003004409624  0.004391759080  0.007925432619  0.000000000000  0.011483017910  0.006401374797  0.008177476132  0.008349275624  0.002365527942  0.003510229340  0.005272125904  0.003510229340  
piranga_rubriceps_lsu34818 0.013660235327  0.011368368889  0.010470249037  0.003469350605  0.005201773959  0.014865156917  0.013487386420  0.014145551607  0.012807659961  0.012236711662  0.010772860891  0.015601909246  0.012243253822  0.010239784946  0.013104787901  0.013032361172  0.011342744597  0.011358435642  0.010949941820  0.012243253822  0.003461624769  0.011483017910  0.000000000000  0.012860506298  0.007158432045  0.008318360796  0.009517483497  0.011358435642  0.013122439192  0.011358435642  
piranga_roseogularis_ku2141 0.009288623687  0.006409897399  0.007322233341  0.011916354288  0.010998047069  0.009160981185  0.008635255168  0.007414956844  0.007322233341  0.007322233341  0.005851219399  0.002874100359  0.007325712930  0.006122077692  0.009165469434  0.007983695317  0.006401374797  0.006404033157  0.007356700439  0.006404033157  0.009148698664  0.006401374797  0.012860506298  0.000000000000  0.009460282697  0.009523373967  0.007122290015  0.006404033157  0.008244899852  0.005484157490  
piranga_erythrocephala_fmnh343371 0.010179773884  0.008093417295  0.007177700204  0.007174523899  0.005361639520  0.009878094443  0.010951110752  0.009855862318  0.009419873499  0.008988064146  0.007932088780  0.011881856847  0.008992994273  0.008179609833  0.009882426586  0.009990275625  0.008074759148  0.007181043343  0.007936174383  0.008992994273  0.003568390854  0.008177476132  0.007158432045  0.009460282697  0.000000000000  0.001182123083  0.007125401755  0.008086145525  0.009895868115  0.008086145525  
piranga_erythrocephala_fmnh343370 0.009554083528  0.009554083528  0.007142366068  0.007122290015  0.007125401755  0.008329405281  0.008349275624  0.008329405281  0.008349275624  0.010752596922  0.008342697362  0.011933645002  0.010761988162  0.008349275624  0.009546102386  0.009554083528  0.009546102386  0.008349275624  0.008342697362  0.009554083528  0.005930988609  0.008349275624  0.008318360796  0.009523373967  0.001182123083  0.000000000000  0.008484263610  0.009554083528  0.009554083528  0.008349275624  
piranga_ludoviciana_sdsu2650 0.003552263973  0.003552263973  0.001182123083  0.008318360796  0.008322858358  0.004742004412  0.002365527942  0.004742004412  0.002365527942  0.002367227234  0.000000000000  0.009517483497  0.004742004412  0.002365527942  0.003551231079  0.003552263973  0.003551231079  0.002365527942  0.000000000000  0.003552263973  0.007125401755  0.002365527942  0.009517483497  0.007122290015  0.007125401755  0.008484263610  0.000000000000  0.002365527942  0.003552263973  0.002365527942  
piranga_bidentata_tepe59 0.006332543277  0.003473009242  0.004338409644  0.011377769331  0.009590794505  0.009599164185  0.005744774516  0.007939415817  0.004543407056  0.002598454091  0.002919616101  0.009140966694  0.004341513742  0.003055597572  0.006081341377  0.004981712954  0.003467626603  0.003469996395  0.003954420823  0.002600092293  0.007832791967  0.003510229340  0.011358435642  0.006404033157  0.008086145525  0.009554083528  0.002365527942  0.000000000000  0.005210809194  0.001731795473  
piranga_rubra_sdsu2635 0.004518051701  0.005215338592  0.006081341377  0.013145640739  0.011348519740  0.011358435642  0.006708099751  0.009716564112  0.000905849857  0.006081341377  0.003896637012  0.010983457127  0.006084831265  0.004078561118  0.006078944843  0.006983244058  0.005208057836  0.005210809194  0.004945446832  0.006084831265  0.009585421217  0.005272125904  0.013122439192  0.008244899852  0.009895868115  0.009554083528  0.003552263973  0.005210809194  0.000000000000  0.005210809194  
piranga_bidentata_itm141 0.005422737635  0.003473009242  0.004338409644  0.011377769331  0.009590794505  0.009599164185  0.004783419929  0.007939415817  0.003631324238  0.002598454091  0.001944622212  0.009140966694  0.004341513742  0.002034855947  0.006081341377  0.003981136665  0.003467626603  0.003469996395  0.003954420823  0.000865100007  0.007832791967  0.003510229340  0.011358435642  0.005484157490  0.008086145525  0.008349275624  0.002365527942  0.001731795473  0.005210809194  0.000000000000  

