30
piranga_rubra_ku26592 0.000000000000  0.005485834236  0.004566584703  0.006407126895  0.006402618374  0.011923475168  0.005851166854  0.010530219763  0.002163131665  0.004566584703  0.003270749448  0.004664570920  0.004648828268  0.005027739764  0.002736284314  0.006251797050  0.003036815743  0.004563959445  0.003221576737  0.003649369254  0.006407126895  0.005482269436  0.006407126895  0.003649369254  0.005948103639  0.005771369274  0.002543905961  0.005485834236  0.001822181089  0.003649369254  
piranga_flava_ku90809 0.005485834236  0.000000000000  0.002736284314  0.004570560579  0.004566584703  0.009921390834  0.002917659706  0.008603129643  0.002161473766  0.002736284314  0.001088384160  0.002794916798  0.002784942585  0.002508483653  0.004566584703  0.000000000000  0.003036815743  0.002734178907  0.001072048936  0.001822181089  0.004570560579  0.001821004739  0.004570560579  0.001822181089  0.002966253051  0.004326663167  0.002545873297  0.003652407827  0.003649369254  0.001822181089  
piranga_ludoviciana_sdsu2385 0.004566584703  0.002736284314  0.000000000000  0.003652407827  0.003649369254  0.006920197976  0.002917659706  0.005715780121  0.002161473766  0.001822181089  0.001088384160  0.001861182384  0.001854780409  0.002508483653  0.003649369254  0.003117282315  0.000000000000  0.001821004739  0.001072048936  0.000910089262  0.003652407827  0.002734178907  0.003652407827  0.000910089262  0.002966253051  0.002879418343  0.000000000000  0.002736284314  0.002734178907  0.000910089262  
piranga_rubriceps_lsu265 0.006407126895  0.004570560579  0.003652407827  0.000000000000  0.003649369254  0.010926636754  0.004873724203  0.009570066256  0.004333324861  0.003652407827  0.003273763514  0.003730759308  0.003717196739  0.003767800740  0.005485834236  0.004161607868  0.000000000000  0.003649369254  0.003224500749  0.002736284314  0.003652407827  0.004566584703  0.000000000000  0.002736284314  0.002966253051  0.002879418343  0.005107479701  0.004570560579  0.004566584703  0.002736284314  
piranga_leucoptera_lsu7783 0.006402618374  0.004566584703  0.003649369254  0.003649369254  0.000000000000  0.010916914374  0.003894538130  0.009562066646  0.003245976875  0.003649369254  0.002179633623  0.002794916798  0.003715443363  0.003767800740  0.005482269436  0.004161607868  0.003033547404  0.003647679387  0.002146877701  0.002734178907  0.003649369254  0.004563959445  0.003649369254  0.002734178907  0.001975141651  0.002879418343  0.005107479701  0.004566584703  0.004563959445  0.002734178907  
cardinalis_cardinalis_ku25393 0.011923475168  0.009921390834  0.006920197976  0.010926636754  0.010916914374  0.000000000000  0.009564554141  0.002954567674  0.009544935897  0.008918576876  0.007851681259  0.009126597408  0.007918183141  0.010112003556  0.010916914374  0.010472074611  0.009164274333  0.008911095963  0.008278855992  0.007918183141  0.008918576876  0.009912791900  0.010926636754  0.007918183141  0.009738929811  0.011622515325  0.010278678167  0.009921390834  0.009912791900  0.007918183141  
piranga_olivacea_ku2699 0.005851166854  0.002917659706  0.002917659706  0.004873724203  0.003894538130  0.009564554141  0.000000000000  0.009202682738  0.003244907073  0.002917659706  0.002177950326  0.002917659706  0.002974638562  0.003766358470  0.004870733238  0.003288676913  0.003388142517  0.002916795695  0.002145244631  0.001943078081  0.004873724203  0.002916795695  0.004873724203  0.001943078081  0.003956168303  0.005771369274  0.005098229823  0.003894538130  0.003892613150  0.001943078081  
cardinalis_cardinalis_ku21828 0.010530219763  0.008603129643  0.005715780121  0.009570066256  0.009562066646  0.002954567674  0.009202682738  0.000000000000  0.009141372895  0.007638443371  0.007670985924  0.007809958868  0.007632517921  0.010112003556  0.009562066646  0.009412970132  0.007623070878  0.007632517921  0.007931754728  0.006675996990  0.009570066256  0.008596169528  0.009570066256  0.006675996990  0.009363999766  0.011622515325  0.010278678167  0.008603129643  0.008596169528  0.006675996990  
piranga_rubra_ku7046 0.002163131665  0.002161473766  0.002161473766  0.004333324861  0.003245976875  0.009544935897  0.003244907073  0.009141372895  0.000000000000  0.002161473766  0.001154605340  0.002161473766  0.002209473969  0.002563469686  0.001080154792  0.002471288471  0.000000000000  0.002161711433  0.001079800687  0.001079800687  0.004333324861  0.002161711433  0.004333324861  0.001079800687  0.003245976875  0.004321397521  0.002543905961  0.003245976875  0.000000000000  0.001079800687  
piranga_bidentata_hgoslp104 0.004566584703  0.002736284314  0.001822181089  0.003652407827  0.003649369254  0.008918576876  0.002917659706  0.007638443371  0.002161473766  0.000000000000  0.001088384160  0.001861182384  0.001854780409  0.002508483653  0.003649369254  0.003117282315  0.001515626815  0.001821004739  0.001072048936  0.000910089262  0.003652407827  0.002734178907  0.003652407827  0.000910089262  0.002966253051  0.004326663167  0.002545873297  0.000910089262  0.002734178907  0.000910089262  
piranga_ludoviciana_sdsu2648 0.003270749448  0.001088384160  0.001088384160  0.003273763514  0.002179633623  0.007851681259  0.002177950326  0.007670985924  0.001154605340  0.001088384160  0.000000000000  0.001088384160  0.000000000000  0.001252980886  0.002177950326  0.001159026292  0.000000000000  0.001088024639  0.000000000000  0.000000000000  0.003273763514  0.001088024639  0.003273763514  0.000000000000  0.002179633623  0.002879418343  0.000000000000  0.002179633623  0.001088024639  0.000000000000  
piranga_roseogularis_ku2049 0.004664570920  0.002794916798  0.001861182384  0.003730759308  0.002794916798  0.009126597408  0.002917659706  0.007809958868  0.002161473766  0.001861182384  0.001088384160  0.000000000000  0.001895205124  0.002508483653  0.003727588933  0.003133562725  0.000000000000  0.001859955126  0.001072048936  0.000929546589  0.003730759308  0.002792720172  0.003730759308  0.000929546589  0.002966253051  0.004326663167  0.000000000000  0.002794916798  0.002792720172  0.000929546589  
piranga_hepatica_ku4970 0.004648828268  0.002784942585  0.001854780409  0.003717196739  0.003715443363  0.007918183141  0.002974638562  0.007632517921  0.002209473969  0.001854780409  0.000000000000  0.001895205124  0.000000000000  0.001252980886  0.003715443363  0.002075581242  0.000000000000  0.001854955302  0.001095174101  0.000926700843  0.003717196739  0.002784155508  0.003717196739  0.000926700843  0.003023519239  0.002879418343  0.000000000000  0.002784942585  0.002784155508  0.000926700843  
piranga_hepatica_ku9084 0.005027739764  0.002508483653  0.002508483653  0.003767800740  0.003767800740  0.010112003556  0.003766358470  0.010112003556  0.002563469686  0.002508483653  0.001252980886  0.002508483653  0.001252980886  0.000000000000  0.003766358470  0.002508483653  0.000000000000  0.002508803990  0.001268879715  0.001252980886  0.002508483653  0.002508803990  0.003767800740  0.001252980886  0.003767800740  0.002879418343  0.000000000000  0.003767800740  0.002508803990  0.001252980886  
piranga_rubra_sdsu2654 0.002736284314  0.004566584703  0.003649369254  0.005485834236  0.005482269436  0.010916914374  0.004870733238  0.009562066646  0.001080154792  0.003649369254  0.002177950326  0.003727588933  0.003715443363  0.003766358470  0.000000000000  0.005203407410  0.001515626815  0.003647679387  0.002145244631  0.002734178907  0.005485834236  0.004563959445  0.005485834236  0.002734178907  0.004950939440  0.005771369274  0.002543905961  0.004566584703  0.000910089262  0.002734178907  
piranga_flava_lsu15408 0.006251797050  0.000000000000  0.003117282315  0.004161607868  0.004161607868  0.010472074611  0.003288676913  0.009412970132  0.002471288471  0.003117282315  0.001159026292  0.003133562725  0.002075581242  0.002508483653  0.005203407410  0.000000000000  0.003122148647  0.003114549580  0.001224300156  0.002075581242  0.003117282315  0.002074054865  0.004161607868  0.002075581242  0.003350546194  0.004326663167  0.002545873297  0.004161607868  0.004157662691  0.002075581242  
piranga_lutea_lsu5400 0.003036815743  0.003036815743  0.000000000000  0.000000000000  0.003033547404  0.009164274333  0.003388142517  0.007623070878  0.000000000000  0.001515626815  0.000000000000  0.000000000000  0.000000000000  0.000000000000  0.001515626815  0.003122148647  0.000000000000  0.000000000000  0.000000000000  0.000000000000  0.000000000000  0.001515626815  0.000000000000  0.000000000000  0.000000000000  0.000000000000  0.000000000000  0.003036815743  0.001515626815  0.000000000000  
piranga_olivacea_ku4672 0.004563959445  0.002734178907  0.001821004739  0.003649369254  0.003647679387  0.008911095963  0.002916795695  0.007632517921  0.002161711433  0.001821004739  0.001088024639  0.001859955126  0.001854955302  0.002508803990  0.003647679387  0.003114549580  0.000000000000  0.000000000000  0.001071700126  0.000909837887  0.003649369254  0.002733420306  0.003649369254  0.000909837887  0.002963778769  0.004321397521  0.002543905961  0.002734178907  0.002733420306  0.000909837887  
piranga_ludoviciana_sdsu2208 0.003221576737  0.001072048936  0.001072048936  0.003224500749  0.002146877701  0.008278855992  0.002145244631  0.007931754728  0.001079800687  0.001072048936  0.000000000000  0.001072048936  0.001095174101  0.001268879715  0.002145244631  0.001224300156  0.000000000000  0.001071700126  0.000000000000  0.000000000000  0.003224500749  0.001071700126  0.003224500749  0.000000000000  0.002146877701  0.002879418343  0.000000000000  0.002146877701  0.001071700126  0.000000000000  
piranga_bidentata_itm160 0.003649369254  0.001822181089  0.000910089262  0.002736284314  0.002734178907  0.007918183141  0.001943078081  0.006675996990  0.001079800687  0.000910089262  0.000000000000  0.000929546589  0.000926700843  0.001252980886  0.002734178907  0.002075581242  0.000000000000  0.000909837887  0.000000000000  0.000000000000  0.002736284314  0.001821004739  0.002736284314  0.000000000000  0.001975141651  0.002879418343  0.000000000000  0.001822181089  0.001821004739  0.000000000000  
piranga_leucoptera_fmnh481795 0.006407126895  0.004570560579  0.003652407827  0.003652407827  0.003649369254  0.008918576876  0.004873724203  0.009570066256  0.004333324861  0.003652407827  0.003273763514  0.003730759308  0.003717196739  0.002508483653  0.005485834236  0.003117282315  0.000000000000  0.003649369254  0.003224500749  0.002736284314  0.000000000000  0.004566584703  0.003652407827  0.002736284314  0.002966253051  0.001437208926  0.002545873297  0.004570560579  0.004566584703  0.002736284314  
piranga_lutea_ku89864 0.005482269436  0.001821004739  0.002734178907  0.004566584703  0.004563959445  0.009912791900  0.002916795695  0.008596169528  0.002161711433  0.002734178907  0.001088024639  0.002792720172  0.002784155508  0.002508803990  0.004563959445  0.002074054865  0.001515626815  0.002733420306  0.001071700126  0.001821004739  0.004566584703  0.000000000000  0.004566584703  0.001821004739  0.002963778769  0.004321397521  0.000000000000  0.003649369254  0.003647679387  0.001821004739  
piranga_rubriceps_lsu34818 0.006407126895  0.004570560579  0.003652407827  0.000000000000  0.003649369254  0.010926636754  0.004873724203  0.009570066256  0.004333324861  0.003652407827  0.003273763514  0.003730759308  0.003717196739  0.003767800740  0.005485834236  0.004161607868  0.000000000000  0.003649369254  0.003224500749  0.002736284314  0.003652407827  0.004566584703  0.000000000000  0.002736284314  0.002966253051  0.002879418343  0.005107479701  0.004570560579  0.004566584703  0.002736284314  
piranga_roseogularis_ku2141 0.003649369254  0.001822181089  0.000910089262  0.002736284314  0.002734178907  0.007918183141  0.001943078081  0.006675996990  0.001079800687  0.000910089262  0.000000000000  0.000929546589  0.000926700843  0.001252980886  0.002734178907  0.002075581242  0.000000000000  0.000909837887  0.000000000000  0.000000000000  0.002736284314  0.001821004739  0.002736284314  0.000000000000  0.001975141651  0.002879418343  0.000000000000  0.001822181089  0.001821004739  0.000000000000  
piranga_erythrocephala_fmnh343371 0.005948103639  0.002966253051  0.002966253051  0.002966253051  0.001975141651  0.009738929811  0.003956168303  0.009363999766  0.003245976875  0.002966253051  0.002179633623  0.002966253051  0.003023519239  0.003767800740  0.004950939440  0.003350546194  0.000000000000  0.002963778769  0.002146877701  0.001975141651  0.002966253051  0.002963778769  0.002966253051  0.001975141651  0.000000000000  0.000000000000  0.005107479701  0.003959739915  0.003956168303  0.001975141651  
piranga_erythrocephala_fmnh343370 0.005771369274  0.004326663167  0.002879418343  0.002879418343  0.002879418343  0.011622515325  0.005771369274  0.011622515325  0.004321397521  0.004326663167  0.002879418343  0.004326663167  0.002879418343  0.002879418343  0.005771369274  0.004326663167  0.000000000000  0.004321397521  0.002879418343  0.002879418343  0.001437208926  0.004321397521  0.002879418343  0.002879418343  0.000000000000  0.000000000000  0.005107479701  0.005778978686  0.004321397521  0.002879418343  
piranga_ludoviciana_sdsu2650 0.002543905961  0.002545873297  0.000000000000  0.005107479701  0.005107479701  0.010278678167  0.005098229823  0.010278678167  0.002543905961  0.002545873297  0.000000000000  0.000000000000  0.000000000000  0.000000000000  0.002543905961  0.002545873297  0.000000000000  0.002543905961  0.000000000000  0.000000000000  0.002545873297  0.000000000000  0.005107479701  0.000000000000  0.005107479701  0.005107479701  0.000000000000  0.005107479701  0.002543905961  0.000000000000  
piranga_bidentata_tepe59 0.005485834236  0.003652407827  0.002736284314  0.004570560579  0.004566584703  0.009921390834  0.003894538130  0.008603129643  0.003245976875  0.000910089262  0.002179633623  0.002794916798  0.002784942585  0.003767800740  0.004566584703  0.004161607868  0.003036815743  0.002734178907  0.002146877701  0.001822181089  0.004570560579  0.003649369254  0.004570560579  0.001822181089  0.003959739915  0.005778978686  0.005107479701  0.000000000000  0.003649369254  0.001822181089  
piranga_rubra_sdsu2635 0.001822181089  0.003649369254  0.002734178907  0.004566584703  0.004563959445  0.009912791900  0.003892613150  0.008596169528  0.000000000000  0.002734178907  0.001088024639  0.002792720172  0.002784155508  0.002508803990  0.000910089262  0.004157662691  0.001515626815  0.002733420306  0.001071700126  0.001821004739  0.004566584703  0.003647679387  0.004566584703  0.001821004739  0.003956168303  0.004321397521  0.002543905961  0.003649369254  0.000000000000  0.001821004739  
piranga_bidentata_itm141 0.003649369254  0.001822181089  0.000910089262  0.002736284314  0.002734178907  0.007918183141  0.001943078081  0.006675996990  0.001079800687  0.000910089262  0.000000000000  0.000929546589  0.000926700843  0.001252980886  0.002734178907  0.002075581242  0.000000000000  0.000909837887  0.000000000000  0.000000000000  0.002736284314  0.001821004739  0.002736284314  0.000000000000  0.001975141651  0.002879418343  0.000000000000  0.001822181089  0.001821004739  0.000000000000  

