30
cardinalis_cardinalis_ku21828 0.000000000000  0.002504401919  0.011090998072  0.011598248593  0.013633143903  0.013633143903  0.011088898098  0.012108179547  0.007540606961  0.014147071124  0.012613964153  0.012616095177  0.008552288133  0.013120912098  0.011087262627  0.011087262627  0.011087262627  0.009567066485  0.009567066485  0.011596293305  0.008552288133  0.013122430625  0.012105903715  0.014656322511  0.014662698159  0.011596293305  0.011596293305  0.011088898098  0.011088898098  0.011088898098  
cardinalis_cardinalis_ku25393 0.002504401919  0.000000000000  0.013635451603  0.014144440753  0.016186524897  0.016186524897  0.013633143903  0.014656322511  0.010071933215  0.016702626456  0.015163641636  0.015165981454  0.011087262627  0.015672131362  0.013631303848  0.013631303848  0.013631303848  0.012105903715  0.012105903715  0.014142278434  0.011087262627  0.015673854813  0.014653837191  0.017213630581  0.017220440487  0.014142278434  0.014142278434  0.013633143903  0.013633143903  0.013633143903  
piranga_leucoptera_fmnh481795 0.011090998072  0.013635451603  0.000000000000  0.004514461699  0.007034908439  0.007034908439  0.008048455617  0.009063353526  0.004515212644  0.012108179547  0.010580126744  0.010581907228  0.006530411833  0.011086092032  0.009058100748  0.009058100748  0.008046877645  0.006533051884  0.006533051884  0.008553721787  0.005522618508  0.010073394934  0.009061140687  0.011600668785  0.011606902400  0.008553721787  0.008553721787  0.008048455617  0.008048455617  0.008048455617  
piranga_leucoptera_lsu7783 0.011598248593  0.014144440753  0.004514461699  0.000000000000  0.007539805946  0.007539805946  0.008553721787  0.009569135651  0.005018256174  0.012616095177  0.011087262627  0.011088898098  0.007034908439  0.011593778940  0.009564316200  0.009564316200  0.008552288133  0.007037260225  0.007037260225  0.008048455617  0.006026315424  0.010580126744  0.009567066485  0.012108179547  0.012114126766  0.009059389638  0.009059389638  0.008553721787  0.008553721787  0.008553721787  
piranga_rubriceps_lsu265 0.013633143903  0.016186524897  0.007034908439  0.007539805946  0.000000000000  0.000000000000  0.010580126744  0.011598248593  0.007034908439  0.014653837191  0.013120912098  0.013122430625  0.009057274392  0.013119278279  0.011593778940  0.011593778940  0.010070935198  0.009059389638  0.009059389638  0.011087262627  0.008045760668  0.012612299588  0.011596293305  0.014144440753  0.014150169173  0.011087262627  0.011087262627  0.010580126744  0.010580126744  0.010580126744  
piranga_rubriceps_lsu34818 0.013633143903  0.016186524897  0.007034908439  0.007539805946  0.000000000000  0.000000000000  0.010580126744  0.011598248593  0.007034908439  0.014653837191  0.013120912098  0.013122430625  0.009057274392  0.013119278279  0.011593778940  0.011593778940  0.010070935198  0.009059389638  0.009059389638  0.011087262627  0.008045760668  0.012612299588  0.011596293305  0.014144440753  0.014150169173  0.011087262627  0.011087262627  0.010580126744  0.010580126744  0.010580126744  
piranga_roseogularis_ku2049 0.011088898098  0.013633143903  0.008048455617  0.008553721787  0.010580126744  0.010580126744  0.000000000000  0.002002912185  0.004514461699  0.012105903715  0.010578810362  0.010580126744  0.006529780787  0.011085386691  0.009057274392  0.009057274392  0.008045760668  0.006531502322  0.006531502322  0.008552288133  0.005521698241  0.009564316200  0.009059389638  0.011598248593  0.011603553510  0.008552288133  0.008552288133  0.008046877645  0.008046877645  0.008046877645  
piranga_roseogularis_ku2141 0.012108179547  0.014656322511  0.009063353526  0.009569135651  0.011598248593  0.011598248593  0.002002912185  0.000000000000  0.005522618508  0.013126869020  0.011596293305  0.011598248593  0.007540606961  0.012102749467  0.010071933215  0.010071933215  0.009059389638  0.007543590423  0.007543590423  0.009567066485  0.006531502322  0.010580126744  0.010075319982  0.012618692287  0.012625283274  0.009567066485  0.009567066485  0.009061140687  0.009061140687  0.009061140687  
piranga_ludoviciana_sdsu2648 0.007540606961  0.010071933215  0.004515212644  0.005018256174  0.007034908439  0.007034908439  0.004514461699  0.005522618508  0.000000000000  0.007541868577  0.006025539545  0.006026315424  0.002002807743  0.006529609557  0.004514167895  0.004514167895  0.003508697740  0.002003470733  0.002003470733  0.004011672186  0.001000727316  0.005521698241  0.004515212644  0.007037260225  0.007041449881  0.004011672186  0.004011672186  0.003509280257  0.003509280257  0.003509280257  
piranga_ludoviciana_sdsu2650 0.014147071124  0.016702626456  0.012108179547  0.012616095177  0.014653837191  0.014653837191  0.012105903715  0.013126869020  0.007541868577  0.000000000000  0.005523996697  0.005525832439  0.006531502322  0.011087262627  0.009059389638  0.009059389638  0.011088898098  0.009569135651  0.009569135651  0.011598248593  0.008553721787  0.013124416390  0.012108179547  0.014659276292  0.014666587742  0.011598248593  0.011598248593  0.011090998072  0.011090998072  0.011090998072  
piranga_ludoviciana_sdsu2208 0.012613964153  0.015163641636  0.010580126744  0.011087262627  0.013120912098  0.013120912098  0.010578810362  0.011596293305  0.006025539545  0.005523996697  0.000000000000  0.003006559002  0.005017649491  0.009563635826  0.007539805946  0.007539805946  0.009564316200  0.008046877645  0.008046877645  0.010071933215  0.007034908439  0.011594803296  0.010580126744  0.013124416390  0.013129788140  0.010071933215  0.010071933215  0.009565459877  0.009565459877  0.009565459877  
piranga_ludoviciana_sdsu2385 0.012616095177  0.015165981454  0.010581907228  0.011088898098  0.013122430625  0.013122430625  0.010580126744  0.011598248593  0.006026315424  0.005525832439  0.003006559002  0.000000000000  0.005018256174  0.009564316200  0.007540606961  0.007540606961  0.009565459877  0.008048455617  0.008048455617  0.010073394934  0.007035854414  0.011596293305  0.010581907228  0.013126869020  0.013133173379  0.010073394934  0.010073394934  0.009567066485  0.009567066485  0.009567066485  
piranga_bidentata_hgoslp104 0.008552288133  0.011087262627  0.006530411833  0.007034908439  0.009057274392  0.009057274392  0.006529780787  0.007540606961  0.002002807743  0.006531502322  0.005017649491  0.005018256174  0.000000000000  0.005521232948  0.003508571220  0.003508571220  0.005521236264  0.004011672186  0.004011672186  0.006025539545  0.003006288033  0.007539805946  0.006530411833  0.009059389638  0.009063353526  0.006025539545  0.006025539545  0.005521698241  0.005521698241  0.005521698241  
piranga_bidentata_tepe59 0.013120912098  0.015672131362  0.011086092032  0.011593778940  0.013119278279  0.013119278279  0.011085386691  0.012102749467  0.006529609557  0.011087262627  0.009563635826  0.009564316200  0.005521232948  0.000000000000  0.002002807743  0.002002807743  0.010070401260  0.008551316242  0.008551316242  0.010577958457  0.007539465905  0.011594803296  0.010580126744  0.013124416390  0.013129788140  0.010071933215  0.010071933215  0.009565459877  0.009565459877  0.009565459877  
piranga_bidentata_itm141 0.011087262627  0.013631303848  0.009058100748  0.009564316200  0.011593778940  0.011593778940  0.009057274392  0.010071933215  0.004514167895  0.009059389638  0.007539805946  0.007540606961  0.003508571220  0.002002807743  0.000000000000  0.000000000000  0.008045105060  0.006530411833  0.006530411833  0.008551316242  0.005521236264  0.010070935198  0.009058100748  0.011596293305  0.011600668785  0.008551316242  0.008551316242  0.008045760668  0.008045760668  0.008045760668  
piranga_bidentata_itm160 0.011087262627  0.013631303848  0.009058100748  0.009564316200  0.011593778940  0.011593778940  0.009057274392  0.010071933215  0.004514167895  0.009059389638  0.007539805946  0.007540606961  0.003508571220  0.002002807743  0.000000000000  0.000000000000  0.008045105060  0.006530411833  0.006530411833  0.008551316242  0.005521236264  0.010070935198  0.009058100748  0.011596293305  0.011600668785  0.008551316242  0.008551316242  0.008045760668  0.008045760668  0.008045760668  
piranga_hepatica_ku9084 0.011087262627  0.013631303848  0.008046877645  0.008552288133  0.010070935198  0.010070935198  0.008045760668  0.009059389638  0.003508697740  0.011088898098  0.009564316200  0.009565459877  0.005521236264  0.010070401260  0.008045105060  0.008045105060  0.000000000000  0.003509280257  0.003509280257  0.007540606961  0.004514461699  0.009058100748  0.008046877645  0.010581907228  0.010586859012  0.007540606961  0.007540606961  0.007035854414  0.007035854414  0.007035854414  
piranga_erythrocephala_fmnh343371 0.009567066485  0.012105903715  0.006533051884  0.007037260225  0.009059389638  0.009059389638  0.006531502322  0.007543590423  0.002003470733  0.009569135651  0.008046877645  0.008048455617  0.004011672186  0.008551316242  0.006530411833  0.006530411833  0.003509280257  0.000000000000  0.000000000000  0.006027549983  0.003007285215  0.007541868577  0.006533051884  0.009063353526  0.009069163101  0.006027549983  0.006027549983  0.005523996697  0.005523996697  0.005523996697  
piranga_erythrocephala_fmnh343370 0.009567066485  0.012105903715  0.006533051884  0.007037260225  0.009059389638  0.009059389638  0.006531502322  0.007543590423  0.002003470733  0.009569135651  0.008046877645  0.008048455617  0.004011672186  0.008551316242  0.006530411833  0.006530411833  0.003509280257  0.000000000000  0.000000000000  0.006027549983  0.003007285215  0.007541868577  0.006533051884  0.009063353526  0.009069163101  0.006027549983  0.006027549983  0.005523996697  0.005523996697  0.005523996697  
piranga_olivacea_ku2699 0.011596293305  0.014142278434  0.008553721787  0.008048455617  0.011087262627  0.011087262627  0.008552288133  0.009567066485  0.004011672186  0.011598248593  0.010071933215  0.010073394934  0.006025539545  0.010577958457  0.008551316242  0.008551316242  0.007540606961  0.006027549983  0.006027549983  0.000000000000  0.004011233805  0.008551316242  0.007540606961  0.010073394934  0.010077707988  0.007034908439  0.007034908439  0.006530411833  0.006530411833  0.006530411833  
piranga_olivacea_ku4672 0.008552288133  0.011087262627  0.005522618508  0.006026315424  0.008045760668  0.008045760668  0.005521698241  0.006531502322  0.001000727316  0.008553721787  0.007034908439  0.007035854414  0.003006288033  0.007539465905  0.005521236264  0.005521236264  0.004514461699  0.003007285215  0.003007285215  0.004011233805  0.000000000000  0.005521236264  0.004514461699  0.007035854414  0.007039125502  0.004011233805  0.004011233805  0.003508697740  0.003508697740  0.003508697740  
piranga_rubra_sdsu2654 0.013122430625  0.015673854813  0.010073394934  0.010580126744  0.012612299588  0.012612299588  0.009564316200  0.010580126744  0.005521698241  0.013124416390  0.011594803296  0.011596293305  0.007539805946  0.011594803296  0.010070935198  0.010070935198  0.009058100748  0.007541868577  0.007541868577  0.008551316242  0.005521236264  0.000000000000  0.003006288033  0.005521698241  0.005523996697  0.002504441799  0.002504441799  0.002002807743  0.002002807743  0.002002807743  
piranga_flava_ku90809 0.012105903715  0.014653837191  0.009061140687  0.009567066485  0.011596293305  0.011596293305  0.009059389638  0.010075319982  0.004515212644  0.012108179547  0.010580126744  0.010581907228  0.006530411833  0.010580126744  0.009058100748  0.009058100748  0.008046877645  0.006533051884  0.006533051884  0.007540606961  0.004514461699  0.003006288033  0.000000000000  0.002504816898  0.002507009964  0.000500279562  0.000500279562  0.001000727316  0.001000727316  0.001000727316  
piranga_lutea_ku89864 0.014656322511  0.017213630581  0.011600668785  0.012108179547  0.014144440753  0.014144440753  0.011598248593  0.012618692287  0.007037260225  0.014659276292  0.013124416390  0.013126869020  0.009059389638  0.013124416390  0.011596293305  0.011596293305  0.010581907228  0.009063353526  0.009063353526  0.010073394934  0.007035854414  0.005521698241  0.002504816898  0.000000000000  0.003007285215  0.003007285215  0.003007285215  0.003509280257  0.003509280257  0.003509280257  
piranga_lutea_lsu5400 0.014662698159  0.017220440487  0.011606902400  0.012114126766  0.014150169173  0.014150169173  0.011603553510  0.012625283274  0.007041449881  0.014666587742  0.013129788140  0.013133173379  0.009063353526  0.013129788140  0.011600668785  0.011600668785  0.010586859012  0.009069163101  0.009069163101  0.010077707988  0.007039125502  0.005523996697  0.002507009964  0.003007285215  0.000000000000  0.003010101910  0.003010101910  0.003511811817  0.003511811817  0.003511811817  
piranga_flava_lsu15408 0.011596293305  0.014142278434  0.008553721787  0.009059389638  0.011087262627  0.011087262627  0.008552288133  0.009567066485  0.004011672186  0.011598248593  0.010071933215  0.010073394934  0.006025539545  0.010071933215  0.008551316242  0.008551316242  0.007540606961  0.006027549983  0.006027549983  0.007034908439  0.004011233805  0.002504441799  0.000500279562  0.003007285215  0.003010101910  0.000000000000  0.000000000000  0.000500197016  0.000500197016  0.000500197016  
piranga_hepatica_ku4970 0.011596293305  0.014142278434  0.008553721787  0.009059389638  0.011087262627  0.011087262627  0.008552288133  0.009567066485  0.004011672186  0.011598248593  0.010071933215  0.010073394934  0.006025539545  0.010071933215  0.008551316242  0.008551316242  0.007540606961  0.006027549983  0.006027549983  0.007034908439  0.004011233805  0.002504441799  0.000500279562  0.003007285215  0.003010101910  0.000000000000  0.000000000000  0.000500197016  0.000500197016  0.000500197016  
piranga_rubra_ku7046 0.011088898098  0.013633143903  0.008048455617  0.008553721787  0.010580126744  0.010580126744  0.008046877645  0.009061140687  0.003509280257  0.011090998072  0.009565459877  0.009567066485  0.005521698241  0.009565459877  0.008045760668  0.008045760668  0.007035854414  0.005523996697  0.005523996697  0.006530411833  0.003508697740  0.002002807743  0.001000727316  0.003509280257  0.003511811817  0.000500197016  0.000500197016  0.000000000000  0.000000000000  0.000000000000  
piranga_rubra_sdsu2635 0.011088898098  0.013633143903  0.008048455617  0.008553721787  0.010580126744  0.010580126744  0.008046877645  0.009061140687  0.003509280257  0.011090998072  0.009565459877  0.009567066485  0.005521698241  0.009565459877  0.008045760668  0.008045760668  0.007035854414  0.005523996697  0.005523996697  0.006530411833  0.003508697740  0.002002807743  0.001000727316  0.003509280257  0.003511811817  0.000500197016  0.000500197016  0.000000000000  0.000000000000  0.000000000000  
piranga_rubra_ku26592 0.011088898098  0.013633143903  0.008048455617  0.008553721787  0.010580126744  0.010580126744  0.008046877645  0.009061140687  0.003509280257  0.011090998072  0.009565459877  0.009567066485  0.005521698241  0.009565459877  0.008045760668  0.008045760668  0.007035854414  0.005523996697  0.005523996697  0.006530411833  0.003508697740  0.002002807743  0.001000727316  0.003509280257  0.003511811817  0.000500197016  0.000500197016  0.000000000000  0.000000000000  0.000000000000  

