30
cardinalis_cardinalis_ku25393 0.000000000000  0.000500266810  0.000000000000  0.021381789104  0.021902432216  0.026603407246  0.025028415137  0.020342234220  0.020846956287  0.018774883860  0.024469931735  0.019809775343  0.019292044051  0.019292044051  0.019292044051  0.018258293511  0.018258293511  0.020328079000  0.019292044051  0.019292044051  0.025000827013  0.024469931735  0.022392184828  0.022392184828  0.021346621094  0.020833938337  0.022920270729  0.019292044051  0.019292044051  0.021366408476  
cardinalis_cardinalis_ku21828 0.000500266810  0.000000000000  0.000500266810  0.021902432216  0.022423654151  0.027129582599  0.025552824834  0.020861723532  0.021366408476  0.019292044051  0.024992512438  0.020328079000  0.019809775343  0.019809775343  0.019809775343  0.018774883860  0.018774883860  0.020846956287  0.019809775343  0.019809775343  0.025524301766  0.024992512438  0.022912753369  0.022912753369  0.021865730060  0.021352778589  0.023441726443  0.019809775343  0.019809775343  0.021886436843  
piranga_ludoviciana_sdsu2650 0.000000000000  0.000500266810  0.000000000000  0.021381789104  0.021902432216  0.026603407246  0.025028415137  0.020342234220  0.020846956287  0.018774883860  0.024469931735  0.019809775343  0.019292044051  0.019292044051  0.019292044051  0.018258293511  0.018258293511  0.020328079000  0.019292044051  0.019292044051  0.025000827013  0.024469931735  0.022392184828  0.022392184828  0.021346621094  0.020833938337  0.022920270729  0.019292044051  0.019292044051  0.021366408476  
piranga_leucoptera_fmnh481795 0.021381789104  0.021902432216  0.021381789104  0.000000000000  0.002506689304  0.007048961856  0.005529567921  0.007052783681  0.007552832496  0.009587413190  0.014177691948  0.009587413190  0.009077939657  0.009077939657  0.009077939657  0.008060650508  0.008060650508  0.010097440964  0.009077939657  0.009077939657  0.014698421224  0.014177691948  0.012131702778  0.012131702778  0.012126637252  0.010598389733  0.012649715495  0.009077939657  0.009077939657  0.011630861826  
piranga_leucoptera_lsu7783 0.021902432216  0.022423654151  0.021902432216  0.002506689304  0.000000000000  0.007556522713  0.006035485644  0.007560637172  0.008060650508  0.010097440964  0.014691860728  0.010097440964  0.009587413190  0.009587413190  0.009587413190  0.008569019163  0.008569019163  0.010608024186  0.009587413190  0.009587413190  0.015213455479  0.014691860728  0.012643923533  0.012643923533  0.012638560320  0.011108937095  0.013162795174  0.009587413190  0.009587413190  0.012143118678  
piranga_rubriceps_lsu265 0.026603407246  0.027129582599  0.026603407246  0.007048961856  0.007556522713  0.000000000000  0.004517421479  0.012149468332  0.012649715495  0.014705411866  0.019336072976  0.014705411866  0.014190642125  0.014190642125  0.014190642125  0.013162795174  0.013162795174  0.015220747438  0.014190642125  0.014190642125  0.019864802684  0.019336072976  0.017271197156  0.017271197156  0.017263557467  0.015721893059  0.017797147954  0.014190642125  0.014190642125  0.016770161614  
piranga_rubriceps_lsu34818 0.025028415137  0.025552824834  0.025028415137  0.005529567921  0.006035485644  0.004517421479  0.000000000000  0.010613481564  0.011113836906  0.013162795174  0.017780828061  0.013162795174  0.012649715495  0.012649715495  0.012649715495  0.011625237584  0.011625237584  0.013676436973  0.012649715495  0.012649715495  0.018306918244  0.017780828061  0.015721893059  0.015721893059  0.015715161180  0.014177691948  0.016245224475  0.012649715495  0.012649715495  0.015220747438  
piranga_erythrocephala_fmnh343371 0.020342234220  0.020861723532  0.020342234220  0.007052783681  0.007560637172  0.012149468332  0.010613481564  0.000000000000  0.003509969384  0.008569019163  0.013151042975  0.008569019163  0.009077939657  0.008060650508  0.008060650508  0.007045563936  0.007045563936  0.009077939657  0.008060650508  0.008060650508  0.013670046985  0.013151042975  0.011108937095  0.011108937095  0.011104464997  0.009578959915  0.011625237584  0.008060650508  0.008060650508  0.010608024186  
piranga_erythrocephala_fmnh343370 0.020846956287  0.021366408476  0.020846956287  0.007552832496  0.008060650508  0.012649715495  0.011113836906  0.003509969384  0.000000000000  0.009070075049  0.013653455137  0.009070075049  0.009578959915  0.008561741944  0.008561741944  0.007546726243  0.007546726243  0.009578959915  0.008561741944  0.008561741944  0.014171861913  0.013653455137  0.011610932482  0.011610932482  0.011607021200  0.010081062636  0.012126637252  0.008561741944  0.008561741944  0.011108937095  
piranga_rubra_ku7046 0.018774883860  0.019292044051  0.018774883860  0.009587413190  0.010097440964  0.014705411866  0.013162795174  0.008569019163  0.009070075049  0.000000000000  0.009582973391  0.005026853146  0.005532515634  0.004521735457  0.004521735457  0.003513129792  0.003513129792  0.005532515634  0.004521735457  0.004521735457  0.010097440964  0.009582973391  0.007552832496  0.007552832496  0.006536161319  0.006032670425  0.008064633655  0.004521735457  0.004521735457  0.007052783681  
piranga_lutea_ku89864 0.024469931735  0.024992512438  0.024469931735  0.014177691948  0.014691860728  0.019336072976  0.017780828061  0.013151042975  0.013653455137  0.009582973391  0.000000000000  0.009582973391  0.010092706020  0.009073794361  0.009073794361  0.008057092304  0.008057092304  0.010092706020  0.009073794361  0.009073794361  0.014691860728  0.014171861913  0.012126637252  0.012126637252  0.012122000491  0.010594213381  0.012643923533  0.009073794361  0.009073794361  0.011625237584  
piranga_ludoviciana_sdsu2648 0.019809775343  0.020328079000  0.019809775343  0.009587413190  0.010097440964  0.014705411866  0.013162795174  0.008569019163  0.009070075049  0.005026853146  0.009582973391  0.000000000000  0.003513129792  0.002506689304  0.002506689304  0.001502404715  0.001502404715  0.003513129792  0.002506689304  0.002506689304  0.008060650508  0.007549566885  0.005527043110  0.005527043110  0.005524941564  0.004013424822  0.006035485644  0.002506689304  0.002506689304  0.005026853146  
piranga_hepatica_ku9084 0.019292044051  0.019809775343  0.019292044051  0.009077939657  0.009587413190  0.014190642125  0.012649715495  0.009077939657  0.009578959915  0.005532515634  0.010092706020  0.003513129792  0.000000000000  0.003009639482  0.003009639482  0.002004278099  0.002004278099  0.004017161396  0.003009639482  0.003009639482  0.008569019163  0.008057092304  0.006032670425  0.006032670425  0.006030278805  0.004517421479  0.006541949895  0.003009639482  0.003009639482  0.005532515634  
piranga_rubra_sdsu2635 0.019292044051  0.019809775343  0.019292044051  0.009077939657  0.009587413190  0.014190642125  0.012649715495  0.008060650508  0.008561741944  0.004521735457  0.009073794361  0.002506689304  0.003009639482  0.000000000000  0.002004278099  0.001001068001  0.001001068001  0.003009639482  0.002004278099  0.002004278099  0.007552832496  0.007042590285  0.005021960519  0.005021960519  0.005020148423  0.003509969384  0.005529567921  0.002004278099  0.002004278099  0.004521735457  
piranga_flava_lsu15408 0.019292044051  0.019809775343  0.019292044051  0.009077939657  0.009587413190  0.014190642125  0.012649715495  0.008060650508  0.008561741944  0.004521735457  0.009073794361  0.002506689304  0.003009639482  0.002004278099  0.000000000000  0.001001068001  0.001001068001  0.003009639482  0.002004278099  0.002004278099  0.007552832496  0.007042590285  0.005021960519  0.005021960519  0.005020148423  0.003509969384  0.005529567921  0.002004278099  0.002004278099  0.004521735457  
piranga_flava_ku90809 0.018258293511  0.018774883860  0.018258293511  0.008060650508  0.008569019163  0.013162795174  0.011625237584  0.007045563936  0.007546726243  0.003513129792  0.008057092304  0.001502404715  0.002004278099  0.001001068001  0.001001068001  0.000000000000  0.000000000000  0.002004278099  0.001001068001  0.001001068001  0.006538843640  0.006030278805  0.004013424822  0.004013424822  0.004012189762  0.002504677520  0.004519367350  0.001001068001  0.001001068001  0.003513129792  
piranga_hepatica_ku4970 0.018258293511  0.018774883860  0.018258293511  0.008060650508  0.008569019163  0.013162795174  0.011625237584  0.007045563936  0.007546726243  0.003513129792  0.008057092304  0.001502404715  0.002004278099  0.001001068001  0.001001068001  0.000000000000  0.000000000000  0.002004278099  0.001001068001  0.001001068001  0.006538843640  0.006030278805  0.004013424822  0.004013424822  0.004012189762  0.002504677520  0.004519367350  0.001001068001  0.001001068001  0.003513129792  
piranga_rubra_sdsu2654 0.020328079000  0.020846956287  0.020328079000  0.010097440964  0.010608024186  0.015220747438  0.013676436973  0.009077939657  0.009578959915  0.005532515634  0.010092706020  0.003513129792  0.004017161396  0.003009639482  0.003009639482  0.002004278099  0.002004278099  0.000000000000  0.003009639482  0.003009639482  0.008569019163  0.008057092304  0.006032670425  0.006032670425  0.006030278805  0.004517421479  0.006541949895  0.003009639482  0.003009639482  0.005532515634  
piranga_roseogularis_ku2049 0.019292044051  0.019809775343  0.019292044051  0.009077939657  0.009587413190  0.014190642125  0.012649715495  0.008060650508  0.008561741944  0.004521735457  0.009073794361  0.002506689304  0.003009639482  0.002004278099  0.002004278099  0.001001068001  0.001001068001  0.003009639482  0.000000000000  0.000000000000  0.005527043110  0.005020148423  0.003007054002  0.003007054002  0.003006393502  0.001501536644  0.003511338800  0.000000000000  0.000000000000  0.002506689304  
piranga_roseogularis_ku2141 0.019292044051  0.019809775343  0.019292044051  0.009077939657  0.009587413190  0.014190642125  0.012649715495  0.008060650508  0.008561741944  0.004521735457  0.009073794361  0.002506689304  0.003009639482  0.002004278099  0.002004278099  0.001001068001  0.001001068001  0.003009639482  0.000000000000  0.000000000000  0.005527043110  0.005020148423  0.003007054002  0.003007054002  0.003006393502  0.001501536644  0.003511338800  0.000000000000  0.000000000000  0.002506689304  
piranga_ludoviciana_sdsu2385 0.025000827013  0.025524301766  0.025000827013  0.014698421224  0.015213455479  0.019864802684  0.018306918244  0.013670046985  0.014171861913  0.010097440964  0.014691860728  0.008060650508  0.008569019163  0.007552832496  0.007552832496  0.006538843640  0.006538843640  0.008569019163  0.005527043110  0.005527043110  0.000000000000  0.002505472951  0.002506689304  0.002506689304  0.006536161319  0.005021960519  0.009073794361  0.005527043110  0.005527043110  0.008060650508  
piranga_ludoviciana_sdsu2208 0.024469931735  0.024992512438  0.024469931735  0.014177691948  0.014691860728  0.019336072976  0.017780828061  0.013151042975  0.013653455137  0.009582973391  0.014171861913  0.007549566885  0.008057092304  0.007042590285  0.007042590285  0.006030278805  0.006030278805  0.008057092304  0.005020148423  0.005020148423  0.002505472951  0.000000000000  0.002003348144  0.002003348144  0.006028311149  0.004515898211  0.008561741944  0.005020148423  0.005020148423  0.007549566885  
piranga_bidentata_tepe59 0.022392184828  0.022912753369  0.022392184828  0.012131702778  0.012643923533  0.017271197156  0.015721893059  0.011108937095  0.011610932482  0.007552832496  0.012126637252  0.005527043110  0.006032670425  0.005021960519  0.005021960519  0.004013424822  0.004013424822  0.006032670425  0.003007054002  0.003007054002  0.002506689304  0.002003348144  0.000000000000  0.000000000000  0.004012189762  0.002504677520  0.006536161319  0.003007054002  0.003007054002  0.005527043110  
piranga_bidentata_hgoslp104 0.022392184828  0.022912753369  0.022392184828  0.012131702778  0.012643923533  0.017271197156  0.015721893059  0.011108937095  0.011610932482  0.007552832496  0.012126637252  0.005527043110  0.006032670425  0.005021960519  0.005021960519  0.004013424822  0.004013424822  0.006032670425  0.003007054002  0.003007054002  0.002506689304  0.002003348144  0.000000000000  0.000000000000  0.004012189762  0.002504677520  0.006536161319  0.003007054002  0.003007054002  0.005527043110  
piranga_bidentata_itm160 0.021346621094  0.021865730060  0.021346621094  0.012126637252  0.012638560320  0.017263557467  0.015715161180  0.011104464997  0.011607021200  0.006536161319  0.012122000491  0.005524941564  0.006030278805  0.005020148423  0.005020148423  0.004012189762  0.004012189762  0.006030278805  0.003006393502  0.003006393502  0.006536161319  0.006028311149  0.004012189762  0.004012189762  0.000000000000  0.001501760545  0.006533903296  0.003006393502  0.003006393502  0.005524941564  
piranga_olivacea_ku4672 0.020833938337  0.021352778589  0.020833938337  0.010598389733  0.011108937095  0.015721893059  0.014177691948  0.009578959915  0.010081062636  0.006032670425  0.010594213381  0.004013424822  0.004517421479  0.003509969384  0.003509969384  0.002504677520  0.002504677520  0.004517421479  0.001501536644  0.001501536644  0.005021960519  0.004515898211  0.002504677520  0.002504677520  0.001501760545  0.000000000000  0.005020148423  0.001501536644  0.001501536644  0.004013424822  
piranga_olivacea_ku2699 0.022920270729  0.023441726443  0.022920270729  0.012649715495  0.013162795174  0.017797147954  0.016245224475  0.011625237584  0.012126637252  0.008064633655  0.012643923533  0.006035485644  0.006541949895  0.005529567921  0.005529567921  0.004519367350  0.004519367350  0.006541949895  0.003511338800  0.003511338800  0.009073794361  0.008561741944  0.006536161319  0.006536161319  0.006533903296  0.005020148423  0.000000000000  0.003511338800  0.003511338800  0.006035485644  
piranga_bidentata_itm141 0.019292044051  0.019809775343  0.019292044051  0.009077939657  0.009587413190  0.014190642125  0.012649715495  0.008060650508  0.008561741944  0.004521735457  0.009073794361  0.002506689304  0.003009639482  0.002004278099  0.002004278099  0.001001068001  0.001001068001  0.003009639482  0.000000000000  0.000000000000  0.005527043110  0.005020148423  0.003007054002  0.003007054002  0.003006393502  0.001501536644  0.003511338800  0.000000000000  0.000000000000  0.002506689304  
piranga_lutea_lsu5400 0.019292044051  0.019809775343  0.019292044051  0.009077939657  0.009587413190  0.014190642125  0.012649715495  0.008060650508  0.008561741944  0.004521735457  0.009073794361  0.002506689304  0.003009639482  0.002004278099  0.002004278099  0.001001068001  0.001001068001  0.003009639482  0.000000000000  0.000000000000  0.005527043110  0.005020148423  0.003007054002  0.003007054002  0.003006393502  0.001501536644  0.003511338800  0.000000000000  0.000000000000  0.002506689304  
piranga_rubra_ku26592 0.021366408476  0.021886436843  0.021366408476  0.011630861826  0.012143118678  0.016770161614  0.015220747438  0.010608024186  0.011108937095  0.007052783681  0.011625237584  0.005026853146  0.005532515634  0.004521735457  0.004521735457  0.003513129792  0.003513129792  0.005532515634  0.002506689304  0.002506689304  0.008060650508  0.007549566885  0.005527043110  0.005527043110  0.005524941564  0.004013424822  0.006035485644  0.002506689304  0.002506689304  0.000000000000  

