30
cardinalis_cardinalis_ku21828 0.000000000000  0.008047111652  0.036035192423  0.034980920703  0.032889262849  0.032889262849  0.039234656094  0.031827584293  0.032334923029  0.032334923029  0.037103978296  0.031309274328  0.033928232047  0.032334923029  0.032334923029  0.034980920703  0.034980920703  0.041883119436  0.037639285745  0.034980920703  0.034980920703  0.028150431658  0.028150431658  0.028150431658  0.028150431658  0.029205023726  0.028150431658  0.029722088317  0.028161049405  0.028666939801  
cardinalis_cardinalis_ku25393 0.008047111652  0.000000000000  0.032346300945  0.031297644677  0.029216271070  0.029216271070  0.035526971003  0.028161049405  0.028666939801  0.028666939801  0.034473196695  0.028699736020  0.031309274328  0.029722088317  0.029722088317  0.032358123231  0.032358123231  0.039234656094  0.035006430764  0.032358123231  0.032358123231  0.025552759104  0.025552759104  0.025552759104  0.025552759104  0.026603327369  0.025552759104  0.027118626134  0.025563128254  0.026067505660  
piranga_leucoptera_fmnh481795 0.036035192423  0.032346300945  0.000000000000  0.009066778776  0.012114012090  0.012114012090  0.019792723691  0.012107741189  0.012613033556  0.012613033556  0.019280846320  0.013644542673  0.016197599477  0.015683838647  0.015683838647  0.017222206059  0.017222206059  0.023927479458  0.019797970244  0.017222206059  0.017222206059  0.009567171628  0.009567171628  0.009567171628  0.009567171628  0.010584249204  0.009567171628  0.011090855688  0.009569479040  0.010073260558  
piranga_leucoptera_lsu7783 0.034980920703  0.031297644677  0.009066778776  0.000000000000  0.011096802846  0.011096802846  0.018764291810  0.011090855688  0.011595654802  0.011595654802  0.018253080152  0.012625043607  0.014149170423  0.014661545713  0.014661545713  0.016197599477  0.016197599477  0.022892827996  0.018769367937  0.016197599477  0.016197599477  0.008554018721  0.008554018721  0.008554018721  0.008554018721  0.009569479040  0.008554018721  0.010075434780  0.008556167369  0.009059458552  
piranga_rubriceps_lsu265 0.032889262849  0.029216271070  0.012114012090  0.011096802846  0.000000000000  0.000000000000  0.016716661480  0.009063914317  0.009567171628  0.009567171628  0.016206907175  0.010594204759  0.013136632420  0.012625043607  0.012625043607  0.014156952461  0.014156952461  0.020833931363  0.016721830613  0.014156952461  0.014156952461  0.006533902249  0.006533902249  0.006533902249  0.006533902249  0.007546723467  0.006533902249  0.008051250706  0.006536157677  0.007037916258  
piranga_rubriceps_lsu34818 0.032889262849  0.029216271070  0.012114012090  0.011096802846  0.000000000000  0.000000000000  0.016716661480  0.009063914317  0.009567171628  0.009567171628  0.016206907175  0.010594204759  0.013136632420  0.012625043607  0.012625043607  0.014156952461  0.014156952461  0.020833931363  0.016721830613  0.014156952461  0.014156952461  0.006533902249  0.006533902249  0.006533902249  0.006533902249  0.007546723467  0.006533902249  0.008051250706  0.006536157677  0.007037916258  
piranga_erythrocephala_fmnh343370 0.039234656094  0.035526971003  0.019792723691  0.018764291810  0.016716661480  0.016716661480  0.000000000000  0.008558739945  0.016193592312  0.016193592312  0.022385406522  0.017237319872  0.019803651238  0.019286224547  0.019286224547  0.020833931363  0.020833931363  0.027579108948  0.023426505121  0.020833931363  0.020833931363  0.013132691969  0.013132691969  0.013132691969  0.013132691969  0.014156952461  0.013132691969  0.014665519400  0.013136632420  0.013640734016  
piranga_erythrocephala_fmnh343371 0.031827584293  0.028161049405  0.012107741189  0.011090855688  0.009063914317  0.009063914317  0.008558739945  0.000000000000  0.008552294365  0.008552294365  0.015178752803  0.009575368391  0.012114012090  0.011603536656  0.011603536656  0.013132691969  0.013132691969  0.019797970244  0.015692548317  0.013132691969  0.013132691969  0.005523262987  0.005523262987  0.005523262987  0.005523262987  0.006533902249  0.005523262987  0.007037916258  0.005524940219  0.006026765976  
piranga_roseogularis_ku2049 0.032334923029  0.028666939801  0.012613033556  0.011595654802  0.009567171628  0.009567171628  0.016193592312  0.008552294365  0.000000000000  0.000000000000  0.015683838647  0.010078034670  0.012618182386  0.012107741189  0.012107741189  0.013637354141  0.013637354141  0.020305000736  0.016197599477  0.013637354141  0.013637354141  0.006025643391  0.006025643391  0.006025643391  0.006025643391  0.007036215554  0.006025643391  0.007540751730  0.006026765976  0.006529668615  
piranga_roseogularis_ku2141 0.032334923029  0.028666939801  0.012613033556  0.011595654802  0.009567171628  0.009567171628  0.016193592312  0.008552294365  0.000000000000  0.000000000000  0.015683838647  0.010078034670  0.012618182386  0.012107741189  0.012107741189  0.013637354141  0.013637354141  0.020305000736  0.016197599477  0.013637354141  0.013637354141  0.006025643391  0.006025643391  0.006025643391  0.006025643391  0.007036215554  0.006025643391  0.007540751730  0.006026765976  0.006529668615  
piranga_rubra_ku7046 0.037103978296  0.034473196695  0.019280846320  0.018253080152  0.016206907175  0.016206907175  0.022385406522  0.015178752803  0.015683838647  0.015683838647  0.000000000000  0.008558739945  0.011093616096  0.013648779745  0.013648779745  0.015183454187  0.015183454187  0.021872185270  0.017753376198  0.015183454187  0.015183454187  0.010584249204  0.010584249204  0.010584249204  0.010584249204  0.011603536656  0.010584249204  0.012110662945  0.010587142206  0.011090855688  
piranga_olivacea_ku2699 0.031309274328  0.028699736020  0.013644542673  0.012625043607  0.010594204759  0.010594204759  0.017237319872  0.009575368391  0.010078034670  0.010078034670  0.008558739945  0.000000000000  0.005524940219  0.008057082673  0.008057082673  0.009578949600  0.009578949600  0.016212206976  0.012126620206  0.009578949600  0.009578949600  0.005020147722  0.005020147722  0.005020147722  0.005020147722  0.006030276480  0.005020147722  0.006533902249  0.005021957300  0.005523262987  
piranga_olivacea_ku4672 0.033928232047  0.031309274328  0.016197599477  0.014149170423  0.013136632420  0.013136632420  0.019803651238  0.012114012090  0.012618182386  0.012618182386  0.011093616096  0.005524940219  0.000000000000  0.010590460845  0.010590460845  0.012117788258  0.012117788258  0.018774877429  0.014674754820  0.012117788258  0.012117788258  0.007542319171  0.007542319171  0.007542319171  0.007542319171  0.008556167369  0.007542319171  0.009061474121  0.007544309872  0.008047111652  
piranga_ludoviciana_sdsu2385 0.032334923029  0.029722088317  0.015683838647  0.014661545713  0.012625043607  0.012625043607  0.019286224547  0.011603536656  0.012107741189  0.012107741189  0.013648779745  0.008057082673  0.010590460845  0.000000000000  0.000000000000  0.004519361046  0.004519361046  0.011100415573  0.007045552286  0.004519361046  0.004519361046  0.007036215554  0.007036215554  0.007036215554  0.007036215554  0.008048969383  0.007036215554  0.008554018721  0.007037916258  0.007540751730  
piranga_ludoviciana_sdsu2208 0.032334923029  0.029722088317  0.015683838647  0.014661545713  0.012625043607  0.012625043607  0.019286224547  0.011603536656  0.012107741189  0.012107741189  0.013648779745  0.008057082673  0.010590460845  0.000000000000  0.000000000000  0.004519361046  0.004519361046  0.011100415573  0.007045552286  0.004519361046  0.004519361046  0.007036215554  0.007036215554  0.007036215554  0.007036215554  0.008048969383  0.007036215554  0.008554018721  0.007037916258  0.007540751730  
piranga_ludoviciana_sdsu2648 0.034980920703  0.032358123231  0.017222206059  0.016197599477  0.014156952461  0.014156952461  0.020833931363  0.013132691969  0.013637354141  0.013637354141  0.015183454187  0.009578949600  0.012117788258  0.004519361046  0.004519361046  0.000000000000  0.000000000000  0.006532068685  0.002505472152  0.000000000000  0.000000000000  0.008554018721  0.008554018721  0.008554018721  0.008554018721  0.009569479040  0.008554018721  0.010075434780  0.008556167369  0.009059458552  
piranga_ludoviciana_sdsu2650 0.034980920703  0.032358123231  0.017222206059  0.016197599477  0.014156952461  0.014156952461  0.020833931363  0.013132691969  0.013637354141  0.013637354141  0.015183454187  0.009578949600  0.012117788258  0.004519361046  0.004519361046  0.000000000000  0.000000000000  0.006532068685  0.002505472152  0.000000000000  0.000000000000  0.008554018721  0.008554018721  0.008554018721  0.008554018721  0.009569479040  0.008554018721  0.010075434780  0.008556167369  0.009059458552  
piranga_bidentata_tepe59 0.041883119436  0.039234656094  0.023927479458  0.022892827996  0.020833931363  0.020833931363  0.027579108948  0.019797970244  0.020305000736  0.020305000736  0.021872185270  0.016212206976  0.018774877429  0.011100415573  0.011100415573  0.006532068685  0.006532068685  0.000000000000  0.005017243515  0.006532068685  0.006532068685  0.015170639853  0.015170639853  0.015170639853  0.015170639853  0.016197599477  0.015170639853  0.016707617262  0.015174481236  0.015680129976  
piranga_bidentata_hgoslp104 0.037639285745  0.035006430764  0.019797970244  0.018769367937  0.016721830613  0.016721830613  0.023426505121  0.015692548317  0.016197599477  0.016197599477  0.017753376198  0.012126620206  0.014674754820  0.007045552286  0.007045552286  0.002505472152  0.002505472152  0.005017243515  0.000000000000  0.002505472152  0.002505472152  0.011093616096  0.011093616096  0.011093616096  0.011093616096  0.012114012090  0.011093616096  0.012621399132  0.011096802846  0.011600482200  
piranga_bidentata_itm160 0.034980920703  0.032358123231  0.017222206059  0.016197599477  0.014156952461  0.014156952461  0.020833931363  0.013132691969  0.013637354141  0.013637354141  0.015183454187  0.009578949600  0.012117788258  0.004519361046  0.004519361046  0.000000000000  0.000000000000  0.006532068685  0.002505472152  0.000000000000  0.000000000000  0.008554018721  0.008554018721  0.008554018721  0.008554018721  0.009569479040  0.008554018721  0.010075434780  0.008556167369  0.009059458552  
piranga_bidentata_itm141 0.034980920703  0.032358123231  0.017222206059  0.016197599477  0.014156952461  0.014156952461  0.020833931363  0.013132691969  0.013637354141  0.013637354141  0.015183454187  0.009578949600  0.012117788258  0.004519361046  0.004519361046  0.000000000000  0.000000000000  0.006532068685  0.002505472152  0.000000000000  0.000000000000  0.008554018721  0.008554018721  0.008554018721  0.008554018721  0.009569479040  0.008554018721  0.010075434780  0.008556167369  0.009059458552  
piranga_lutea_lsu5400 0.028150431658  0.025552759104  0.009567171628  0.008554018721  0.006533902249  0.006533902249  0.013132691969  0.005523262987  0.006025643391  0.006025643391  0.010584249204  0.005020147722  0.007542319171  0.007036215554  0.007036215554  0.008554018721  0.008554018721  0.015170639853  0.011093616096  0.008554018721  0.008554018721  0.000000000000  0.000000000000  0.000000000000  0.000000000000  0.001001067344  0.000000000000  0.002504300910  0.001000708843  0.001501727906  
piranga_hepatica_ku4970 0.028150431658  0.025552759104  0.009567171628  0.008554018721  0.006533902249  0.006533902249  0.013132691969  0.005523262987  0.006025643391  0.006025643391  0.010584249204  0.005020147722  0.007542319171  0.007036215554  0.007036215554  0.008554018721  0.008554018721  0.015170639853  0.011093616096  0.008554018721  0.008554018721  0.000000000000  0.000000000000  0.000000000000  0.000000000000  0.001001067344  0.000000000000  0.002504300910  0.001000708843  0.001501727906  
piranga_flava_ku90809 0.028150431658  0.025552759104  0.009567171628  0.008554018721  0.006533902249  0.006533902249  0.013132691969  0.005523262987  0.006025643391  0.006025643391  0.010584249204  0.005020147722  0.007542319171  0.007036215554  0.007036215554  0.008554018721  0.008554018721  0.015170639853  0.011093616096  0.008554018721  0.008554018721  0.000000000000  0.000000000000  0.000000000000  0.000000000000  0.001001067344  0.000000000000  0.002504300910  0.001000708843  0.001501727906  
piranga_flava_lsu15408 0.028150431658  0.025552759104  0.009567171628  0.008554018721  0.006533902249  0.006533902249  0.013132691969  0.005523262987  0.006025643391  0.006025643391  0.010584249204  0.005020147722  0.007542319171  0.007036215554  0.007036215554  0.008554018721  0.008554018721  0.015170639853  0.011093616096  0.008554018721  0.008554018721  0.000000000000  0.000000000000  0.000000000000  0.000000000000  0.001001067344  0.000000000000  0.002504300910  0.001000708843  0.001501727906  
piranga_lutea_ku89864 0.029205023726  0.026603327369  0.010584249204  0.009569479040  0.007546723467  0.007546723467  0.014156952461  0.006533902249  0.007036215554  0.007036215554  0.011603536656  0.006030276480  0.008556167369  0.008048969383  0.008048969383  0.009569479040  0.009569479040  0.016197599477  0.012114012090  0.009569479040  0.009569479040  0.001001067344  0.001001067344  0.001001067344  0.001001067344  0.000000000000  0.001001067344  0.003509021142  0.002003347888  0.002504300910  
piranga_hepatica_ku9084 0.028150431658  0.025552759104  0.009567171628  0.008554018721  0.006533902249  0.006533902249  0.013132691969  0.005523262987  0.006025643391  0.006025643391  0.010584249204  0.005020147722  0.007542319171  0.007036215554  0.007036215554  0.008554018721  0.008554018721  0.015170639853  0.011093616096  0.008554018721  0.008554018721  0.000000000000  0.000000000000  0.000000000000  0.000000000000  0.001001067344  0.000000000000  0.002504300910  0.001000708843  0.001501727906  
piranga_rubra_sdsu2635 0.029722088317  0.027118626134  0.011090855688  0.010075434780  0.008051250706  0.008051250706  0.014665519400  0.007037916258  0.007540751730  0.007540751730  0.012110662945  0.006533902249  0.009061474121  0.008554018721  0.008554018721  0.010075434780  0.010075434780  0.016707617262  0.012621399132  0.010075434780  0.010075434780  0.002504300910  0.002504300910  0.002504300910  0.002504300910  0.003509021142  0.002504300910  0.000000000000  0.002504677274  0.003006149474  
piranga_rubra_sdsu2654 0.028161049405  0.025563128254  0.009569479040  0.008556167369  0.006536157677  0.006536157677  0.013136632420  0.005524940219  0.006026765976  0.006026765976  0.010587142206  0.005021957300  0.007544309872  0.007037916258  0.007037916258  0.008556167369  0.008556167369  0.015174481236  0.011096802846  0.008556167369  0.008556167369  0.001000708843  0.001000708843  0.001000708843  0.001000708843  0.002003347888  0.001000708843  0.002504677274  0.000000000000  0.001501535269  
piranga_rubra_ku26592 0.028666939801  0.026067505660  0.010073260558  0.009059458552  0.007037916258  0.007037916258  0.013640734016  0.006026765976  0.006529668615  0.006529668615  0.011090855688  0.005523262987  0.008047111652  0.007540751730  0.007540751730  0.009059458552  0.009059458552  0.015680129976  0.011600482200  0.009059458552  0.009059458552  0.001501727906  0.001501727906  0.001501727906  0.001501727906  0.002504300910  0.001501727906  0.003006149474  0.001501535269  0.000000000000  

