30
piranga_rubra_ku26592 0.000000000000  0.004008694416  0.004004637300  0.014832704212  0.008047038381  0.012107059966  0.005564522616  0.009426457036  0.001408862701  0.002668148294  0.007163858565  0.006467955870  0.002838556967  0.005038867879  0.002665888633  0.000000000000  0.010037051058  0.003482995216  0.004339192658  0.002668148294  0.008123303903  0.005180182040  0.014832704212  0.006690129144  0.010753479780  0.004272438052  0.004766654555  0.005347726278  0.001331926090  0.002668148294  
piranga_flava_ku90809 0.004008694416  0.000000000000  0.005347726278  0.016205866781  0.009403318809  0.013473045626  0.009314459028  0.010789040719  0.002822533063  0.004008694416  0.008611617079  0.008098905171  0.001416847282  0.003352426188  0.004004637300  0.000000000000  0.008588427791  0.001738950777  0.005795749338  0.004008694416  0.009492584239  0.003446977672  0.016205866781  0.008040155836  0.012116835231  0.004272438052  0.004766654555  0.006695183801  0.002668148294  0.004008694416  
piranga_ludoviciana_sdsu2385 0.004004637300  0.005347726278  0.000000000000  0.016195830021  0.009394596396  0.013464078173  0.005564522616  0.010783750755  0.002820004218  0.004004637300  0.008600739335  0.006467075284  0.004260569421  0.005032456083  0.004003202944  0.000000000000  0.011478702827  0.005231958835  0.005788873531  0.004004637300  0.009483694978  0.006915236025  0.016195830021  0.008035921487  0.012107059966  0.004272438052  0.004766654555  0.006690129144  0.002665888633  0.004004637300  
piranga_rubriceps_lsu265 0.014832704212  0.016205866781  0.016195830021  0.000000000000  0.012107059966  0.016195830021  0.020676982374  0.013512357666  0.014250811801  0.014832704212  0.018821384402  0.019631745906  0.014342688623  0.016971898492  0.014824553377  0.008394035374  0.021739501874  0.014063476866  0.016080526672  0.014832704212  0.012222157383  0.015685067058  0.000000000000  0.018940951659  0.012099958788  0.008579517074  0.009559547203  0.016195830021  0.013464078173  0.014832704212  
piranga_leucoptera_lsu7783 0.008047038381  0.009403318809  0.009394596396  0.012107059966  0.000000000000  0.006690129144  0.009304655636  0.004019293055  0.007084113178  0.008047038381  0.011522401635  0.011371270469  0.007133197076  0.008432487949  0.008040155836  0.000000000000  0.014413564493  0.005234413001  0.008724316905  0.008047038381  0.002693299814  0.006920668188  0.012107059966  0.012107059966  0.005347726278  0.004272438052  0.004766654555  0.010753479780  0.006695183801  0.008047038381  
cardinalis_cardinalis_ku25393 0.012107059966  0.013473045626  0.013464078173  0.016195830021  0.006690129144  0.000000000000  0.011180638162  0.005365996700  0.011371849188  0.012107059966  0.015887167222  0.014662827661  0.011445855172  0.011836115347  0.012099958788  0.000000000000  0.018794170196  0.008750953374  0.013124041184  0.012107059966  0.006753383501  0.010412165649  0.016195830021  0.016195830021  0.009388527164  0.004272438052  0.004766654555  0.014832704212  0.010745563615  0.012107059966  
piranga_olivacea_ku2699 0.005564522616  0.009314459028  0.005564522616  0.020676982374  0.009304655636  0.011180638162  0.000000000000  0.013063245780  0.005564522616  0.007435247822  0.010229177551  0.011180638162  0.008113970034  0.010044229759  0.007428974735  0.003134218029  0.016429578288  0.005492757772  0.008032498552  0.005564522616  0.009304655636  0.008127284089  0.020676982374  0.013069877686  0.014967772399  0.008579517074  0.009559547203  0.011188867657  0.005564522616  0.005564522616  
cardinalis_cardinalis_ku21828 0.009426457036  0.010789040719  0.010783750755  0.013512357666  0.004019293055  0.005365996700  0.013063245780  0.000000000000  0.008502839683  0.009426457036  0.011544967036  0.014656319999  0.008592874154  0.011822276407  0.009423024069  0.002785057694  0.015917624068  0.005259476388  0.010172835699  0.009426457036  0.004040948819  0.006951288875  0.013512357666  0.013512357666  0.006714661516  0.004272438052  0.004766654555  0.012148961669  0.008068340365  0.009426457036  
piranga_rubra_ku7046 0.001408862701  0.002822533063  0.002820004218  0.014250811801  0.007084113178  0.011371849188  0.005564522616  0.008502839683  0.000000000000  0.001408862701  0.003027627825  0.004843402322  0.001504229155  0.003352426188  0.001408332609  0.000000000000  0.009123906625  0.001872451060  0.001493000071  0.000000000000  0.005657861209  0.003709073017  0.014250811801  0.005654234967  0.009941661129  0.004272438052  0.004766654555  0.004236502711  0.000000000000  0.000000000000  
piranga_bidentata_hgoslp104 0.002668148294  0.004008694416  0.004004637300  0.014832704212  0.008047038381  0.012107059966  0.007435247822  0.009426457036  0.001408862701  0.000000000000  0.007163858565  0.006467955870  0.002838556967  0.005038867879  0.002665888633  0.002787132447  0.010037051058  0.003482995216  0.004339192658  0.002668148294  0.008123303903  0.005180182040  0.014832704212  0.006690129144  0.010753479780  0.008575759518  0.009588794024  0.005347726278  0.001331926090  0.002668148294  
piranga_ludoviciana_sdsu2648 0.007163858565  0.008611617079  0.008600739335  0.018821384402  0.011522401635  0.015887167222  0.010229177551  0.011544967036  0.003027627825  0.007163858565  0.000000000000  0.008781693432  0.007163858565  0.006835749469  0.007155077058  0.002787132447  0.014434371604  0.006993266740  0.001458167332  0.004283432242  0.010166781029  0.008668497562  0.018821384402  0.011495197460  0.014434371604  0.008575759518  0.000000000000  0.008600739335  0.005721141951  0.004283432242  
piranga_roseogularis_ku2049 0.006467955870  0.008098905171  0.006467075284  0.019631745906  0.011371270469  0.014662827661  0.011180638162  0.014656319999  0.004843402322  0.006467955870  0.008781693432  0.000000000000  0.006975533687  0.008645037473  0.006467075284  0.002785057694  0.015891079804  0.004503321783  0.006915236025  0.004843402322  0.011371270469  0.004442293714  0.019631745906  0.001610844786  0.016321000272  0.008579517074  0.009559547203  0.009730079540  0.004843402322  0.004843402322  
piranga_hepatica_ku4970 0.002838556967  0.001416847282  0.004260569421  0.014342688623  0.007133197076  0.011445855172  0.008113970034  0.008592874154  0.001504229155  0.002838556967  0.007163858565  0.006975533687  0.000000000000  0.001689782220  0.002835999315  0.000000000000  0.007144852438  0.001738950777  0.004370802540  0.002838556967  0.007205152958  0.003446977672  0.014342688623  0.007118765017  0.010008348513  0.004272438052  0.004766654555  0.005690055174  0.001416847282  0.002838556967  
piranga_hepatica_ku9084 0.005038867879  0.003352426188  0.005032456083  0.016971898492  0.008432487949  0.011836115347  0.010044229759  0.011822276407  0.003352426188  0.005038867879  0.006835749469  0.008645037473  0.001689782220  0.000000000000  0.005032456083  0.002787132447  0.010263252618  0.004345767306  0.005047345619  0.003352426188  0.008432487949  0.004295699242  0.016971898492  0.010113785997  0.013554633764  0.008575759518  0.009588794024  0.008420318595  0.003352426188  0.003352426188  
piranga_rubra_sdsu2654 0.002665888633  0.004004637300  0.004003202944  0.014824553377  0.008040155836  0.012099958788  0.007428974735  0.009423024069  0.001408332609  0.002665888633  0.007155077058  0.006467075284  0.002835999315  0.005032456083  0.000000000000  0.002785057694  0.010027109702  0.003483607924  0.004334438625  0.002665888633  0.008116289925  0.005177778618  0.014824553377  0.006687717747  0.010745563615  0.004272438052  0.004766654555  0.005344487646  0.001331452315  0.002665888633  
piranga_flava_lsu15408 0.000000000000  0.000000000000  0.000000000000  0.008394035374  0.000000000000  0.000000000000  0.003134218029  0.002785057694  0.000000000000  0.002787132447  0.002787132447  0.002785057694  0.000000000000  0.002787132447  0.002785057694  0.000000000000  0.005583204635  0.000000000000  0.002787132447  0.000000000000  0.000000000000  0.000000000000  0.008394035374  0.005583204635  0.005583204635  0.004272438052  0.004766654555  0.000000000000  0.000000000000  0.000000000000  
piranga_lutea_lsu5400 0.010037051058  0.008588427791  0.011478702827  0.021739501874  0.014413564493  0.018794170196  0.016429578288  0.015917624068  0.009123906625  0.010037051058  0.014434371604  0.015891079804  0.007144852438  0.010263252618  0.010027109702  0.005583204635  0.000000000000  0.006987719626  0.011778378468  0.010037051058  0.014560486960  0.008660011068  0.021739501874  0.014383952794  0.017336479897  0.004272438052  0.004766654555  0.012935400194  0.008588427791  0.010037051058  
piranga_olivacea_ku4672 0.003482995216  0.001738950777  0.005231958835  0.014063476866  0.005234413001  0.008750953374  0.005492757772  0.005259476388  0.001872451060  0.003482995216  0.006993266740  0.004503321783  0.001738950777  0.004345767306  0.003483607924  0.000000000000  0.006987719626  0.000000000000  0.005394422241  0.003482995216  0.005299135335  0.005231958835  0.014063476866  0.005231958835  0.006987719626  0.004272438052  0.004766654555  0.003482995216  0.001738950777  0.003482995216  
piranga_ludoviciana_sdsu2208 0.004339192658  0.005795749338  0.005788873531  0.016080526672  0.008724316905  0.013124041184  0.008032498552  0.010172835699  0.001493000071  0.004339192658  0.001458167332  0.006915236025  0.004370802540  0.005047345619  0.004334438625  0.002787132447  0.011778378468  0.005394422241  0.000000000000  0.001441353438  0.007257445289  0.007130397655  0.016080526672  0.008705079700  0.011658220272  0.008575759518  0.000000000000  0.007248432720  0.002887739237  0.001441353438  
piranga_bidentata_itm160 0.002668148294  0.004008694416  0.004004637300  0.014832704212  0.008047038381  0.012107059966  0.005564522616  0.009426457036  0.000000000000  0.002668148294  0.004283432242  0.004843402322  0.002838556967  0.003352426188  0.002665888633  0.000000000000  0.010037051058  0.003482995216  0.001441353438  0.000000000000  0.008123303903  0.005180182040  0.014832704212  0.006690129144  0.010753479780  0.004272438052  0.004766654555  0.005347726278  0.001331926090  0.000000000000  
piranga_leucoptera_fmnh481795 0.008123303903  0.009492584239  0.009483694978  0.012222157383  0.002693299814  0.006753383501  0.009304655636  0.004040948819  0.005657861209  0.008123303903  0.010166781029  0.011371270469  0.007205152958  0.008432487949  0.008116289925  0.000000000000  0.014560486960  0.005299135335  0.007257445289  0.008123303903  0.000000000000  0.007005514843  0.012222157383  0.012222157383  0.005398246476  0.004272438052  0.004766654555  0.010855628457  0.006758534523  0.008123303903  
piranga_lutea_ku89864 0.005180182040  0.003446977672  0.006915236025  0.015685067058  0.006920668188  0.010412165649  0.008127284089  0.006951288875  0.003709073017  0.005180182040  0.008668497562  0.004442293714  0.003446977672  0.004295699242  0.005177778618  0.000000000000  0.008660011068  0.005231958835  0.007130397655  0.005180182040  0.007005514843  0.000000000000  0.015685067058  0.006915236025  0.008660011068  0.004272438052  0.004766654555  0.005180182040  0.003446977672  0.005180182040  
piranga_rubriceps_lsu34818 0.014832704212  0.016205866781  0.016195830021  0.000000000000  0.012107059966  0.016195830021  0.020676982374  0.013512357666  0.014250811801  0.014832704212  0.018821384402  0.019631745906  0.014342688623  0.016971898492  0.014824553377  0.008394035374  0.021739501874  0.014063476866  0.016080526672  0.014832704212  0.012222157383  0.015685067058  0.000000000000  0.018940951659  0.012099958788  0.008579517074  0.009559547203  0.016195830021  0.013464078173  0.014832704212  
piranga_roseogularis_ku2141 0.006690129144  0.008040155836  0.008035921487  0.018940951659  0.012107059966  0.016195830021  0.013069877686  0.013512357666  0.005654234967  0.006690129144  0.011495197460  0.001610844786  0.007118765017  0.010113785997  0.006687717747  0.005583204635  0.014383952794  0.005231958835  0.008705079700  0.006690129144  0.012222157383  0.006915236025  0.018940951659  0.000000000000  0.014832704212  0.012909152964  0.014414753088  0.009388527164  0.005344487646  0.006690129144  
piranga_erythrocephala_fmnh343371 0.010753479780  0.012116835231  0.012107059966  0.012099958788  0.005347726278  0.009388527164  0.014967772399  0.006714661516  0.009941661129  0.010753479780  0.014434371604  0.016321000272  0.010008348513  0.013554633764  0.010745563615  0.005583204635  0.017336479897  0.006987719626  0.011658220272  0.010753479780  0.005398246476  0.008660011068  0.012099958788  0.014832704212  0.000000000000  0.000000000000  0.009559547203  0.012107059966  0.009394596396  0.010753479780  
piranga_erythrocephala_fmnh343370 0.004272438052  0.004272438052  0.004272438052  0.008579517074  0.004272438052  0.004272438052  0.008579517074  0.004272438052  0.004272438052  0.008575759518  0.008575759518  0.008579517074  0.004272438052  0.008575759518  0.004272438052  0.004272438052  0.004272438052  0.004272438052  0.008575759518  0.004272438052  0.004272438052  0.004272438052  0.008579517074  0.012909152964  0.000000000000  0.000000000000  0.009559547203  0.004272438052  0.004272438052  0.004272438052  
piranga_ludoviciana_sdsu2650 0.004766654555  0.004766654555  0.004766654555  0.009559547203  0.004766654555  0.004766654555  0.009559547203  0.004766654555  0.004766654555  0.009588794024  0.000000000000  0.009559547203  0.004766654555  0.009588794024  0.004766654555  0.004766654555  0.004766654555  0.004766654555  0.000000000000  0.004766654555  0.004766654555  0.004766654555  0.009559547203  0.014414753088  0.009559547203  0.009559547203  0.000000000000  0.004766654555  0.004766654555  0.004766654555  
piranga_bidentata_tepe59 0.005347726278  0.006695183801  0.006690129144  0.016195830021  0.010753479780  0.014832704212  0.011188867657  0.012148961669  0.004236502711  0.005347726278  0.008600739335  0.009730079540  0.005690055174  0.008420318595  0.005344487646  0.000000000000  0.012935400194  0.003482995216  0.007248432720  0.005347726278  0.010855628457  0.005180182040  0.016195830021  0.009388527164  0.012107059966  0.004272438052  0.004766654555  0.000000000000  0.004004637300  0.005347726278  
piranga_rubra_sdsu2635 0.001331926090  0.002668148294  0.002665888633  0.013464078173  0.006695183801  0.010745563615  0.005564522616  0.008068340365  0.000000000000  0.001331926090  0.005721141951  0.004843402322  0.001416847282  0.003352426188  0.001331452315  0.000000000000  0.008588427791  0.001738950777  0.002887739237  0.001331926090  0.006758534523  0.003446977672  0.013464078173  0.005344487646  0.009394596396  0.004272438052  0.004766654555  0.004004637300  0.000000000000  0.001331926090  
piranga_bidentata_itm141 0.002668148294  0.004008694416  0.004004637300  0.014832704212  0.008047038381  0.012107059966  0.005564522616  0.009426457036  0.000000000000  0.002668148294  0.004283432242  0.004843402322  0.002838556967  0.003352426188  0.002665888633  0.000000000000  0.010037051058  0.003482995216  0.001441353438  0.000000000000  0.008123303903  0.005180182040  0.014832704212  0.006690129144  0.010753479780  0.004272438052  0.004766654555  0.005347726278  0.001331926090  0.000000000000  

