30
cardinalis_cardinalis_ku21828 0.000000000000  0.000000000000  0.021903604789  0.021903604789  0.027086110105  0.028662813963  0.028127112933  0.029706332465  0.015701148667  0.015701148667  0.015701148667  0.016215754419  0.017246582524  0.017762807137  0.017769589210  0.018796883159  0.017756422966  0.018272914117  0.017756422966  0.017756422966  0.023450164307  0.022937119512  0.024503840318  0.024503840318  0.023981045846  0.023981045846  0.019322347589  0.020360247419  0.020360247419  0.019841023980  
cardinalis_cardinalis_ku25393 0.000000000000  0.000000000000  0.021903604789  0.021903604789  0.027086110105  0.028662813963  0.028127112933  0.029706332465  0.015701148667  0.015701148667  0.015701148667  0.016215754419  0.017246582524  0.017762807137  0.017769589210  0.018796883159  0.017756422966  0.018272914117  0.017756422966  0.017756422966  0.023450164307  0.022937119512  0.024503840318  0.024503840318  0.023981045846  0.023981045846  0.019322347589  0.020360247419  0.020360247419  0.019841023980  
piranga_erythrocephala_fmnh343370 0.021903604789  0.021903604789  0.000000000000  0.000000000000  0.012113892121  0.013648088127  0.012621097599  0.014156078336  0.009070856641  0.009070856641  0.009070856641  0.009579628995  0.010598753830  0.011109108495  0.010093214148  0.011109108495  0.011104677583  0.011615292757  0.011104677583  0.011104677583  0.016737131184  0.016228068290  0.017776768814  0.017776768814  0.017259993780  0.017259993780  0.012648988117  0.013675024476  0.013675024476  0.013161738990  
piranga_erythrocephala_fmnh343371 0.021903604789  0.021903604789  0.000000000000  0.000000000000  0.012113892121  0.013648088127  0.012621097599  0.014156078336  0.009070856641  0.009070856641  0.009070856641  0.009579628995  0.010598753830  0.011109108495  0.010093214148  0.011109108495  0.011104677583  0.011615292757  0.011104677583  0.011104677583  0.016737131184  0.016228068290  0.017776768814  0.017776768814  0.017259993780  0.017259993780  0.012648988117  0.013675024476  0.013675024476  0.013161738990  
piranga_leucoptera_fmnh481795 0.027086110105  0.027086110105  0.012113892121  0.012113892121  0.000000000000  0.004016338995  0.008562609545  0.010088927695  0.014156078336  0.014156078336  0.014156078336  0.014668804002  0.015695860135  0.016210192837  0.015187080281  0.016210192837  0.016205028655  0.016719625944  0.016205028655  0.016205028655  0.021880200368  0.021367846200  0.022928758464  0.022928758464  0.022407904275  0.022407904275  0.017762807137  0.018796883159  0.018796883159  0.018279573636  
piranga_leucoptera_lsu7783 0.028662813963  0.028662813963  0.013648088127  0.013648088127  0.004016338995  0.000000000000  0.009579628995  0.011109108495  0.015695860135  0.015695860135  0.015695860135  0.016210192837  0.017240473124  0.017756422966  0.016730898662  0.017756422966  0.017750437070  0.018266653166  0.017750437070  0.017750437070  0.023441924938  0.022928758464  0.024494635638  0.024494635638  0.023972122974  0.023972122974  0.019314736850  0.020352081322  0.020352081322  0.019833135855  
piranga_rubriceps_lsu265 0.028127112933  0.028127112933  0.012621097599  0.012621097599  0.008562609545  0.009579628995  0.000000000000  0.001502289869  0.015177445002  0.015177445002  0.015177445002  0.015690968715  0.016719625944  0.017234761707  0.016210192837  0.017234761707  0.017229448648  0.017744849824  0.017229448648  0.017229448648  0.022913242718  0.022400224939  0.023963602698  0.023963602698  0.023441924938  0.023441924938  0.018789947714  0.019825646812  0.019825646812  0.019307524897  
piranga_rubriceps_lsu34818 0.029706332465  0.029706332465  0.014156078336  0.014156078336  0.010088927695  0.011109108495  0.001502289869  0.000000000000  0.016719625944  0.016719625944  0.016719625944  0.017234761707  0.018266653166  0.018783411131  0.017756422966  0.018783411131  0.018777273784  0.019294298838  0.018777273784  0.018777273784  0.024477435352  0.023963602698  0.025531961089  0.025531961089  0.025008619596  0.025008619596  0.020344314605  0.021383292437  0.021383292437  0.020863529428  
piranga_flava_ku90809 0.015701148667  0.015701148667  0.009070856641  0.009070856641  0.014156078336  0.015695860135  0.015177445002  0.016719625944  0.000000000000  0.000000000000  0.000000000000  0.000500254085  0.001502289869  0.002004073644  0.003007814859  0.004012954487  0.003006251084  0.003508791111  0.003006251084  0.003006251084  0.008556813867  0.008052058765  0.009576002095  0.009576002095  0.009067496637  0.009067496637  0.004518544594  0.005528279498  0.005528279498  0.005023153166  
piranga_flava_lsu15408 0.015701148667  0.015701148667  0.009070856641  0.009070856641  0.014156078336  0.015695860135  0.015177445002  0.016719625944  0.000000000000  0.000000000000  0.000000000000  0.000500254085  0.001502289869  0.002004073644  0.003007814859  0.004012954487  0.003006251084  0.003508791111  0.003006251084  0.003006251084  0.008556813867  0.008052058765  0.009576002095  0.009576002095  0.009067496637  0.009067496637  0.004518544594  0.005528279498  0.005528279498  0.005023153166  
piranga_lutea_ku89864 0.015701148667  0.015701148667  0.009070856641  0.009070856641  0.014156078336  0.015695860135  0.015177445002  0.016719625944  0.000000000000  0.000000000000  0.000000000000  0.000500254085  0.001502289869  0.002004073644  0.003007814859  0.004012954487  0.003006251084  0.003508791111  0.003006251084  0.003006251084  0.008556813867  0.008052058765  0.009576002095  0.009576002095  0.009067496637  0.009067496637  0.004518544594  0.005528279498  0.005528279498  0.005023153166  
piranga_lutea_lsu5400 0.016215754419  0.016215754419  0.009579628995  0.009579628995  0.014668804002  0.016210192837  0.015690968715  0.017234761707  0.000500254085  0.000500254085  0.000500254085  0.000000000000  0.001001017029  0.001502289869  0.003510876496  0.004516784348  0.003508791111  0.004011844660  0.003508791111  0.003508791111  0.009064528549  0.008559515888  0.010085033345  0.010085033345  0.009576002095  0.009576002095  0.005023153166  0.006033924656  0.006033924656  0.005528279498  
piranga_hepatica_ku9084 0.017246582524  0.017246582524  0.010598753830  0.010598753830  0.015695860135  0.017240473124  0.016719625944  0.018266653166  0.001502289869  0.001502289869  0.001502289869  0.001001017029  0.000000000000  0.000500254085  0.004518544594  0.005525993618  0.004515412783  0.005019496533  0.004515412783  0.004515412783  0.010081531471  0.009576002095  0.011104677583  0.011104677583  0.010594591477  0.010594591477  0.006033924656  0.007046775717  0.007046775717  0.006540089706  
piranga_hepatica_ku4970 0.017762807137  0.017762807137  0.011109108495  0.011109108495  0.016210192837  0.017756422966  0.017234761707  0.018783411131  0.002004073644  0.002004073644  0.002004073644  0.001502289869  0.000500254085  0.000000000000  0.005023153166  0.006031375149  0.005019496533  0.005524096967  0.005019496533  0.005019496533  0.010590821881  0.010085033345  0.011615292757  0.011615292757  0.011104677583  0.011104677583  0.006540089706  0.007553983763  0.007553983763  0.007046775717  
piranga_olivacea_ku2699 0.017769589210  0.017769589210  0.010093214148  0.010093214148  0.015187080281  0.016730898662  0.016210192837  0.017756422966  0.003007814859  0.003007814859  0.003007814859  0.003510876496  0.004518544594  0.005023153166  0.000000000000  0.001000693247  0.005021130372  0.005525993618  0.005021130372  0.005021130372  0.010594591477  0.010088927695  0.011619992786  0.011619992786  0.011109108495  0.011109108495  0.006543292788  0.007557717373  0.007557717373  0.007050243790  
piranga_olivacea_ku4672 0.018796883159  0.018796883159  0.011109108495  0.011109108495  0.016210192837  0.017756422966  0.017234761707  0.018783411131  0.004012954487  0.004012954487  0.004012954487  0.004516784348  0.005525993618  0.006031375149  0.001000693247  0.000000000000  0.006029215145  0.006534852132  0.006029215145  0.006029215145  0.011610986051  0.011104677583  0.012638114710  0.012638114710  0.012126438099  0.012126438099  0.007553983763  0.008569970273  0.008569970273  0.008061714922  
piranga_ludoviciana_sdsu2385 0.017756422966  0.017756422966  0.011104677583  0.011104677583  0.016205028655  0.017750437070  0.017229448648  0.018777273784  0.003006251084  0.003006251084  0.003006251084  0.003508791111  0.004515412783  0.005019496533  0.005021130372  0.006029215145  0.000000000000  0.000500254085  0.000000000000  0.000000000000  0.007541172590  0.007036803987  0.008556813867  0.008556813867  0.011100639710  0.011100639710  0.006537276029  0.007550640115  0.007550640115  0.007043697327  
piranga_ludoviciana_sdsu2648 0.018272914117  0.018272914117  0.011615292757  0.011615292757  0.016719625944  0.018266653166  0.017744849824  0.019294298838  0.003508791111  0.003508791111  0.003508791111  0.004011844660  0.005019496533  0.005524096967  0.005525993618  0.006534852132  0.000500254085  0.000000000000  0.000500254085  0.000500254085  0.008047577496  0.007542952661  0.009064528549  0.009064528549  0.011610986051  0.011610986051  0.007043697327  0.008058105468  0.008058105468  0.007550640115  
piranga_ludoviciana_sdsu2208 0.017756422966  0.017756422966  0.011104677583  0.011104677583  0.016205028655  0.017750437070  0.017229448648  0.018777273784  0.003006251084  0.003006251084  0.003006251084  0.003508791111  0.004515412783  0.005019496533  0.005021130372  0.006029215145  0.000000000000  0.000500254085  0.000000000000  0.000000000000  0.007541172590  0.007036803987  0.008556813867  0.008556813867  0.011100639710  0.011100639710  0.006537276029  0.007550640115  0.007550640115  0.007043697327  
piranga_ludoviciana_sdsu2650 0.017756422966  0.017756422966  0.011104677583  0.011104677583  0.016205028655  0.017750437070  0.017229448648  0.018777273784  0.003006251084  0.003006251084  0.003006251084  0.003508791111  0.004515412783  0.005019496533  0.005021130372  0.006029215145  0.000000000000  0.000500254085  0.000000000000  0.000000000000  0.007541172590  0.007036803987  0.008556813867  0.008556813867  0.011100639710  0.011100639710  0.006537276029  0.007550640115  0.007550640115  0.007043697327  
piranga_bidentata_tepe59 0.023450164307  0.023450164307  0.016737131184  0.016737131184  0.021880200368  0.023441924938  0.022913242718  0.024477435352  0.008556813867  0.008556813867  0.008556813867  0.009064528549  0.010081531471  0.010590821881  0.010594591477  0.011610986051  0.007541172590  0.008047577496  0.007541172590  0.007541172590  0.000000000000  0.000500188864  0.002003231156  0.002003231156  0.016730898662  0.016730898662  0.012126438099  0.013150323696  0.013150323696  0.012638114710  
piranga_bidentata_hgoslp104 0.022937119512  0.022937119512  0.016228068290  0.016228068290  0.021367846200  0.022928758464  0.022400224939  0.023963602698  0.008052058765  0.008052058765  0.008052058765  0.008559515888  0.009576002095  0.010085033345  0.010088927695  0.011104677583  0.007036803987  0.007542952661  0.007036803987  0.007036803987  0.000500188864  0.000000000000  0.001502289869  0.001502289869  0.016221713027  0.016221713027  0.011619992786  0.012643354653  0.012643354653  0.012131407804  
piranga_bidentata_itm160 0.024503840318  0.024503840318  0.017776768814  0.017776768814  0.022928758464  0.024494635638  0.023963602698  0.025531961089  0.009576002095  0.009576002095  0.009576002095  0.010085033345  0.011104677583  0.011615292757  0.011619992786  0.012638114710  0.008556813867  0.009064528549  0.008556813867  0.008556813867  0.002003231156  0.001502289869  0.000000000000  0.000000000000  0.017769589210  0.017769589210  0.013155834439  0.014182397271  0.014182397271  0.013668848273  
piranga_bidentata_itm141 0.024503840318  0.024503840318  0.017776768814  0.017776768814  0.022928758464  0.024494635638  0.023963602698  0.025531961089  0.009576002095  0.009576002095  0.009576002095  0.010085033345  0.011104677583  0.011615292757  0.011619992786  0.012638114710  0.008556813867  0.009064528549  0.008556813867  0.008556813867  0.002003231156  0.001502289869  0.000000000000  0.000000000000  0.017769589210  0.017769589210  0.013155834439  0.014182397271  0.014182397271  0.013668848273  
piranga_roseogularis_ku2049 0.023981045846  0.023981045846  0.017259993780  0.017259993780  0.022407904275  0.023972122974  0.023441924938  0.025008619596  0.009067496637  0.009067496637  0.009067496637  0.009576002095  0.010594591477  0.011104677583  0.011109108495  0.012126438099  0.011100639710  0.011610986051  0.011100639710  0.011100639710  0.016730898662  0.016221713027  0.017769589210  0.017769589210  0.000000000000  0.000000000000  0.011619992786  0.012643354653  0.012643354653  0.012131407804  
piranga_roseogularis_ku2141 0.023981045846  0.023981045846  0.017259993780  0.017259993780  0.022407904275  0.023972122974  0.023441924938  0.025008619596  0.009067496637  0.009067496637  0.009067496637  0.009576002095  0.010594591477  0.011104677583  0.011109108495  0.012126438099  0.011100639710  0.011610986051  0.011100639710  0.011100639710  0.016730898662  0.016221713027  0.017769589210  0.017769589210  0.000000000000  0.000000000000  0.011619992786  0.012643354653  0.012643354653  0.012131407804  
piranga_rubra_ku7046 0.019322347589  0.019322347589  0.012648988117  0.012648988117  0.017762807137  0.019314736850  0.018789947714  0.020344314605  0.004518544594  0.004518544594  0.004518544594  0.005023153166  0.006033924656  0.006540089706  0.006543292788  0.007553983763  0.006537276029  0.007043697327  0.006537276029  0.006537276029  0.012126438099  0.011619992786  0.013155834439  0.013155834439  0.011619992786  0.011619992786  0.000000000000  0.001001017029  0.001001017029  0.000500254085  
piranga_rubra_sdsu2635 0.020360247419  0.020360247419  0.013675024476  0.013675024476  0.018796883159  0.020352081322  0.019825646812  0.021383292437  0.005528279498  0.005528279498  0.005528279498  0.006033924656  0.007046775717  0.007553983763  0.007557717373  0.008569970273  0.007550640115  0.008058105468  0.007550640115  0.007550640115  0.013150323696  0.012643354653  0.014182397271  0.014182397271  0.012643354653  0.012643354653  0.001001017029  0.000000000000  0.000000000000  0.000500254085  
piranga_rubra_sdsu2654 0.020360247419  0.020360247419  0.013675024476  0.013675024476  0.018796883159  0.020352081322  0.019825646812  0.021383292437  0.005528279498  0.005528279498  0.005528279498  0.006033924656  0.007046775717  0.007553983763  0.007557717373  0.008569970273  0.007550640115  0.008058105468  0.007550640115  0.007550640115  0.013150323696  0.012643354653  0.014182397271  0.014182397271  0.012643354653  0.012643354653  0.001001017029  0.000000000000  0.000000000000  0.000500254085  
piranga_rubra_ku26592 0.019841023980  0.019841023980  0.013161738990  0.013161738990  0.018279573636  0.019833135855  0.019307524897  0.020863529428  0.005023153166  0.005023153166  0.005023153166  0.005528279498  0.006540089706  0.007046775717  0.007050243790  0.008061714922  0.007043697327  0.007550640115  0.007043697327  0.007043697327  0.012638114710  0.012131407804  0.013668848273  0.013668848273  0.012131407804  0.012131407804  0.000500254085  0.000500254085  0.000500254085  0.000000000000  

