30
piranga_rubra_ku26592 0.000000000000  0.007298118323  0.007953271391  0.019069018329  0.019042303546  0.023185539776  0.006957196967  0.023185539776  0.001023665741  0.010968307480  0.009607609703  0.011236394109  0.009411509365  0.007436121526  0.000988258117  0.007716473621  0.008214529039  0.007959978020  0.008557635181  0.012640362107  0.019036227950  0.006679475468  0.020094601274  0.009956496938  0.015007114669  0.008178059468  0.009020831047  0.011978326624  0.000988258117  0.010849291468  
piranga_flava_ku90809 0.007298118323  0.000000000000  0.005191065066  0.014648830973  0.015695783885  0.016778489658  0.003109963563  0.016778489658  0.006254722381  0.007286925615  0.006464867920  0.008154106176  0.002370337686  0.001477364145  0.008341791320  0.000000000000  0.002427886943  0.004151443411  0.004948782494  0.008829525070  0.015693342201  0.000000000000  0.014648830973  0.008328563601  0.011483602769  0.004888865473  0.005132947471  0.008337243469  0.008341791320  0.008510216413  
piranga_ludoviciana_sdsu2385 0.007953271391  0.005191065066  0.000000000000  0.016999496897  0.016982875992  0.021089058003  0.004949544729  0.021089058003  0.007201744641  0.004951906453  0.001057215035  0.011206895380  0.008216117476  0.007427330944  0.008957364760  0.005487312129  0.008206485015  0.005945925386  0.000000000000  0.006282471029  0.016980160145  0.005554365669  0.018018386035  0.009940760863  0.012957424436  0.008167426116  0.000000000000  0.005948353583  0.008957364760  0.005399875781  
piranga_rubriceps_lsu265 0.019069018329  0.014648830973  0.016999496897  0.000000000000  0.009940760863  0.028302787923  0.015990310160  0.028302787923  0.017643365401  0.020064950720  0.018239889515  0.019361758971  0.016569574697  0.010432535031  0.020094601274  0.013262540883  0.016536475774  0.017007848048  0.015995922243  0.021214386601  0.009936306626  0.013425772579  0.000986308661  0.019030713878  0.013986904711  0.008167426116  0.012930617006  0.021089942089  0.020094601274  0.014963961012  
piranga_leucoptera_lsu7783 0.019042303546  0.015695783885  0.016982875992  0.009940760863  0.000000000000  0.028262152572  0.015972358875  0.028262152572  0.018676525283  0.019031573856  0.018225490965  0.022629044916  0.016544435609  0.008919586627  0.020064950720  0.013248613712  0.015316920555  0.016987006806  0.015975774050  0.020119956071  0.003955379366  0.014539951124  0.010946476713  0.021054175688  0.013962154710  0.009809126686  0.014223381524  0.020052273169  0.020064950720  0.014964267774  
cardinalis_cardinalis_ku25393 0.023185539776  0.016778489658  0.021089058003  0.028302787923  0.028262152572  0.000000000000  0.020074429044  0.000000000000  0.021893409282  0.023171275212  0.021545175848  0.027646704588  0.021398596529  0.013432781843  0.024220618968  0.014385072120  0.020129753262  0.021101314100  0.021015111694  0.025584378022  0.028251489939  0.019111285805  0.029345837883  0.025201551452  0.022072930618  0.014778351572  0.018177136408  0.024205355710  0.024220618968  0.020508358244  
piranga_olivacea_ku2699 0.006957196967  0.003109963563  0.004949544729  0.015990310160  0.015972358875  0.020074429044  0.000000000000  0.020074429044  0.005136643334  0.007943970567  0.005306766889  0.006376761859  0.005858939129  0.004446817032  0.007959978020  0.003287162198  0.007031745132  0.000986308661  0.003648111054  0.009449708128  0.015969187736  0.004441878936  0.014975082536  0.008942193960  0.011954459693  0.003253297347  0.005132947471  0.008946186050  0.007959978020  0.009481225119  
cardinalis_cardinalis_ku21828 0.023185539776  0.016778489658  0.021089058003  0.028302787923  0.028262152572  0.000000000000  0.020074429044  0.000000000000  0.021893409282  0.023171275212  0.021545175848  0.027646704588  0.021398596529  0.013432781843  0.024220618968  0.014385072120  0.020129753262  0.021101314100  0.021015111694  0.025584378022  0.028251489939  0.019111285805  0.029345837883  0.025201551452  0.022072930618  0.014778351572  0.018177136408  0.024205355710  0.024220618968  0.020508358244  
piranga_rubra_ku7046 0.001023665741  0.006254722381  0.007201744641  0.017643365401  0.018676525283  0.021893409282  0.005136643334  0.021893409282  0.000000000000  0.009283487017  0.008520848863  0.009598679069  0.009411509365  0.007436121526  0.002049680354  0.006598668634  0.008576879825  0.006171091036  0.008557635181  0.010929487540  0.017616475178  0.006958349624  0.017643365401  0.008234264400  0.014498401572  0.008178059468  0.009020831047  0.010326653278  0.002049680354  0.009970667712  
piranga_bidentata_hgoslp104 0.010968307480  0.007286925615  0.004951906453  0.020064950720  0.019031573856  0.023171275212  0.007943970567  0.023171275212  0.009283487017  0.000000000000  0.005312405287  0.014469458531  0.010594978168  0.008932866537  0.011978326624  0.007703959920  0.011765353020  0.008946186050  0.004876385372  0.001042622972  0.019028345423  0.008918112654  0.021089942089  0.012964432996  0.015998907190  0.008173840256  0.005139542782  0.000987282426  0.011978326624  0.001345678824  
piranga_ludoviciana_sdsu2648 0.009607609703  0.006464867920  0.001057215035  0.018239889515  0.018225490965  0.021545175848  0.005306766889  0.021545175848  0.008520848863  0.005312405287  0.000000000000  0.011206895380  0.009402132510  0.008927408318  0.010687888578  0.006592733459  0.010205796710  0.006375562642  0.001213767081  0.006766808350  0.017131992476  0.007219421912  0.018239889515  0.009590156074  0.014985871888  0.009818593230  0.001278966559  0.006382344587  0.010687888578  0.005946253463  
piranga_roseogularis_ku2049 0.011236394109  0.008154106176  0.011206895380  0.019361758971  0.022629044916  0.027646704588  0.006376761859  0.027646704588  0.009598679069  0.014469458531  0.011206895380  0.000000000000  0.011966350787  0.011358936326  0.012864635771  0.008154106176  0.011974122656  0.006376761859  0.011732874856  0.016711481566  0.019331921840  0.007295591170  0.019361758971  0.000000000000  0.019382128444  0.010328655235  0.011076796128  0.016104640419  0.012864635771  0.015538022058  
piranga_hepatica_ku4970 0.009411509365  0.002370337686  0.008216117476  0.016569574697  0.016544435609  0.021398596529  0.005858939129  0.021398596529  0.009411509365  0.010594978168  0.009402132510  0.011966350787  0.000000000000  0.000000000000  0.010614503927  0.002370337686  0.002591474347  0.007039995878  0.007424906331  0.011779212307  0.015334989848  0.002448695036  0.016569574697  0.010591301689  0.014177902981  0.006530438096  0.007721110183  0.011787413504  0.010614503927  0.010735243822  
piranga_hepatica_ku9084 0.007436121526  0.001477364145  0.007427330944  0.010432535031  0.008919586627  0.013432781843  0.004446817032  0.013432781843  0.007436121526  0.008932866537  0.008927408318  0.011358936326  0.000000000000  0.000000000000  0.008938301419  0.001477364145  0.001477364145  0.005938971253  0.007550713125  0.010431282471  0.008914849538  0.001477364145  0.010432535031  0.008927408318  0.007436121526  0.006530438096  0.007427330944  0.010438144938  0.008938301419  0.009692533310  
piranga_rubra_sdsu2654 0.000988258117  0.008341791320  0.008957364760  0.020094601274  0.020064950720  0.024220618968  0.007959978020  0.024220618968  0.002049680354  0.011978326624  0.010687888578  0.012864635771  0.010614503927  0.008938301419  0.000000000000  0.008820043226  0.009400449904  0.008965012974  0.009805489494  0.013723465711  0.020057900265  0.007802486756  0.021122541908  0.010964171807  0.016025304963  0.009831774328  0.010324340802  0.012990632362  0.000000000000  0.012221556303  
piranga_flava_lsu15408 0.007716473621  0.000000000000  0.005487312129  0.013262540883  0.013248613712  0.014385072120  0.003287162198  0.014385072120  0.006598668634  0.007703959920  0.006592733459  0.008154106176  0.002370337686  0.001477364145  0.008820043226  0.000000000000  0.002591474347  0.004388274988  0.004948782494  0.009367135972  0.012127993356  0.000000000000  0.013262540883  0.007700894333  0.011033078704  0.004888865473  0.005132947471  0.008814956584  0.008820043226  0.009187883694  
piranga_lutea_lsu5400 0.008214529039  0.002427886943  0.008206485015  0.016536475774  0.015316920555  0.020129753262  0.007031745132  0.020129753262  0.008576879825  0.011765353020  0.010205796710  0.011974122656  0.002591474347  0.001477364145  0.009400449904  0.002591474347  0.000000000000  0.008214529039  0.008297733774  0.012950643508  0.016507608525  0.002331650011  0.017740756761  0.011759688818  0.010578851818  0.008178059468  0.008140125643  0.012958219834  0.009400449904  0.012221556303  
piranga_olivacea_ku4672 0.007959978020  0.004151443411  0.005945925386  0.017007848048  0.016987006806  0.021101314100  0.000986308661  0.021101314100  0.006171091036  0.008946186050  0.006375562642  0.006376761859  0.007039995878  0.005938971253  0.008965012974  0.004388274988  0.008214529039  0.000000000000  0.004870447778  0.010510731790  0.016982875992  0.005559277548  0.015990310160  0.009946593252  0.012964720045  0.004888865473  0.006425156249  0.009950652889  0.008965012974  0.010849291468  
piranga_ludoviciana_sdsu2208 0.008557635181  0.004948782494  0.000000000000  0.015995922243  0.015975774050  0.021015111694  0.003648111054  0.021015111694  0.008557635181  0.004876385372  0.001213767081  0.011732874856  0.007424906331  0.007550713125  0.009805489494  0.004948782494  0.008297733774  0.004870447778  0.000000000000  0.006099714428  0.014722994198  0.005192921766  0.015995922243  0.009785385488  0.013509245207  0.008221143919  0.000000000000  0.006103576818  0.009805489494  0.004913347756  
piranga_bidentata_itm160 0.012640362107  0.008829525070  0.006282471029  0.021214386601  0.020119956071  0.025584378022  0.009449708128  0.025584378022  0.010929487540  0.001042622972  0.006766808350  0.016711481566  0.011779212307  0.010431282471  0.013723465711  0.009367135972  0.012950643508  0.010510731790  0.006099714428  0.000000000000  0.020116342295  0.010040060275  0.022299434916  0.014766368783  0.016912174900  0.009819436562  0.006429131346  0.002086924292  0.013723465711  0.000000000000  
piranga_leucoptera_fmnh481795 0.019036227950  0.015693342201  0.016980160145  0.009936306626  0.003955379366  0.028251489939  0.015969187736  0.028251489939  0.017616475178  0.019028345423  0.017131992476  0.019331921840  0.015334989848  0.008914849538  0.020057900265  0.012127993356  0.016507608525  0.016982875992  0.014722994198  0.020116342295  0.000000000000  0.014536006490  0.010941079616  0.021049011023  0.013956685902  0.009803392218  0.012907987206  0.020048073586  0.020057900265  0.016343340843  
piranga_lutea_ku89864 0.006679475468  0.000000000000  0.005554365669  0.013425772579  0.014539951124  0.019111285805  0.004441878936  0.019111285805  0.006958349624  0.008918112654  0.007219421912  0.007295591170  0.002448695036  0.001477364145  0.007802486756  0.000000000000  0.002331650011  0.005559277548  0.005192921766  0.010040060275  0.014536006490  0.000000000000  0.014562337954  0.008913170796  0.010047380449  0.004888865473  0.005132947471  0.010044505964  0.007802486756  0.009481225119  
piranga_rubriceps_lsu34818 0.020094601274  0.014648830973  0.018018386035  0.000986308661  0.010946476713  0.029345837883  0.014975082536  0.029345837883  0.017643365401  0.021089942089  0.018239889515  0.019361758971  0.016569574697  0.010432535031  0.021122541908  0.013262540883  0.017740756761  0.015990310160  0.015995922243  0.022299434916  0.010941079616  0.014562337954  0.000000000000  0.020053291039  0.015002712690  0.008167426116  0.012930617006  0.022117288424  0.021122541908  0.016343628583  
piranga_roseogularis_ku2141 0.009956496938  0.008328563601  0.009940760863  0.019030713878  0.021054175688  0.025201551452  0.008942193960  0.025201551452  0.008234264400  0.012964432996  0.009590156074  0.000000000000  0.010591301689  0.008927408318  0.010964171807  0.007700894333  0.011759688818  0.009946593252  0.009785385488  0.014766368783  0.021049011023  0.008913170796  0.020053291039  0.000000000000  0.017007848048  0.008167426116  0.009013410493  0.013976093844  0.010964171807  0.013589094166  
piranga_erythrocephala_fmnh343371 0.015007114669  0.011483602769  0.012957424436  0.013986904711  0.013962154710  0.022072930618  0.011954459693  0.022072930618  0.014498401572  0.015998907190  0.014985871888  0.019382128444  0.014177902981  0.007436121526  0.016025304963  0.011033078704  0.010578851818  0.012964720045  0.013509245207  0.016912174900  0.013956685902  0.010047380449  0.015002712690  0.017007848048  0.000000000000  0.000000000000  0.011631661603  0.017016514403  0.016025304963  0.010847033414  
piranga_erythrocephala_fmnh343370 0.008178059468  0.004888865473  0.008167426116  0.008167426116  0.009809126686  0.014778351572  0.003253297347  0.014778351572  0.008178059468  0.008173840256  0.009818593230  0.010328655235  0.006530438096  0.006530438096  0.009831774328  0.004888865473  0.008178059468  0.004888865473  0.008221143919  0.009819436562  0.009803392218  0.004888865473  0.008167426116  0.008167426116  0.000000000000  0.000000000000  0.008167426116  0.009825189925  0.009831774328  0.009819436562  
piranga_ludoviciana_sdsu2650 0.009020831047  0.005132947471  0.000000000000  0.012930617006  0.014223381524  0.018177136408  0.005132947471  0.018177136408  0.009020831047  0.005139542782  0.001278966559  0.011076796128  0.007721110183  0.007427330944  0.010324340802  0.005132947471  0.008140125643  0.006425156249  0.000000000000  0.006429131346  0.012907987206  0.005132947471  0.012930617006  0.009013410493  0.011631661603  0.008167426116  0.000000000000  0.006433423525  0.010324340802  0.004803214499  
piranga_bidentata_tepe59 0.011978326624  0.008337243469  0.005948353583  0.021089942089  0.020052273169  0.024205355710  0.008946186050  0.024205355710  0.010326653278  0.000987282426  0.006382344587  0.016104640419  0.011787413504  0.010438144938  0.012990632362  0.008814956584  0.012958219834  0.009950652889  0.006103576818  0.002086924292  0.020048073586  0.010044505964  0.022117288424  0.013976093844  0.017016514403  0.009825189925  0.006433423525  0.000000000000  0.012990632362  0.002694154821  
piranga_rubra_sdsu2635 0.000988258117  0.008341791320  0.008957364760  0.020094601274  0.020064950720  0.024220618968  0.007959978020  0.024220618968  0.002049680354  0.011978326624  0.010687888578  0.012864635771  0.010614503927  0.008938301419  0.000000000000  0.008820043226  0.009400449904  0.008965012974  0.009805489494  0.013723465711  0.020057900265  0.007802486756  0.021122541908  0.010964171807  0.016025304963  0.009831774328  0.010324340802  0.012990632362  0.000000000000  0.012221556303  
piranga_bidentata_itm141 0.010849291468  0.008510216413  0.005399875781  0.014963961012  0.014964267774  0.020508358244  0.009481225119  0.020508358244  0.009970667712  0.001345678824  0.005946253463  0.015538022058  0.010735243822  0.009692533310  0.012221556303  0.009187883694  0.012221556303  0.010849291468  0.004913347756  0.000000000000  0.016343340843  0.009481225119  0.016343628583  0.013589094166  0.010847033414  0.009819436562  0.004803214499  0.002694154821  0.012221556303  0.000000000000  

