30
piranga_rubra_ku26592 0.000000000000  0.013554273388  0.009893986542  0.018147072500  0.020900489605  0.031175572510  0.010621066200  0.029555259101  0.006636956024  0.011705045486  0.010818262011  0.022429359445  0.011733742018  0.011148282689  0.008088710776  0.009328467388  0.012176919095  0.009956677652  0.007748392804  0.010798790594  0.019123830087  0.014485785181  0.019073538290  0.019308819178  0.022752280555  0.023246572599  0.010210699481  0.012617288393  0.007182687522  0.013531416953  
piranga_flava_ku90809 0.013554273388  0.000000000000  0.008988507167  0.017227432548  0.019972839166  0.032125129301  0.008475238807  0.030508166855  0.013347774667  0.010784624001  0.009899597535  0.021411507395  0.003576309430  0.003152927314  0.016274588248  0.002051835468  0.003709742845  0.009045422467  0.009687419118  0.009881810328  0.019125658617  0.002679517070  0.018152723267  0.017421860834  0.021800928028  0.023179208006  0.010176063425  0.011694898262  0.013521087092  0.012607050039  
piranga_ludoviciana_sdsu2385 0.009893986542  0.008988507167  0.000000000000  0.011723160170  0.016270935674  0.026471837855  0.006335599229  0.024823956925  0.011088192599  0.003572507104  0.002682603364  0.017454362996  0.006283284766  0.009514442591  0.012611598123  0.007224610412  0.005585541426  0.003598832999  0.000000000000  0.002677814344  0.013586942416  0.009003691932  0.012637769050  0.014632427810  0.016277486348  0.018787121332  0.003376490308  0.004469597729  0.009880631500  0.005368511823  
piranga_rubriceps_lsu265 0.018147072500  0.017227432548  0.011723160170  0.000000000000  0.013521928141  0.029270072739  0.012756636877  0.025768848002  0.020150583222  0.009899597535  0.010837512146  0.024395520227  0.014485785181  0.019210477587  0.020901522372  0.015619039773  0.013135824665  0.011797636486  0.011695518552  0.012629797745  0.010837803775  0.017255061586  0.000892164913  0.021160048482  0.011709939668  0.011489170507  0.013677353601  0.010810438923  0.018121302959  0.013554273388  
piranga_leucoptera_lsu7783 0.020900489605  0.019972839166  0.016270935674  0.013521928141  0.000000000000  0.033942348689  0.017059042796  0.032344146097  0.022407159549  0.016261320129  0.017216037980  0.024369468005  0.018137738741  0.017578706148  0.023663690103  0.018773320127  0.018829450395  0.016374555206  0.015615862084  0.017184892683  0.008053099857  0.020920537093  0.014436366612  0.022074225043  0.019935660812  0.023191336415  0.017085216212  0.017179868671  0.020873261238  0.019947017286  
cardinalis_cardinalis_ku25393 0.031175572510  0.032125129301  0.026471837855  0.029270072739  0.033942348689  0.000000000000  0.032436595281  0.005419483455  0.036295475870  0.028327715436  0.027449169898  0.038499890079  0.029324787514  0.034064370064  0.032081097849  0.031649280117  0.028506118829  0.026642114131  0.023638794425  0.027399019132  0.030300584975  0.032171755990  0.030214442385  0.034409057490  0.032057758961  0.035165012696  0.029396305035  0.029270072739  0.031134375073  0.030214442385  
piranga_olivacea_ku2699 0.010621066200  0.008475238807  0.006335599229  0.012756636877  0.017059042796  0.032436595281  0.000000000000  0.031318959358  0.011107886041  0.008456837089  0.007395222171  0.018155244062  0.007414754747  0.007934786748  0.013831182786  0.007972102837  0.008467534378  0.004213892400  0.001930087029  0.007395222171  0.017140741395  0.007414754747  0.013835886228  0.015991666877  0.020316375587  0.020282273578  0.008493822771  0.009524511818  0.009530152200  0.008456837089  
cardinalis_cardinalis_ku21828 0.029555259101  0.030508166855  0.024823956925  0.025768848002  0.032344146097  0.005419483455  0.031318959358  0.000000000000  0.035119162717  0.024823956925  0.023935985213  0.036451120157  0.027690249732  0.032384588759  0.030468487297  0.030559653737  0.027791322570  0.024846805733  0.023613381730  0.025757459673  0.028672930651  0.030552094515  0.026715762269  0.032790101083  0.028567215170  0.032154506423  0.024120064383  0.025768848002  0.029516829489  0.026715762269  
piranga_rubra_ku7046 0.006636956024  0.013347774667  0.011088192599  0.020150583222  0.022407159549  0.036295475870  0.011107886041  0.035119162717  0.000000000000  0.013323709212  0.012204845729  0.022417918273  0.012233825620  0.009523475222  0.008861479492  0.010445037756  0.013338011813  0.011100501555  0.005799189503  0.012204845729  0.021367518622  0.012233825620  0.021296198969  0.020138741680  0.025846919479  0.021730409092  0.010193352029  0.014450520059  0.009973740329  0.013323709212  
piranga_bidentata_hgoslp104 0.011705045486  0.010784624001  0.003572507104  0.009899597535  0.016261320129  0.028327715436  0.008456837089  0.024823956925  0.013323709212  0.000000000000  0.002680206715  0.019399671368  0.008076269438  0.012712428038  0.014415301597  0.009288587141  0.007445510195  0.005402348470  0.005785273226  0.004464632630  0.013575062962  0.010800708445  0.010810438923  0.016464428233  0.016262778596  0.018760007533  0.005064877955  0.002674845502  0.011680271749  0.005363712587  
piranga_ludoviciana_sdsu2648 0.010818262011  0.009899597535  0.002682603364  0.010837512146  0.017216037980  0.027449169898  0.007395222171  0.023935985213  0.012204845729  0.002680206715  0.000000000000  0.018453490580  0.007189142328  0.011111171249  0.013531416953  0.008251925162  0.006512158753  0.004507984430  0.001922665197  0.003575700668  0.014526144003  0.009915274774  0.011752693570  0.015540990610  0.015379263907  0.017300124448  0.003374184027  0.003577043116  0.010794680470  0.004475701952  
piranga_roseogularis_ku2049 0.022429359445  0.021411507395  0.017454362996  0.024395520227  0.024369468005  0.038499890079  0.018155244062  0.036451120157  0.022417918273  0.019399671368  0.018453490580  0.000000000000  0.019442684309  0.017564495678  0.023372838905  0.018923283734  0.019216391914  0.017471306213  0.013618896294  0.018417711266  0.023470246414  0.020436408067  0.025397679408  0.003882584409  0.026336807233  0.026121492772  0.015317409534  0.020389621780  0.020406224168  0.020389621780  
piranga_hepatica_ku4970 0.011733742018  0.003576309430  0.006283284766  0.014485785181  0.018137738741  0.029324787514  0.007414754747  0.027690249732  0.012233825620  0.008076269438  0.007189142328  0.019442684309  0.000000000000  0.001577009772  0.014450056757  0.002053942648  0.001854019692  0.006323014740  0.005807192642  0.007176244297  0.016368150016  0.004474924046  0.015406951870  0.016503227152  0.019046102075  0.021741279764  0.006776933287  0.008982552152  0.011705429082  0.009890695934  
piranga_hepatica_ku9084 0.011148282689  0.003152927314  0.009514442591  0.019210477587  0.017578706148  0.034064370064  0.007934786748  0.032384588759  0.009523475222  0.012712428038  0.011111171249  0.017564495678  0.001577009772  0.000000000000  0.014362342102  0.003152927314  0.004735156814  0.006332529584  0.008975523404  0.007915601575  0.017578706148  0.001577009772  0.019210477587  0.015941217601  0.025728549876  0.022644575183  0.010187053475  0.012712428038  0.011119084944  0.009508959092  
piranga_rubra_sdsu2654 0.008088710776  0.016274588248  0.012611598123  0.020901522372  0.023663690103  0.032081097849  0.013831182786  0.030468487297  0.008861479492  0.014415301597  0.013531416953  0.023372838905  0.014450056757  0.014362342102  0.000000000000  0.012444812911  0.014996678235  0.012691633383  0.005788000812  0.013507046268  0.021890099233  0.017211824639  0.021832159882  0.020182863324  0.021773784588  0.023179208006  0.011893710489  0.015330750027  0.008069028414  0.016248097401  
piranga_flava_lsu15408 0.009328467388  0.002051835468  0.007224610412  0.015619039773  0.018773320127  0.031649280117  0.007972102837  0.030559653737  0.010445037756  0.009288587141  0.008251925162  0.018923283734  0.002053942648  0.003152927314  0.012444812911  0.000000000000  0.003079082324  0.006191759172  0.007733412105  0.008251925162  0.018783597442  0.003084502356  0.016679725572  0.016651169460  0.021941568186  0.021698970031  0.010176063425  0.010332043304  0.008257759836  0.010332043304  
piranga_lutea_lsu5400 0.012176919095  0.003709742845  0.005585541426  0.013135824665  0.018829450395  0.028506118829  0.008467534378  0.027791322570  0.013338011813  0.007445510195  0.006512158753  0.019216391914  0.001854019692  0.004735156814  0.014996678235  0.003079082324  0.000000000000  0.005622178647  0.005795973037  0.006512158753  0.016040759665  0.003715844834  0.014089020560  0.016912611897  0.018820540923  0.021709808858  0.008472628427  0.008384768670  0.011202034229  0.008384768670  
piranga_olivacea_ku4672 0.009956677652  0.009045422467  0.003598832999  0.011797636486  0.016374555206  0.026642114131  0.004213892400  0.024846805733  0.011100501555  0.005402348470  0.004507984430  0.017471306213  0.006323014740  0.006332529584  0.012691633383  0.006191759172  0.005622178647  0.000000000000  0.000000000000  0.004499870230  0.013673646809  0.009060800375  0.012718138665  0.014726710285  0.016381190303  0.015875446010  0.003382200308  0.006308808893  0.009943152683  0.007217131116  
piranga_ludoviciana_sdsu2208 0.007748392804  0.009687419118  0.000000000000  0.011695518552  0.015615862084  0.023638794425  0.001930087029  0.023613381730  0.005799189503  0.005785273226  0.001922665197  0.013618896294  0.005807192642  0.008975523404  0.005788000812  0.007733412105  0.005795973037  0.000000000000  0.000000000000  0.000000000000  0.013674750760  0.005807192642  0.013674750760  0.011659175987  0.017567363760  0.008399211850  0.002319587091  0.005785273226  0.005785273226  0.003851109946  
piranga_bidentata_itm160 0.010798790594  0.009881810328  0.002677814344  0.012629797745  0.017184892683  0.027399019132  0.007395222171  0.025757459673  0.012204845729  0.004464632630  0.003575700668  0.018417711266  0.007176244297  0.007915601575  0.013507046268  0.008251925162  0.006512158753  0.004499870230  0.000000000000  0.000000000000  0.014499813881  0.009897431184  0.013545508786  0.015540990610  0.017175540336  0.017292452587  0.003370799556  0.003569104754  0.010775293859  0.006261147121  
piranga_leucoptera_fmnh481795 0.019123830087  0.019125658617  0.013586942416  0.010837803775  0.008053099857  0.030300584975  0.017140741395  0.028672930651  0.021367518622  0.013575062962  0.014526144003  0.023470246414  0.016368150016  0.017578706148  0.021890099233  0.018783597442  0.016040759665  0.013673646809  0.013674750760  0.014499813881  0.000000000000  0.019154484191  0.011752285768  0.021219946784  0.017247296385  0.020247130493  0.010203725590  0.014493655418  0.019098572586  0.017260936877  
piranga_lutea_ku89864 0.014485785181  0.002679517070  0.009003691932  0.017255061586  0.020920537093  0.032171755990  0.007414754747  0.030552094515  0.012233825620  0.010800708445  0.009915274774  0.020436408067  0.004474924046  0.001577009772  0.017211824639  0.003084502356  0.003715844834  0.009060800375  0.005807192642  0.009897431184  0.019154484191  0.000000000000  0.018182020751  0.018374456504  0.021832159882  0.020261733823  0.006776933287  0.011712597391  0.014450056757  0.012626370526  
piranga_rubriceps_lsu34818 0.019073538290  0.018152723267  0.012637769050  0.000892164913  0.014436366612  0.030214442385  0.013835886228  0.026715762269  0.021296198969  0.010810438923  0.011752693570  0.025397679408  0.015406951870  0.019210477587  0.021832159882  0.016679725572  0.014089020560  0.012718138665  0.013674750760  0.013545508786  0.011752285768  0.018182020751  0.000000000000  0.022102131598  0.012622969871  0.012943589198  0.015417153225  0.011723160170  0.019046102075  0.014472681057  
piranga_roseogularis_ku2141 0.019308819178  0.017421860834  0.014632427810  0.021160048482  0.022074225043  0.034409057490  0.015991666877  0.032790101083  0.020138741680  0.016464428233  0.015540990610  0.003882584409  0.016503227152  0.015941217601  0.020182863324  0.016651169460  0.016912611897  0.014726710285  0.011659175987  0.015540990610  0.021219946784  0.018374456504  0.022102131598  0.000000000000  0.023928768900  0.024637549743  0.015317409534  0.017395714571  0.016479031482  0.018328966197  
piranga_erythrocephala_fmnh343371 0.022752280555  0.021800928028  0.016277486348  0.011709939668  0.019935660812  0.032057758961  0.020316375587  0.028567215170  0.025846919479  0.016262778596  0.015379263907  0.026336807233  0.019046102075  0.025728549876  0.021773784588  0.021941568186  0.018820540923  0.016381190303  0.017567363760  0.017175540336  0.017247296385  0.021832159882  0.012622969871  0.023928768900  0.000000000000  0.011470104557  0.018811381367  0.017182878613  0.020847269465  0.018104896940  
piranga_erythrocephala_fmnh343370 0.023246572599  0.023179208006  0.018787121332  0.011489170507  0.023191336415  0.035165012696  0.020282273578  0.032154506423  0.021730409092  0.018760007533  0.017300124448  0.026121492772  0.021741279764  0.022644575183  0.023179208006  0.021698970031  0.021709808858  0.015875446010  0.008399211850  0.017292452587  0.020247130493  0.020261733823  0.012943589198  0.024637549743  0.011470104557  0.000000000000  0.017232438731  0.018760007533  0.023169303332  0.017300124448  
piranga_ludoviciana_sdsu2650 0.010210699481  0.010176063425  0.003376490308  0.013677353601  0.017085216212  0.029396305035  0.008493822771  0.024120064383  0.010193352029  0.005064877955  0.003374184027  0.015317409534  0.006776933287  0.010187053475  0.011893710489  0.010176063425  0.008472628427  0.003382200308  0.002319587091  0.003370799556  0.010203725590  0.006776933287  0.015417153225  0.015317409534  0.018811381367  0.017232438731  0.000000000000  0.005064877955  0.008461547543  0.001683873980  
piranga_bidentata_tepe59 0.012617288393  0.011694898262  0.004469597729  0.010810438923  0.017179868671  0.029270072739  0.009524511818  0.025768848002  0.014450520059  0.002674845502  0.003577043116  0.020389621780  0.008982552152  0.012712428038  0.015330750027  0.010332043304  0.008384768670  0.006308808893  0.005785273226  0.003569104754  0.014493655418  0.011712597391  0.011723160170  0.017395714571  0.017182878613  0.018760007533  0.005064877955  0.000000000000  0.012590070230  0.006263646969  
piranga_rubra_sdsu2635 0.007182687522  0.013521087092  0.009880631500  0.018121302959  0.020873261238  0.031134375073  0.009530152200  0.029516829489  0.009973740329  0.011680271749  0.010794680470  0.020406224168  0.011705429082  0.011119084944  0.008069028414  0.008257759836  0.011202034229  0.009943152683  0.005785273226  0.010775293859  0.019098572586  0.014450056757  0.019046102075  0.016479031482  0.020847269465  0.023169303332  0.008461547543  0.012590070230  0.000000000000  0.013501744263  
piranga_bidentata_itm141 0.013531416953  0.012607050039  0.005368511823  0.013554273388  0.019947017286  0.030214442385  0.008456837089  0.026715762269  0.013323709212  0.005363712587  0.004475701952  0.020389621780  0.009890695934  0.009508959092  0.016248097401  0.010332043304  0.008384768670  0.007217131116  0.003851109946  0.006261147121  0.017260936877  0.012626370526  0.014472681057  0.018328966197  0.018104896940  0.017300124448  0.001683873980  0.006263646969  0.013501744263  0.000000000000  

